0.4207063783331 
0.4206488785617 
0.4207203620111 
0.4206986220467 
0.4206889795579 
0.4206196963522 
0.420624774132  
0.4206825385412 
0.4206982277682 
0.4206904435583 
0.4207105734169 
0.4206647301058 
0.4206854438274 
0.4206740955659 
0.4207137376519 
0.4206059590539 
0.4206182339772 
0.4206680540644 
0.4207341163321 
0.4206488753014 
0.4207552352329 
0.4206578456424 
0.4207199650383 
0.4207307285045 
0.4207541724831 
0.42070767143   
0.420706460613  
0.4206572926276 
0.420679899133  
0.4206897290266 
0.4206764528307 
0.4206898120813 
0.4206996754591 
0.420716349887  
0.4207039105109 
