1557.47 3.97806 40.6401 -89.2207 47.1476 -67.3155 -78.6293 -39.6186 -61.5487 41.8707 -90.2938 
1328.41 -70.2275 99.5269 -98.6305 62.9217 -82.6582 -30.5688 -41.8704 94.216 -42.4139 2.56469 
1327.6 -70.2275 99.9493 -98.6591 79.9554 -99.3933 -31.0862 -41.6779 94.0089 -42.2209 2.52293 
1327.51 -70.2275 99.9225 -98.4631 79.3332 -99.7194 -31.1685 -41.6473 93.9864 -42.2365 2.53056 
1327.47 -70.2105 99.6343 -98.0633 79.2771 -99.7194 -31.1688 -41.6473 93.9936 -42.2643 2.51607 
1326.77 -54.3107 97.9911 -100 74.2062 -97.1577 -35.5673 -49.923 38.232 -41.5514 -6.45656 
1326.71 -54.3298 97.9204 -100 74.2226 -97.1586 -35.6007 -49.8732 38.232 -41.5514 -6.45656 
1326.64 -1.97113 94.9769 -72.48 78.7098 -100 -34.1201 -63.3855 37.1571 -70.1799 -91.4621 
1326.51 -1.97656 94.9566 -72.3845 78.7218 -99.998 -34.1201 -63.3935 37.2347 -70.1579 -91.4621 
1326.51 -1.97656 94.9864 -72.3842 78.7218 -100 -34.1314 -63.3994 37.2403 -70.1698 -91.4917 
1325.76 -53.1511 97.9349 -73.3208 78.9438 -100 -34.1084 -64.606 39.9573 -47.9548 -22.6992 
1322.85 -68.8662 97.9471 -73.8585 79.1006 -100 -34.1977 -64.3522 39.9777 -43.3152 1.45183 
1322.52 -68.8817 97.9547 -73.8081 79.1218 -100 -34.2437 -64.3006 39.9777 -43.4651 1.55273 
1322.38 -68.967 97.977 -73.9635 79.2075 -100 -34.337 -64.1727 39.9694 -43.4204 1.88484 
1322.37 -68.9756 97.977 -73.9451 79.2059 -100 -34.3558 -64.1727 39.9694 -43.4203 1.89412 
1322.36 -68.9833 97.9751 -73.9289 79.1866 -100 -34.3721 -64.1624 39.9623 -43.4179 1.94141 
1322.36 -68.9897 97.9751 -73.9461 79.1856 -100 -34.3728 -64.1624 39.9623 -43.4178 1.97321 
1322.35 -69.0005 97.8376 -73.9333 79.1803 -100 -34.3981 -64.0828 39.9532 -43.4048 1.96141 
1322.35 -69.0037 97.8271 -73.9378 79.1886 -100 -34.3974 -64.0693 39.9573 -43.4005 1.96141 
1322.34 -69.0246 97.8271 -73.9496 79.2038 -100 -34.3974 -64.0693 39.955 -43.3852 1.99869 
1322.34 -69.0372 97.8271 -73.9496 79.2038 -100 -34.3974 -64.0693 39.9599 -43.3784 2.01594 
1322.34 -69.0372 97.8271 -73.9496 79.2038 -100 -34.3974 -64.0693 39.9574 -43.3784 2.01594 
1321.08 -65.269 95.5526 -65.1053 52.2293 -74.4045 -33.5287 -61.6789 -3.36734 -45.3359 0.588788 
1320.96 -65.2942 95.6725 -65.2955 52.2331 -74.4416 -33.4853 -61.709 -3.35191 -45.3566 0.660221 
1320.85 -65.3295 95.6979 -65.4481 52.2828 -74.5008 -33.4843 -61.6663 -3.33391 -45.359 0.693556 
1320.81 -65.3147 95.5789 -65.4223 52.2498 -74.527 -33.5267 -61.6147 -3.34213 -45.3669 0.727569 
1320.78 -65.3147 95.5564 -65.4556 52.2498 -74.5417 -33.5198 -61.6151 -3.33406 -45.3688 0.787961 
1320.74 -65.3142 95.5452 -65.4746 52.2552 -74.5817 -33.5235 -61.6142 -3.32461 -45.371 0.893585 
1320.71 -65.3351 95.5295 -65.4746 52.2552 -74.6096 -33.5185 -61.6205 -3.30856 -45.3934 0.964903 
1317.48 -63.5987 44.26 -41.306 44.2573 -69.9949 -36.926 -41.8092 1.38782 -45.7172 0.422274 
1316.76 -63.4768 44.382 -41.2253 44.1885 -70.0248 -37.3313 -41.8216 1.38554 -45.8265 0.682505 
1316.51 -63.1511 44.4394 -41.1996 44.1288 -70.0391 -37.4518 -41.7942 1.38393 -45.8937 0.754341 
1316.34 -63.0835 44.4504 -41.2208 44.1035 -70.0577 -37.5519 -41.7581 1.38393 -45.9473 0.620855 
1311.6 -62.683 44.3972 -34.7196 44.1012 -70.0214 -37.6181 -32.5271 -5.94173 -45.957 0.653457 
1310.77 -62.5683 44.3628 -34.6237 43.963 -69.8829 -37.3139 -32.5664 -5.96893 -45.957 0.648908 
1310.75 -62.5396 44.3628 -34.6237 43.9939 -69.8829 -37.2812 -32.5713 -5.97039 -45.9597 0.648908 
1310.73 -62.5405 44.3565 -34.6282 43.9939 -69.8944 -37.2653 -32.5678 -5.96149 -45.9831 0.650949 
1310.72 -62.5021 44.35 -34.631 43.9939 -69.9003 -37.2265 -32.5678 -5.96149 -45.9831 0.650949 
1310.72 -62.5021 44.3468 -34.631 44.0317 -69.8998 -37.2259 -32.5609 -5.95376 -45.9831 0.650949 
1310.71 -62.5021 44.3468 -34.6444 44.031 -69.9165 -37.2237 -32.5609 -5.93422 -45.984 0.650949 
1310.7 -62.5021 44.3378 -34.669 44.0312 -69.9183 -37.2237 -32.5609 -5.92754 -45.984 0.650949 
1310.7 -62.5021 44.3204 -34.6959 44.0464 -69.9176 -37.2146 -32.5247 -5.92754 -45.984 0.650949 
1310.69 -62.5021 44.3204 -34.6959 44.0464 -69.9159 -37.2146 -32.5247 -5.92587 -45.984 0.650949 
1310.69 -62.5021 44.3125 -34.7015 44.0243 -69.9193 -37.2146 -32.5247 -5.92587 -45.9856 0.650949 
1310.69 -62.4773 44.301 -34.7079 44.0243 -69.9187 -37.194 -32.5265 -5.92587 -45.9856 0.650949 
1310.69 -62.4793 44.3048 -34.715 44.0243 -69.9206 -37.1903 -32.5265 -5.92243 -45.9856 0.651721 
1310.69 -62.4793 44.3048 -34.715 44.0243 -69.9216 -37.1903 -32.5265 -5.92243 -45.9856 0.651721 
1310.69 -62.4793 44.3003 -34.715 44.0243 -69.9216 -37.1903 -32.5227 -5.92243 -45.9859 0.651721 
1310.47 -62.4468 44.3247 -34.7401 44.6403 -70.5416 -37.2112 -32.5276 -5.1748 -45.986 0.651721 
1310.42 -62.4468 44.3216 -34.7354 44.667 -70.571 -37.1897 -32.5309 -5.11805 -45.986 0.651721 
1310.4 -62.4371 44.3021 -34.7321 44.7027 -70.5716 -37.1543 -32.5335 -5.10693 -45.986 0.635293 
1310.4 -62.4371 44.3024 -34.7406 44.7027 -70.5747 -37.1543 -32.5291 -5.10693 -45.986 0.635293 
1310.39 -62.4371 44.3024 -34.7335 44.7289 -70.5769 -37.1382 -32.5323 -5.09809 -45.986 0.635293 
1310.39 -62.4371 44.3024 -34.7335 44.7474 -70.5769 -37.1251 -32.5323 -5.09809 -45.986 0.635293 
1310.38 -62.4401 44.3042 -34.7353 44.7547 -70.583 -37.1258 -32.5236 -5.08043 -45.9853 0.641319 
1310.38 -62.4401 44.3042 -34.7353 44.7861 -70.583 -37.1352 -32.5236 -5.0792 -45.9853 0.646229 
1310.37 -62.4507 44.3041 -34.7287 44.7897 -70.5882 -37.1267 -32.5209 -5.07292 -45.9879 0.634852 
1310.37 -62.4507 44.3041 -34.7286 44.7897 -70.5889 -37.1428 -32.5209 -5.07176 -45.9879 0.639774 
1310.37 -62.4507 44.3041 -34.7279 44.7884 -70.5894 -37.1338 -32.522 -5.07176 -45.9879 0.650974 
1310.36 -62.4507 44.2941 -34.7279 44.7884 -70.6284 -37.1573 -32.522 -5.02069 -45.9879 0.650974 
1310.35 -62.4534 44.2941 -34.7279 44.8012 -70.6381 -37.1512 -32.522 -5.02069 -45.9879 0.650974 
1310.35 -62.4534 44.2871 -34.7279 44.8012 -70.6381 -37.1512 -32.522 -5.02069 -45.9879 0.650974 
1310.34 -62.4769 44.2803 -34.7285 44.8361 -70.667 -37.1762 -32.5105 -4.98194 -45.9864 0.650974 
1310.33 -62.4769 44.2803 -34.7406 44.8361 -70.6696 -37.1762 -32.492 -4.98053 -45.9864 0.650974 
1310.33 -62.4769 44.2803 -34.7477 44.8332 -70.6699 -37.1849 -32.493 -4.97581 -45.9864 0.66998 
1310.33 -62.4769 44.2787 -34.7477 44.8403 -70.6724 -37.1849 -32.493 -4.97105 -45.9864 0.66998 
1310.32 -62.4769 44.2738 -34.7507 44.8403 -70.6772 -37.1848 -32.493 -4.96061 -45.9864 0.67425 
1310.32 -62.4769 44.2738 -34.7507 44.8436 -70.6838 -37.1821 -32.493 -4.96061 -45.9872 0.67425 
1310.32 -62.5019 44.2738 -34.7482 44.8436 -70.6838 -37.1821 -32.493 -4.96061 -45.9872 0.67425 
1310.32 -62.5191 44.2738 -34.7478 44.8472 -70.6923 -37.202 -32.493 -4.9444 -45.992 0.675001 
1310.31 -62.5191 44.2738 -34.7478 44.8472 -70.6968 -37.2366 -32.4784 -4.9444 -45.992 0.676025 
1310.31 -62.5191 44.2738 -34.7478 44.8472 -70.7011 -37.2366 -32.4784 -4.93837 -45.992 0.676025 
1310.31 -62.5294 44.2743 -34.7502 44.8597 -70.711 -37.2418 -32.4772 -4.92825 -45.9901 0.689051 
1310.3 -62.5294 44.264 -34.7502 44.8353 -70.7215 -37.2458 -32.4759 -4.92072 -45.9901 0.689051 
1310.3 -62.5235 44.2618 -34.7723 44.8396 -70.7235 -37.2733 -32.46 -4.91825 -45.9843 0.67445 
1310.29 -62.5397 44.2507 -34.7774 44.8356 -70.7288 -37.2769 -32.4585 -4.91481 -45.9855 0.679855 
1310.29 -62.5369 44.2507 -34.7792 44.8356 -70.7288 -37.2786 -32.4585 -4.90395 -45.9855 0.679855 
1310.29 -62.5369 44.2507 -34.7824 44.8356 -70.7288 -37.281 -32.4585 -4.90395 -45.9855 0.679855 
1310.29 -62.5492 44.2507 -34.7824 44.8356 -70.7288 -37.2942 -32.4413 -4.90395 -45.9832 0.680161 
1310.29 -62.5481 44.2507 -34.7941 44.8356 -70.7288 -37.2945 -32.4411 -4.90395 -45.988 0.68215 
1310.29 -62.5481 44.2441 -34.7941 44.8356 -70.7288 -37.2945 -32.4325 -4.90395 -45.988 0.68215 
1309.94 -65.663 39.9014 -30.5789 45.0356 -70.9928 -37.6814 -31.4823 -4.66294 -45.1336 5.41217 
1309.55 -65.7466 39.9359 -30.4184 44.8737 -70.8444 -37.748 -31.5339 -4.80438 -45.1032 5.44651 
1309.45 -60.9164 44.2357 -34.8046 44.8403 -70.8177 -37.313 -32.4117 -4.79601 -42.4029 1.21435 
1309.08 -60.9244 44.1653 -34.9103 44.7195 -70.8624 -37.6985 -32.3197 -4.74857 -42.2634 1.17609 
1306.81 -63.7612 40.223 -33.9085 43.5424 -68.5464 -37.7634 -34.2342 -2.41901 -39.2273 2.27888 
1300.05 -63.8077 40.5106 -33.6423 43.4707 -68.5829 -37.7328 -34.4616 -4.88149 -39.314 2.14629 
1300 -63.804 40.5118 -33.6413 43.4724 -68.5853 -37.7366 -34.4628 -4.87792 -39.3361 2.1526 
1300 -63.8036 40.5118 -33.6413 43.4724 -68.5854 -37.7366 -34.4617 -4.87792 -39.3361 2.15282 
1300 -63.8035 40.5117 -33.6413 43.4724 -68.5854 -37.7366 -34.462 -4.87794 -39.3361 2.15282 
1300 -63.8035 40.5117 -33.6412 43.4724 -68.5854 -37.7366 -34.462 -4.87793 -39.3361 2.15282 
1300 -63.8035 40.5117 -33.6412 43.4724 -68.5854 -37.7366 -34.462 -4.87794 -39.3361 2.15272 
1300 -63.8035 40.5117 -33.6412 43.4724 -68.5854 -37.7366 -34.462 -4.87794 -39.3361 2.15272 
1300 -63.8035 40.5117 -33.6412 43.4724 -68.5854 -37.7366 -34.462 -4.87794 -39.3361 2.15272 
1300 -63.8035 40.5117 -33.6412 43.4724 -68.5854 -37.7366 -34.462 -4.87794 -39.3361 2.15272 
1300 -63.8035 40.5117 -33.6412 43.4724 -68.5854 -37.7366 -34.462 -4.87794 -39.3361 2.15272 
1300 -63.8035 40.5117 -33.6412 43.4724 -68.5854 -37.7366 -34.462 -4.87794 -39.3361 2.15272 
1300 -63.8035 40.5117 -33.6412 43.4724 -68.5854 -37.7366 -34.462 -4.87794 -39.3361 2.15272 
1300 -63.8035 40.5117 -33.6412 43.4724 -68.5854 -37.7366 -34.462 -4.87794 -39.3361 2.15272 
1300 -63.8035 40.5117 -33.6412 43.4724 -68.5854 -37.7366 -34.462 -4.87794 -39.3361 2.15272 
1300 -63.8035 40.5117 -33.6412 43.4724 -68.5854 -37.7366 -34.462 -4.87794 -39.3361 2.15272 