1  5.06534e-13  1  5.06534e-13  2.9865  2.12275  
9.62278e-13  1  9.62278e-13  1  2.30003  3.57641  
1  5.06534e-13  1  5.06534e-13  1  5.06534e-13  
1  5.06534e-13  1  5.06534e-13  1.03435  0.0250482  
1  5.06534e-13  1  5.06534e-13  1  0.00119453  
1  5.06534e-13  1  5.06534e-13  1.02031  5.06534e-13  
1  5.06534e-13  1  5.06534e-13  1  5.06534e-13  
1  5.06534e-13  1  5.06534e-13  1.0001  5.06534e-13  
1  5.06534e-13  1  5.06534e-13  1  5.06534e-13  
1  5.06534e-13  1  5.06534e-13  1.00954  5.06534e-13  
1  5.06534e-13  1  5.06534e-13  1  0.126561  
1  5.06534e-13  1  5.06534e-13  1.20393  0.564295  
1  5.06534e-13  1  5.06534e-13  1.00156  5.06534e-13  
1  5.06534e-13  1  5.06534e-13  6.78009  5.93009  
1  5.06534e-13  1  5.06534e-13  1  3.87133e-13  
0.85  0.15  0.85  0.15  10.6978  10.1478  
0.85  0.15  0.85  0.15  0.860032  0.15  
0.85  0.15  0.85  0.15  1.45434  0.902064  
0.85  0.15  0.85  0.15  0.85  0.15  
0.85  0.15  0.85  0.15  0.902571  0.161405  
0.85  0.15  0.85  0.15  0.85  0.15  
0.85  0.15  0.85  0.15  0.850223  0.15  
0.85  0.15  0.85  0.15  0.85  0.15  
0.85  0.15  0.85  0.15  0.865984  0.177598  
0.85  0.15  0.85  0.15  0.85  0.15  
0.85  0.15  0.85  0.15  0.85  0.15  
0.85  0.15  0.85  0.15  0.85  0.15  
0.85  0.15  0.85  0.15  11.0781  10.5788  
0.85  0.15  0.85  0.15  11.0552  10.5788  
0.85  0.15  0.85  0.15  0.85  0.15  
0.85  0.15  0.85  0.15  10.9877  10.5788  
0.65  0.35  0.65  0.35  1.54858  1.45  
0.65  0.35  0.65  0.35  1.55  1.45  
0.65  0.35  0.65  0.35  1.55  1.45  
0.65  0.35  0.65  0.35  1.55164  1.44873  
0.65  0.35  0.65  0.35  2.22545  1.92482  
0.65  0.35  0.65  0.35  0.693341  0.35  
0.65  0.35  0.65  0.35  0.650366  0.417437  
0.65  0.35  0.65  0.35  0.660684  0.357706  
0.65  0.35  0.65  0.35  0.65  0.35  
0.65  0.35  0.65  0.35  0.65  0.351748  
0.65  0.35  0.65  0.35  1.85867  1.10206  
0.65  0.35  0.65  0.35  10.6478  10.1276  
0.65  0.35  0.65  0.35  6.43009  6.28009  
0.65  0.35  0.65  0.35  4.46103  3.85356  
0.5  0.5  0.5  0.5  6.28009  6.4644  
0.5  0.5  0.5  0.5  0.517154  0.5  
0.5  0.5  0.5  0.5  4.22835  4.57835  
0.5  0.5  0.5  0.5  0.534347  0.5  
0.5  0.5  0.5  0.5  0.5  0.5  
0.5  0.5  0.5  0.5  2.4308  2.49016  
0.5  0.5  0.5  0.5  4.72835  4.07835  
0.5  0.5  0.5  0.5  0.5  0.5  
0.5  0.5  0.5  0.5  0.5  0.5  
0.5  0.5  0.5  0.5  0.505657  0.5  
0.5  0.5  0.5  0.5  0.63299  0.5  
0.5  0.5  0.5  0.5  0.541671  0.5  
0.35  0.65  0.35  0.65  5.78811  5.78724  
0.35  0.65  0.35  0.65  0.35  0.781924  
0.35  0.65  0.35  0.65  0.35  0.65  
0.35  0.65  0.35  0.65  0.350004  0.65  
0.35  0.65  0.35  0.65  0.361399  0.65  
0.35  0.65  0.35  0.65  0.365844  0.693853  
0.35  0.65  0.35  0.65  0.35  0.653481  
0.35  0.65  0.35  0.65  0.379814  0.65  
0.35  0.65  0.35  0.65  0.354606  0.728743  
0.35  0.65  0.35  0.65  0.351377  0.65  
0.35  0.65  0.35  0.65  0.35  0.765753  
0.35  0.65  0.35  0.65  0.350244  0.660602  
0.35  0.65  0.35  0.65  1.45  1.54891  
0.35  0.65  0.35  0.65  0.35  0.65  
0.15  0.85  0.15  0.85  0.15  0.85  
0.15  0.85  0.15  0.85  0.205115  0.850633  
0.15  0.85  0.15  0.85  0.15  0.85  
0.15  0.85  0.15  0.85  0.178198  0.871074  
0.15  0.85  0.15  0.85  0.309787  0.85  
0.15  0.85  0.15  0.85  0.150208  0.85  
0.15  0.85  0.15  0.85  0.153648  0.85  
0.15  0.85  0.15  0.85  0.15  0.85  
0.15  0.85  0.15  0.85  0.15  0.85  
0.15  0.85  0.15  0.85  0.15  0.85  
0.15  0.85  0.15  0.85  0.15  0.85  
0.15  0.85  0.15  0.85  5.88813  6.68581  
0.15  0.85  0.15  0.85  0.15  0.85  
0.15  0.85  0.15  0.85  10.1478  10.6978  
0.15  0.85  0.15  0.85  0.15  0.854966  
0.15  0.85  0.15  0.85  10.137  10.6978  
9.97075e-13  1  9.97075e-13  1  2.82024  3.84494  
9.97075e-13  1  9.97075e-13  1  9.97075e-13  1.027  
9.97075e-13  1  9.97075e-13  1  0.402892  1.75477  
7.18013e-13  1  7.18013e-13  1  0.000224256  1  
9.97075e-13  1  9.97075e-13  1  9.97075e-13  1.09105  
9.97075e-13  1  9.97075e-13  1  9.97075e-13  1.23371  
9.97075e-13  1  9.97075e-13  1  4.45259  5.03  
9.97075e-13  1  9.97075e-13  1  0.0265917  1  
9.97075e-13  1  9.97075e-13  1  0.00119439  1.00002  
9.97075e-13  1  9.97075e-13  1  0.0105469  1  
9.97075e-13  1  9.97075e-13  1  0.0563136  1  
9.97075e-13  1  9.97075e-13  1  0.0158917  1  
9.97075e-13  1  9.97075e-13  1  9.97075e-13  1  
