2  1.31489e-15  1.43736e-15  2  1.31489e-15  1.43736e-15  2  1.15019e-15  1.27265e-15  
2.1631e-15  4  2.5305e-15  2.1631e-15  4  2.5305e-15  0.0255377  4.00544  0.0103026  
3.10374e-15  3.10374e-15  6  3.10374e-15  3.10374e-15  6  0.00342219  0.00342219  6.00342  
1.99946  0.0773019  0.077299  1.99946  0.0773019  0.077299  1.99857  0.0772537  0.195281  
1.99703  0.212701  0.070897  1.99703  0.212701  0.070897  1.9963  0.237856  0.0761382  
1.99715  0.0954604  0.2864  1.99715  0.0954604  0.2864  1.99693  0.0937923  0.311812  
1.98946  0.408188  0.0583059  1.98946  0.408188  0.0583059  1.98884  0.474216  0.00812103  
1.99411  0.205269  0.342121  1.99411  0.205269  0.342121  1.99411  0.205269  0.342121  
1.98903  0.388517  0.233119  1.98903  0.388517  0.233119  1.99479  0.246339  0.225639  
1.98924  0.0867612  0.607859  1.98924  0.0867612  0.607859  1.91886  1.12839  0.0760602  
1.96812  0.710667  0.0473499  1.96812  0.710667  0.0473499  1.99151  0.456229  0.0502385  
1.98548  0.365264  0.46962  1.98548  0.365264  0.46962  1.98778  0.310431  0.470831  
1.97376  0.61805  0.280947  1.97376  0.61805  0.280947  1.97509  0.64148  0.17031  
1.98054  0.182081  0.78903  1.98054  0.182081  0.78903  1.98822  0.191756  0.681314  
1.95498  0.83411  0.192394  1.95498  0.83411  0.192394  1.92805  1.0614  0.256293  
1.97631  0.345795  0.760737  1.97631  0.345795  0.760737  1.98044  0.402481  0.579715  
1.96538  0.657814  0.511656  1.96538  0.657814  0.511656  1.98565  0.34041  0.504014  
1.96194  0.0772607  1.15913  1.96194  0.0772607  1.15913  1.96308  0.0782764  1.1594  
1.90339  1.22792  0.0395493  1.90339  1.22792  0.0395493  1.91251  1.231  0.0605774  
1.95879  0.644492  0.730444  1.95879  0.644492  0.730444  1.95431  0.639665  0.879939  
1.9288  1.02354  0.400482  1.9288  1.02354  0.400482  1.9288  1.02354  0.400482  
1.95371  0.331243  1.18337  1.95371  0.331243  1.18337  1.94932  0.20054  1.38573  
1.89036  1.29635  0.23998  1.89036  1.29635  0.23998  1.93435  1.01771  0.359049  
1.94622  0.56917  1.08675  1.94622  0.56917  1.08675  1.97825  0.575577  0.656253  
1.92072  1.01451  0.694159  1.92072  1.01451  0.694159  1.91656  1.01257  0.79963  
1.92391  0.167572  1.61989  1.92391  0.167572  1.61989  1.91371  0.293357  1.68723  
1.83046  1.60793  0.166302  1.83046  1.60793  0.166302  1.75909  1.90396  0.265798  
1.92264  0.789088  1.15337  1.92264  0.789088  1.15337  1.91939  0.858694  1.08829  
1.87834  1.29701  0.679374  1.87834  1.29701  0.679374  1.8788  1.2972  0.67967  
1.90511  0.325937  1.7602  1.90511  0.325937  1.7602  1.9285  0.330007  1.51323  
1.82211  1.62114  0.45385  1.82211  1.62114  0.45385  1.8489  1.4917  0.500302  
1.89994  0.632322  1.61634  1.89994  0.632322  1.61634  1.8811  0.622206  1.81194  
1.87025  1.22157  1.07788  1.87025  1.22157  1.07788  1.79645  1.61  1.05958  
1.84876  0.0720689  2.28632  1.84876  0.0720689  2.28632  1.63087  0.0338961  3.50521  
1.67531  2.18483  0.0346282  1.67531  2.18483  0.0346282  1.62904  2.31891  0.338246  
1.85171  1.23264  1.31218  1.85171  1.23264  1.31218  1.71116  1.70224  1.78967  
1.76111  1.84332  0.666716  1.76111  1.84332  0.666716  1.71836  2.03958  0.626675  
1.84728  0.639727  2.08977  1.84728  0.639727  2.08977  1.81832  0.482479  2.39272  
1.66785  2.19497  0.359138  1.66785  2.19497  0.359138  1.62246  2.32792  0.551365  
1.82875  1.04283  1.85902  1.82875  1.04283  1.85902  1.87222  0.812078  1.72365  
1.75639  1.75926  1.12782  1.75639  1.75926  1.12782  1.75667  1.75922  1.12785  
1.7788  0.331273  2.6974  1.7788  0.331273  2.6974  1.68884  0.317471  3.18124  
1.5511  2.52161  0.213607  1.5511  2.52161  0.213607  1.57518  2.47337  0.218229  
1.77317  1.36607  1.8719  1.77317  1.36607  1.8719  1.79382  1.52932  1.49328  
1.66304  2.11281  1.0318  1.66304  2.11281  1.0318  1.67222  2.11084  1.03317  
1.74053  0.585441  2.82211  1.74053  0.585441  2.82211  1.73659  0.630632  2.83137  
1.54704  2.49926  0.637065  1.54704  2.49926  0.637065  1.57207  2.4408  0.641008  
1.72832  1.07699  2.55075  1.72832  1.07699  2.55075  1.72834  1.0771  2.55092  
1.65468  1.96671  1.62956  1.65468  1.96671  1.62956  1.10544  2.36105  3.53004  
1.62547  0.171235  3.48637  1.62547  0.171235  3.48637  1.46026  0.153868  4.09357  
1.33779  2.97206  0.14609  1.33779  2.97206  0.14609  1.02377  3.43358  0.414692  
1.63692  1.79069  2.16111  1.63692  1.79069  2.16111  1.64154  1.79131  2.16082  
1.47761  2.59829  1.09671  1.47761  2.59829  1.09671  1.69741  1.99741  1.13216  
1.61032  0.847549  3.32504  1.61032  0.847549  3.32504  1.36044  1.40175  3.86556  
1.33041  2.95846  0.614013  1.33041  2.95846  0.614013  1.29101  2.96294  1.14273  
1.58258  1.4453  2.95959  1.58258  1.4453  2.95959  1.58758  1.4221  2.96193  
1.46663  2.44697  1.78562  1.46663  2.44697  1.78562  1.34026  2.58308  2.22956  
1.46683  0.34296  4.04742  1.46683  0.34296  4.04742  1.56459  0.55546  3.64543  
1.16939  3.23419  0.39718  1.16939  3.23419  0.39718  1.17447  3.23717  0.400724  
1.48127  1.86488  2.90918  1.48127  1.86488  2.90918  1.39771  2.01543  3.05238  
1.31601  2.82124  1.58254  1.31601  2.82124  1.58254  1.2723  2.84052  1.83944  
1.3966  0.682656  4.17199  1.3966  0.682656  4.17199  1.24334  0.634402  4.62948  
1.15622  3.19793  0.978935  1.15622  3.19793  0.978935  1.24302  3.07167  0.930024  
1.38397  1.38088  3.81778  1.38397  1.38088  3.81778  1.39285  1.17406  3.9422  
1.2875  2.59452  2.43728  1.2875  2.59452  2.43728  1.28766  2.59468  2.4372  
1.19912  0.0020094  4.80234  1.19912  0.0020094  4.80234  1.19912  0.0020116  4.80234  
0.858994  3.61222  0.0283949  0.858994  3.61222  0.0283949  1.01209  3.45484  0.209675  
1.20787  2.62681  2.7102  1.20787  2.62681  2.7102  1.20738  2.54492  2.88555  
0.989703  3.3863  1.17629  0.989703  3.3863  1.17629  0.981528  3.35833  1.39752  
1.19162  1.38918  4.34681  1.19162  1.38918  4.34681  1.2962  1.41532  4.0524  
0.829862  3.62059  0.554482  0.829862  3.62059  0.554482  0.929961  3.51579  0.636209  
1.12509  2.17442  3.74755  1.12509  2.17442  3.74755  1.35715  1.81909  3.47495  
0.954645  3.24819  2.01472  0.954645  3.24819  2.01472  0.939851  3.20649  2.23445  
0.999032  0.676813  5.09866  0.999032  0.676813  5.09866  1.21096  0.698959  4.67288  
0.66736  3.76596  0.28479  0.66736  3.76596  0.28479  0.66736  3.76596  0.28479  
0.958627  2.6293  3.48981  0.958627  2.6293  3.48981  0.999374  2.52259  3.56321  
0.77094  3.52163  1.65952  0.77094  3.52163  1.65952  0.770939  3.52165  1.65955  
0.880281  1.1214  5.11945  0.880281  1.1214  5.11945  0.720091  1.1758  5.32673  
0.622445  3.75254  0.9108  0.622445  3.75254  0.9108  0.772406  3.59604  1.26252  
0.82802  2.0019  4.56844  0.82802  2.0019  4.56844  0.828099  2.00197  4.56845  
0.706408  3.2995  2.64892  0.706408  3.2995  2.64892  1.16785  2.92838  2.10723  
0.665395  0.326095  5.63702  0.665395  0.326095  5.63702  0.82738  0.405484  5.42861  
0.425265  3.9071  0.158776  0.425265  3.9071  0.158776  0.91246  3.56291  0.0790065  
0.634745  2.9946  3.50216  0.634745  2.9946  3.50216  0.634145  2.99483  3.50555  
0.47975  3.74985  1.52468  0.47975  3.74985  1.52468  0.47977  3.74974  1.5243  
0.568924  1.42723  5.33889  0.568924  1.42723  5.33889  0.575414  1.43315  5.33944  
0.363006  3.90032  0.765467  0.363006  3.90032  0.765467  0.385586  3.90395  0.608328  
0.494952  2.34263  4.63113  0.494952  2.34263  4.63113  0.782078  2.23496  4.40997  
0.394503  3.54925  2.50814  0.394503  3.54925  2.50814  0.401988  3.52116  2.61695  
0.376239  0.548594  5.83514  0.376239  0.548594  5.83514  0.377969  0.868969  5.7481  
0.233186  3.96149  0.447807  0.233186  3.96149  0.447807  0.233167  3.96203  0.448577  
0.327493  2.78125  4.19914  0.327493  2.78125  4.19914  0.328403  2.78151  4.20352  
0.236482  3.73543  2.0252  0.236482  3.73543  2.0252  0.557131  3.64334  1.82849  
0.238201  1.00463  5.76354  0.238201  1.00463  5.76354  0.167014  0.704397  5.88494  
0.149493  3.91486  1.14678  0.149493  3.91486  1.14678  0.149605  3.91606  1.15032  
0.171624  1.95995  5.20786  0.171624  1.95995  5.20786  0.260212  1.39939  5.57287  
0.120877  3.41354  3.10785  0.120877  3.41354  3.10785  0.855754  3.25995  2.36774  
0.0805511  0.143784  5.99125  0.0805511  0.143784  5.99125  0.0854354  0.152659  5.99738  
0.0320314  3.99898  0.0958879  0.0320314  3.99898  0.0958879  0.0318943  3.97711  0.650229  
0.0171235  3.22845  3.546  0.0171235  3.22845  3.546  0.769466  2.79763  3.63805  
