2  9.03095e-16  2  9.03095e-16  2.00651  0.0065061  
1.15099e-07  4  1.15099e-07  4  0.128842  3.99169  
1.99999  0.0102552  1.99999  0.0102552  2.00691  0.0171741  
1.99994  0.0310846  1.99994  0.0310846  2.0033  0.0229146  
1.99983  0.0523488  1.99983  0.0523488  1.99983  0.0523488  
1.99966  0.0740577  1.99966  0.0740577  1.99959  0.0812815  
1.99942  0.0962222  1.99942  0.0962222  1.99997  0.0225278  
1.99912  0.118865  1.99912  0.118865  2.0063  0.172085  
1.99874  0.141984  1.99874  0.141984  1.99875  0.14146  
1.99829  0.165604  1.99829  0.165604  1.99829  0.165604  
1.99775  0.18973  1.99775  0.18973  1.9978  0.189309  
1.99713  0.214375  1.99713  0.214375  1.99722  0.210942  
1.99641  0.239569  1.99641  0.239569  1.99372  0.316782  
1.9956  0.265309  1.9956  0.265309  2.00227  0.271982  
1.99468  0.291617  1.99468  0.291617  1.99669  0.240487  
1.99365  0.318511  1.99365  0.318511  1.97693  0.605819  
1.9925  0.345998  1.9925  0.345998  1.9978  0.290049  
1.99123  0.374105  1.99123  0.374105  1.99676  0.379628  
1.98983  0.402847  1.98983  0.402847  1.98998  0.399966  
1.98829  0.432234  1.98829  0.432234  1.98572  0.477168  
1.9866  0.462292  1.9866  0.462292  1.99068  0.530492  
1.98475  0.493027  1.98475  0.493027  1.99707  0.528346  
1.98273  0.524465  1.98273  0.524465  1.96394  0.756188  
1.98054  0.556623  1.98054  0.556623  1.98849  0.428487  
1.97816  0.589516  1.97816  0.589516  1.989  0.431602  
1.97558  0.623166  1.97558  0.623166  1.97558  0.623166  
1.97279  0.657594  1.97279  0.657594  1.97279  0.657594  
1.96977  0.692815  1.96977  0.692815  1.99334  0.468182  
1.96652  0.728848  1.96652  0.728848  1.96652  0.728848  
1.96301  0.765708  1.96301  0.765708  1.93378  1.07304  
1.95924  0.803416  1.95924  0.803416  1.92786  1.06793  
1.95519  0.842004  1.95519  0.842004  1.96486  0.851677  
1.95083  0.88148  1.95083  0.88148  1.93004  1.04869  
1.94616  0.921847  1.94616  0.921847  1.92682  1.12971  
1.94115  0.963164  1.94115  0.963164  0.857911  3.6133  
1.93579  1.00541  1.93579  1.00541  1.94392  0.970341  
1.93005  1.04861  1.93005  1.04861  1.93012  1.04867  
1.92392  1.09278  1.92392  1.09278  1.87241  1.41793  
1.91736  1.13795  1.91736  1.13795  1.88669  1.37015  
1.91036  1.18411  1.91036  1.18411  1.7515  1.93539  
1.90289  1.23128  1.90289  1.23128  1.77904  1.82759  
1.89492  1.27948  1.89492  1.27948  1.92277  1.12746  
1.88643  1.3287  1.88643  1.3287  1.88716  1.32943  
1.87739  1.37897  1.87739  1.37897  1.86228  1.47869  
1.86777  1.43027  1.86777  1.43027  1.84407  1.5484  
1.85754  1.48263  1.85754  1.48263  1.84771  1.53096  
1.84666  1.53601  1.84666  1.53601  1.71315  2.06408  
1.83511  1.59043  1.83511  1.59043  1.68871  2.14314  
1.82285  1.64587  1.82285  1.64587  1.82285  1.64587  
1.80984  1.70232  1.80984  1.70232  1.81771  1.71019  
1.79605  1.75977  1.79605  1.75977  1.83287  1.60074  
1.78145  1.81818  1.78145  1.81818  1.65286  2.25215  
1.76599  1.87753  1.76599  1.87753  1.78176  1.89329  
1.74964  1.93777  1.74964  1.93777  1.7992  1.77698  
1.73237  1.99889  1.73237  1.99889  1.64267  2.28177  
1.71414  2.06081  1.71414  2.06081  1.4718  2.74588  
1.6949  2.12349  1.6949  2.12349  1.75825  1.94321  
1.67463  2.18688  1.67463  2.18688  1.51921  2.61529  
1.6533  2.25088  1.6533  2.25088  1.57033  2.49939  
1.63086  2.31542  1.63086  2.31542  1.33415  2.98176  
1.60729  2.38042  1.60729  2.38042  1.40267  2.85133  
1.58257  2.44579  1.58257  2.44579  1.7438  1.96539  
1.55666  2.51142  1.55666  2.51142  1.56814  2.48268  
1.52955  2.57719  1.52955  2.57719  1.62091  2.36578  
1.50122  2.64299  1.50122  2.64299  1.60184  2.39509  
1.47165  2.70868  1.47165  2.70868  1.68163  2.16957  
1.44084  2.77415  1.44084  2.77415  1.51184  2.63123  
1.40879  2.83924  1.40879  2.83924  1.59047  2.44977  
1.37549  2.90381  1.37549  2.90381  1.2961  3.04644  
1.34096  2.96771  1.34096  2.96771  1.34738  2.97514  
1.30522  3.03077  1.30522  3.03077  1.32231  3.04767  
1.26829  3.09285  1.26829  3.09285  1.4343  2.81141  
1.2302  3.15379  1.2302  3.15379  0.597778  3.81715  
1.19099  3.21343  1.19099  3.21343  1.20579  3.23386  
1.15071  3.27162  1.15071  3.27162  1.08571  3.37768  
1.1094  3.3282  1.1094  3.3282  1.1219  3.3407  
1.06713  3.38303  1.06713  3.38303  1.06807  3.38879  
1.02397  3.43598  1.02397  3.43598  1.14001  3.30641  
0.979982  3.48691  0.979982  3.48691  0.963234  3.53857  
0.935253  3.5357  0.935253  3.5357  0.843314  3.63401  
0.889863  3.58226  0.889863  3.58226  0.894487  3.58688  
0.8439  3.62648  0.8439  3.62648  0.99474  3.47015  
0.79745  3.66828  0.79745  3.66828  0.847962  3.62268  
0.750617  3.7076  0.750617  3.7076  0.287085  3.97735  
0.703489  3.74438  0.703489  3.74438  0.501425  3.88195  
0.656163  3.7786  0.656163  3.7786  0.375648  3.92881  
0.608733  3.81022  0.608733  3.81022  0.61089  3.81238  
0.561293  3.83924  0.561293  3.83924  0.752845  3.72078  
0.513932  3.86568  0.513932  3.86568  0.39743  3.92023  
0.466746  3.88955  0.466746  3.88955  0.483112  3.89458  
0.419813  3.91089  0.419813  3.91089  0.337623  3.94259  
0.373214  3.92974  0.373214  3.92974  0.615293  3.81922  
0.327028  3.94616  0.327028  3.94616  0.334975  3.95411  
0.281327  3.96023  0.281327  3.96023  0.325851  3.94655  
0.236172  3.97201  0.236172  3.97201  0.276512  3.96159  
0.191628  3.9816  0.191628  3.9816  0.27671  3.96153  
0.147743  3.98907  0.147743  3.98907  0.314713  3.95017  
0.104567  3.99453  0.104567  3.99453  0.120227  4.00718  
0.0621179  3.99807  0.0621179  3.99807  0.0638053  3.99976  
0.0205117  3.99979  0.0205117  3.99979  0.213698  3.97769  
