2.00007  6.83645e-05  2.00007  6.83645e-05  2.00006  0.0107652  
0.000488753  4.00049  0.000488753  4.00049  0.389851  3.94546  
2  0.0103218  2  0.0103218  2.00725  0.0519728  
1.99994  0.0311466  1.99994  0.0311466  1.99989  0.0451833  
1.99983  0.052406  1.99983  0.052406  2.00545  0.0666635  
1.99966  0.0741093  1.99966  0.0741093  1.99978  0.0603005  
1.99942  0.0962728  1.99942  0.0962728  1.88402  1.34311  
1.99912  0.118905  1.99912  0.118905  1.99903  0.125074  
1.99874  0.142015  1.99874  0.142015  2.00263  0.124966  
1.99829  0.165618  1.99829  0.165618  2.02707  0.229057  
1.99775  0.189747  1.99775  0.189747  2.0125  0.231081  
1.99713  0.21439  1.99713  0.21439  2.00784  0.209136  
1.99641  0.239579  1.99641  0.239579  2.00099  0.244155  
1.9956  0.265313  1.9956  0.265313  2.01862  0.223139  
1.99468  0.291608  1.99468  0.291608  2.02099  0.329354  
1.99365  0.3185  1.99365  0.3185  1.99156  0.367336  
1.99251  0.345983  1.99251  0.345983  1.99251  0.345983  
1.99124  0.374085  1.99124  0.374085  1.99124  0.37409  
1.98984  0.402811  1.98984  0.402811  1.99189  0.360005  
1.98829  0.432198  1.98829  0.432198  1.99801  0.299509  
1.9866  0.462246  1.9866  0.462246  2.02106  0.472276  
1.98476  0.492973  1.98476  0.492973  1.99617  0.507021  
1.98274  0.524403  1.98274  0.524403  1.98985  0.438236  
1.98055  0.556541  1.98055  0.556541  1.97885  0.580179  
1.97817  0.589442  1.97817  0.589442  2.01721  0.662934  
1.97559  0.623085  1.97559  0.623085  1.99359  0.408788  
1.9728  0.657503  1.9728  0.657503  1.97615  0.616106  
1.96978  0.692714  1.96978  0.692714  1.97166  0.694592  
1.96653  0.728734  1.96653  0.728734  1.96589  0.735764  
1.96303  0.765584  1.96303  0.765584  1.96898  0.786021  
1.95926  0.803302  1.95926  0.803302  1.95926  0.803295  
1.9552  0.841878  1.9552  0.841878  1.95326  0.85976  
1.95085  0.881339  1.95085  0.881339  2.00113  0.895988  
1.94618  0.921714  1.94618  0.921714  1.96078  0.948842  
1.94118  0.963007  1.94118  0.963007  1.95334  0.874922  
1.93582  1.00524  1.93582  1.00524  1.93908  1.0298  
1.93008  1.04843  1.93008  1.04843  1.93008  1.04843  
1.92395  1.09259  1.92395  1.09259  1.96811  0.711801  
1.91739  1.13774  1.91739  1.13774  1.96398  0.887018  
1.9104  1.18389  1.9104  1.18389  1.90751  1.23542  
1.90293  1.23106  1.90293  1.23106  1.88925  1.31285  
1.89497  1.27924  1.89497  1.27924  1.89498  1.27926  
1.88648  1.32846  1.88648  1.32846  1.88649  1.32847  
1.87745  1.37871  1.87745  1.37871  1.87274  1.40408  
1.86783  1.43  1.86783  1.43  1.88427  1.39348  
1.8576  1.48235  1.8576  1.48235  1.89591  1.39102  
1.84673  1.53573  1.84673  1.53573  1.85122  1.62343  
1.83518  1.59014  1.83518  1.59014  1.90126  1.26717  
1.82292  1.64557  1.82292  1.64557  1.83284  1.71913  
1.80992  1.70201  1.80992  1.70201  1.80992  1.70201  
1.79614  1.75944  1.79614  1.75944  1.79839  1.7617  
1.78154  1.81784  1.78154  1.81784  1.71338  2.06404  
1.76609  1.87718  1.76609  1.87718  1.72551  2.02287  
1.74975  1.93741  1.74975  1.93741  1.81458  1.68211  
1.73248  1.99852  1.73248  1.99852  1.67343  2.23387  
1.71428  2.06046  1.71428  2.06046  1.71505  2.05793  
1.69503  2.1231  1.69503  2.1231  1.79716  1.75598  
1.67476  2.18648  1.67476  2.18648  1.71694  2.12014  
1.65344  2.25047  1.65344  2.25047  1.62523  2.33124  
1.63103  2.31504  1.63103  2.31504  1.58672  2.48015  
1.60745  2.38  1.60745  2.38  1.02212  3.43979  
1.58274  2.44537  1.58274  2.44537  1.62696  2.37852  
1.55684  2.51098  1.55684  2.51098  1.57741  2.53155  
1.52977  2.57679  1.52977  2.57679  1.68422  2.20538  
1.50146  2.64263  1.50146  2.64263  1.61833  2.35089  
1.47189  2.70828  1.47189  2.70828  1.49867  2.73507  
1.44108  2.77379  1.44108  2.77379  1.48158  2.68778  
1.40905  2.83878  1.40905  2.83878  1.41304  2.84277  
1.37575  2.90338  1.37575  2.90338  1.47037  2.74524  
1.34122  2.96728  1.34122  2.96728  1.41303  2.83762  
1.30545  3.03041  1.30545  3.03041  1.32465  3.02089  
1.26858  3.09246  1.26858  3.09246  1.26299  3.10182  
1.23047  3.15339  1.23047  3.15339  1.19111  3.21328  
1.19128  3.21303  1.19128  3.21303  1.21097  3.19101  
1.15102  3.27121  1.15102  3.27121  1.10162  3.35275  
1.10974  3.32784  1.10974  3.32784  1.18203  3.22701  
1.06748  3.38264  1.06748  3.38264  1.13421  3.29493  
1.02435  3.43571  1.02435  3.43571  0.980626  3.48678  
0.98037  3.48661  0.98037  3.48661  0.985168  3.49141  
0.935661  3.53547  0.935661  3.53547  0.941629  3.54144  
0.890267  3.58202  0.890267  3.58202  0.890285  3.58203  
0.844322  3.62627  0.844322  3.62627  0.843251  3.62752  
0.79788  3.66809  0.79788  3.66809  0.805023  3.67523  
0.751053  3.70742  0.751053  3.70742  0.668149  3.77036  
0.703925  3.74425  0.703925  3.74425  0.703983  3.74431  
0.656603  3.77847  0.656603  3.77847  0.559951  3.84031  
0.60918  3.8101  0.60918  3.8101  0.60885  3.81033  
0.561746  3.83916  0.561746  3.83916  0.567358  3.83593  
0.514382  3.86562  0.514382  3.86562  0.474356  3.88606  
0.467191  3.88951  0.467191  3.88951  0.474331  3.89665  
0.420289  3.91088  0.420289  3.91088  0.386087  3.92497  
0.373696  3.92975  0.373696  3.92975  0.379605  3.92748  
0.327488  3.94621  0.327488  3.94621  0.379475  3.92826  
0.281806  3.96029  0.281806  3.96029  0.371655  3.9939  
0.236661  3.97209  0.236661  3.97209  0.225826  3.97517  
0.192062  3.98172  0.192062  3.98172  0.327199  3.97476  
0.148209  3.98921  0.148209  3.98921  0.218835  4.02543  
0.105011  3.9947  0.105011  3.9947  0.126953  4.01664  
0.0626313  3.99825  0.0626313  3.99825  0.0697079  4.00957  
0.0210003  3.99999  0.0210003  3.99999  0.177986  3.98676  
