1.00496  3.77891e-07  1.00496  3.77891e-07  1.05275  0.600149  
1.64325e-07  1.00939  1.64325e-07  1.00939  0.102215  0.946082  
0.991771  0.00490926  0.991771  0.00490926  0.994013  0.0163811  
0.971446  0.0150858  0.971446  0.0150858  0.978661  0.0249414  
0.952383  0.024912  0.952383  0.024912  0.956432  0.0294208  
0.934187  0.0343633  0.934187  0.0343633  0.934264  0.100821  
0.915025  0.0438877  0.915025  0.0438877  0.917569  0.0484788  
0.899327  0.0524884  0.899327  0.0524884  1.47421  0.893015  
0.880998  0.0624697  0.880998  0.0624697  0.967654  0.0634675  
0.863818  0.0713345  0.863818  0.0713345  0.924354  0.116664  
0.848556  0.080325  0.848556  0.080325  1.03401  0.271448  
0.831102  0.0891538  0.831102  0.0891538  1.86336  1.2192  
0.815734  0.0976176  0.815734  0.0976176  0.815941  0.106481  
0.799799  0.106235  0.799799  0.106235  0.793415  0.110395  
0.784406  0.114658  0.784406  0.114658  0.765608  0.129642  
0.770576  0.12249  0.770576  0.12249  0.824548  0.150265  
0.755563  0.131187  0.755563  0.131187  0.799649  0.292433  
0.741704  0.139364  0.741704  0.139364  0.761295  0.177216  
0.727934  0.147352  0.727934  0.147352  0.780323  0.24967  
0.714132  0.155189  0.714132  0.155189  5.07993  4.39048  
0.70129  0.163105  0.70129  0.163105  0.827466  0.180515  
0.688147  0.170943  0.688147  0.170943  0.691267  0.173766  
0.675189  0.178597  0.675189  0.178597  0.68408  0.178703  
0.6627  0.186161  0.6627  0.186161  0.665719  0.18917  
0.650522  0.193777  0.650522  0.193777  0.697401  0.21475  
0.638381  0.201289  0.638381  0.201289  0.639162  0.208018  
0.62652  0.20879  0.62652  0.20879  0.789137  0.245139  
0.615028  0.216331  0.615028  0.216331  0.646385  0.250792  
0.603336  0.223592  0.603336  0.223592  3.07145  2.87509  
0.592031  0.230854  0.592031  0.230854  0.723502  0.400741  
0.580842  0.238176  0.580842  0.238176  0.625993  0.45359  
0.56978  0.245354  0.56978  0.245354  0.57712  0.248259  
0.558985  0.252525  0.558985  0.252525  0.555589  0.299567  
0.548257  0.259699  0.548257  0.259699  0.536286  0.319198  
0.53785  0.266797  0.53785  0.266797  0.545169  0.265797  
0.527516  0.273973  0.527516  0.273973  0.937158  0.593991  
0.517299  0.281029  0.517299  0.281029  0.512932  0.285609  
0.507152  0.288049  0.507152  0.288049  0.526109  0.288578  
0.497248  0.295037  0.497248  0.295037  0.539487  0.318053  
0.487334  0.302067  0.487334  0.302067  0.480538  0.319739  
0.477571  0.309039  0.477571  0.309039  0.496338  0.348337  
0.468088  0.316069  0.468088  0.316069  0.727251  0.617657  
0.45845  0.323022  0.45845  0.323022  0.505107  0.329314  
0.449064  0.329966  0.449064  0.329966  0.442105  0.345962  
0.439996  0.33694  0.439996  0.33694  0.551394  0.389757  
0.430699  0.343852  0.430699  0.343852  0.589959  0.412348  
0.421663  0.350802  0.421663  0.350802  0.452778  0.363656  
0.412741  0.357731  0.412741  0.357731  0.414636  0.358466  
0.403753  0.36465  0.403753  0.36465  0.403227  0.379356  
0.39502  0.371612  0.39502  0.371612  0.385203  0.404543  
0.386317  0.378528  0.386317  0.378528  0.383644  0.410341  
0.377693  0.385503  0.377693  0.385503  0.36414  0.412982  
0.369153  0.392474  0.369153  0.392474  1.09051  0.974925  
0.360677  0.399477  0.360677  0.399477  0.361232  0.402503  
0.352325  0.406519  0.352325  0.406519  0.354336  0.408942  
0.343975  0.413561  0.343975  0.413561  0.346474  0.414163  
0.33574  0.420676  0.33574  0.420676  0.340347  0.417418  
0.327569  0.427763  0.327569  0.427763  0.328513  0.512349  
0.319399  0.434946  0.319399  0.434946  0.312607  0.457466  
0.311348  0.442147  0.311348  0.442147  0.316919  0.460963  
0.303231  0.449437  0.303231  0.449437  0.308419  0.515262  
0.29541  0.456742  0.29541  0.456742  0.337472  0.458678  
0.28733  0.464126  0.28733  0.464126  0.287456  0.465566  
0.279726  0.471506  0.279726  0.471506  0.277324  0.47632  
0.271982  0.478973  0.271982  0.478973  0.27471  0.479205  
0.264285  0.486473  0.264285  0.486473  0.272073  0.491519  
0.256268  0.494029  0.256268  0.494029  0.27383  0.480378  
0.248813  0.501655  0.248813  0.501655  0.250951  0.50294  
0.241233  0.509353  0.241233  0.509353  0.246519  0.506573  
0.233508  0.517113  0.233508  0.517113  0.283606  0.522348  
0.225932  0.524978  0.225932  0.524978  0.231456  0.522645  
0.218288  0.53295  0.218288  0.53295  0.228627  0.528657  
0.210933  0.541025  0.210933  0.541025  0.20825  0.545718  
0.203524  0.549234  0.203524  0.549234  0.18156  0.588048  
0.195899  0.557562  0.195899  0.557562  0.197364  0.558189  
0.18841  0.566049  0.18841  0.566049  1.78917  1.82866  
0.181023  0.574681  0.181023  0.574681  0.181212  0.586989  
0.173627  0.583495  0.173627  0.583495  0.184543  0.605388  
0.166237  0.592477  0.166237  0.592477  0.162659  0.597101  
0.15899  0.601654  0.15899  0.601654  0.338814  0.725534  
0.151645  0.61102  0.151645  0.61102  0.154291  0.617895  
0.1443  0.620633  0.1443  0.620633  0.149717  0.61687  
0.136997  0.630438  0.136997  0.630438  0.156299  0.647991  
0.129673  0.640537  0.129673  0.640537  0.569013  0.395345  
0.122271  0.650922  0.122271  0.650922  0.114948  0.662798  
0.114864  0.661605  0.114864  0.661605  0.256322  0.765853  
0.10747  0.672709  0.10747  0.672709  0.120616  0.68334  
0.0999525  0.684183  0.0999525  0.684183  0.0920019  0.716058  
0.0925088  0.696171  0.0925088  0.696171  0.0855787  0.729493  
0.0849668  0.708752  0.0849668  0.708752  0.131736  0.742922  
0.0774224  0.721959  0.0774224  0.721959  0.0672216  0.766499  
0.0698838  0.735996  0.0698838  0.735996  0.105422  0.902607  
0.0621374  0.750861  0.0621374  0.750861  0.0757836  0.874566  
0.054453  0.767067  0.054453  0.767067  0.0519518  0.776599  
0.0465645  0.784531  0.0465645  0.784531  0.0747547  0.818519  
0.0386319  0.804012  0.0386319  0.804012  0.0410997  0.919937  
0.0305276  0.825948  0.0305276  0.825948  0.018238  0.867026  
0.0222441  0.851889  0.0222441  0.851889  0.0485729  0.804059  
0.0136944  0.884692  0.0136944  0.884692  0.107685  0.910607  
0.00462557  0.933654  0.00462557  0.933654  0.0336566  1.0192  
