2.00338  0.127569  0.162082  2.00338  0.127569  0.162082  1.84414  1.67683  0.993056  
0.111459  3.99997  0.164049  0.111459  3.99997  0.164049  0.142585  4.01175  0.656369  
0.0990887  0.0962711  5.99669  0.0990887  0.0962711  5.99669  0.376949  0.447928  5.90521  
2.00338  0.127569  0.162082  2.00338  0.127569  0.162082  2.0028  0.326297  0.892826  
2.04001  0.22403  0.106382  2.04001  0.22403  0.106382  0.835992  2.90612  3.57406  
2.00075  0.108866  0.325661  2.00075  0.108866  0.325661  1.48592  1.61285  3.36058  
2.02606  0.414536  0.0933557  2.02606  0.414536  0.0933557  1.83936  0.536642  2.61169  
1.99777  0.215047  0.375169  1.99777  0.215047  0.375169  1.99668  0.215473  0.429975  
1.99289  0.397647  0.262153  1.99289  0.397647  0.262153  2.00091  0.17357  0.261357  
1.98964  0.108277  0.712609  1.98964  0.108277  0.712609  1.99028  0.120423  0.691794  
2.00683  0.730317  0.0589161  2.00683  0.730317  0.0589161  2.02813  0.405048  0.198868  
1.98888  0.374604  0.502134  1.98888  0.374604  0.502134  1.99081  0.371879  0.497047  
1.97726  0.625781  0.314445  1.97726  0.625781  0.314445  1.56186  2.64412  0.439798  
1.98349  0.192122  0.819727  1.98349  0.192122  0.819727  2.00321  0.179578  0.318305  
1.95848  0.840931  0.226523  1.95848  0.840931  0.226523  1.57268  2.543  0.931038  
1.97931  0.352431  0.791497  1.97931  0.352431  0.791497  1.93204  0.566615  1.774  
1.96843  0.66557  0.543683  1.96843  0.66557  0.543683  1.97458  0.668753  0.556014  
1.94464  0.105944  1.45116  1.94464  0.105944  1.45116  0.86572  1.65312  4.88049  
1.93776  1.24773  0.0710949  1.93776  1.24773  0.0710949  1.80437  1.10701  2.34176  
1.96172  0.652219  0.759676  1.96172  0.652219  0.759676  1.97359  0.634669  0.91109  
1.93241  1.02949  0.431589  1.93241  1.02949  0.431589  1.94859  0.852852  0.653751  
1.95641  0.340149  1.2116  1.95641  0.340149  1.2116  1.96005  0.32497  1.19052  
1.89429  1.30083  0.273486  1.89429  1.30083  0.273486  1.90401  1.28653  0.230602  
1.9488  0.576624  1.11416  1.9488  0.576624  1.11416  1.97059  0.634062  0.933095  
1.92349  1.02008  0.722091  1.92349  1.02008  0.722091  1.97604  0.429234  0.850214  
1.92602  0.177641  1.64506  1.92602  0.177641  1.64506  1.95246  0.3075  1.49478  
1.83356  1.60976  0.195078  1.83356  1.60976  0.195078  1.28072  1.43231  4.29903  
1.92521  0.794917  1.18039  1.92521  0.794917  1.18039  1.83081  0.742568  2.19435  
1.88145  1.29958  0.709822  1.88145  1.29958  0.709822  1.88808  1.27316  0.714691  
1.90716  0.334734  1.7836  1.90716  0.334734  1.7836  1.91544  0.317162  1.81275  
1.82503  1.62287  0.484163  1.82503  1.62287  0.484163  1.81734  1.6355  0.716265  
1.90195  0.639746  1.64072  1.90195  0.639746  1.64072  1.92726  0.614573  1.65339  
1.87303  1.2223  1.1068  1.87303  1.2223  1.1068  1.91848  0.608702  1.59941  
1.86145  0.0827715  2.31908  1.86145  0.0827715  2.31908  1.77839  1.74553  1.32214  
1.7029  2.21569  0.0615886  1.7029  2.21569  0.0615886  1.35831  2.29244  2.99561  
1.85395  1.2359  1.33774  1.85395  1.2359  1.33774  1.71434  1.78912  1.66542  
1.76624  1.84565  0.697229  1.76624  1.84565  0.697229  1.93861  0.93115  0.918944  
1.84876  0.645833  2.11095  1.84876  0.645833  2.11095  1.13546  0.521792  4.9017  
1.67179  2.19329  0.389927  1.67179  2.19329  0.389927  1.8093  1.80969  0.333335  
1.83149  1.04552  1.88282  1.83149  1.04552  1.88282  1.52787  0.981696  3.62747  
1.7599  1.75981  1.15163  1.7599  1.75981  1.15163  1.77479  1.75596  1.2011  
1.78076  0.33691  2.7151  1.78076  0.33691  2.7151  1.78208  0.311556  2.73846  
1.5564  2.51905  0.24646  1.5564  2.51905  0.24646  1.64976  2.28855  0.282846  
1.77672  1.36818  1.89222  1.77672  1.36818  1.89222  1.80192  1.30769  1.89301  
1.66906  2.11402  1.06038  1.66906  2.11402  1.06038  1.62353  2.12359  1.7666  
1.74464  0.59184  2.84148  1.74464  0.59184  2.84148  0.890786  0.171145  5.46457  
1.55305  2.49726  0.662433  1.55305  2.49726  0.662433  1.56273  2.49692  0.685635  
1.73493  1.08221  2.57522  1.73493  1.08221  2.57522  1.8221  0.861568  2.61796  
1.6593  1.96543  1.65569  1.6593  1.96543  1.65569  1.63371  1.92226  2.02183  
1.62968  0.127376  3.49912  1.62968  0.127376  3.49912  2.01814  0.255145  0.420778  
1.35197  2.98424  0.171392  1.35197  2.98424  0.171392  0.814255  1.16259  5.31299  
1.64128  1.7916  2.18121  1.64128  1.7916  2.18121  1.68635  1.76498  2.1986  
1.48355  2.5958  1.12482  1.48355  2.5958  1.12482  1.11849  3.24632  1.15196  
1.6164  0.854652  3.34473  1.6164  0.854652  3.34473  1.62127  0.881654  3.38728  
1.33859  2.95734  0.646511  1.33859  2.95734  0.646511  1.03235  0.943157  5.02087  
1.58527  1.44566  2.9737  1.58527  1.44566  2.9737  1.48577  1.63298  3.21625  
1.47369  2.44713  1.8101  1.47369  2.44713  1.8101  0.552518  1.60814  5.27042  
1.47144  0.33272  4.05766  1.47144  0.33272  4.05766  1.51381  0.391737  4.02141  
1.17941  3.23581  0.421903  1.17941  3.23581  0.421903  1.18897  3.22633  0.830101  
1.4871  1.86466  2.92859  1.4871  1.86466  2.92859  1.68507  1.09517  2.87035  
1.32511  2.82038  1.61252  1.32511  2.82038  1.61252  1.36267  2.86319  1.33822  
1.40155  0.682399  4.18062  1.40155  0.682399  4.18062  1.49535  0.858936  3.83908  
1.16573  3.19778  1.00585  1.16573  3.19778  1.00585  0.237446  0.842673  5.85676  
1.39047  1.38184  3.83228  1.39047  1.38184  3.83228  1.12348  3.01499  2.44066  
1.29753  2.59649  2.46534  1.29753  2.59649  2.46534  1.8594  0.496321  2.53645  
1.20504  0.0810376  4.8063  1.20504  0.0810376  4.8063  0.96221  1.59854  4.74174  
0.84419  3.71508  0.0628319  0.84419  3.71508  0.0628319  1.91295  0.423839  2.18585  
1.21555  2.62636  2.73225  1.21555  2.62636  2.73225  0.766764  3.41618  2.34998  
0.998507  3.38928  1.20806  0.998507  3.38928  1.20806  0.212817  3.51103  3.00115  
1.19817  1.3912  4.35755  1.19817  1.3912  4.35755  1.21041  1.45527  4.34448  
0.840834  3.622  0.572777  0.840834  3.622  0.572777  0.838218  3.66231  0.539035  
1.13505  2.1684  3.76933  1.13505  2.1684  3.76933  1.44841  1.57108  3.61013  
0.965743  3.25041  2.04352  0.965743  3.25041  2.04352  0.975972  3.25821  2.06004  
1.00693  0.678603  5.10468  1.00693  0.678603  5.10468  0.6894  1.0828  5.46507  
0.678904  3.76882  0.312421  0.678904  3.76882  0.312421  0.297166  2.08779  5.10417  
0.968539  2.62571  3.51001  0.968539  2.62571  3.51001  0.293001  1.46374  5.59064  
0.783573  3.52358  1.69254  0.783573  3.52358  1.69254  0.176506  0.615815  5.93658  
0.887697  1.12589  5.12903  0.887697  1.12589  5.12903  0.897334  1.14352  5.13543  
0.630925  3.75311  0.937367  0.630925  3.75311  0.937367  0.19075  3.39263  3.26833  
0.837653  2.00344  4.57985  0.837653  2.00344  4.57985  0.290283  0.814102  5.88133  
0.716889  3.29745  2.67047  0.716889  3.29745  2.67047  0.732685  3.31001  2.69636  
0.675314  0.32333  5.64724  0.675314  0.32333  5.64724  1.17775  1.47952  4.41228  
0.434807  3.9101  0.193305  0.434807  3.9101  0.193305  0.597264  3.48258  2.43593  
0.644973  2.99631  3.52611  0.644973  2.99631  3.52611  1.0394  2.72557  3.27761  
0.492144  3.75917  1.55829  0.492144  3.75917  1.55829  0.434622  3.84785  1.51633  
0.580298  1.4305  5.34557  0.580298  1.4305  5.34557  1.23081  2.29807  3.41787  
0.375306  3.90475  0.797952  0.375306  3.90475  0.797952  0.38454  3.97062  0.203229  
0.507308  2.34731  4.65276  0.507308  2.34731  4.65276  0.923313  2.02034  4.48281  
0.400062  3.55203  2.53671  0.400062  3.55203  2.53671  0.261487  3.3555  3.2609  
0.387641  0.555859  5.83477  0.387641  0.555859  5.83477  1.55147  1.02088  3.65177  
0.246106  3.96977  0.471461  0.246106  3.96977  0.471461  1.18899  3.25398  0.363892  
0.337961  2.78198  4.2181  0.337961  2.78198  4.2181  0.365651  2.94978  4.01589  
0.247305  3.74047  2.05556  0.247305  3.74047  2.05556  0.260367  3.7822  1.95115  
0.248212  1.00964  5.7655  0.248212  1.00964  5.7655  0.313615  1.02458  5.77257  
0.163426  3.92273  1.1808  0.163426  3.92273  1.1808  1.60899  1.81676  2.55737  
0.183599  1.9662  5.23042  0.183599  1.9662  5.23042  0.218622  2.05179  5.20487  
0.120955  3.41721  3.13593  0.120955  3.41721  3.13593  0.0911828  1.93867  5.29636  
0.0920891  0.143777  5.99536  0.0920891  0.143777  5.99536  0.270648  0.394282  5.96283  
0.11103  3.99661  0.287329  0.11103  3.99661  0.287329  0.146182  4.02636  0.464599  
0.0409171  1.31285  5.67644  0.0409171  1.31285  5.67644  0.0547891  1.05145  5.82767  
