2  4.92443e-15  4.92443e-15  2  4.92443e-15  4.92443e-15  1.45178  0.155266  0.00131042  
8.87853e-15  4  8.87853e-15  8.87853e-15  4  8.87853e-15  0.00429133  4.00429  0.00429133  
5.90637e-10  5.85775e-10  5.99985  5.90637e-10  5.85775e-10  5.99985  2.84642e-10  1.20356e-09  5.99985  
1.63229  0.063128  0.0630947  1.63229  0.063128  0.0630947  1.64334  0.0736372  0.0325242  
1.44016  0.153366  0.0511285  1.44016  0.153366  0.0511285  1.36985  0.195202  0.0650097  
1.58278  0.0756649  0.226894  1.58278  0.0756649  0.226894  1.65993  0.0471027  0.280931  
1.27884  0.262393  0.0374657  1.27884  0.262393  0.0374657  1.27639  0.264271  0.0374657  
1.43195  0.147408  0.245616  1.43195  0.147408  0.245616  1.58413  0.067407  0.546573  
1.28208  0.250442  0.15021  1.28208  0.250442  0.15021  1.28531  0.253675  0.153443  
1.58303  0.0691073  0.483756  1.58303  0.0691073  0.483756  1.46348  0.11897  0.624607  
1.11794  0.403655  0.0268922  1.11794  0.403655  0.0268922  1.1297  0.413812  0.0378371  
1.289  0.237126  0.304629  1.289  0.237126  0.304629  1.43551  0.141372  0.390214  
1.1494  0.359936  0.163532  1.1494  0.359936  0.163532  1.21867  0.299502  0.163532  
1.44019  0.132407  0.573424  1.44019  0.132407  0.573424  1.44019  0.132407  0.573424  
1.06035  0.4524  0.104365  1.06035  0.4524  0.104365  1.07298  0.443653  0.0637258  
1.29334  0.226328  0.496906  1.29334  0.226328  0.496906  1.29325  0.233351  0.320088  
1.12341  0.376014  0.292291  1.12341  0.376014  0.292291  1.12341  0.376014  0.292291  
1.58017  0.062243  0.931471  1.58017  0.062243  0.931471  1.59593  0.0628638  0.555408  
0.937686  0.604931  0.0195051  0.937686  0.604931  0.0195051  0.962025  0.595574  0.0279821  
1.12332  0.369581  0.418848  1.12332  0.369581  0.418848  1.03337  0.464761  0.326922  
0.98735  0.523983  0.205036  0.98735  0.523983  0.205036  1.26507  0.271876  0.211736  
1.29101  0.218923  0.780783  1.29101  0.218923  0.780783  1.06899  0.417562  0.524869  
0.911018  0.624713  0.115685  0.911018  0.624713  0.115685  0.91884  0.632535  0.123507  
1.1495  0.336219  0.641842  1.1495  0.336219  0.641842  1.20645  0.314542  0.217553  
0.982897  0.519121  0.35481  0.982897  0.519121  0.35481  0.989928  0.524222  0.250696  
0.980153  0.123336  1.19242  0.980153  0.123336  1.19242  0.980153  0.123336  1.19242  
0.834449  0.732923  0.0758242  0.834449  0.732923  0.0758242  0.836012  0.734486  0.077387  
1.05095  0.431349  0.630268  1.05095  0.431349  0.630268  1.07757  0.410825  0.727507  
0.900182  0.621466  0.325558  0.900182  0.621466  0.325558  1.00107  0.508349  0.329321  
1.2767  0.21842  1.17957  1.2767  0.21842  1.17957  1.27734  0.219057  1.18021  
0.824346  0.733418  0.205108  0.824346  0.733418  0.205108  0.959702  0.546511  0.349095  
1.10392  0.367455  0.939141  1.10392  0.367455  0.939141  1.29757  0.213002  0.897355  
0.911489  0.59538  0.525329  0.911489  0.59538  0.525329  0.924073  0.579719  0.525329  
1.10901  0.0442399  1.37149  1.10901  0.0442399  1.37149  1.14031  0.0488543  1.19711  
0.713873  0.930963  0.0147536  0.713873  0.930963  0.0147536  0.748458  0.879988  0.00442758  
0.902552  0.600871  0.639632  0.902552  0.600871  0.639632  0.835089  0.711535  0.480069  
0.770285  0.806211  0.291336  0.770285  0.806211  0.291336  0.758491  0.822368  0.39334  
0.768076  0.293416  1.19242  0.768076  0.293416  1.19242  0.575652  0.315653  5.69075  
0.703638  0.925969  0.151506  0.703638  0.925969  0.151506  0.763135  0.827149  0.177362  
0.942845  0.537666  0.958239  0.942845  0.537666  0.958239  0.916938  0.563858  1.10478  
0.778402  0.779777  0.499637  0.778402  0.779777  0.499637  0.603961  1.09139  0.351737  
0.888842  0.165537  1.34772  0.888842  0.165537  1.34772  0.823415  0.218605  1.34838  
0.641611  1.04306  0.08835  0.641611  1.04306  0.08835  0.690331  0.958448  0.0911234  
0.851295  0.655845  0.898748  0.851295  0.655845  0.898748  0.851488  0.656038  0.898941  
0.706297  0.897478  0.437949  0.706297  0.897478  0.437949  0.70763  0.899172  0.382019  
0.781249  0.262885  1.26647  0.781249  0.262885  1.26647  0.732679  0.311276  1.26647  
0.637822  1.03039  0.262609  0.637822  1.03039  0.262609  0.637822  1.03039  0.262609  
0.768076  0.293416  1.19242  0.768076  0.293416  1.19242  0.812625  0.252086  1.19283  
0.721083  0.856992  0.710138  0.721083  0.856992  0.710138  0.721083  0.856992  0.710138  
0.949137  0.100138  2.03613  0.949137  0.100138  2.03613  0.949137  0.100138  2.03613  
0.551273  1.22472  0.0602251  0.551273  1.22472  0.0602251  0.559813  1.20173  0.0908074  
0.741539  0.811201  0.979003  0.741539  0.811201  0.979003  0.731603  0.800331  1.60667  
0.608477  1.06996  0.451663  0.608477  1.06996  0.451663  0.254645  1.00079  3.11191  
0.678684  0.357185  1.40136  0.678684  0.357185  1.40136  0.566712  0.505964  1.54585  
0.54526  1.21251  0.251357  0.54526  1.21251  0.251357  0.479674  1.35656  0.251357  
0.637622  0.442013  1.19242  0.637622  0.442013  1.19242  0.722768  0.361303  1.202  
0.618545  1.03201  0.752582  0.618545  1.03201  0.752582  0.631362  1.00926  0.752869  
0.810702  0.189578  2.23701  0.810702  0.189578  2.23701  0.90472  0.121845  2.3727  
0.487497  1.34828  0.165572  0.487497  1.34828  0.165572  0.509542  1.2987  0.165572  
0.607139  0.482386  1.19242  0.607139  0.482386  1.19242  0.608074  0.574996  1.36149  
0.54817  1.17516  0.659097  0.54817  1.17516  0.659097  0.453716  1.39281  0.538705  
0.673466  0.329072  2.0118  0.673466  0.329072  2.0118  0.610507  0.414333  2.01651  
0.482732  1.33517  0.408113  0.482732  1.33517  0.408113  0.596246  1.12895  0.565252  
0.537438  0.536233  1.48256  0.537438  0.536233  1.48256  0.426372  0.714822  1.56642  
0.559994  1.1284  1.06005  0.559994  1.1284  1.06005  0.692594  1.03149  1.11338  
0.626025  0.0397957  2.50719  0.626025  0.0397957  2.50719  0.742011  0.107683  5.68274  
0.387158  1.6281  0.0128106  0.387158  1.6281  0.0128106  0.489606  1.39309  0.0135054  
0.531443  0.593195  1.19242  0.531443  0.593195  1.19242  0.354334  0.935951  1.24255  
0.426919  1.46066  0.507251  0.426919  1.46066  0.507251  0.482422  1.31884  0.95871  
0.495786  0.577927  1.80854  0.495786  0.577927  1.80854  0.67564  0.349993  1.8563  
0.372816  1.62655  0.249001  0.372816  1.62655  0.249001  0.373443  1.63289  0.192744  
0.403821  0.780503  1.34512  0.403821  0.780503  1.34512  0.417607  0.807147  1.21236  
0.42382  1.44206  0.894443  0.42382  1.44206  0.894443  0.445081  1.37564  1.14646  
0.460452  0.175883  2.38991  0.460452  0.175883  2.38991  0.587818  0.224534  5.89317  
0.318768  1.79893  0.135798  0.318768  1.79893  0.135798  0.46964  1.40603  0.0830209  
0.340409  0.933389  1.23901  0.340409  0.933389  1.23901  0.419345  0.767927  1.23901  
0.356518  1.62856  0.767306  0.356518  1.62856  0.767306  0.518451  1.24031  0.708592  
0.41094  0.229657  2.38991  0.41094  0.229657  2.38991  0.359505  0.298532  2.39353  
0.30156  1.81801  0.44118  0.30156  1.81801  0.44118  0.335905  1.75335  0.40262  
0.348998  0.843653  1.92456  0.348998  0.843653  1.92456  0.348998  0.843653  1.92456  
0.317936  1.00988  1.19242  0.317936  1.00988  1.19242  0.327717  1.01966  1.2022  
0.385805  0.189042  3.26779  0.385805  0.189042  3.26779  0.256976  0.370064  3.26779  
0.22976  2.11079  0.0858061  0.22976  2.11079  0.0858061  0.294618  1.93135  0.0990177  
0.244957  1.15557  1.35143  0.244957  1.15557  1.35143  0.326928  0.961188  1.35645  
0.250692  1.9595  0.796708  0.250692  1.9595  0.796708  0.247146  1.58255  5.78828  
0.255351  0.465619  2.38991  0.255351  0.465619  2.38991  0.36097  0.301486  2.39473  
0.20227  2.17331  0.426369  0.20227  2.17331  0.426369  0.141319  2.51179  0.154545  
0.235405  1.10759  2.18941  0.235405  1.10759  2.18941  0.229636  1.06197  3.60781  
0.187549  1.38471  1.19242  0.187549  1.38471  1.19242  0.0694984  1.05535  2.53075  
0.21627  0.0826075  3.58496  0.21627  0.0826075  3.58496  0.170116  0.0218648  5.99146  
0.144138  2.44868  0.276708  0.144138  2.44868  0.276708  0.0933444  2.75272  0.368497  
0.160125  1.35979  2.05278  0.160125  1.35979  2.05278  0.179959  1.30655  1.84116  
0.139247  1.56645  1.19242  0.139247  1.56645  1.19242  0.167367  1.49359  1.20014  
0.143683  0.604395  3.46646  0.143683  0.604395  3.46646  0.105709  0.444657  5.75769  
0.100791  2.63323  0.771268  0.100791  2.63323  0.771268  0.100305  2.62054  0.967207  
0.0808054  0.91958  2.44391  0.0808054  0.91958  2.44391  0.153476  0.417844  5.92899  
0.0650359  1.83591  1.67172  0.0650359  1.83591  1.67172  0.0210918  1.84041  5.82891  
0.0593768  0.0226828  4.77078  0.0593768  0.0226828  4.77078  0.0593768  0.0226828  4.77078  
0.0265763  3.31779  0.0796074  0.0265763  3.31779  0.0796074  0.0175942  3.50352  0.164987  
0.0118033  1.38649  2.38991  0.0118033  1.38649  2.38991  0.0129637  1.52279  3.22542  
