1.00285  2.70256e-07  1.00285  2.70256e-07  1.01774  0.0745962  
4.9031e-12  1  4.9031e-12  1  0.000374134  1  
0.996539  0.00431343  0.996539  0.00431343  1.01757  0.0341473  
0.985968  0.0150238  0.985968  0.0150238  1.03934  0.0474632  
0.975473  0.024605  0.975473  0.024605  1.07029  0.123312  
0.965013  0.0356324  0.965013  0.0356324  1.76544  0.740121  
0.95469  0.0457587  0.95469  0.0457587  0.956177  0.0549969  
0.944381  0.0559241  0.944381  0.0559241  0.970856  0.122144  
0.934189  0.0660806  0.934189  0.0660806  0.961351  0.0872707  
0.923969  0.0763924  0.923969  0.0763924  0.933594  0.0755535  
0.913809  0.0864266  0.913809  0.0864266  0.888653  0.112619  
0.903543  0.0967186  0.903543  0.0967186  1.0241  0.157054  
0.893263  0.10719  0.893263  0.10719  0.895131  0.11007  
0.883039  0.117363  0.883039  0.117363  0.881922  0.163584  
0.872816  0.127574  0.872816  0.127574  1.08048  0.198443  
0.862604  0.137733  0.862604  0.137733  0.862991  0.13913  
0.852442  0.147784  0.852442  0.147784  0.864911  0.191873  
0.842235  0.158008  0.842235  0.158008  0.843983  0.160603  
0.831965  0.168318  0.831965  0.168318  1.0052  0.322285  
0.821746  0.178488  0.821746  0.178488  0.844041  0.201781  
0.811434  0.188734  0.811434  0.188734  0.808094  0.19573  
0.80115  0.19892  0.80115  0.19892  0.785597  0.278376  
0.790934  0.209085  0.790934  0.209085  4.66563  4.09338  
0.780684  0.219324  0.780684  0.219324  0.783139  0.239695  
0.770498  0.229505  0.770498  0.229505  0.807468  0.211812  
0.760278  0.239725  0.760278  0.239725  0.777404  0.297231  
0.75  0.25  0.75  0.25  0.849124  0.295743  
0.75  0.25  0.75  0.25  0.802575  0.339552  
0.75  0.25  0.75  0.25  0.75633  0.266583  
0.75  0.25  0.75  0.25  0.755159  0.244882  
0.75  0.25  0.75  0.25  0.75  0.250496  
0.75  0.25  0.75  0.25  0.75  0.25  
0.75  0.25  0.75  0.25  0.75  0.25  
0.75  0.25  0.75  0.25  0.750009  0.25  
0.75  0.25  0.75  0.25  0.752707  0.255424  
0.75  0.25  0.75  0.25  0.750004  0.25  
0.75  0.25  0.75  0.25  0.75  0.25  
0.75  0.25  0.75  0.25  4.50747  4.63643  
0.75  0.25  0.75  0.25  3.76239  3.46422  
0.75  0.25  0.75  0.25  0.75  0.25  
0.75  0.25  0.75  0.25  0.75  0.25  
0.5  0.5  0.5  0.5  1.70862  2.55001  
0.5  0.5  0.5  0.5  4.18958  4.08247  
0.5  0.5  0.5  0.5  0.621474  0.64153  
0.5  0.5  0.5  0.5  3.75749  3.4669  
0.5  0.5  0.5  0.5  0.500004  0.500041  
0.5  0.5  0.5  0.5  0.5  0.5  
0.5  0.5  0.5  0.5  0.49514  0.505247  
0.5  0.5  0.5  0.5  0.487973  0.513518  
0.5  0.5  0.5  0.5  0.520186  0.517517  
0.5  0.5  0.5  0.5  0.504888  0.501028  
0.4948  0.5052  0.4948  0.5052  0.525836  0.563416  
0.48469  0.51531  0.48469  0.51531  0.477756  0.523638  
0.474548  0.525458  0.474548  0.525458  0.474969  0.525493  
0.464365  0.535668  0.464365  0.535668  0.462637  0.554047  
0.454178  0.545855  0.454178  0.545855  0.45547  0.548336  
0.443914  0.556122  0.443914  0.556122  0.484758  0.55534  
0.433695  0.56641  0.433695  0.56641  0.43466  0.568051  
0.423522  0.57661  0.423522  0.57661  0.427596  0.578333  
0.413336  0.586875  0.413336  0.586875  0.829748  0.903525  
0.40294  0.59723  0.40294  0.59723  0.445822  0.59096  
0.392743  0.607519  0.392743  0.607519  0.399558  0.634667  
0.382745  0.617749  0.382745  0.617749  0.589209  0.69062  
0.37247  0.628124  0.37247  0.628124  0.357468  0.654082  
0.362105  0.638346  0.362105  0.638346  0.362986  0.64321  
0.351865  0.64861  0.351865  0.64861  0.370443  0.637176  
0.34162  0.658778  0.34162  0.658778  0.362305  0.678765  
0.331664  0.669001  0.331664  0.669001  0.312489  0.702385  
0.32149  0.67908  0.32149  0.67908  0.297455  0.706103  
0.311188  0.689183  0.311188  0.689183  0.344672  0.670606  
0.300831  0.699296  0.300831  0.699296  0.327857  0.713063  
0.290694  0.709366  0.290694  0.709366  4.45592  4.03327  
0.280521  0.719484  0.280521  0.719484  0.260242  0.73986  
0.270396  0.729612  0.270396  0.729612  0.270396  0.729612  
0.260204  0.739796  0.260204  0.739796  0.418015  0.831307  
0.25  0.75  0.25  0.75  0.387353  0.876902  
0.25  0.75  0.25  0.75  0.250251  0.750024  
0.25  0.75  0.25  0.75  3.79807  4.07472  
0.25  0.75  0.25  0.75  1.91139  2.47778  
0.25  0.75  0.25  0.75  0.25  0.75  
4.9031e-12  1  4.9031e-12  1  3.25751  3.967  
4.9031e-12  1  4.9031e-12  1  0.104824  1.21193  
4.9031e-12  1  4.9031e-12  1  0.138437  1.11254  
4.9031e-12  1  4.9031e-12  1  0.000801429  1.08103  
4.9031e-12  1  4.9031e-12  1  4.3228e-06  1.00037  
4.9031e-12  1  4.9031e-12  1  0.000207412  1  
4.9031e-12  1  4.9031e-12  1  9.76724e-06  1  
4.9031e-12  1  4.9031e-12  1  4.9031e-12  1  
4.9031e-12  1  4.9031e-12  1  4.17301e-05  1  
4.9031e-12  1  4.9031e-12  1  4.9031e-12  1  
4.9031e-12  1  4.9031e-12  1  0.000679492  1  
4.9031e-12  1  4.9031e-12  1  1.36564e-05  1  
4.9031e-12  1  4.9031e-12  1  3.25751  3.96422  
4.9031e-12  1  4.9031e-12  1  0.000605102  1.0004  
4.9031e-12  1  4.9031e-12  1  4.9031e-12  1.00001  
4.9031e-12  1  4.9031e-12  1  4.9031e-12  1.00003  
4.9031e-12  1  4.9031e-12  1  0.00010541  1.00173  
4.9031e-12  1  4.9031e-12  1  4.9031e-12  1  
4.9031e-12  1  4.9031e-12  1  0.000141751  1  
4.9031e-12  1  4.9031e-12  1  4.9031e-12  1  
