1  3.42852e-152  1  3.42852e-152  1  3.42852e-152  
6.12323e-17  1  6.12323e-17  1  8.19046e-15  133.76  
0.999987  0.00512717  0.999987  0.00512717  1.11629  0.0143992  
0.999879  0.0155419  0.999879  0.0155419  0.999775  0.0211906  
0.999658  0.0261658  0.999658  0.0261658  0.999831  0.0184052  
0.999315  0.037009  0.999315  0.037009  0.99909  0.0426542  
0.998844  0.0480708  0.998844  0.0480708  198.763  9.56578  
0.998237  0.0593539  0.998237  0.0593539  0.998237  0.0593539  
0.997486  0.0708589  0.997486  0.0708589  0.99476  0.102238  
0.996584  0.0825896  0.996584  0.0825896  0.997052  0.0767256  
0.995521  0.094544  0.995521  0.094544  75.7541  9.4962  
0.994288  0.106729  0.994288  0.106729  39.1799  4.20566  
0.992877  0.119144  0.992877  0.119144  112.321  9.26531  
0.991278  0.131788  0.991278  0.131788  0.993746  0.111667  
0.989482  0.144659  0.989482  0.144659  1.36051  0.160393  
0.987477  0.157762  0.987477  0.157762  1.10878  0.177142  
0.985255  0.171092  0.985255  0.171092  0.981804  0.189895  
0.982805  0.184648  0.982805  0.184648  81.7154  15.3526  
0.980116  0.198426  0.980116  0.198426  0.975455  0.2202  
0.977176  0.212429  0.977176  0.212429  0.977152  0.212542  
0.973977  0.226649  0.973977  0.226649  0.981716  0.190354  
0.970505  0.241081  0.970505  0.241081  69.9915  20.1203  
0.96675  0.255722  0.96675  0.255722  16.8967  4.46945  
0.962702  0.270564  0.962702  0.270564  148.892  58.2813  
0.958349  0.2856  0.958349  0.2856  50.5119  12.7648  
0.953679  0.300825  0.953679  0.300825  0.940952  0.33854  
0.948683  0.316228  0.948683  0.316228  0.965  0.262249  
0.94335  0.331799  0.94335  0.331799  31.1161  13.5489  
0.93767  0.347527  0.93767  0.347527  147.274  46.1406  
0.931633  0.3634  0.931633  0.3634  8.13938  3.69346  
0.925229  0.37941  0.925229  0.37941  0.945535  0.387736  
0.918451  0.395535  0.918451  0.395535  0.937532  0.3479  
0.91129  0.411766  0.91129  0.411766  107.267  40.6627  
0.90374  0.428082  0.90374  0.428082  139.993  66.3115  
0.89579  0.444477  0.89579  0.444477  0.89579  0.444477  
0.887442  0.46092  0.887442  0.46092  0.890109  0.462305  
0.878687  0.477398  0.878687  0.477398  0.878687  0.477398  
0.869525  0.493889  0.869525  0.493889  22.1599  12.5868  
0.859951  0.510377  0.859951  0.510377  9.47511  5.62344  
0.849966  0.526838  0.849966  0.526838  0.849966  0.526838  
0.83957  0.543252  0.83957  0.543252  0.806384  0.591393  
0.828767  0.559594  0.828767  0.559594  0.823204  0.567745  
0.817562  0.575841  0.817562  0.575841  35.5243  25.0212  
0.805952  0.591981  0.805952  0.591981  47.6889  70.4353  
0.793951  0.607981  0.793951  0.607981  159.741  122.324  
0.781567  0.623822  0.781567  0.623822  0.7941  0.607787  
0.768809  0.639478  0.768809  0.639478  0.781408  0.624021  
0.755689  0.65493  0.755689  0.65493  2.4239  2.10071  
0.742218  0.670159  0.742218  0.670159  0.78806  0.615598  
0.728411  0.68514  0.728411  0.68514  0.714293  0.699847  
0.714285  0.699855  0.714285  0.699855  128.172  120.557  
0.699857  0.714283  0.699857  0.714283  0.891964  0.452107  
0.68514  0.728411  0.68514  0.728411  17.6935  17.7007  
0.670158  0.742218  0.670158  0.742218  0.714258  0.699882  
0.654931  0.755689  0.654931  0.755689  16.3871  18.5269  
0.639478  0.76881  0.639478  0.76881  0.639478  0.76881  
0.623823  0.781566  0.623823  0.781566  0.670192  0.742188  
0.607978  0.793954  0.607978  0.793954  0.607978  0.793954  
0.591981  0.805952  0.591981  0.805952  100.572  134.077  
0.575843  0.81756  0.575843  0.81756  137.307  162.27  
0.559594  0.828767  0.559594  0.828767  7.82239  12.2167  
0.543247  0.839573  0.543247  0.839573  61.2366  96.7343  
0.526839  0.849965  0.526839  0.849965  0.5671  0.823649  
0.510375  0.859952  0.510375  0.859952  1.97586  3.32921  
0.49389  0.869524  0.49389  0.869524  0.49389  0.869524  
0.477397  0.878688  0.477397  0.878688  92.6816  156.166  
0.460919  0.887442  0.460919  0.887442  86.0928  192.157  
0.444477  0.89579  0.444477  0.89579  58.5312  103.132  
0.428087  0.903738  0.428087  0.903738  35.892  75.7719  
0.411763  0.911291  0.411763  0.911291  82.6701  178.836  
0.395536  0.918451  0.395536  0.918451  65.9435  156.384  
0.379408  0.92523  0.379408  0.92523  0.0880716  0.996114  
0.363402  0.931632  0.363402  0.931632  0.15915  0.987254  
0.347527  0.93767  0.347527  0.93767  0.379405  0.925231  
0.331799  0.94335  0.331799  0.94335  30.5363  78.0139  
0.316224  0.948685  0.316224  0.948685  10.5263  31.5793  
0.300824  0.95368  0.300824  0.95368  0.24724  0.968954  
0.285598  0.95835  0.285598  0.95835  11.2123  37.6237  
0.270562  0.962702  0.270562  0.962702  1.93319  6.3062  
0.25572  0.966751  0.25572  0.966751  0.273543  1.10565  
0.241081  0.970505  0.241081  0.970505  4.81184  27.0814  
0.226649  0.973976  0.226649  0.973976  0.972041  4.17714  
0.212429  0.977177  0.212429  0.977177  29.174  134.201  
0.198428  0.980116  0.198428  0.980116  6.94344  30.0543  
0.184648  0.982805  0.184648  0.982805  6.15692  32.7708  
0.171092  0.985255  0.171092  0.985255  0.171092  0.985255  
0.157762  0.987477  0.157762  0.987477  0.141352  0.989959  
0.144659  0.989482  0.144659  0.989482  0.144659  0.989482  
0.131786  0.991278  0.131786  0.991278  27.2689  205.113  
0.119145  0.992877  0.119145  0.992877  0.151346  0.988481  
0.106731  0.994288  0.106731  0.994288  15.96  148.68  
0.0945466  0.99552  0.0945466  0.99552  3.51695  37.0314  
0.0825861  0.996584  0.0825861  0.996584  0.130843  0.991403  
0.0708573  0.997486  0.0708573  0.997486  0.761058  10.7137  
0.0593535  0.998237  0.0593535  0.998237  0.0593535  0.998237  
0.0480722  0.998844  0.0480722  0.998844  17.8135  64.5951  
0.0370115  0.999315  0.0370115  0.999315  0.0297548  0.999557  
0.0261684  0.999658  0.0261684  0.999658  0.00824574  0.999966  
0.0155418  0.999879  0.0155418  0.999879  0.0903947  2.38299  
0.00512802  0.999987  0.00512802  0.999987  0.311891  69.0373  
