2  1.3277e-15  2  1.3277e-15  1.99996  0.0241353  
3.08056e-15  4  3.08056e-15  4  0.154713  3.98851  
1.99999  0.0102563  1.99999  0.0102563  2.0003  0.104282  
1.99994  0.031087  1.99994  0.031087  1.99957  0.08247  
1.99983  0.0523513  1.99983  0.0523513  1.99924  0.110157  
1.99966  0.0740611  1.99966  0.0740611  1.9999  0.0399244  
1.99942  0.0962283  1.99942  0.0962283  2.0037  0.140703  
1.99912  0.118866  1.99912  0.118866  1.99875  0.14132  
1.99874  0.141987  1.99874  0.141987  2.00169  0.106748  
1.99829  0.165604  1.99829  0.165604  1.99852  0.154047  
1.99775  0.18973  1.99775  0.18973  1.99685  0.22615  
1.99713  0.214381  1.99713  0.214381  1.99708  0.224059  
1.99641  0.239569  1.99641  0.239569  1.99705  0.240098  
1.9956  0.265311  1.9956  0.265311  1.9956  0.265311  
1.99468  0.291619  1.99468  0.291619  1.99548  0.287524  
1.99365  0.318512  1.99365  0.318512  2.00239  0.338412  
1.9925  0.346003  1.9925  0.346003  1.99314  0.331114  
1.99123  0.37411  1.99123  0.37411  1.99736  0.353467  
1.98983  0.402848  1.98983  0.402848  1.97889  0.579636  
1.98829  0.432235  1.98829  0.432235  1.98785  0.4403  
1.9866  0.462292  1.9866  0.462292  1.99152  0.470908  
1.98475  0.493028  1.98475  0.493028  1.986  0.600975  
1.98273  0.524466  1.98273  0.524466  1.99053  0.467098  
1.98054  0.556623  1.98054  0.556623  1.98314  0.51828  
1.97816  0.589518  1.97816  0.589518  1.9683  0.716018  
1.97558  0.623169  1.97558  0.623169  1.98441  0.49879  
1.97279  0.657596  1.97279  0.657596  1.96844  0.756946  
1.96977  0.692816  1.96977  0.692816  1.97686  0.610239  
1.96652  0.728849  1.96652  0.728849  1.97647  0.629141  
1.96301  0.765713  1.96301  0.765713  1.96893  0.723027  
1.95924  0.803428  1.95924  0.803428  1.95699  0.828923  
1.95519  0.842013  1.95519  0.842013  1.91349  1.17938  
1.95083  0.881485  1.95083  0.881485  1.92674  1.0949  
1.94616  0.921867  1.94616  0.921867  1.95497  0.892101  
1.94115  0.963169  1.94115  0.963169  1.92254  1.12973  
1.93579  1.00541  1.93579  1.00541  1.91603  1.172  
1.93005  1.04861  1.93005  1.04861  1.86861  1.42756  
1.92392  1.09279  1.92392  1.09279  1.92832  1.06131  
1.91736  1.13795  1.91736  1.13795  1.90085  1.24379  
1.91036  1.18411  1.91036  1.18411  1.89971  1.2871  
1.90289  1.23128  1.90289  1.23128  1.8805  1.41591  
1.89492  1.27948  1.89492  1.27948  1.89492  1.27948  
1.88643  1.3287  1.88643  1.3287  1.88345  1.34555  
1.87739  1.37897  1.87739  1.37897  1.79498  1.77775  
1.86777  1.43027  1.86777  1.43027  1.85104  1.53576  
1.85754  1.48263  1.85754  1.48263  1.86243  1.45786  
1.84666  1.53601  1.84666  1.53601  1.84049  1.57585  
1.83511  1.59043  1.83511  1.59043  1.78263  1.81371  
1.82285  1.64587  1.82285  1.64587  1.6756  2.18392  
1.80984  1.70233  1.80984  1.70233  1.78712  1.83092  
1.79605  1.75977  1.79605  1.75977  1.79649  1.75798  
1.78145  1.81818  1.78145  1.81818  1.78145  1.81818  
1.76599  1.87753  1.76599  1.87753  1.65134  2.27505  
1.74964  1.93778  1.74964  1.93778  1.74964  1.93778  
1.73237  1.99889  1.73237  1.99889  1.71535  2.0612  
1.71414  2.06081  1.71414  2.06081  1.75985  1.91449  
1.6949  2.12349  1.6949  2.12349  1.68094  2.17015  
1.67463  2.18688  1.67463  2.18688  1.67294  2.199  
1.6533  2.25088  1.6533  2.25088  1.44045  2.77496  
1.63086  2.31542  1.63086  2.31542  1.64593  2.313  
1.60729  2.38042  1.60729  2.38042  1.62737  2.38681  
1.58257  2.44579  1.58257  2.44579  1.43087  2.80726  
1.55666  2.51142  1.55666  2.51142  1.44354  2.78019  
1.52955  2.57719  1.52955  2.57719  1.2989  3.04161  
1.50122  2.64299  1.50122  2.64299  1.50122  2.64299  
1.47165  2.70869  1.47165  2.70869  1.51337  2.61894  
1.44084  2.77415  1.44084  2.77415  1.44112  2.77455  
1.40879  2.83924  1.40879  2.83924  1.40879  2.83924  
1.37549  2.90381  1.37549  2.90381  1.36911  2.91585  
1.34096  2.96771  1.34096  2.96771  1.38386  2.90152  
1.30522  3.03077  1.30522  3.03077  1.29894  3.04155  
1.26829  3.09285  1.26829  3.09285  1.43797  2.78426  
1.2302  3.15379  1.2302  3.15379  1.29575  3.06108  
1.19099  3.21343  1.19099  3.21343  1.19099  3.21343  
1.15071  3.27162  1.15071  3.27162  1.15071  3.27162  
1.1094  3.3282  1.1094  3.3282  0.993754  3.48085  
1.06713  3.38303  1.06713  3.38303  1.11211  3.32458  
1.02397  3.43598  1.02397  3.43598  0.95711  3.51223  
0.979982  3.48691  0.979982  3.48691  1.1068  3.34734  
0.935252  3.53571  0.935252  3.53571  0.935252  3.53571  
0.889863  3.58226  0.889863  3.58226  0.778098  3.68487  
0.843899  3.62648  0.843899  3.62648  0.828452  3.6407  
0.797449  3.66828  0.797449  3.66828  0.793213  3.67196  
0.750616  3.7076  0.750616  3.7076  0.755203  3.70929  
0.703489  3.74438  0.703489  3.74438  0.643039  3.78761  
0.656163  3.7786  0.656163  3.7786  0.66309  3.78156  
0.608733  3.81022  0.608733  3.81022  0.612621  3.81636  
0.561293  3.83924  0.561293  3.83924  0.648255  3.78405  
0.513933  3.86568  0.513933  3.86568  0.514377  3.86686  
0.466746  3.88955  0.466746  3.88955  0.490386  3.8779  
0.419813  3.91089  0.419813  3.91089  0.647415  3.79626  
0.373215  3.92974  0.373215  3.92974  0.594189  3.81939  
0.32703  3.94616  0.32703  3.94616  0.495197  3.87545  
0.281328  3.96023  0.281328  3.96023  0.336671  3.94292  
0.236173  3.97201  0.236173  3.97201  0.293856  3.95935  
0.191627  3.9816  0.191627  3.9816  0.153328  3.98823  
0.147743  3.98907  0.147743  3.98907  0.713544  3.73677  
0.104569  3.99453  0.104569  3.99453  0.104569  3.99453  
0.0621445  3.99807  0.0621445  3.99807  0.231938  3.97517  
0.0205117  3.99979  0.0205117  3.99979  0.0207765  4.0001  
