1.00797  6.70898e-06  5.70625e-06  1.00797  6.70898e-06  5.70625e-06  1.0137  0.00317481  0.0319489  
1.15232e-05  1.19294  5.29111e-06  1.15232e-05  1.19294  5.29111e-06  0.0189342  1.21323  5.29111e-06  
3.40996e-05  2.90762e-05  1.09878  3.40996e-05  2.90762e-05  1.09878  0.980705  0.977752  1.98162  
0.99864  0.0374569  0.0370038  0.99864  0.0374569  0.0370038  1.0075  0.040814  0.0581555  
0.993938  0.104797  0.034997  0.993938  0.104797  0.034997  1.00033  0.114651  0.041768  
0.989006  0.046453  0.140776  0.989006  0.046453  0.140776  1.00229  0.0632785  0.0455589  
0.979491  0.200886  0.0244268  0.979491  0.200886  0.0244268  0.993276  0.204909  0.0487831  
0.980849  0.100448  0.167561  0.980849  0.100448  0.167561  0.981746  0.100877  0.167708  
0.975353  0.190372  0.113932  0.975353  0.190372  0.113932  0.964204  0.264989  0.0578005  
0.956098  0.0407793  0.291213  0.956098  0.0407793  0.291213  0.9659  0.0407211  0.297319  
0.941824  0.337286  0.000885077  0.941824  0.337286  0.000885077  0.949471  0.338099  0.00592613  
0.958707  0.175558  0.224648  0.958707  0.175558  0.224648  0.973879  0.23315  0.101483  
0.946824  0.295636  0.134272  0.946824  0.295636  0.134272  0.976085  0.24437  0.0856809  
0.926381  0.0850936  0.368404  0.926381  0.0850936  0.368404  0.926932  0.0918652  0.369212  
0.917248  0.390275  0.0894719  0.917248  0.390275  0.0894719  0.917253  0.391419  0.0909891  
0.921736  0.161103  0.354668  0.921736  0.161103  0.354668  0.931478  0.162931  0.356121  
0.922917  0.307079  0.238387  0.922917  0.307079  0.238387  0.922917  0.310723  0.238195  
0.861823  0.00759468  0.508788  0.861823  0.00759468  0.508788  0.824055  0.0302977  0.620395  
0.841086  0.542483  0.0106766  0.841086  0.542483  0.0106766  0.865579  0.582446  0.0548067  
0.89839  0.287684  0.334991  0.89839  0.287684  0.334991  1.15795  0.446075  0.967162  
0.871806  0.462591  0.178311  0.871806  0.462591  0.178311  0.926476  0.346652  0.265253  
0.8471  0.142535  0.512775  0.8471  0.142535  0.512775  0.90228  0.147551  0.55746  
0.823307  0.56403  0.0796219  0.823307  0.56403  0.0796219  0.830926  0.718496  0.105216  
0.847843  0.244704  0.472972  0.847843  0.244704  0.472972  0.862997  0.185135  0.48839  
0.843996  0.445127  0.303872  0.843996  0.445127  0.303872  0.858141  0.460893  0.322452  
0.763818  0.0658989  0.643086  0.763818  0.0658989  0.643086  0.798862  0.268297  0.693974  
0.751913  0.660154  0.0453635  0.751913  0.660154  0.0453635  0.771464  0.67046  0.0882049  
0.81248  0.330926  0.48484  0.81248  0.330926  0.48484  0.819361  0.282334  0.50511  
0.792615  0.547281  0.277922  0.792615  0.547281  0.277922  0.809533  0.559917  0.295015  
0.729391  0.120123  0.673983  0.729391  0.120123  0.673983  0.731927  0.123121  0.674896  
0.738593  0.656618  0.178471  0.738593  0.656618  0.178471  0.743236  0.670537  0.181752  
0.740074  0.246171  0.629431  0.740074  0.246171  0.629431  0.673122  0.312742  0.679761  
0.758979  0.494159  0.437356  0.758979  0.494159  0.437356  1.88571  2.09561  2.30622  
0.628879  0.0139644  0.777711  0.628879  0.0139644  0.777711  0.6901  0.0561702  0.730977  
0.609256  0.79459  0.00938506  0.609256  0.79459  0.00938506  0.559619  0.833504  0.0362701  
0.719273  0.478944  0.509325  0.719273  0.478944  0.509325  0.721737  0.478944  0.533048  
0.673515  0.703797  0.241414  0.673515  0.703797  0.241414  0.775567  0.587072  0.3339  
0.649044  0.206712  0.734325  0.649044  0.206712  0.734325  2.04201  1.61031  2.27216  
0.601703  0.791861  0.128548  0.601703  0.791861  0.128548  0.678341  0.912409  0.186477  
0.653984  0.36928  0.663982  0.653984  0.36928  0.663982  0.672312  0.385928  0.690948  
0.647611  0.648383  0.412829  0.647611  0.648383  0.412829  0.748102  0.700039  0.292351  
0.548044  0.101045  0.831208  0.548044  0.101045  0.831208  0.381793  0.108719  0.938178  
0.523948  0.852096  0.052451  0.523948  0.852096  0.052451  0.80194  0.833953  0.217918  
0.612958  0.466376  0.647177  0.612958  0.466376  0.647177  0.498293  0.533782  0.861114  
0.579664  0.736361  0.357025  0.579664  0.736361  0.357025  0.525807  0.809596  0.352965  
0.519142  0.172545  0.841709  0.519142  0.172545  0.841709  0.570179  0.229362  0.798393  
0.516286  0.835049  0.209354  0.516286  0.835049  0.209354  0.534596  0.826363  0.233255  
0.527342  0.332158  0.78915  0.527342  0.332158  0.78915  0.634566  0.351023  0.716757  
0.545561  0.647747  0.53917  0.545561  0.647747  0.53917  0.586898  0.711806  0.568767  
0.42203  0.0295824  0.906532  0.42203  0.0295824  0.906532  0.490673  0.0355663  0.875113  
0.410135  0.914025  0.0417831  0.410135  0.914025  0.0417831  0.539083  0.878565  0.0998277  
0.503777  0.554345  0.669058  0.503777  0.554345  0.669058  0.513783  0.564429  0.675132  
0.467197  0.821688  0.34248  0.467197  0.821688  0.34248  0.542058  0.807155  0.395622  
0.425813  0.217529  0.882668  0.425813  0.217529  0.882668  0.397614  0.22101  0.933038  
0.404158  0.90115  0.186214  0.404158  0.90115  0.186214  0.543163  0.930661  0.154379  
0.431861  0.396082  0.81322  0.431861  0.396082  0.81322  0.650245  0.414567  0.809596  
0.436994  0.733187  0.532809  0.436994  0.733187  0.532809  0.473995  0.743243  0.538584  
0.338796  0.0771451  0.938371  0.338796  0.0771451  0.938371  0.407089  0.114551  0.918432  
0.334852  0.937065  0.111513  0.334852  0.937065  0.111513  0.358441  0.95812  0.128922  
0.383923  0.49896  0.784985  0.383923  0.49896  0.784985  0.343226  0.548511  0.791257  
0.37438  0.815227  0.457502  0.37438  0.815227  0.457502  0.501782  0.916282  0.607331  
0.3147  0.149733  0.940552  0.3147  0.149733  0.940552  0.415436  0.340357  0.950814  
0.328865  0.909805  0.276484  0.328865  0.909805  0.276484  0.284877  0.967169  0.378549  
0.319797  0.321836  0.896002  0.319797  0.321836  0.896002  0.356507  0.317866  0.959429  
0.336719  0.691526  0.650437  0.336719  0.691526  0.650437  0.301936  1.00896  0.740797  
0.241319  0.00295797  0.970641  0.241319  0.00295797  0.970641  0.262394  0.046603  1.01371  
0.230094  0.975063  0.006553  0.230094  0.975063  0.006553  0.250993  0.995589  0.0642574  
0.30673  0.666901  0.68819  0.30673  0.666901  0.68819  0.274466  0.579048  0.807739  
0.26629  0.922686  0.298648  0.26629  0.922686  0.298648  0.600494  1.40177  0.718541  
0.239118  0.290753  0.930591  0.239118  0.290753  0.930591  0.263125  0.53469  0.978764  
0.221752  0.967686  0.135682  0.221752  0.967686  0.135682  0.248595  1.01304  0.139532  
0.233591  0.492228  0.852769  0.233591  0.492228  0.852769  0.655128  0.875945  1.00846  
0.245482  0.83943  0.512049  0.245482  0.83943  0.512049  0.416033  0.721888  0.618639  
0.18413  0.129082  0.975502  0.18413  0.129082  0.975502  0.399369  0.284146  1.27115  
0.166431  0.984581  0.0724342  0.166431  0.984581  0.0724342  0.317344  1.05977  0.18422  
0.2145  0.590786  0.784635  0.2145  0.590786  0.784635  0.403231  0.701718  1.06883  
0.192967  0.892254  0.417124  0.192967  0.892254  0.417124  0.151151  0.932283  0.649846  
0.159336  0.207459  0.968014  0.159336  0.207459  0.968014  0.549206  0.426619  1.34207  
0.146181  0.965201  0.229735  0.146181  0.965201  0.229735  0.149409  0.970224  0.229942  
0.157039  0.394117  0.910273  0.157039  0.394117  0.910273  0.291421  0.50287  1.16175  
0.164471  0.779031  0.625419  0.164471  0.779031  0.625419  0.303532  0.808733  0.683927  
0.112596  0.00168375  0.993682  0.112596  0.00168375  0.993682  0.311019  0.142437  1.09743  
0.107878  0.994307  0.0381997  0.107878  0.994307  0.0381997  0.114256  1.00852  0.0382729  
0.130538  0.647602  0.758945  0.130538  0.647602  0.758945  0.411965  0.687656  1.0487  
0.0110041  0.928662  0.376974  0.0110041  0.928662  0.376974  0.183013  0.937684  0.329095  
0.0602608  0.257171  0.966997  0.0602608  0.257171  0.966997  0.0792956  0.428263  0.999587  
0.0785978  0.980053  0.189579  0.0785978  0.980053  0.189579  0.293294  0.98082  0.289374  
0.0489727  0.452766  0.896012  0.0489727  0.452766  0.896012  0.162675  0.431859  0.914071  
0.0877076  0.819992  0.577394  0.0877076  0.819992  0.577394  0.0873059  1.12494  0.974497  
0.0631047  0.0629502  0.9961  0.0631047  0.0629502  0.9961  0.157608  0.0740972  1.10353  
0.0570811  0.993613  0.105413  0.0570811  0.993613  0.105413  0.0313101  1.05791  0.0534744  
0.0582259  0.553338  0.834816  0.0582259  0.553338  0.834816  0.173163  0.54427  0.876164  
0.021635  0.885444  0.479422  0.021635  0.885444  0.479422  0.150256  0.967314  0.52798  
0.0211514  0.16936  0.985696  0.0211514  0.16936  0.985696  0.0406508  0.242162  1.00879  
0.0357056  0.964734  0.273321  0.0357056  0.964734  0.273321  0.140946  1.25288  0.585987  
0.0273196  0.353191  0.940541  0.0273196  0.353191  0.940541  0.148365  0.398489  1.01348  
0.00861448  0.743075  0.676078  0.00861448  0.743075  0.676078  0.0781473  0.739348  0.6876  
0.00612434  0.022681  0.999801  0.00612434  0.022681  0.999801  0.115578  0.216404  1.16196  
4.27305e-05  1  0.000305118  4.27305e-05  1  0.000305118  0.00258666  1.01031  0.00248214  
0.00283516  0.669576  0.745628  0.00283516  0.669576  0.745628  0.0435673  0.694435  0.765605  
