1  1.21457e-93  4.62612e-102  1  1.21457e-93  4.62612e-102  1.00085  1.2156e-93  4.63005e-102  
6.12323e-17  1  1.28836e-36  6.12323e-17  1  1.28836e-36  6.12323e-17  1  5.15369e-37  
5.65674e-17  2.3442e-17  1  5.65674e-17  2.3442e-17  1  6.05107e-17  9.40733e-18  1.00009  
0.998511  0.0385308  0.0386056  0.998511  0.0385308  0.0386056  0.999451  0.02665  0.0197153  
0.993759  0.105832  0.0352447  0.993759  0.105832  0.0352447  0.993276  0.0734158  0.0950009  
0.988764  0.0472558  0.141817  0.988764  0.0472558  0.141817  0.930887  0.244702  0.271362  
0.979197  0.200888  0.0285886  0.979197  0.200888  0.0285886  0.978619  0.205589  0.00934385  
0.980572  0.100883  0.168227  0.980572  0.100883  0.168227  0.949668  0.227332  0.215526  
0.975027  0.190455  0.114233  0.975027  0.190455  0.114233  0.975454  0.190539  0.114283  
0.955563  0.0401607  0.292039  0.955563  0.0401607  0.292039  0.955577  0.0401613  0.292043  
0.940333  0.339503  0.0226065  0.940333  0.339503  0.0226065  0.940966  0.339732  0.0226217  
0.957932  0.176214  0.22653  0.957932  0.176214  0.22653  0.957994  0.176225  0.226545  
0.945628  0.29609  0.134604  0.945628  0.29609  0.134604  0.968629  0.0767444  0.236365  
0.925678  0.0843606  0.368787  0.925678  0.0843606  0.368787  0.925825  0.084374  0.368846  
0.916044  0.390805  0.0901918  0.916044  0.390805  0.0901918  0.886113  0.461356  0.044363  
0.921023  0.16116  0.354604  0.921023  0.16116  0.354604  0.92164  0.160827  0.354813  
0.920674  0.308136  0.239606  0.920674  0.308136  0.239606  0.933949  0.312579  0.176387  
0.860421  0.0338845  0.508457  0.860421  0.0338845  0.508457  0.860421  0.0338845  0.508457  
0.8402  0.541997  0.0174155  0.8402  0.541997  0.0174155  0.84106  0.540692  0.0167662  
0.895428  0.294605  0.333792  0.895428  0.294605  0.333792  0.91431  0.290958  0.283035  
0.86885  0.46104  0.180393  0.86885  0.46104  0.180393  0.76244  0.629159  0.151818  
0.846478  0.143487  0.512724  0.846478  0.143487  0.512724  0.80045  0.101832  0.5907  
0.820221  0.562483  0.104162  0.820221  0.562483  0.104162  0.846197  0.529118  0.0631188  
0.845959  0.247435  0.472366  0.845959  0.247435  0.472366  0.873268  0.0961745  0.486032  
0.842262  0.444906  0.30439  0.842262  0.444906  0.30439  0.893208  0.291739  0.342153  
0.763359  0.0645363  0.642743  0.763359  0.0645363  0.642743  0.819833  0.161231  0.54994  
0.749545  0.658439  0.0681109  0.749545  0.658439  0.0681109  0.704137  0.701849  0.107765  
0.808993  0.331678  0.485305  0.808993  0.331678  0.485305  0.859584  0.194421  0.478788  
0.788736  0.544523  0.285289  0.788736  0.544523  0.285289  0.811139  0.573666  0.116449  
0.728803  0.124655  0.673281  0.728803  0.124655  0.673281  0.703946  0.227853  0.673752  
0.734504  0.653481  0.182935  0.734504  0.653481  0.182935  0.661419  0.719166  0.213019  
0.738303  0.245772  0.628096  0.738303  0.245772  0.628096  0.83238  0.254794  0.493459  
0.754095  0.492394  0.434614  0.754095  0.492394  0.434614  0.824108  0.384405  0.420942  
0.628628  0.0214298  0.777411  0.628628  0.0214298  0.777411  0.66218  0.0109482  0.754597  
0.608438  0.793503  0.0124786  0.608438  0.793503  0.0124786  0.719901  0.696361  0.00347923  
0.716979  0.477316  0.508045  0.716979  0.477316  0.508045  0.789513  0.454945  0.41194  
0.668323  0.699544  0.252948  0.668323  0.699544  0.252948  0.787443  0.592322  0.171002  
0.645551  0.223398  0.730313  0.645551  0.223398  0.730313  0.664597  0.157969  0.730313  
0.599951  0.789539  0.129175  0.599951  0.789539  0.129175  0.557894  0.829467  0.0271825  
0.651138  0.371327  0.661918  0.651138  0.371327  0.661918  0.653508  0.372679  0.664327  
0.643384  0.644504  0.413125  0.643384  0.644504  0.413125  0.643419  0.644539  0.413148  
0.547717  0.100349  0.830624  0.547717  0.100349  0.830624  0.547968  0.100396  0.831005  
0.522574  0.849551  0.071972  0.522574  0.849551  0.071972  0.372451  0.928051  0.00126811  
0.608152  0.466798  0.642068  0.608152  0.466798  0.642068  0.4338  0.525764  0.731816  
0.57746  0.733612  0.358263  0.57746  0.733612  0.358263  0.577865  0.734126  0.358514  
0.517116  0.171946  0.838466  0.517116  0.171946  0.838466  0.512907  0.129571  0.848609  
0.514391  0.830993  0.211786  0.514391  0.830993  0.211786  0.418821  0.907636  0.0526211  
0.529484  0.329953  0.781523  0.529484  0.329953  0.781523  0.370616  0.265731  0.89006  
0.543708  0.646257  0.535475  0.543708  0.646257  0.535475  0.569955  0.677454  0.464981  
0.422117  0.0428312  0.905529  0.422117  0.0428312  0.905529  0.333979  0.0264024  0.942245  
0.410042  0.910967  0.0447753  0.410042  0.910967  0.0447753  0.586765  0.802849  0.105546  
0.503367  0.55128  0.665366  0.503367  0.55128  0.665366  0.580456  0.583659  0.568639  
0.464087  0.816033  0.344547  0.464087  0.816033  0.344547  0.477646  0.85344  0.208553  
0.424892  0.222968  0.877355  0.424892  0.222968  0.877355  0.443773  0.19668  0.874552  
0.402979  0.896119  0.185954  0.402979  0.896119  0.185954  0.400719  0.891093  0.214177  
0.43311  0.395423  0.809973  0.43311  0.395423  0.809973  0.781062  0.340351  0.527824  
0.43568  0.727088  0.53059  0.43568  0.727088  0.53059  0.275365  0.851816  0.447688  
0.339656  0.0791436  0.937214  0.339656  0.0791436  0.937214  0.344944  0.154041  0.925897  
0.33778  0.93421  0.114699  0.33778  0.93421  0.114699  0.528982  0.845252  0.0768302  
0.393949  0.496019  0.773802  0.393949  0.496019  0.773802  0.307493  0.369162  0.877022  
0.376708  0.807892  0.453212  0.376708  0.807892  0.453212  0.437027  0.779117  0.462452  
0.313709  0.152763  0.93715  0.313709  0.152763  0.93715  0.313709  0.152763  0.93715  
0.326743  0.903725  0.276624  0.326743  0.903725  0.276624  0.365333  0.902174  0.231663  
0.322644  0.321865  0.890115  0.322644  0.321865  0.890115  0.24212  0.241535  0.939702  
0.339956  0.685439  0.643897  0.339956  0.685439  0.643897  0.406541  0.717006  0.566239  
0.242226  0.0137388  0.970123  0.242226  0.0137388  0.970123  0.242226  0.0137388  0.970123  
0.231304  0.972852  0.00763092  0.231304  0.972852  0.00763092  0.117217  0.993077  0.00763092  
0.304716  0.66287  0.683924  0.304716  0.66287  0.683924  0.352548  0.691464  0.630546  
0.266141  0.910587  0.316229  0.266141  0.910587  0.316229  0.242305  0.890242  0.385692  
0.250141  0.294738  0.922258  0.250141  0.294738  0.922258  0.0811637  0.188947  0.980558  
0.220963  0.964049  0.147599  0.220963  0.964049  0.147599  0.220963  0.964049  0.147599  
0.248681  0.486086  0.837782  0.248681  0.486086  0.837782  0.211131  0.392171  0.896785  
0.242144  0.824515  0.511412  0.242144  0.824515  0.511412  0.148667  0.846445  0.511451  
0.190704  0.127699  0.973306  0.190704  0.127699  0.973306  0.215484  0.079002  0.973306  
0.173966  0.981948  0.0742506  0.173966  0.981948  0.0742506  0.0516201  0.995996  0.0742575  
0.214319  0.587765  0.780128  0.214319  0.587765  0.780128  0.234491  0.537651  0.809989  
0.194255  0.887355  0.41817  0.194255  0.887355  0.41817  0.197041  0.900079  0.388629  
0.16314  0.211094  0.963756  0.16314  0.211094  0.963756  0.16314  0.211094  0.963756  
0.15914  0.959417  0.232794  0.15914  0.959417  0.232794  0.136829  0.962853  0.232794  
0.1635  0.395936  0.903605  0.1635  0.395936  0.903605  0.1635  0.395937  0.903605  
0.164636  0.769174  0.617468  0.164636  0.769174  0.617468  0.00298037  0.77522  0.633238  
0.117073  0.0544844  0.991628  0.117073  0.0544844  0.991628  0.0234846  0.00703705  1.00021  
0.108035  0.993327  0.040375  0.108035  0.993327  0.040375  0.0679984  0.996868  0.040375  
0.135174  0.643915  0.753061  0.135174  0.643915  0.753061  0.117207  0.740057  0.662252  
0.117603  0.919926  0.374039  0.117603  0.919926  0.374039  0.117658  0.92036  0.374216  
0.101947  0.256901  0.961046  0.101947  0.256901  0.961046  0.088173  0.222192  0.97745  
0.0909002  0.977226  0.191748  0.0909002  0.977226  0.191748  0.08534  0.977727  0.191748  
0.0953954  0.449349  0.888249  0.0953954  0.449349  0.888249  0.095517  0.449921  0.88938  
0.0875633  0.813528  0.574895  0.0875633  0.813528  0.574895  0.138055  0.865393  0.481705  
0.0627438  0.093417  0.993648  0.0627438  0.093417  0.993648  0.0977838  0.0556942  0.993648  
0.0583823  0.991978  0.112119  0.0583823  0.991978  0.112119  0.0889525  0.993962  0.0689173  
0.0640502  0.551061  0.832003  0.0640502  0.551061  0.832003  0.136225  0.574852  0.806854  
0.0545618  0.877797  0.475914  0.0545618  0.877797  0.475914  0.0545877  0.878214  0.47614  
0.0369353  0.171605  0.984473  0.0369353  0.171605  0.984473  0.0362543  0.246418  0.968485  
0.0350793  0.959083  0.280944  0.0350793  0.959083  0.280944  0.0225075  0.964513  0.263777  
0.0218323  0.352142  0.935692  0.0218323  0.352142  0.935692  0.0218323  0.352142  0.935692  
0.0187702  0.73931  0.673104  0.0187702  0.73931  0.673104  0.0157649  0.673222  0.739272  
0.01311  0.0239886  0.999626  0.01311  0.0239886  0.999626  0.01311  0.0239886  0.999626  
0.00798777  0.99968  0.0239889  0.00798777  0.99968  0.0239889  0.00673763  0.999631  0.0315972  
0.00354905  0.673218  0.739436  0.00354905  0.673218  0.739436  0.00335348  0.636119  0.771699  
