0.858164  0.708957  3.32296  0.858164  0.708957  3.32296  0.858093  0.697522  3.42884  
0.708951  0.858741  3.32296  0.708951  0.858741  3.32296  0.77167  0.858678  2.89038  
2.08183e-129  0  6  2.08183e-129  0  6  1.82506e-129  0.247279  5.57344  
0.858087  0.708957  3.32297  0.858087  0.708957  3.32297  0.858087  0.708957  3.36941  
0.857812  0.774827  2.87229  0.857812  0.774827  2.87229  0.857828  0.706619  3.39534  
0.859401  0.251411  3.8802  0.859401  0.251411  3.8802  0.859194  0.269414  3.8894  
0.857438  0.804196  2.7289  0.857438  0.804196  2.7289  0.857419  0.767091  2.92486  
0.858776  0.65709  3.70916  0.858776  0.65709  3.70916  0.858484  0.65709  3.72911  
0.857751  0.744961  3.06099  0.857751  0.744961  3.06099  0.857049  0.811384  2.70175  
0.859367  0.188554  3.93389  0.859367  0.188554  3.93389  0.859733  0.0533926  4.24358  
0.858761  0.821619  2.66879  0.858761  0.821619  2.66879  0.858761  0.821619  2.69263  
0.858022  0.686087  3.49612  0.858022  0.686087  3.49612  0.858692  0.686087  3.49936  
0.858061  0.760298  2.9596  0.858061  0.760298  2.9596  0.858061  0.782402  2.84359  
0.859401  0.251411  3.8802  0.859401  0.251411  3.8802  0.900514  0.251411  3.94672  
0.857997  0.789169  2.79613  0.857997  0.789169  2.79613  0.857804  0.777838  2.87593  
0.859401  0.251411  3.8802  0.859401  0.251411  3.8802  0.859401  0.251411  3.8802  
0.858668  0.728126  3.18033  0.858668  0.728126  3.18033  0.858755  0.747464  3.04675  
0.8594  0.100696  4.12446  0.8594  0.100696  4.12446  0.8594  0.0925819  4.14351  
0.858406  0.833081  2.64088  0.858406  0.833081  2.64088  0.858023  0.816856  2.6832  
0.858643  0.698093  3.40518  0.858643  0.698093  3.40518  0.8577  0.698093  3.40527  
0.858137  0.767623  2.91438  0.858137  0.767623  2.91438  0.858137  0.767623  2.91438  
0.8594  0.251411  3.8802  0.8594  0.251411  3.8802  0.860343  0.18104  3.94662  
0.857874  0.796521  2.76151  0.857874  0.796521  2.76151  0.857874  0.796521  2.76151  
0.858344  0.638866  3.83366  0.858344  0.638866  3.83366  0.887453  0.638866  3.8818  
0.858817  0.736769  3.11811  0.858817  0.736769  3.11811  0.858817  0.7457  3.10917  
0.8594  0.145364  4.0192  0.8594  0.145364  4.0192  0.859088  0.448818  4.25579  
0.857829  0.812403  2.69805  0.857829  0.812403  2.69805  0.857829  0.812403  2.69805  
0.857514  0.67259  3.59703  0.857514  0.67259  3.59703  0.856983  0.664973  3.65287  
0.858196  0.752766  3.00832  0.858196  0.752766  3.00832  0.819483  0.801788  2.86725  
0.8594  0.235182  3.88399  0.8594  0.235182  3.88399  0.860538  0.235182  3.88404  
0.858913  0.781963  2.83296  0.858913  0.781963  2.83296  0.858573  0.79739  2.75757  
0.8594  0.25141  3.8802  0.8594  0.25141  3.8802  0.8594  0.25141  3.8802  
0.857955  0.718909  3.24834  0.857955  0.718909  3.24834  0.857304  0.718909  3.27253  
0.8594  0.0521372  4.23027  0.8594  0.0521372  4.23027  0.8594  0.0521372  4.23027  
0.838288  0.858676  2.63136  0.838288  0.858676  2.63136  0.827975  0.897032  2.7079  
0.856892  0.703675  3.36308  0.856892  0.703675  3.36308  0.856892  0.703675  3.37564  
0.78053  0.816952  2.90943  0.78053  0.816952  2.90943  0.78053  0.816952  2.90943  
0.8594  0.25141  3.8802  0.8594  0.25141  3.8802  0.858969  0.449907  4.2578  
0.791557  0.858789  2.78447  0.791557  0.858789  2.78447  0.791557  0.858789  2.80755  
0.857107  0.648404  3.76986  0.857107  0.648404  3.76986  0.783457  0.697393  3.62152  
0.77577  0.777125  3.11212  0.77577  0.777125  3.11212  0.859171  0.374345  4.07378  
0.859382  0.166915  3.97317  0.859382  0.166915  3.97317  0.921236  0.167761  4.12049  
0.805153  0.859015  2.72494  0.805153  0.859015  2.72494  0.834406  0.83894  2.65452  
0.858052  0.679547  3.54524  0.858052  0.679547  3.54524  0.858052  0.679261  3.54738  
0.742943  0.857258  3.07498  0.742943  0.857258  3.07498  0.800928  0.81961  2.82909  
0.819168  0.249278  3.94221  0.819168  0.249278  3.94221  0.819168  0.249278  3.94221  
0.765201  0.857898  2.92911  0.765201  0.857898  2.92911  0.823332  0.858684  2.66402  
0.857968  0.25141  3.88028  0.857968  0.25141  3.88028  0.800746  0.25141  4.00917  
0.711126  0.845247  3.31437  0.711126  0.845247  3.31437  0.736793  0.845306  3.1257  
0.794778  0.0838353  4.31895  0.794778  0.0838353  4.31895  0.841788  0.0431149  4.29002  
0.811089  0.858356  2.70263  0.811089  0.858356  2.70263  0.799  0.858106  2.81456  
0.710752  0.777525  3.5524  0.710752  0.777525  3.5524  0.718546  0.982277  3.79836  
0.731376  0.856661  3.15702  0.731376  0.856661  3.15702  0.733756  0.876574  3.15124  
0.765362  0.248356  4.19436  0.765362  0.248356  4.19436  0.981364  0.162752  4.52176  
0.759532  0.857332  2.96455  0.759532  0.857332  2.96455  0.759532  0.858223  2.96444  
0.743607  0.679137  4.00442  0.743607  0.679137  4.00442  0.743607  0.679137  4.00442  
0.691421  0.857927  3.45582  0.691421  0.857927  3.45582  0.429241  0.899065  4.27698  
0.719603  0.168252  4.59961  0.719603  0.168252  4.59961  0.719603  0.168252  4.59961  
0.774031  0.857233  2.87691  0.774031  0.857233  2.87691  0.774031  0.857233  2.87691  
0.644782  0.811782  3.88039  0.644782  0.811782  3.88039  0.644782  0.811782  3.89955  
0.692597  0.857697  3.44694  0.692597  0.857697  3.44694  0.666836  0.858032  3.64461  
0.69546  0.247586  4.69153  0.69546  0.247586  4.69153  0.722363  0.247586  4.48903  
0.722025  0.857103  3.22534  0.722025  0.857103  3.22534  0.722025  0.857103  3.22534  
0.679477  0.677992  4.48846  0.679477  0.677992  4.48846  0.333363  0.677992  4.91651  
0.640088  0.85781  3.82568  0.640088  0.85781  3.82568  0.836774  0.834001  2.65891  
0.665835  0.042327  5.28061  0.665835  0.042327  5.28061  0.899957  0.0497027  4.30362  
0.832737  0.858397  2.64158  0.832737  0.858397  2.64158  0.832737  0.858397  2.64158  
0.25141  0.8594  3.8802  0.25141  0.8594  3.8802  0.25141  0.8594  3.8802  
0.693703  0.859035  3.43845  0.693703  0.859035  3.43845  0.678989  0.859332  3.54934  
0.249946  0.686224  4.76123  0.249946  0.686224  4.76123  0.207827  0.953722  4.25051  
0.738318  0.857134  3.10735  0.738318  0.857134  3.10735  0.738385  0.853368  3.12806  
0.249705  0.803338  3.99845  0.249705  0.803338  3.99845  0.20789  0.954794  4.26532  
0.251411  0.8594  3.8802  0.251411  0.8594  3.8802  0.251411  0.8594  3.8802  
0.251409  0.251409  5.14639  0.251409  0.251409  5.14639  0.252141  0.0340016  5.52849  
0.763455  0.858014  2.93984  0.763455  0.858014  2.93984  0.725501  0.858014  3.24004  
0.25141  0.8594  3.8802  0.25141  0.8594  3.8802  0.0547241  0.883209  4.24766  
0.251411  0.859401  3.8802  0.251411  0.859401  3.8802  0.205858  0.859401  3.92153  
0.251409  0.251409  5.14639  0.251409  0.251409  5.14639  0.251409  0.251409  5.14639  
0.672443  0.858924  3.59798  0.672443  0.858924  3.59798  0.411133  0.860008  4.17105  
0.24755  0.746411  4.31736  0.24755  0.746411  4.31736  0.24755  0.746411  4.31829  
0.25141  0.8594  3.8802  0.25141  0.8594  3.8802  0.258956  0.8594  3.90722  
0.251359  0.1535  5.26737  0.251359  0.1535  5.26737  0.251359  0.1535  5.28903  
0.769798  0.857364  2.90151  0.769798  0.857364  2.90151  0.541029  0.857693  4.26717  
0.230633  0.8594  3.8864  0.230633  0.8594  3.8864  0.0259055  0.860195  4.3502  
0.251411  0.859401  3.8802  0.251411  0.859401  3.8802  0.247821  0.859401  3.88039  
0.250284  0.648059  5.03823  0.250284  0.648059  5.03823  0.208165  0.648059  5.16521  
0.251411  0.859401  3.8802  0.251411  0.859401  3.8802  0.238843  0.858961  3.91891  
0.167172  0.786403  4.16853  0.167172  0.786403  4.16853  0.167172  0.786403  4.16853  
0.204076  0.8594  3.91141  0.204076  0.8594  3.91141  0.305991  0.8594  3.92303  
0.169079  0.246456  5.23544  0.169079  0.246456  5.23544  0.169079  0.243486  5.23599  
0.638018  0.85814  3.83924  0.638018  0.85814  3.83924  0.638018  0.85814  3.83924  
0.115131  0.8594  4.09006  0.115131  0.8594  4.09006  0.115788  0.630627  5.38511  
0.160305  0.8594  3.98668  0.160305  0.8594  3.98668  0.160305  0.8594  3.99431  
0.113774  0.251409  5.35949  0.113774  0.251409  5.35949  0.0358783  0.554275  5.88127  
0.175503  0.859401  3.95661  0.175503  0.859401  3.95661  0.175503  0.859401  3.95661  
0.0659993  0.750893  4.60924  0.0659993  0.750893  4.60924  0.0395602  0.750893  4.66334  
0.0621264  0.8594  4.21054  0.0621264  0.8594  4.21054  0.0517379  0.8594  4.23103  
0.0430393  0.0767613  5.8124  0.0430393  0.0767613  5.8124  0.0430393  0.0767614  5.8124  
0.251412  0.859401  3.8802  0.251412  0.859401  3.8802  0.296918  0.858946  3.98145  
0.00832401  0.8594  4.29803  0.00832401  0.8594  4.29803  0.00482042  0.8594  4.40347  
