1  2.8379e-26  1  2.8379e-26  1.00088  2.84039e-26  
6.12323e-17  1  6.12323e-17  1  0.0118841  0.99994  
0.999987  0.00512773  0.999987  0.00512773  1.00096  0.00513274  
0.999879  0.0155416  0.999879  0.0155416  1.00081  0.0155561  
0.999658  0.0261683  0.999658  0.0261683  0.999294  0.0375758  
0.999315  0.0370114  0.999315  0.0370114  0.999315  0.0370114  
0.998844  0.0480708  0.998844  0.0480708  0.999226  0.0480892  
0.998237  0.0593538  0.998237  0.0593538  0.998237  0.0593538  
0.997487  0.0708566  0.997487  0.0708566  0.997079  0.0763762  
0.996584  0.0825889  0.996584  0.0825889  0.992885  0.11953  
0.99552  0.0945463  0.99552  0.0945463  0.997156  0.0753705  
0.994288  0.106731  0.994288  0.106731  0.992832  0.119519  
0.992877  0.119144  0.992877  0.119144  0.994925  0.100886  
0.991278  0.131788  0.991278  0.131788  0.995701  0.0941766  
0.989481  0.14466  0.989481  0.14466  0.981576  0.191307  
0.987477  0.157762  0.987477  0.157762  0.998263  0.0589139  
0.985255  0.17109  0.985255  0.17109  0.983018  0.183509  
0.982805  0.184647  0.982805  0.184647  0.984306  0.184929  
0.980116  0.198425  0.980116  0.198425  0.979007  0.207273  
0.977177  0.212428  0.977177  0.212428  0.980309  0.197504  
0.973977  0.226648  0.973977  0.226648  0.976328  0.219844  
0.970505  0.241081  0.970505  0.241081  0.972299  0.23374  
0.966751  0.255721  0.966751  0.255721  0.975573  0.219674  
0.962702  0.270563  0.962702  0.270563  0.964827  0.262889  
0.958349  0.2856  0.958349  0.2856  0.963026  0.269409  
0.953679  0.300825  0.953679  0.300825  0.947428  0.33132  
0.948683  0.316227  0.948683  0.316227  0.956084  0.293094  
0.94335  0.331799  0.94335  0.331799  0.936184  0.356326  
0.93767  0.347527  0.93767  0.347527  0.94132  0.34888  
0.931632  0.363403  0.931632  0.363403  0.940968  0.338496  
0.925229  0.37941  0.925229  0.37941  0.913489  0.411079  
0.918451  0.395535  0.918451  0.395535  0.894584  0.446899  
0.91129  0.411766  0.91129  0.411766  0.607416  0.794405  
0.903738  0.428086  0.903738  0.428086  0.895948  0.44416  
0.895791  0.444476  0.895791  0.444476  0.926234  0.37695  
0.887441  0.460921  0.887441  0.460921  0.876736  0.486016  
0.878687  0.477398  0.878687  0.477398  0.871127  0.494681  
0.869524  0.49389  0.869524  0.49389  0.869553  0.493906  
0.859951  0.510376  0.859951  0.510376  0.859951  0.510376  
0.849966  0.526837  0.849966  0.526837  0.852571  0.528451  
0.839571  0.543249  0.839571  0.543249  0.839571  0.543249  
0.828766  0.559595  0.828766  0.559595  0.851307  0.526981  
0.817559  0.575845  0.817559  0.575845  0.787975  0.615724  
0.805952  0.591981  0.805952  0.591981  0.829283  0.560303  
0.793953  0.607979  0.793953  0.607979  0.755811  0.65479  
0.781567  0.623821  0.781567  0.623821  0.782043  0.6242  
0.768809  0.639479  0.768809  0.639479  0.748891  0.662693  
0.755688  0.654931  0.755688  0.654931  0.755688  0.654931  
0.742218  0.670158  0.742218  0.670158  0.606643  0.795858  
0.728412  0.68514  0.728412  0.68514  0.729  0.685693  
0.714285  0.699855  0.714285  0.699855  0.714285  0.699855  
0.699855  0.714285  0.699855  0.714285  0.728262  0.685299  
0.68514  0.728411  0.68514  0.728411  0.679077  0.736835  
0.670161  0.742216  0.670161  0.742216  0.692558  0.721364  
0.654931  0.755689  0.654931  0.755689  0.662628  0.749093  
0.639478  0.768809  0.639478  0.768809  0.583457  0.812144  
0.623821  0.781568  0.623821  0.781568  0.615851  0.787932  
0.60798  0.793952  0.60798  0.793952  0.592161  0.806092  
0.591981  0.805952  0.591981  0.805952  0.551245  0.834343  
0.575847  0.817558  0.575847  0.817558  0.617522  0.78978  
0.559594  0.828767  0.559594  0.828767  0.557119  0.830433  
0.543251  0.83957  0.543251  0.83957  0.592269  0.808435  
0.526838  0.849966  0.526838  0.849966  0.330133  0.943939  
0.510378  0.85995  0.510378  0.85995  0.75597  0.654606  
0.493888  0.869525  0.493888  0.869525  0.493888  0.869525  
0.477397  0.878688  0.477397  0.878688  0.469477  0.882945  
0.46092  0.887442  0.46092  0.887442  0.46092  0.887442  
0.444477  0.89579  0.444477  0.89579  0.444516  0.89587  
0.428087  0.903738  0.428087  0.903738  0.412264  0.9115  
0.411766  0.91129  0.411766  0.91129  0.412403  0.9127  
0.395536  0.91845  0.395536  0.91845  0.395537  0.918451  
0.37941  0.925229  0.37941  0.925229  0.379439  0.9253  
0.363401  0.931633  0.363401  0.931633  0.379541  0.926575  
0.347527  0.93767  0.347527  0.93767  0.292101  0.956387  
0.331798  0.943351  0.331798  0.943351  0.324066  0.946172  
0.316227  0.948683  0.316227  0.948683  0.30033  0.95431  
0.300825  0.953679  0.300825  0.953679  0.332346  0.944601  
0.2856  0.958349  0.2856  0.958349  0.285942  0.959495  
0.270564  0.962702  0.270564  0.962702  0.246717  0.969088  
0.255722  0.96675  0.255722  0.96675  0.248171  0.968816  
0.241081  0.970505  0.241081  0.970505  0.284758  0.959775  
0.226648  0.973977  0.226648  0.973977  0.226648  0.973977  
0.212428  0.977177  0.212428  0.977177  0.219807  0.975543  
0.198428  0.980116  0.198428  0.980116  0.176872  0.986052  
0.184648  0.982805  0.184648  0.982805  0.184648  0.982805  
0.171092  0.985255  0.171092  0.985255  0.177834  0.984571  
0.157762  0.987477  0.157762  0.987477  0.332108  0.944853  
0.144661  0.989481  0.144661  0.989481  0.185041  0.982731  
0.131788  0.991278  0.131788  0.991278  0.13179  0.991291  
0.119144  0.992877  0.119144  0.992877  0.119616  0.996805  
0.106731  0.994288  0.106731  0.994288  0.106746  0.994427  
0.0945454  0.995521  0.0945454  0.995521  0.216266  0.976335  
0.0825891  0.996584  0.0825891  0.996584  0.138814  0.990319  
0.0708589  0.997486  0.0708589  0.997486  0.100962  0.996838  
0.0593537  0.998237  0.0593537  0.998237  0.0606572  0.998274  
0.0480718  0.998844  0.0480718  0.998844  0.0928169  0.996556  
0.0370114  0.999315  0.0370114  0.999315  0.0370114  0.999315  
0.0261675  0.999658  0.0261675  0.999658  0.00641385  0.999979  
0.0155403  0.999879  0.0155403  0.999879  0.0213073  0.999916  
0.00512787  0.999987  0.00512787  0.999987  0.0120648  1.00003  
