3  1  1  3  1  1  2.8  1.1  0.9  
0.857135  1.71427  0.857192  0.857135  1.71427  0.857192  0.937234  1.90751  0.39329  
3.95858e-15  3.95858e-15  6  3.95858e-15  3.95858e-15  6  0.0214495  0.0339284  5.93316  
3  1  1  3  1  1  1.88268  1.55866  0.44134  
2.00011  1.49995  0.500053  2.00011  1.49995  0.500053  1.97665  1.51167  0.488328  
0.499994  0.999987  3.00004  0.499994  0.999987  3.00004  0.899596  1.29019  2.19093  
1.50012  1.74994  0.250062  1.50012  1.74994  0.250062  1.59603  1.70198  0.298017  
3  1  1  3  1  1  2.99499  1.00251  0.997495  
2.50009  1.24996  0.750044  2.50009  1.24996  0.750044  2.43676  1.28162  0.718382  
0.29999  0.59998  4.20006  0.29999  0.59998  4.20006  0.302076  0.601272  4.20188  
1.25013  1.87494  0.125067  1.25013  1.87494  0.125067  1.2637  1.86815  0.131852  
3  1  1  3  1  1  2.16516  1.41742  0.582579  
2.2501  1.37495  0.625048  2.2501  1.37495  0.625048  1.48138  1.75931  0.240688  
0.40908  0.818161  3.54552  0.40908  0.818161  3.54552  1.64419  1.51461  1.54551  
1.75011  1.62494  0.375057  1.75011  1.62494  0.375057  2.30518  1.34741  0.652592  
3  1  1  3  1  1  1.93884  1.43577  0.838809  
2.75008  1.12496  0.875041  2.75008  1.12496  0.875041  1.74554  1.62723  0.372773  
0.166666  0.333332  5  0.166666  0.333332  5  0.166666  0.333332  5  
1.12513  1.93743  0.0625674  1.12513  1.93743  0.0625674  1.82696  1.56398  0.494522  
3  1  1  3  1  1  3  1  1  
2.1251  1.43745  0.562552  2.1251  1.43745  0.562552  2.13322  1.43339  0.56661  
0.456511  0.913022  3.26093  0.456511  0.913022  3.26093  1.4543  1.46531  2.11743  
1.62512  1.68744  0.31256  1.62512  1.68744  0.31256  1.81609  1.59195  0.408047  
3  1  1  3  1  1  2.9838  1.0081  0.991898  
2.39713  1.26662  0.866702  2.39713  1.26662  0.866702  2.52119  1.23033  0.806841  
0.236825  0.473651  4.57905  0.236825  0.473651  4.57905  0.341571  0.683142  3.95057  
1.37513  1.81244  0.187563  1.37513  1.81244  0.187563  1.33471  1.83265  0.167354  
2.6094  1.07102  1.56526  2.6094  1.07102  1.56526  1.60931  1.41776  2.65338  
2.05522  1.41918  0.7433  2.05522  1.41918  0.7433  2.12758  1.40728  0.684049  
0.357121  0.714241  3.85728  0.357121  0.714241  3.85728  0.498387  0.786128  3.98066  
1.78835  1.59123  0.445617  1.78835  1.59123  0.445617  2.01217  1.4808  0.55722  
3  1  1  3  1  1  2.7  1.15  0.85  
2.03327  1.32815  1.17196  2.03327  1.32815  1.17196  2.20069  1.25716  1.25991  
0.0882303  0.176461  5.47062  0.0882303  0.176461  5.47062  0.178132  0.348064  4.97475  
1.06264  1.96868  0.0313201  1.06264  1.96868  0.0313201  1.19697  2.18803  0.259503  
1.95873  1.30393  1.38681  1.95873  1.30393  1.38681  1.98851  1.29224  1.40276  
1.55414  1.62745  0.588724  1.55414  1.62745  0.588724  1.55271  1.60121  0.678757  
0.478717  0.957434  3.1277  0.478717  0.957434  3.1277  1.04744  1.39619  4.28983  
1.3554  1.78386  0.291971  1.3554  1.78386  0.291971  1.23784  1.74859  0.502535  
2.03262  1.15912  2.06601  2.03262  1.15912  2.06601  1.90745  1.19001  2.03961  
1.52162  1.52432  0.976442  1.52162  1.52432  0.976442  1.61691  1.48479  1.02679  
0.269226  0.538452  4.38464  0.269226  0.538452  4.38464  0.977904  1.07724  3.30447  
1.16274  1.89025  0.159884  1.16274  1.89025  0.159884  1.34554  1.81353  0.213323  
1.67327  1.2905  1.76854  1.67327  1.2905  1.76854  1.86046  1.31158  1.47414  
1.28831  1.63789  0.799973  1.28831  1.63789  0.799973  1.25919  1.48317  1.32947  
0.383713  0.767425  3.69772  0.383713  0.767425  3.69772  0.61941  0.807042  3.86806  
1.11236  1.79841  0.45849  1.11236  1.79841  0.45849  1.11236  1.79842  0.45849  
1.78769  1.114  2.63842  1.78769  1.114  2.63842  1.77146  1.11734  2.62869  
1.26622  1.50581  1.24775  1.26622  1.50581  1.24775  1.01003  1.76271  1.64834  
0.128568  0.257135  5.22859  0.128568  0.257135  5.22859  0.170193  0.340387  4.97884  
0.982133  1.96427  0.107204  0.982133  1.96427  0.107204  0.982133  1.96427  0.107204  
1.2663  1.3854  1.67211  1.2663  1.3854  1.67211  1.67397  1.41333  1.24385  
0.984004  1.73332  0.731916  0.984004  1.73332  0.731916  1.04958  1.74534  0.654952  
0.433333  0.866667  3.4  0.433333  0.866667  3.4  0.434363  0.866769  3.40072  
0.928562  1.85712  0.428626  0.928562  1.85712  0.428626  0.92916  1.88095  0.436968  
0.594332  1.18866  2.43401  0.594332  1.18866  2.43401  0.547867  1.09573  2.7128  
0.953379  1.59065  1.16052  0.953379  1.59065  1.16052  1.3389  1.51612  1.16047  
0.202696  0.405392  4.78382  0.202696  0.405392  4.78382  0.136007  0.272013  5.18396  
0.946441  1.89288  0.321356  0.946441  1.89288  0.321356  0.954493  2.18594  0.424409  
1.03898  1.30851  2.04135  1.03898  1.30851  2.04135  0.809118  1.39521  2.64079  
0.833022  1.66604  1.00187  0.833022  1.66604  1.00187  0.86181  1.79647  0.884955  
0.329261  0.658522  4.02444  0.329261  0.658522  4.02444  0.329765  0.658898  4.0249  
0.876326  1.75265  0.742045  0.876326  1.75265  0.742045  0.897157  1.79431  0.617058  
0.5204  1.0408  2.8776  0.5204  1.0408  2.8776  0.573278  1.14656  2.56033  
0.76017  1.52034  1.43898  0.76017  1.52034  1.43898  0.518929  1.03786  2.88643  
0.0454539  0.0909078  5.72728  0.0454539  0.0909078  5.72728  0.142123  0.278185  5.18992  
0.994505  1.98901  0.0329676  0.994505  1.98901  0.0329676  0.996634  2.01869  0.028883  
0.727819  1.45564  1.63309  0.727819  1.45564  1.63309  0.725623  1.50502  1.72376  
0.834663  1.66933  0.99202  0.834663  1.66933  0.99202  0.901997  1.80399  0.588018  
0.489469  0.978938  3.06319  0.489469  0.978938  3.06319  0.500175  1.00035  2.99895  
0.899787  1.79957  0.601276  0.899787  1.79957  0.601276  0.873981  1.74796  0.756112  
0.635465  1.27026  2.18925  0.635465  1.27026  2.18925  0.743649  1.47061  1.58677  
0.739781  1.47956  1.56132  0.739781  1.47956  1.56132  0.688579  1.42007  1.9443  
0.284804  0.569607  4.29118  0.284804  0.569607  4.29118  0.244597  0.489194  4.53242  
0.933583  1.86717  0.398503  0.933583  1.86717  0.398503  0.933961  1.88585  0.40541  
0.622417  1.24483  2.2655  0.622417  1.24483  2.2655  0.548355  1.09695  2.71074  
0.735943  1.47189  1.58434  0.735943  1.47189  1.58434  0.735943  1.47189  1.58434  
0.396545  0.79309  3.62073  0.396545  0.79309  3.62073  0.262793  0.525586  4.42324  
0.803933  1.60787  1.1764  0.803933  1.60787  1.1764  0.785736  1.58214  1.2973  
0.520988  1.04198  2.87407  0.520988  1.04198  2.87407  0.369175  0.738351  3.78495  
0.615385  1.23077  2.30769  0.615385  1.23077  2.30769  0.589867  1.1876  2.48737  
0.147885  0.295771  5.11269  0.147885  0.295771  5.11269  0.128424  0.250979  5.27267  
0.941393  1.88279  0.351642  0.941393  1.88279  0.351642  0.941397  1.883  0.351717  
0.520966  1.04193  2.8742  0.520966  1.04193  2.8742  0.520966  1.04193  2.8742  
0.65373  1.30746  2.07762  0.65373  1.30746  2.07762  0.654512  1.32137  2.09752  
0.390682  0.781365  3.65591  0.390682  0.781365  3.65591  0.346506  0.693047  3.93268  
0.739962  1.47992  1.56023  0.739962  1.47992  1.56023  0.600035  1.20007  2.39979  
0.392186  0.784372  3.64688  0.392186  0.784372  3.64688  0.332194  0.666413  4.04536  
0.485532  0.971064  3.08681  0.485532  0.971064  3.08681  0.496545  1.00119  3.07441  
0.219997  0.439995  4.68002  0.219997  0.439995  4.68002  0.223772  0.441825  4.68314  
0.757536  1.51507  1.45479  0.757536  1.51507  1.45479  0.723504  1.44701  1.65898  
0.318792  0.637584  4.08725  0.318792  0.637584  4.08725  0.485034  0.969976  3.09045  
0.411992  0.823985  3.52805  0.411992  0.823985  3.52805  0.413259  0.827714  3.53013  
0.199126  0.398252  4.80524  0.199126  0.398252  4.80524  0.228536  0.457071  4.62879  
0.439555  0.879111  3.36267  0.439555  0.879111  3.36267  0.491458  0.982916  3.05125  
0.165611  0.331221  5.00634  0.165611  0.331221  5.00634  0.165787  0.331404  5.00652  
0.189284  0.378567  4.8643  0.189284  0.378567  4.8643  0.127086  0.254171  5.23749  
0.0671632  0.134326  5.59702  0.0671632  0.134326  5.59702  0.0704456  0.137711  5.60034  
0.666952  1.3339  1.99829  0.666952  1.3339  1.99829  0.796558  1.59312  1.22065  
0.0288005  0.057601  5.8272  0.0288005  0.057601  5.8272  0.274923  0.543203  4.42164  
