2.06925  0.069464  2.06925  0.069464  2.12184  0.121933  
0.069464  4.06946  0.069464  4.06946  0.163897  3.75493  
1.99125  0.0793192  1.99125  0.0793192  2.15382  0.253659  
1.95571  0.0987838  1.95571  0.0987838  2.04006  0.212154  
1.93343  0.118259  1.93343  0.118259  1.94361  0.147614  
1.91596  0.137853  1.91596  0.137853  1.96554  0.187432  
1.90109  0.157617  1.90109  0.157617  1.97768  0.0852109  
1.88785  0.177584  1.88785  0.177584  2.02987  0.235573  
1.87574  0.197779  1.87574  0.197779  1.87574  0.197779  
1.86444  0.218219  1.86444  0.218219  1.89284  0.246621  
1.85374  0.23892  1.85374  0.23892  1.85374  0.23892  
1.8435  0.259897  1.8435  0.259897  1.8435  0.259897  
1.8336  0.281161  1.8336  0.281161  1.90657  0.365171  
1.82397  0.302722  1.82397  0.302722  1.84377  0.259329  
1.81453  0.324591  1.81453  0.324591  1.91852  0.45092  
1.80524  0.346776  1.80524  0.346776  1.93813  0.479666  
1.79603  0.369286  1.79603  0.369286  1.98508  0.0817809  
1.78686  0.392126  1.78686  0.392126  1.8189  0.471982  
1.7777  0.415302  1.7777  0.415302  1.7689  0.437788  
1.7685  0.438819  1.7685  0.438819  1.7685  0.438819  
1.75923  0.46268  1.75923  0.46268  1.74938  0.488067  
1.74984  0.486883  1.74984  0.486883  1.77923  0.516271  
1.74029  0.511426  1.74029  0.511426  1.73186  0.532958  
1.73055  0.536305  1.73055  0.536305  1.82722  0.633668  
1.72055  0.56151  1.72055  0.56151  1.94568  0.343029  
1.71024  0.587025  1.71024  0.587025  1.72053  0.561566  
1.69956  0.612829  1.69956  0.612829  1.73431  0.647572  
1.68842  0.638888  1.68842  0.638888  1.90718  0.258282  
1.67671  0.665158  1.67671  0.665158  1.90084  0.312027  
1.66432  0.691572  1.66432  0.691572  1.90677  0.311815  
1.65107  0.718037  1.65107  0.718037  1.6873  0.790022  
1.63673  0.744415  1.63673  0.744415  1.66094  0.765173  
1.62094  0.770501  1.62094  0.770501  1.69445  0.819554  
1.6032  0.79597  1.6032  0.79597  1.53325  0.856691  
1.58262  0.820268  1.58262  0.820268  1.61087  0.849923  
1.55762  0.842381  1.55762  0.842381  1.55762  0.842381  
1.52481  0.860166  1.52481  0.860166  1.57955  0.823412  
1.47718  0.869047  1.47718  0.869047  1.67765  0.934348  
1.41885  0.870319  1.41885  0.870319  1.52474  0.958282  
1.37661  0.87968  1.37661  0.87968  1.42574  0.953536  
1.34739  0.896356  1.34739  0.896356  1.33543  0.906307  
1.32466  0.91699  1.32466  0.91699  1.52703  0.938567  
1.30558  0.940117  1.30558  0.940117  1.30558  0.940117  
1.28877  0.965057  1.28877  0.965057  1.28877  0.965057  
1.27348  0.991457  1.27348  0.991457  1.35177  1.06974  
1.25925  1.01912  1.25925  1.01912  1.27468  0.989261  
1.24579  1.0479  1.24579  1.0479  1.32234  1.06883  
1.23285  1.07774  1.23285  1.07774  1.93428  0.117407  
1.2203  1.10857  1.2203  1.10857  1.27245  0.993359  
1.20798  1.14035  1.20798  1.14035  1.45701  0.927194  
1.1958  1.17305  1.1958  1.17305  1.27643  1.2538  
1.18365  1.20663  1.18365  1.20663  1.24301  1.17947  
1.17145  1.24105  1.17145  1.24105  1.24225  1.32374  
1.1591  1.27627  1.1591  1.27627  1.15427  1.29009  
1.14652  1.31222  1.14652  1.31222  1.25663  1.42233  
1.1336  1.34882  1.1336  1.34882  1.19657  1.42471  
1.12023  1.38594  1.12023  1.38594  1.13037  1.39608  
1.10629  1.42344  1.10629  1.42344  1.178  1.44258  
1.0916  1.46105  1.0916  1.46105  1.21113  1.13208  
1.07596  1.49844  1.07596  1.49844  1.07586  1.49867  
1.05911  1.53514  1.05911  1.53514  1.1986  1.16543  
1.04066  1.5704  1.04066  1.5704  1.03504  1.58005  
1.0201  1.60315  1.0201  1.60315  1.01813  1.6059  
0.996667  1.63174  0.996667  1.63174  1.02758  1.65667  
0.969337  1.65375  0.969337  1.65375  1.46947  0.878964  
0.937075  1.66637  0.937075  1.66637  1.08183  1.81113  
0.900466  1.66945  0.900466  1.66945  0.942956  1.71194  
0.863902  1.67056  0.863902  1.67056  1.04697  1.85363  
0.831935  1.67912  0.831935  1.67912  0.894462  1.74195  
0.805105  1.69753  0.805105  1.69753  0.852302  1.74103  
0.78213  1.7243  0.78213  1.7243  0.808834  1.78152  
0.76178  1.75775  0.76178  1.75775  0.76178  1.75775  
0.743186  1.79664  0.743186  1.79664  0.74293  1.79723  
0.725749  1.8402  0.725749  1.8402  0.741005  1.88365  
0.709039  1.88786  0.709039  1.88786  0.709039  1.88786  
0.692723  1.93924  0.692723  1.93924  0.692723  1.93924  
0.676525  1.99398  0.676525  1.99398  0.789863  2.09338  
0.660196  2.05169  0.660196  2.05169  0.723366  2.00093  
0.643486  2.11191  0.643486  2.11191  0.646493  2.17283  
0.62613  2.17393  0.62613  2.17393  0.607616  2.27623  
0.607819  2.23668  0.607819  2.23668  0.606633  2.2406  
0.588176  2.29852  0.588176  2.29852  0.695494  2.21475  
0.566717  2.35684  0.566717  2.35684  0.566717  2.35684  
0.542846  2.40769  0.542846  2.40769  0.538679  2.41492  
0.515899  2.44565  0.515899  2.44565  1.26096  1.01565  
0.48556  2.46561  0.48556  2.46561  1.12309  1.3781  
0.452896  2.46946  0.452896  2.46946  0.536475  2.49125  
0.420799  2.47259  0.420799  2.47259  0.969898  1.80618  
0.391676  2.49306  0.391676  2.49306  0.390511  2.49447  
0.365738  2.53841  0.365738  2.53841  0.424018  2.59669  
0.342041  2.60873  0.342041  2.60873  0.400945  2.6538  
0.319494  2.70213  0.319494  2.70213  0.860514  1.67098  
0.29709  2.81615  0.29709  2.81615  0.310178  2.74741  
0.273836  2.9464  0.273836  2.9464  0.667212  2.02667  
0.248629  3.0827  0.248629  3.0827  0.280637  3.1147  
0.220212  3.20167  0.220212  3.20167  0.220212  3.20167  
0.187783  3.26425  0.187783  3.26425  0.303703  2.78077  
0.153291  3.27167  0.153291  3.27167  0.659508  2.05416  
0.120711  3.36638  0.120711  3.36638  0.228342  3.17306  
0.0884193  3.76651  0.0884193  3.76651  0.294045  2.8328  
