1.0014  2.86445e-07  1.0014  2.86445e-07  1.0362  0.0228806  
4.65122e-12  1  4.65122e-12  1  4.65122e-12  1.0002  
0.99596  0.00481399  0.99596  0.00481399  1.10313  0.122284  
0.985286  0.0150679  0.985286  0.0150679  1.04062  0.0713148  
0.974966  0.0253218  0.974966  0.0253218  1.10095  0.11942  
0.964508  0.0356353  0.964508  0.0356353  0.985482  0.0150023  
0.954373  0.0457685  0.954373  0.0457685  0.981147  0.0205461  
0.944077  0.0560394  0.944077  0.0560394  0.930322  0.0729997  
0.934104  0.0661998  0.934104  0.0661998  1.04981  0.175746  
0.923853  0.0764319  0.923853  0.0764319  0.941088  0.193635  
0.913711  0.0865151  0.913711  0.0865151  0.908783  0.0916484  
0.903644  0.096991  0.903644  0.096991  1.09636  0.269232  
0.893357  0.106973  0.893357  0.106973  0.907812  0.108688  
0.883326  0.117287  0.883326  0.117287  0.888337  0.112003  
0.872994  0.127308  0.872994  0.127308  0.883527  0.117647  
0.862745  0.1377  0.862745  0.1377  0.873661  0.128203  
0.852522  0.147904  0.852522  0.147904  0.903049  0.231931  
0.842159  0.158022  0.842159  0.158022  0.882128  0.386203  
0.831856  0.168378  0.831856  0.168378  0.859767  0.23448  
0.821609  0.178595  0.821609  0.178595  0.865165  0.178951  
0.81134  0.188732  0.81134  0.188732  0.821956  0.201278  
0.801174  0.198888  0.801174  0.198888  0.789846  0.217646  
0.790859  0.20915  0.790859  0.20915  5.25538  4.0502  
0.780731  0.21927  0.780731  0.21927  0.792903  0.211093  
0.770425  0.229576  0.770425  0.229576  0.821739  0.325962  
0.760302  0.239702  0.760302  0.239702  0.976634  0.519974  
0.75  0.25  0.75  0.25  0.760533  0.240132  
0.75  0.25  0.75  0.25  0.75  0.250762  
0.75  0.25  0.75  0.25  0.75  0.25  
0.75  0.25  0.75  0.25  0.75  0.25  
0.75  0.25  0.75  0.25  0.756736  0.24488  
0.75  0.25  0.75  0.25  0.75  0.25  
0.75  0.25  0.75  0.25  0.750004  0.25  
0.75  0.25  0.75  0.25  0.750384  0.25  
0.75  0.25  0.75  0.25  0.750105  0.25  
0.75  0.25  0.75  0.25  0.504008  0.811243  
0.75  0.25  0.75  0.25  3.97783  3.84174  
0.75  0.25  0.75  0.25  0.847969  0.409  
0.75  0.25  0.75  0.25  0.750005  0.25  
0.75  0.25  0.75  0.25  0.75  0.25  
0.75  0.25  0.75  0.25  1.34161  0.889708  
0.5  0.5  0.5  0.5  3.95508  4.16996  
0.5  0.5  0.5  0.5  0.505286  0.538682  
0.5  0.5  0.5  0.5  0.5  0.5  
0.5  0.5  0.5  0.5  0.5  0.5  
0.5  0.5  0.5  0.5  0.5  0.5  
0.5  0.5  0.5  0.5  0.5  0.5  
0.5  0.5  0.5  0.5  0.5  0.500066  
0.5  0.5  0.5  0.5  0.500193  0.501109  
0.5  0.5  0.5  0.5  0.50034  0.5007  
0.5  0.5  0.5  0.5  0.500582  0.500548  
0.494842  0.505159  0.494842  0.505159  0.494842  0.505159  
0.48473  0.515271  0.48473  0.515271  0.639726  0.616332  
0.474491  0.52551  0.474491  0.52551  1.06927  0.629653  
0.464319  0.535726  0.464319  0.535726  0.522375  0.556888  
0.454087  0.545953  0.454087  0.545953  0.497603  0.552084  
0.443902  0.556163  0.443902  0.556163  0.456287  0.548388  
0.433709  0.56636  0.433709  0.56636  0.545607  0.656295  
0.423468  0.576599  0.423468  0.576599  0.436492  0.569812  
0.413308  0.586812  0.413308  0.586812  0.392001  0.613302  
0.403099  0.597107  0.403099  0.597107  0.397073  0.612994  
0.392963  0.607341  0.392963  0.607341  0.396202  0.621272  
0.382664  0.617679  0.382664  0.617679  0.444894  0.687001  
0.3724  0.627904  0.3724  0.627904  0.380896  0.635001  
0.362148  0.638229  0.362148  0.638229  0.778827  1.02678  
0.35217  0.648299  0.35217  0.648299  0.344032  0.661397  
0.341781  0.65857  0.341781  0.65857  0.37351  0.64908  
0.33171  0.668663  0.33171  0.668663  0.364139  0.661528  
0.321431  0.678765  0.321431  0.678765  0.310478  0.699301  
0.31115  0.688901  0.31115  0.688901  0.284026  0.723028  
0.301032  0.699059  0.301032  0.699059  0.357818  0.776515  
0.290734  0.709307  0.290734  0.709307  0.312556  0.749095  
0.28057  0.719433  0.28057  0.719433  0.283622  0.728084  
0.270365  0.729696  0.270365  0.729696  0.325397  0.75657  
0.260187  0.739814  0.260187  0.739814  0.250286  0.750255  
0.25  0.75  0.25  0.75  0.288923  0.817928  
0.25  0.75  0.25  0.75  0.29324  0.781227  
0.25  0.75  0.25  0.75  0.260447  0.740309  
0.25  0.75  0.25  0.75  3.25747  3.96782  
0.25  0.75  0.25  0.75  4.65612  4.88653  
4.65122e-12  1  4.65122e-12  1  4.65122e-12  1.00022  
4.65122e-12  1  4.65122e-12  1  0.00672926  1.00203  
4.65122e-12  1  4.65122e-12  1  1.27537e-05  1.00001  
4.65122e-12  1  4.65122e-12  1  0.0480937  1.02014  
4.65122e-12  1  4.65122e-12  1  0.00143825  1.00248  
4.65122e-12  1  4.65122e-12  1  0.00724865  1.00013  
4.65122e-12  1  4.65122e-12  1  4.65122e-12  1  
4.65122e-12  1  4.65122e-12  1  5.98048e-06  1.00044  
4.65122e-12  1  4.65122e-12  1  4.65122e-12  1  
4.65122e-12  1  4.65122e-12  1  0.000219368  1  
4.65122e-12  1  4.65122e-12  1  0.000371251  1  
4.65122e-12  1  4.65122e-12  1  4.65122e-12  1  
4.65122e-12  1  4.65122e-12  1  4.65122e-12  1  
4.65122e-12  1  4.65122e-12  1  0.0725328  1.00615  
4.65122e-12  1  4.65122e-12  1  1.21644e-08  1.00001  
4.65122e-12  1  4.65122e-12  1  1.85429  3.0774  
4.65122e-12  1  4.65122e-12  1  4.68529e-05  1.00002  
4.65122e-12  1  4.65122e-12  1  0.00518209  1.00476  
4.65122e-12  1  4.65122e-12  1  6.79825e-09  1.00003  
4.65122e-12  1  4.65122e-12  1  3.82087  4.32246  
