1.00277  5.44828e-08  1.00277  5.44828e-08  1.02668  0.0248159  
2.03975e-11  1  2.03975e-11  1  2.12896e-11  1  
0.995726  0.00508869  0.995726  0.00508869  0.996177  0.00671491  
0.987144  0.0153011  0.987144  0.0153011  3.29733  2.20985  
0.97544  0.0255153  0.97544  0.0255153  4.5388  3.09786  
0.966993  0.0351184  0.966993  0.0351184  0.984163  0.0531293  
0.955063  0.0458034  0.955063  0.0458034  3.84792  2.78553  
0.944519  0.0561521  0.944519  0.0561521  1.00657  0.142452  
0.934334  0.0663216  0.934334  0.0663216  1.24866  0.382028  
0.923567  0.0765324  0.923567  0.0765324  0.963898  0.199115  
0.913607  0.0867587  0.913607  0.0867587  2.90775  1.9613  
0.90407  0.0970456  0.90407  0.0970456  0.992393  0.145204  
0.894057  0.107021  0.894057  0.107021  2.37513  1.44102  
0.883902  0.117496  0.883902  0.117496  5.1173  4.30761  
0.874574  0.127736  0.874574  0.127736  0.887117  0.152989  
0.862529  0.13778  0.862529  0.13778  0.876557  0.13778  
0.852256  0.147987  0.852256  0.147987  0.972912  0.270014  
0.84195  0.158177  0.84195  0.158177  0.842121  0.158198  
0.831941  0.168423  0.831941  0.168423  0.853828  0.173663  
0.821562  0.178597  0.821562  0.178597  0.950989  0.302958  
0.811401  0.188817  0.811401  0.188817  1.39645  0.602571  
0.801139  0.198999  0.801139  0.198999  0.804146  0.263227  
0.791067  0.20925  0.791067  0.20925  0.851908  0.286516  
0.780854  0.219456  0.780854  0.219456  0.8797  0.351968  
0.770601  0.229646  0.770601  0.229646  0.862983  0.34528  
0.760701  0.239928  0.760701  0.239928  1.04985  0.491254  
0.750373  0.250114  0.750373  0.250114  0.79207  0.453895  
0.740187  0.260343  0.740187  0.260343  0.757662  0.288326  
0.729684  0.270425  0.729684  0.270425  0.791158  0.325111  
0.719545  0.280671  0.719545  0.280671  0.729074  0.309105  
0.709399  0.290902  0.709399  0.290902  0.764083  0.370653  
0.699101  0.301071  0.699101  0.301071  0.747723  0.320736  
0.688856  0.311262  0.688856  0.311262  0.688855  0.313928  
0.678629  0.321456  0.678629  0.321456  0.704894  0.397671  
0.668473  0.331682  0.668473  0.331682  0.88332  0.440827  
0.658216  0.341864  0.658216  0.341864  0.912168  0.600065  
0.648042  0.352077  0.648042  0.352077  0.751422  0.446694  
0.637825  0.362283  0.637825  0.362283  0.639868  0.363554  
0.627621  0.372448  0.627621  0.372448  0.644138  0.363839  
0.617392  0.382679  0.617392  0.382679  0.644755  0.383455  
0.607203  0.392894  0.607203  0.392894  0.615854  0.396212  
0.596985  0.403083  0.596985  0.403083  0.561979  0.475234  
0.586772  0.41329  0.586772  0.41329  0.584858  0.421985  
0.576613  0.423529  0.576613  0.423529  0.578697  0.448178  
0.566368  0.433701  0.566368  0.433701  4.85314  4.60352  
0.556169  0.443916  0.556169  0.443916  0.556357  0.444285  
0.545962  0.454119  0.545962  0.454119  0.528972  0.471991  
0.535742  0.46431  0.535742  0.46431  0.554943  0.445388  
0.525553  0.474529  0.525553  0.474529  0.502762  0.49755  
0.515341  0.484727  0.515341  0.484727  0.488061  0.512405  
0.50514  0.494935  0.50514  0.494935  0.57314  0.509432  
0.494916  0.50512  0.494916  0.50512  0.506436  0.49371  
0.484706  0.515326  0.484706  0.515326  0.440223  0.561536  
0.474506  0.525528  0.474506  0.525528  0.572685  0.617118  
0.464314  0.535746  0.464314  0.535746  0.493344  0.521698  
0.454107  0.545949  0.454107  0.545949  0.476996  0.523744  
0.443891  0.556135  0.443891  0.556135  0.44752  0.552544  
0.43369  0.566351  0.43369  0.566351  0.4287  0.571323  
0.423483  0.576545  0.423483  0.576545  0.423517  0.576554  
0.413275  0.586749  0.413275  0.586749  0.413338  0.587762  
0.40307  0.596953  0.40307  0.596953  0.403073  0.597223  
0.39287  0.607162  0.39287  0.607162  0.393931  0.607914  
0.382657  0.617356  0.382657  0.617356  0.383173  0.617459  
0.372462  0.627582  0.372462  0.627582  0.367486  0.636299  
0.362251  0.637765  0.362251  0.637765  0.3321  0.667966  
0.352045  0.647968  0.352045  0.647968  0.379724  0.623418  
0.341828  0.658186  0.341828  0.658186  0.341933  0.658336  
0.331638  0.668378  0.331638  0.668378  0.355422  0.644605  
0.321431  0.678577  0.321431  0.678577  0.275088  0.726525  
0.311227  0.688785  0.311227  0.688785  0.311226  0.688785  
0.301022  0.698992  0.301022  0.698992  0.30109  0.699044  
0.290819  0.709193  0.290819  0.709193  0.851883  0.242549  
0.280611  0.719393  0.280611  0.719393  0.279211  0.720816  
0.270408  0.729596  0.270408  0.729596  0.380148  0.817521  
0.260204  0.739797  0.260204  0.739797  0.269496  0.748475  
0.249992  0.75001  0.249992  0.75001  0.252691  0.747324  
0.239784  0.760218  0.239784  0.760218  0.24657  0.753532  
0.22959  0.770414  0.22959  0.770414  0.22961  0.770437  
0.219378  0.780624  0.219378  0.780624  0.21541  0.785001  
0.209184  0.79082  0.209184  0.79082  0.206709  0.793295  
0.198972  0.80103  0.198972  0.80103  0.209173  0.790858  
0.188773  0.811228  0.188773  0.811228  0.208034  0.792791  
0.178567  0.821434  0.178567  0.821434  0.182047  0.819526  
0.168361  0.831639  0.168361  0.831639  0.168364  0.831641  
0.158157  0.841843  0.158157  0.841843  0.165277  0.834809  
0.147952  0.852048  0.147952  0.852048  0.146854  0.853227  
0.137749  0.862251  0.137749  0.862251  0.144623  0.855642  
0.127547  0.872453  0.127547  0.872453  0.109299  0.890702  
0.117346  0.882654  0.117346  0.882654  0.117346  0.882654  
0.107141  0.892859  0.107141  0.892859  0.0913889  0.908983  
0.0969351  0.903065  0.0969351  0.903065  0.112942  0.887058  
0.0867327  0.913267  0.0867327  0.913267  0.0826926  0.917433  
0.0765305  0.92347  0.0765305  0.92347  0.0760212  0.923979  
0.0663261  0.933674  0.0663261  0.933674  0.0613295  0.94053  
0.0561218  0.943878  0.0561218  0.943878  0.0471351  0.955959  
0.0459184  0.954082  0.0459184  0.954082  0.0545384  0.945462  
0.0357143  0.964286  0.0357143  0.964286  0.0420277  0.958441  
0.0255095  0.97449  0.0255095  0.97449  0.28868  0.711594  
0.0153052  0.984695  0.0153052  0.984695  0.0663348  0.934017  
0.00508851  0.994911  0.00508851  0.994911  0.0055187  0.994911  
