2.00013  0.00012808  0.000128112  2.00013  0.00012808  0.000128112  2.00806  0.0628606  0.241476  
4.44399e-05  4.00004  4.44369e-05  4.44399e-05  4.00004  4.44369e-05  0.562972  4.02877  2.10136  
0.000163544  0.000163544  6.00016  0.000163544  0.000163544  6.00016  0.0308387  0.0308387  6.03084  
1.9997  0.0752582  0.0655514  1.9997  0.0752582  0.0655514  2.00033  0.0758855  0.0661787  
1.99741  0.212779  0.00418741  1.99741  0.212779  0.00418741  2.00737  0.464734  0.0237396  
1.99743  0.093512  0.285117  1.99743  0.093512  0.285117  1.99718  0.0190924  0.474688  
1.98984  0.407438  0.00357523  1.98984  0.407438  0.00357523  2.00454  0.263059  0.0127526  
1.99436  0.204818  0.338672  1.99436  0.204818  0.338672  2.00061  0.211069  0.344923  
1.98922  0.388211  0.233099  1.98922  0.388211  0.233099  1.99187  0.390967  0.24558  
1.98978  0.0511198  0.60571  1.98978  0.0511198  0.60571  1.99044  0.142758  0.553184  
1.96844  0.710922  0.00196505  1.96844  0.710922  0.00196505  1.97318  0.813123  0.0275082  
1.98575  0.365018  0.466639  1.98575  0.365018  0.466639  1.98684  0.36578  0.451788  
1.97436  0.617329  0.268496  1.97436  0.617329  0.268496  1.97512  0.710196  0.211508  
1.9808  0.181669  0.787285  1.9808  0.181669  0.787285  1.98346  0.184324  0.78994  
1.95534  0.833244  0.188753  1.95534  0.833244  0.188753  1.96489  0.842612  0.162546  
1.9766  0.345242  0.758325  1.9766  0.345242  0.758325  1.97666  0.363038  0.759148  
1.96594  0.657505  0.508732  1.96594  0.657505  0.508732  2.01564  0.641558  0.433618  
1.96222  0.0602275  1.15907  1.96222  0.0602275  1.15907  1.98957  0.121282  1.72408  
1.90381  1.22695  0.00021958  1.90381  1.22695  0.00021958  1.91237  1.23551  0.00877929  
1.95916  0.642851  0.729743  1.95916  0.642851  0.729743  1.96714  0.650831  0.737723  
1.92941  1.02207  0.39557  1.92941  1.02207  0.39557  2.08666  0.795983  0.515155  
1.95395  0.329568  1.18353  1.95395  0.329568  1.18353  2.43919  3.70252  1.94323  
1.89083  1.29579  0.227369  1.89083  1.29579  0.227369  1.90578  1.26547  0.203237  
1.94695  0.565395  1.08464  1.94695  0.565395  1.08464  1.98516  0.652575  1.1263  
1.92117  1.0148  0.691343  1.92117  1.0148  0.691343  1.88908  1.31975  0.656034  
1.9246  0.149348  1.61946  1.9246  0.149348  1.61946  1.90739  0.386915  2.07552  
1.8312  1.60623  0.164405  1.8312  1.60623  0.164405  1.79446  0.876445  2.86748  
1.92356  0.786744  1.15109  1.92356  0.786744  1.15109  2.01411  0.877293  1.24163  
1.87912  1.29626  0.672128  1.87912  1.29626  0.672128  1.98112  1.05866  0.729572  
1.9059  0.32302  1.75874  1.9059  0.32302  1.75874  1.93019  0.361367  1.78361  
1.82267  1.62119  0.448968  1.82267  1.62119  0.448968  1.70833  2.12411  0.210833  
1.90078  0.630879  1.61462  1.90078  0.630879  1.61462  1.97172  0.625958  1.29778  
1.87146  1.22036  1.07712  1.87146  1.22036  1.07712  1.90061  1.0049  1.11409  
1.84968  0.000738651  2.28546  1.84968  0.000738651  2.28546  1.83792  0.171251  2.45868  
1.67551  2.18604  0.000644693  1.67551  2.18604  0.000644693  1.42562  2.8611  0.241948  
1.8531  1.23274  1.3099  1.8531  1.23274  1.3099  1.72418  2.12044  1.37378  
1.76159  1.84312  0.663186  1.76159  1.84312  0.663186  1.76562  1.84714  0.667213  
1.84876  0.638385  2.08984  1.84876  0.638385  2.08984  1.90136  0.306975  2.08788  
1.66845  2.19666  0.351446  1.66845  2.19666  0.351446  1.60131  2.47187  0.40739  
1.8296  1.04265  1.85844  1.8296  1.04265  1.85844  1.83843  1.05147  1.86726  
1.75768  1.75911  1.12826  1.75768  1.75911  1.12826  1.71916  1.81943  1.42922  
1.77985  0.327884  2.69879  1.77985  0.327884  2.69879  1.77885  0.465324  2.8063  
1.552  2.52362  0.150834  1.552  2.52362  0.150834  1.55282  2.52444  0.151656  
1.77477  1.3672  1.87293  1.77477  1.3672  1.87293  1.83825  1.43003  1.90536  
1.66413  2.11372  1.03121  1.66413  2.11372  1.03121  2.07232  1.29094  1.21195  
1.74215  0.561359  2.82696  1.74215  0.561359  2.82696  1.77089  0.590107  2.85571  
1.54798  2.50118  0.629495  1.54798  2.50118  0.629495  1.87008  2.74844  2.8459  
1.7295  1.07616  2.55125  1.7295  1.07616  2.55125  1.67211  1.04692  3.01665  
1.65626  1.96841  1.62676  1.65626  1.96841  1.62676  1.72874  2.04089  1.69923  
1.62653  0.0929179  3.49021  1.62653  0.0929179  3.49021  1.48845  0.174499  4.22233  
1.33939  2.97423  0.0966792  1.33939  2.97423  0.0966792  1.36585  2.97239  0.0585731  
1.63883  1.79117  2.16321  1.63883  1.79117  2.16321  1.64153  1.79387  2.16591  
1.47766  2.59824  1.09487  1.47766  2.59824  1.09487  1.53147  2.67458  1.15558  
1.61174  0.834027  3.32835  1.61174  0.834027  3.32835  1.56622  1.19974  3.30126  
1.33118  2.96014  0.607961  1.33118  2.96014  0.607961  1.28633  3.09902  1.04234  
1.58379  1.44622  2.95961  1.58379  1.44622  2.95961  1.63641  1.64172  3.18973  
1.46748  2.44844  1.7859  1.46748  2.44844  1.7859  1.46431  2.43809  1.92278  
1.4686  0.296379  4.04979  1.4686  0.296379  4.04979  1.34383  0.309734  4.50298  
1.17  3.2373  0.389059  1.17  3.2373  0.389059  0.853441  3.73508  0.588776  
1.48222  1.86542  2.90836  1.48222  1.86542  2.90836  1.46128  2.76143  3.15222  
1.31546  2.82611  1.58501  1.31546  2.82611  1.58501  1.39531  2.74473  1.58638  
1.39773  0.674089  4.17581  1.39773  0.674089  4.17581  1.495  0.771359  4.27308  
1.15671  3.19911  0.976946  1.15671  3.19911  0.976946  1.13904  3.23895  0.983004  
1.38469  1.36668  3.82326  1.38469  1.36668  3.82326  1.32768  1.31096  4.23443  
1.28886  2.59631  2.43912  1.28886  2.59631  2.43912  1.34289  2.65034  2.49315  
1.19926  0.0466273  4.80946  1.19926  0.0466273  4.80946  1.51238  1.264  5.20369  
0.858758  3.61619  0.0207301  0.858758  3.61619  0.0207301  0.910628  3.66806  0.0726008  
1.2098  2.63204  2.71434  1.2098  2.63204  2.71434  1.64888  2.72596  3.20205  
0.988902  3.3895  1.17703  0.988902  3.3895  1.17703  1.11702  3.51354  1.35584  
1.19178  1.38614  4.35219  1.19178  1.38614  4.35219  1.15891  1.64002  4.38934  
0.829281  3.62284  0.548848  0.829281  3.62284  0.548848  0.869262  3.64758  0.309492  
1.12669  2.17616  3.75019  1.12669  2.17616  3.75019  0.877671  3.2011  3.9368  
0.954318  3.25271  2.01487  0.954318  3.25271  2.01487  0.995647  3.25487  1.9676  
0.999104  0.674787  5.10205  0.999104  0.674787  5.10205  0.636889  1.56644  5.94408  
0.666767  3.77294  0.265942  0.666767  3.77294  0.265942  0.292069  3.99795  0.280673  
0.955055  2.63279  3.49389  0.955055  2.63279  3.49389  0.929529  1.77122  5.10147  
0.769691  3.52607  1.65825  0.769691  3.52607  1.65825  0.819339  3.56311  1.80064  
0.880246  1.11947  5.12028  0.880246  1.11947  5.12028  1.01702  1.29154  4.97649  
0.622551  3.75442  0.908913  0.622551  3.75442  0.908913  0.848942  3.6295  1.08113  
0.833493  2.01215  4.59776  0.833493  2.01215  4.59776  0.975999  2.20872  4.54647  
0.706108  3.30006  2.64911  0.706108  3.30006  2.64911  0.949348  3.4055  3.44548  
0.551482  0.330237  5.74698  0.551482  0.330237  5.74698  0.484727  0.456273  5.85588  
0.422499  3.91157  0.0605294  0.422499  3.91157  0.0605294  1.19272  4.91308  1.11131  
0.633797  2.99314  3.50042  0.633797  2.99314  3.50042  0.436482  2.7065  4.23325  
0.479274  3.74915  1.52117  0.479274  3.74915  1.52117  0.675523  3.64906  1.78587  
0.5723  1.41848  5.35981  0.5723  1.41848  5.35981  0.820246  1.28309  5.38671  
0.284258  3.92677  0.764663  0.284258  3.92677  0.764663  1.60897  4.75936  1.53193  
0.495832  2.34346  4.63483  0.495832  2.34346  4.63483  0.582195  2.42982  4.72119  
0.394369  3.54956  2.50442  0.394369  3.54956  2.50442  0.414769  3.51477  2.62357  
0.376099  0.474727  5.85266  0.376099  0.474727  5.85266  0.703831  1.01631  6.0844  
0.174851  3.9741  0.446663  0.174851  3.9741  0.446663  0.0496124  4.01713  0.118295  
0.317594  2.78527  4.20513  0.317594  2.78527  4.20513  0.942815  2.91892  4.53913  
0.236456  3.73792  2.02563  0.236456  3.73792  2.02563  0.300289  3.8308  1.95165  
0.049452  1.02134  5.86961  0.049452  1.02134  5.86961  0.406597  2.16978  5.7723  
0.148805  3.92196  1.14649  0.148805  3.92196  1.14649  0.158993  3.97089  0.847093  
0.0502193  1.99173  5.29604  0.0502193  1.99173  5.29604  0.155558  1.9717  5.50146  
0.000695224  3.42016  3.11378  0.000695224  3.42016  3.11378  0.00636968  3.42584  3.11946  
0.0793072  0.031843  5.99528  0.0793072  0.031843  5.99528  0.192218  0.213497  6.04995  
0.0299162  3.99919  0.0917613  0.0299162  3.99919  0.0917613  0.0308994  4.00017  0.0927445  
0.0128233  3.23749  3.5558  0.0128233  3.23749  3.5558  0.739641  3.72879  4.07463  
