3  1  1  3  1  1  2.95711  1.02145  0.978553  
0.857138  1.71428  0.85717  0.857138  1.71428  0.85717  0.857721  1.72498  0.861127  
3.29895e-15  3.52099e-15  6  3.29895e-15  3.52099e-15  6  0.109999  0.219998  5.34001  
3  1  1  3  1  1  2.91445  1.14945  0.992785  
2.00006  1.49997  0.500029  2.00006  1.49997  0.500029  1.30182  1.84909  0.150911  
0.499998  0.999995  3.00001  0.499998  0.999995  3.00001  0.751032  1.01042  3.17084  
1.50006  1.74997  0.250033  1.50006  1.74997  0.250033  1.52082  1.75256  0.264735  
3  1  1  3  1  1  2.94976  1.02512  0.974878  
2.50005  1.24998  0.750023  2.50005  1.24998  0.750023  1.46631  1.76685  0.233154  
0.299998  0.599996  4.20001  0.299998  0.599996  4.20001  0.443376  0.646187  4.31099  
1.25007  1.87496  0.125036  1.25007  1.87496  0.125036  1.14917  1.92542  0.0745827  
3  1  1  3  1  1  2.87448  1.06276  0.937238  
2.25005  1.37497  0.625025  2.25005  1.37497  0.625025  2.30467  1.34767  0.652335  
0.409089  0.818178  3.54547  0.409089  0.818178  3.54547  0.77761  0.688394  5.91456  
1.75006  1.62497  0.37503  1.75006  1.62497  0.37503  1.62064  1.68968  0.310319  
3  1  1  3  1  1  2.6  1.2  0.8  
2.75005  1.12498  0.875023  2.75005  1.12498  0.875023  2.76774  1.11613  0.883872  
0.166663  0.333325  5.00002  0.166663  0.333325  5.00002  0.166663  0.333325  5.00002  
1.12507  1.93747  0.0625368  1.12507  1.93747  0.0625368  1.37423  1.81288  0.187117  
3  1  1  3  1  1  2.56253  1.21874  0.781264  
2.12506  1.43747  0.562528  2.12506  1.43747  0.562528  1.80076  1.59962  0.400382  
0.456521  0.913042  3.26087  0.456521  0.913042  3.26087  0.461298  0.913327  3.26415  
1.62506  1.68747  0.312531  1.62506  1.68747  0.312531  1.26185  2.08264  0.763533  
3  1  1  3  1  1  2.69017  1.01386  1.9087  
2.39754  1.26649  0.866579  2.39754  1.26649  0.866579  2.42685  1.25631  0.861675  
0.236829  0.473657  4.57903  0.236829  0.473657  4.57903  0.276043  0.552086  4.34374  
1.37507  1.81247  0.187534  1.37507  1.81247  0.187534  1.42627  1.78686  0.213137  
2.60918  1.07107  1.56545  2.60918  1.07107  1.56545  2.54583  1.08508  1.61673  
2.05528  1.41922  0.743199  2.05528  1.41922  0.743199  1.70156  1.51702  0.816779  
0.357139  0.714277  3.85717  0.357139  0.714277  3.85717  1.15094  0.984429  3.64687  
1.78856  1.59129  0.445157  1.78856  1.59129  0.445157  1.77022  1.60035  0.435954  
3  1  1  3  1  1  2.31818  1.34091  0.65909  
2.03352  1.32827  1.17107  2.03352  1.32827  1.17107  2.02836  1.30935  1.26631  
0.0882341  0.176468  5.4706  0.0882341  0.176468  5.4706  0.135734  0.271469  5.18559  
1.06256  1.96872  0.0312854  1.06256  1.96872  0.0312854  1.01884  1.46529  1.5167  
1.95821  1.30383  1.38799  1.95821  1.30383  1.38799  1.80679  1.47136  0.866319  
1.55474  1.62732  0.588543  1.55474  1.62732  0.588543  1.53609  1.6301  0.598545  
0.478717  0.957434  3.1277  0.478717  0.957434  3.1277  0.616216  1.03604  2.96404  
1.35546  1.78386  0.291931  1.35546  1.78386  0.291931  1.34105  1.79087  0.28466  
2.03156  1.15927  2.06656  2.03156  1.15927  2.06656  2.0315  1.15735  2.07867  
1.52172  1.52438  0.976137  1.52172  1.52438  0.976137  1.46736  1.47114  1.21642  
0.269229  0.538457  4.38463  0.269229  0.538457  4.38463  0.986153  0.99681  4.60655  
1.16265  1.89012  0.160218  1.16265  1.89012  0.160218  1.10884  1.81986  0.409197  
1.67452  1.29032  1.76825  1.67452  1.29032  1.76825  1.6667  1.29283  1.76388  
1.28909  1.63776  0.799767  1.28909  1.63776  0.799767  1.63862  1.59577  0.605893  
0.383716  0.767432  3.6977  0.383716  0.767432  3.6977  0.727741  0.924291  3.97934  
1.11315  1.79825  0.458341  1.11315  1.79825  0.458341  1.3992  2.30173  1.07878  
1.78744  1.11402  2.63851  1.78744  1.11402  2.63851  1.81835  1.10768  2.65701  
1.26655  1.50577  1.24768  1.26655  1.50577  1.24768  1.53974  1.38415  1.48645  
0.128566  0.257133  5.2286  0.128566  0.257133  5.2286  0.128566  0.257133  5.2286  
0.982111  1.96422  0.107334  0.982111  1.96422  0.107334  1.00621  1.96478  0.292425  
1.26419  1.38565  1.67237  1.26419  1.38565  1.67237  1.19102  1.3037  2.46635  
0.985622  1.73316  0.731348  0.985622  1.73316  0.731348  1.00929  1.69999  0.810986  
0.433331  0.866661  3.40002  0.433331  0.866661  3.40002  0.64396  0.95842  3.57102  
0.928568  1.85714  0.428593  0.928568  1.85714  0.428593  0.931636  1.97896  0.471247  
0.594335  1.18867  2.43399  0.594335  1.18867  2.43399  0.569383  1.10855  2.70652  
0.953361  1.59062  1.16062  0.953361  1.59062  1.16062  1.07821  1.49374  1.39799  
0.202699  0.405397  4.78381  0.202699  0.405397  4.78381  0.45357  0.65063  5.33253  
0.946421  1.89284  0.321476  0.946421  1.89284  0.321476  0.981049  1.9621  0.113706  
1.03847  1.30854  2.04136  1.03847  1.30854  2.04136  0.917681  1.14867  2.64354  
0.833027  1.66605  1.00184  0.833027  1.66605  1.00184  0.786407  1.57281  1.28156  
0.329265  0.658529  4.02441  0.329265  0.658529  4.02441  1.20089  1.03727  4.05743  
0.876332  1.75266  0.742007  0.876332  1.75266  0.742007  0.834667  1.86887  1.17524  
0.520403  1.04081  2.87758  0.520403  1.04081  2.87758  0.774161  1.24709  2.36667  
0.76017  1.52034  1.43898  0.76017  1.52034  1.43898  0.785211  1.78081  1.5425  
0.045454  0.0909081  5.72728  0.045454  0.0909081  5.72728  0.0454484  0.0908968  5.72731  
0.994506  1.98901  0.0329664  0.994506  1.98901  0.0329664  0.988422  1.97684  0.0694684  
0.727826  1.45565  1.63305  0.727826  1.45565  1.63305  0.646815  1.36385  2.26882  
0.834665  1.66933  0.992011  0.834665  1.66933  0.992011  0.882887  1.76625  0.706151  
0.489471  0.978942  3.06317  0.489471  0.978942  3.06317  0.511048  0.991891  3.08188  
0.899789  1.79958  0.601267  0.899789  1.79958  0.601267  0.874987  1.76458  0.760544  
0.635429  1.27027  2.18923  0.635429  1.27027  2.18923  0.585777  1.16445  2.53401  
0.739786  1.47957  1.56129  0.739786  1.47957  1.56129  0.75054  1.50552  1.50236  
0.284809  0.569617  4.29115  0.284809  0.569617  4.29115  0.364692  0.729383  3.81185  
0.933589  1.86718  0.398465  0.933589  1.86718  0.398465  0.756853  1.6134  1.58692  
0.622419  1.24484  2.26549  0.622419  1.24484  2.26549  0.833145  1.66629  1.00113  
0.735947  1.47189  1.58432  0.735947  1.47189  1.58432  0.576747  1.15349  2.53952  
0.396549  0.793099  3.6207  0.396549  0.793099  3.6207  0.198147  0.396294  4.81112  
0.803932  1.60786  1.17641  0.803932  1.60786  1.17641  0.804291  1.612  1.17803  
0.520991  1.04198  2.87405  0.520991  1.04198  2.87405  0.523601  1.04539  2.87625  
0.615393  1.23079  2.30764  0.615393  1.23079  2.30764  0.509226  1.02413  2.97031  
0.147886  0.295773  5.11268  0.147886  0.295773  5.11268  0.190727  0.381453  4.85564  
0.941397  1.88279  0.351618  0.941397  1.88279  0.351618  0.941397  1.88279  0.351618  
0.52097  1.04194  2.87418  0.52097  1.04194  2.87418  0.521958  1.04562  2.87477  
0.653728  1.30746  2.07763  0.653728  1.30746  2.07763  0.606288  1.21258  2.36227  
0.390685  0.78137  3.65589  0.390685  0.78137  3.65589  0.39274  0.787377  3.65926  
0.739963  1.47993  1.56022  0.739963  1.47993  1.56022  0.879893  1.75979  0.720639  
0.392188  0.784377  3.64687  0.392188  0.784377  3.64687  0.232098  0.463478  4.62066  
0.485532  0.971064  3.08681  0.485532  0.971064  3.08681  0.397125  0.794249  3.61725  
0.219998  0.439997  4.68001  0.219998  0.439997  4.68001  0.361171  0.546109  4.61304  
0.757536  1.51507  1.45478  0.757536  1.51507  1.45478  0.506616  1.01323  2.9603  
0.318799  0.637599  4.0872  0.318799  0.637599  4.0872  0.318816  0.637637  4.08723  
0.412004  0.824009  3.52797  0.412004  0.824009  3.52797  0.412004  0.824009  3.52797  
0.199128  0.398257  4.80523  0.199128  0.398257  4.80523  0.23636  0.469871  4.66604  
0.439558  0.879115  3.36265  0.439558  0.879115  3.36265  0.280569  0.561137  4.31659  
0.165613  0.331226  5.00632  0.165613  0.331226  5.00632  0.165613  0.331226  5.00632  
0.189282  0.378563  4.86431  0.189282  0.378563  4.86431  0.182241  0.358844  4.95902  
0.067161  0.134322  5.59703  0.067161  0.134322  5.59703  0.206348  0.280407  5.76712  
0.666955  1.33391  1.99827  0.666955  1.33391  1.99827  0.815064  1.66796  1.15181  
0.0288011  0.0576021  5.82719  0.0288011  0.0576021  5.82719  0.0301808  0.0590596  5.8286  
