0.250382  0.708951  4.58915  0.250382  0.708951  4.58915  0.250382  0.708951  4.58915  
0.143412  0.859401  4.02361  0.143412  0.859401  4.02361  0.165132  0.859401  3.97676  
4.00751e-96  2.10138e-106  6  4.00751e-96  2.10138e-106  6  0.015644  7.32863e-107  6.00464  
0.250381  0.708951  4.58915  0.250381  0.708951  4.58915  0.250381  0.894174  3.92788  
0.250224  0.774815  4.13847  0.250224  0.774815  4.13847  0.250303  0.741883  4.34837  
0.251411  0.251411  5.14639  0.251411  0.251411  5.14639  0.251411  0.251411  5.15841  
0.249984  0.804168  3.99508  0.249984  0.804168  3.99508  0.25008  0.818601  3.95926  
0.250926  0.657089  4.97535  0.250926  0.657089  4.97535  0.25172  0.402647  5.41527  
0.249794  0.744952  4.32717  0.249794  0.744952  4.32717  0.250289  0.700584  4.65247  
0.251411  0.188554  5.20008  0.251411  0.188554  5.20008  0.251654  0.0614649  5.49729  
0.250525  0.821618  3.93497  0.250525  0.821618  3.93497  0.250685  0.865679  3.92556  
0.251215  0.686079  4.7623  0.251215  0.686079  4.7623  0.251215  0.934841  4.09967  
0.249822  0.760293  4.22579  0.249822  0.760293  4.22579  0.249822  0.760293  4.22579  
0.251411  0.251411  5.14639  0.251411  0.251411  5.14639  0.251411  0.251411  5.14639  
0.250014  0.78916  4.06231  0.250014  0.78916  4.06231  0.250044  0.78507  4.08291  
0.251411  0.251411  5.14639  0.251411  0.251411  5.14639  0.251411  0.176054  5.22178  
0.250168  0.728126  4.44652  0.250168  0.728126  4.44652  0.250108  0.751735  4.28131  
0.251411  0.100696  5.39065  0.251411  0.100696  5.39065  0.251411  0.100696  5.39065  
0.250115  0.833075  3.90707  0.250115  0.833075  3.90707  0.250115  0.844835  3.90699  
0.249942  0.698094  4.67137  0.249942  0.698094  4.67137  0.293451  0.698094  4.72174  
0.250788  0.767614  4.18057  0.250788  0.767614  4.18057  0.250788  0.79021  4.05715  
0.251411  0.251411  5.14639  0.251411  0.251411  5.14639  0.251448  0.251411  5.16948  
0.250129  0.796507  4.0277  0.250129  0.796507  4.0277  0.250129  0.796507  4.04899  
0.251337  0.638861  5.09984  0.251337  0.638861  5.09984  0.251337  0.714218  4.5495  
0.249854  0.736772  4.38431  0.249854  0.736772  4.38431  0.249854  0.736772  4.38948  
0.25141  0.145364  5.28539  0.25141  0.145364  5.28539  0.25141  0.145364  5.28539  
0.250899  0.812377  3.96424  0.250899  0.812377  3.96424  0.250634  0.777542  4.13053  
0.251278  0.672574  4.86319  0.251278  0.672574  4.86319  0.227289  0.672521  4.87191  
0.249951  0.752763  4.2745  0.249951  0.752763  4.2745  0.249527  0.758689  4.28933  
0.25141  0.235183  5.15018  0.25141  0.235183  5.15018  0.25141  0.235183  5.15018  
0.25053  0.781963  4.09915  0.25053  0.781963  4.09915  0.235213  0.781963  4.10292  
0.25141  0.25141  5.14639  0.25141  0.25141  5.14639  0.25141  0.25141  5.15376  
0.250009  0.718902  4.51452  0.250009  0.718902  4.51452  0.250035  0.465171  5.54839  
0.25141  0.0521372  5.49646  0.25141  0.0521372  5.49646  0.25141  0.0388713  5.5204  
0.250571  0.840897  3.89355  0.250571  0.840897  3.89355  0.250571  0.875732  3.95494  
0.251022  0.703647  4.62924  0.251022  0.703647  4.62924  0.250866  0.73128  4.42361  
0.250041  0.771228  4.15915  0.250041  0.771228  4.15915  0.246872  0.762233  4.32812  
0.25141  0.25141  5.14639  0.25141  0.25141  5.14639  0.25141  0.198387  5.20023  
0.250264  0.800284  4.01115  0.250264  0.800284  4.01115  0.148778  0.827901  4.05367  
0.251335  0.64838  5.03601  0.251335  0.64838  5.03601  0.251335  0.64838  5.07092  
0.250797  0.740909  4.35514  0.250797  0.740909  4.35514  0.261176  0.74091  4.35653  
0.25141  0.166915  5.23936  0.25141  0.166915  5.23936  0.25141  0.175029  5.22368  
0.250429  0.816826  3.94942  0.250429  0.816826  3.94942  0.250429  0.816826  3.94942  
0.251152  0.679539  4.81142  0.251152  0.679539  4.81142  0.251772  0.679539  4.81142  
0.250813  0.756554  4.24968  0.250813  0.756554  4.24968  0.250813  0.777081  4.13089  
0.25141  0.25141  5.14639  0.25141  0.25141  5.14639  0.25141  0.25141  5.14639  
0.250539  0.785548  4.08044  0.250539  0.785548  4.08044  0.250539  0.803404  3.99815  
0.25141  0.25141  5.14639  0.25141  0.25141  5.14639  0.277995  0.25141  5.1567  
0.249657  0.723597  4.47975  0.249657  0.723597  4.47975  0.250092  0.456529  5.53544  
0.25141  0.0769656  5.44517  0.25141  0.0769656  5.44517  0.251379  0.118892  5.42408  
0.250826  0.826921  3.92087  0.250826  0.826921  3.92087  0.250881  0.811282  3.96809  
0.25017  0.692249  4.71567  0.25017  0.692249  4.71567  0.250752  0.704471  4.63304  
0.250254  0.763974  4.20276  0.250254  0.763974  4.20276  0.252386  0.763974  4.20276  
0.25141  0.25141  5.14639  0.25141  0.25141  5.14639  0.25141  0.338632  5.25147  
0.250321  0.792804  4.04474  0.250321  0.792804  4.04474  0.250408  0.81923  3.94198  
0.25141  0.25141  5.14639  0.25141  0.25141  5.14639  0.25141  0.25141  5.16889  
0.249601  0.732517  4.41474  0.249601  0.732517  4.41474  0.249609  0.740339  4.38654  
0.251409  0.123414  5.33648  0.251409  0.123414  5.33648  0.251409  0.056417  5.4911  
0.250389  0.808181  3.97945  0.250389  0.808181  3.97945  0.23793  0.806281  3.98932  
0.251294  0.665118  4.91778  0.251294  0.665118  4.91778  0.251423  0.451054  5.52605  
0.250526  0.748894  4.30031  0.250526  0.748894  4.30031  0.250404  0.741687  4.39822  
0.25141  0.210959  5.16939  0.25141  0.210959  5.16939  0.235765  0.210959  5.18873  
0.250498  0.778389  4.11848  0.250498  0.778389  4.11848  0.250498  0.739741  4.36333  
0.25141  0.25141  5.14639  0.25141  0.25141  5.14639  0.25141  0.25141  5.14639  
0.248979  0.714035  4.55096  0.248979  0.714035  4.55096  0.294623  0.705976  4.63867  
0.251409  0.0263518  5.54036  0.251409  0.0263518  5.54036  0.251409  0.0263518  5.54036  
0.228452  0.858844  3.88776  0.228452  0.858844  3.88776  0.19663  0.859066  3.92154  
0.249729  0.706332  4.60896  0.249729  0.706332  4.60896  0.249729  0.681742  4.79495  
0.225579  0.77459  4.14926  0.225579  0.77459  4.14926  0.225579  0.77459  4.14926  
0.25141  0.25141  5.14639  0.25141  0.25141  5.14639  0.210704  0.251409  5.16968  
0.18722  0.816819  4.0053  0.18722  0.816819  4.0053  0.141511  0.816819  4.10928  
0.251358  0.652826  5.00528  0.251358  0.652826  5.00528  0.251358  0.652826  5.0206  
0.218744  0.744954  4.34226  0.218744  0.744954  4.34226  0.218744  0.744954  4.34226  
0.251409  0.177687  5.21878  0.251409  0.177687  5.21878  0.251409  0.177687  5.21878  
0.176168  0.858906  3.95538  0.176168  0.858906  3.95538  0.197887  0.87518  3.92956  
0.248342  0.682873  4.78656  0.248342  0.682873  4.78656  0.16511  0.676197  4.95555  
0.168981  0.771919  4.24398  0.168981  0.771919  4.24398  0.108009  0.78968  4.28661  
0.220121  0.251409  5.1603  0.220121  0.251409  5.1603  0.220023  0.244822  5.16102  
0.137034  0.826191  4.08073  0.137034  0.826191  4.08073  0.137034  0.826191  4.15207  
0.230652  0.25141  5.15258  0.230652  0.25141  5.15258  0.216541  0.0356778  5.54295  
0.158368  0.739715  4.47405  0.158368  0.739715  4.47405  0.194582  0.705015  4.66321  
0.187359  0.0918064  5.46714  0.187359  0.0918064  5.46714  0.22028  0.189484  5.21236  
0.180473  0.858738  3.9476  0.180473  0.858738  3.9476  0.180473  0.837726  3.96585  
0.150463  0.709828  4.71015  0.150463  0.709828  4.71015  0.150463  0.709828  4.74154  
0.103636  0.810111  4.20959  0.103636  0.810111  4.20959  0.190746  0.791816  4.11078  
0.14924  0.251409  5.27672  0.14924  0.251409  5.27672  0.200325  0.214548  5.20173  
0.107819  0.859232  4.10753  0.107819  0.859232  4.10753  0.0932106  0.859232  4.14204  
0.138523  0.651619  5.16828  0.138523  0.651619  5.16828  0.193432  0.667246  4.94837  
0.0859389  0.77316  4.42654  0.0859389  0.77316  4.42654  0.0859389  0.77316  4.42654  
0.104727  0.152656  5.50391  0.104727  0.152656  5.50391  0.181866  0.152657  5.33415  
0.112525  0.859351  4.09629  0.112525  0.859351  4.09629  0.185424  0.997765  4.61326  
0.0825156  0.700684  4.93809  0.0825156  0.700684  4.93809  0.138933  0.701287  4.80187  
0.0513596  0.81118  4.32  0.0513596  0.81118  4.32  0.11696  0.797645  4.22809  
0.065843  0.251409  5.46906  0.065843  0.251409  5.46906  0.0658429  0.175741  5.55107  
0.0470117  0.859401  4.23984  0.0470117  0.859401  4.23984  0.0143391  0.878497  4.30513  
0.0533883  0.251409  5.49406  0.0533883  0.251409  5.49406  0.104447  0.452118  5.82592  
0.027166  0.766786  4.57832  0.027166  0.766786  4.57832  0.0060359  0.775691  4.55392  
0.0271299  0.0483867  5.89631  0.0271299  0.0483867  5.89631  0.100471  0.0609022  5.72401  
0.0899342  0.859359  4.14965  0.0899342  0.859359  4.14965  0.0899342  0.859359  4.16372  
0.00407607  0.751474  4.70559  0.00407607  0.751474  4.70559  0.00257161  0.794919  4.45906  
