1  6.83372e-60  1  6.83372e-60  1.08162  0.0232384  
6.12323e-17  1  6.12323e-17  1  8.52233e-17  1.3918  
0.999987  0.00512751  0.999987  0.00512751  189.165  0.639986  
0.999879  0.0155397  0.999879  0.0155397  0.999776  0.021188  
0.999658  0.0261688  0.999658  0.0261688  136.131  3.56362  
0.999315  0.0370114  0.999315  0.0370114  240.937  8.92354  
0.998844  0.048072  0.998844  0.048072  62.474  3.00672  
0.998237  0.0593543  0.998237  0.0593543  168.398  12.2768  
0.997486  0.0708591  0.997486  0.0708591  0.998258  0.0589999  
0.996584  0.0825894  0.996584  0.0825894  9.86878  0.754572  
0.995521  0.0945457  0.995521  0.0945457  0.995521  0.0945457  
0.994288  0.106731  0.994288  0.106731  24.0104  2.57738  
0.992877  0.119145  0.992877  0.119145  105.63  11.2984  
0.991278  0.131787  0.991278  0.131787  0.991278  0.131787  
0.989481  0.144661  0.989481  0.144661  67.4198  9.85669  
0.987477  0.157762  0.987477  0.157762  0.988521  0.151086  
0.985255  0.17109  0.985255  0.17109  0.984077  0.177743  
0.982805  0.184647  0.982805  0.184647  195.914  32.4717  
0.980116  0.198428  0.980116  0.198428  0.977786  0.209607  
0.977177  0.212429  0.977177  0.212429  2.08463  0.437292  
0.973977  0.226649  0.973977  0.226649  230.676  53.6793  
0.970505  0.241081  0.970505  0.241081  115.744  29.7321  
0.966751  0.255721  0.966751  0.255721  137.41  76.5507  
0.962702  0.270564  0.962702  0.270564  15.8845  4.46429  
0.958349  0.285601  0.958349  0.285601  218.292  65.0538  
0.953679  0.300825  0.953679  0.300825  0.946223  0.323515  
0.948684  0.316226  0.948684  0.316226  0.962592  0.270954  
0.94335  0.331799  0.94335  0.331799  46.1413  16.229  
0.93767  0.347527  0.93767  0.347527  1.32306  0.490364  
0.931633  0.363401  0.931633  0.363401  77.9976  31.2246  
0.925229  0.379409  0.925229  0.379409  98.3443  37.5197  
0.918453  0.39553  0.918453  0.39553  0.918453  0.39553  
0.91129  0.411765  0.91129  0.411765  0.925228  0.379412  
0.903737  0.428087  0.903737  0.428087  1.07235  0.407199  
0.895791  0.444476  0.895791  0.444476  175.89  79.4768  
0.887442  0.460919  0.887442  0.460919  8.33666  4.32989  
0.878688  0.477397  0.878688  0.477397  10.7177  5.28653  
0.869524  0.493891  0.869524  0.493891  59.2668  33.6637  
0.859953  0.510373  0.859953  0.510373  0.796598  0.60451  
0.849967  0.526835  0.849967  0.526835  0.849967  0.526835  
0.83957  0.543251  0.83957  0.543251  66.8365  43.2471  
0.828768  0.559593  0.828768  0.559593  0.823397  0.567465  
0.817559  0.575845  0.817559  0.575845  27.0395  19.0452  
0.805951  0.591982  0.805951  0.591982  11.2582  8.26932  
0.793952  0.607981  0.793952  0.607981  0.781539  0.623856  
0.781569  0.623819  0.781569  0.623819  0.781569  0.623819  
0.768809  0.639479  0.768809  0.639479  0.781695  0.623661  
0.755689  0.654931  0.755689  0.654931  49.8352  42.3137  
0.742218  0.670159  0.742218  0.670159  0.735367  0.677669  
0.728411  0.685141  0.728411  0.685141  20.277  19.0725  
0.714286  0.699854  0.714286  0.699854  45.1626  41.6204  
0.699856  0.714284  0.699856  0.714284  2.97007  3.0313  
0.685139  0.728412  0.685139  0.728412  0.735295  0.677747  
0.670159  0.742218  0.670159  0.742218  5.30192  6.5082  
0.65493  0.75569  0.65493  0.75569  1.81675  1.97148  
0.639478  0.768809  0.639478  0.768809  0.623673  0.781685  
0.62382  0.781568  0.62382  0.781568  0.62382  0.781568  
0.607981  0.793952  0.607981  0.793952  7.94183  16.3023  
0.591982  0.805951  0.591982  0.805951  9.19336  14.8641  
0.575846  0.817558  0.575846  0.817558  0.560079  0.82844  
0.559594  0.828767  0.559594  0.828767  32.33  45.0486  
0.54325  0.839571  0.54325  0.839571  0.54325  0.839571  
0.526836  0.849967  0.526836  0.849967  0.567457  0.823403  
0.510376  0.859951  0.510376  0.859951  26.8331  45.2121  
0.49389  0.869524  0.49389  0.869524  10.4392  19.2436  
0.477398  0.878687  0.477398  0.878687  4.46623  11.204  
0.460917  0.887443  0.460917  0.887443  0.460917  0.887443  
0.444476  0.895791  0.444476  0.895791  0.394602  0.918852  
0.428087  0.903737  0.428087  0.903737  0.239271  0.970953  
0.411765  0.91129  0.411765  0.91129  61.0139  135.032  
0.395533  0.918452  0.395533  0.918452  0.403776  0.914858  
0.37941  0.925229  0.37941  0.925229  13.1065  38.9311  
0.363402  0.931633  0.363402  0.931633  71.979  167.375  
0.347527  0.93767  0.347527  0.93767  17.6727  40.3824  
0.331798  0.94335  0.331798  0.94335  0.315852  0.948808  
0.316227  0.948683  0.316227  0.948683  0.276308  0.961069  
0.300825  0.953679  0.300825  0.953679  0.300825  0.953679  
0.285601  0.958349  0.285601  0.958349  0.309547  0.950884  
0.270564  0.962702  0.270564  0.962702  0.241605  0.970375  
0.255721  0.966751  0.255721  0.966751  0.237643  1.02877  
0.241081  0.970505  0.241081  0.970505  0.291642  0.956527  
0.226649  0.973977  0.226649  0.973977  0.226649  0.973977  
0.212429  0.977177  0.212429  0.977177  0.268501  0.963279  
0.198428  0.980116  0.198428  0.980116  0.192054  0.981384  
0.184647  0.982805  0.184647  0.982805  41.1652  219.106  
0.171091  0.985255  0.171091  0.985255  18.0038  109.509  
0.157762  0.987477  0.157762  0.987477  0.184138  0.9829  
0.144661  0.989481  0.144661  0.989481  17.6396  110.683  
0.131787  0.991278  0.131787  0.991278  0.113554  0.993532  
0.119145  0.992877  0.119145  0.992877  0.0688648  0.997626  
0.10673  0.994288  0.10673  0.994288  1.14189  10.6377  
0.094546  0.99552  0.094546  0.99552  43.0853  343.698  
0.0825895  0.996584  0.0825895  0.996584  2.65093  50.3487  
0.070858  0.997486  0.070858  0.997486  8.69586  122.414  
0.0593539  0.998237  0.0593539  0.998237  3.3087  55.6469  
0.048072  0.998844  0.048072  0.998844  9.14338  110.782  
0.0370109  0.999315  0.0370109  0.999315  0.0893491  1.35483  
0.026169  0.999658  0.026169  0.999658  0.427201  16.3191  
0.0155415  0.999879  0.0155415  0.999879  0.0155415  0.999879  
0.00512784  0.999987  0.00512784  0.999987  0.0107768  0.999942  
