0.577351  0.577351  0.577349  0.577351  0.577351  0.577349  0.486385  0.26803  1.5446  
0.577351  0.577351  0.577349  0.577351  0.577351  0.577349  0.635104  0.635104  0.439642  
4.32978e-17  4.32978e-17  1  4.32978e-17  4.32978e-17  1  9.58133e-17  4.64765e-17  1.73912  
0.577351  0.577351  0.577349  0.577351  0.577351  0.577349  1.25496  0.733258  0.763941  
0.688247  0.688247  0.229414  0.688247  0.688247  0.229414  1.36995  0.67445  0.812273  
0.301512  0.301512  0.904534  0.301512  0.301512  0.904534  0.301512  0.301512  0.904534  
0.703527  0.703527  0.100502  0.703527  0.703527  0.100502  0.663297  0.663297  0.346516  
0.457495  0.457495  0.762494  0.457495  0.457495  0.762494  0.652663  0.652663  0.384789  
0.650946  0.650946  0.390563  0.650946  0.650946  0.390563  0.447524  0.447524  0.774238  
0.140027  0.140027  0.980196  0.140027  0.140027  0.980196  0.0504562  0.0504562  0.997451  
0.706322  0.706322  0.0470878  0.706322  0.706322  0.0470878  0.704976  0.704976  0.0775666  
0.523205  0.523205  0.672691  0.523205  0.523205  0.672691  0.825085  0.958971  0.866718  
0.67319  0.67319  0.305993  0.67319  0.67319  0.305993  0.67319  0.67319  0.305993  
0.21938  0.21938  0.950655  0.21938  0.21938  0.950655  0.199211  0.276318  1.64056  
0.697877  0.697877  0.161047  0.697877  0.697877  0.161047  0.697877  0.697877  0.161047  
0.382359  0.382359  0.841191  0.382359  0.382359  0.841191  0.61814  0.326549  1.55794  
0.619587  0.619587  0.481896  0.619587  0.619587  0.481896  1.03647  0.99032  0.798873  
0.0663696  0.0663696  0.995585  0.0663696  0.0663696  0.995585  0.0536693  0.0536693  0.997115  
0.706923  0.706923  0.0228039  0.706923  0.706923  0.0228039  0.697242  0.697242  0.166455  
0.551784  0.551784  0.625355  0.551784  0.551784  0.625355  0.609391  0.609391  0.507232  
0.681501  0.681501  0.26667  0.681501  0.681501  0.26667  1.54643  0.740462  0.474403  
0.260333  0.260333  0.92976  0.260333  0.260333  0.92976  0.229088  0.229088  0.946064  
0.701121  0.701121  0.129836  0.701121  0.701121  0.129836  0.701121  0.701121  0.129836  
0.420903  0.420903  0.803543  0.420903  0.420903  0.803543  0.637199  0.647891  1.39099  
0.636526  0.636526  0.435511  0.636526  0.636526  0.435511  1.37884  0.722376  0.670811  
0.102358  0.102358  0.989467  0.102358  0.102358  0.989467  0.144171  0.200741  1.68936  
0.705223  0.705223  0.0729521  0.705223  0.705223  0.0729521  0.700465  0.700465  0.136741  
0.491705  0.491705  0.718646  0.491705  0.491705  0.718646  0.605484  0.605484  0.516506  
0.663086  0.663086  0.347325  0.663086  0.663086  0.347325  1.43591  0.728791  0.649352  
0.179143  0.179143  0.967376  0.179143  0.179143  0.967376  0.108185  0.108185  0.988227  
0.693642  0.693642  0.194219  0.693642  0.693642  0.194219  0.693642  0.693642  0.194219  
0.342377  0.342377  0.874961  0.342377  0.342377  0.874961  0.301029  0.301029  0.904855  
0.599918  0.599918  0.529337  0.599918  0.599918  0.529337  0.599918  0.599918  0.529337  
0.0322235  0.0322235  0.998961  0.0322235  0.0322235  0.998961  0.0322235  0.0322235  0.998961  
0.707031  0.707031  0.0146352  0.707031  0.707031  0.0146352  0.707031  0.707031  0.0146352  
0.564946  0.564946  0.601392  0.564946  0.564946  0.601392  0.444186  0.444186  0.778073  
0.683055  0.683055  0.258595  0.683055  0.683055  0.258595  0.824297  1.8822  0.694485  
0.280926  0.280926  0.917693  0.280926  0.280926  0.917693  0.280926  0.280926  0.917693  
0.699049  0.699049  0.150539  0.699049  0.699049  0.150539  0.706185  0.706185  0.0510394  
0.439471  0.439471  0.783409  0.439471  0.439471  0.783409  0.793607  0.561068  1.40707  
0.643842  0.643842  0.413441  0.643842  0.643842  0.413441  0.643842  0.643842  0.413441  
0.120995  0.120995  0.985251  0.120995  0.120995  0.985251  0.0627458  0.0627458  0.996055  
0.703775  0.703775  0.0969557  0.703775  0.703775  0.0969557  0.695774  0.695774  0.178317  
0.507809  0.507809  0.695888  0.507809  0.507809  0.695888  1.03819  0.654435  0.978367  
0.647529  0.647529  0.401761  0.647529  0.647529  0.401761  0.700624  1.22117  0.617674  
0.199143  0.199143  0.959523  0.199143  0.199143  0.959523  0.0786437  0.070036  1.51811  
0.678913  0.678913  0.279563  0.678913  0.678913  0.279563  0.660382  0.660382  0.357481  
0.362513  0.362513  0.858585  0.362513  0.362513  0.858585  0.362513  0.362513  0.858585  
0.580265  0.580265  0.571475  0.580265  0.580265  0.571475  0.561273  1.14765  1.18431  
0.0490598  0.0490598  0.99759  0.0490598  0.0490598  0.99759  0.0490598  0.0490598  0.99759  
0.705006  0.705006  0.0770256  0.705006  0.705006  0.0770256  0.699651  0.699651  0.14483  
0.516872  0.516872  0.682412  0.516872  0.516872  0.682412  0.516872  0.516872  0.682412  
0.626072  0.626072  0.46483  0.626072  0.626072  0.46483  0.696813  0.993462  0.983527  
0.239797  0.239797  0.940742  0.239797  0.239797  0.940742  0.301575  0.301575  0.904492  
0.672216  0.672216  0.310242  0.672216  0.672216  0.310242  0.761859  2.22687  0.695782  
0.401844  0.401844  0.822826  0.401844  0.401844  0.822826  0.401844  0.401844  0.822826  
0.535878  0.535878  0.652434  0.535878  0.535878  0.652434  0.535878  0.535878  0.652434  
0.0841431  0.0841431  0.992895  0.0841431  0.0841431  0.992895  0.188256  0.188256  0.963909  
0.687557  0.687557  0.233518  0.687557  0.687557  0.233518  0.687557  0.687557  0.233518  
0.413192  0.413192  0.811508  0.413192  0.413192  0.811508  0.328623  0.328623  0.885445  
0.538673  0.538673  0.647814  0.538673  0.538673  0.647814  0.458582  0.458582  0.761187  
0.159422  0.159422  0.974253  0.159422  0.159422  0.974253  0.30319  0.238852  1.66788  
0.606688  0.606688  0.513672  0.606688  0.606688  0.513672  0.402704  0.431297  1.52154  
0.322016  0.322016  0.890287  0.322016  0.322016  0.890287  0.228566  0.228566  0.946316  
0.423206  0.423206  0.80112  0.423206  0.423206  0.80112  0.423206  0.423206  0.80112  
0.0158689  0.0158689  0.999748  0.0158689  0.0158689  0.999748  0.0172484  0.0297254  1.53099  
0.706913  0.706913  0.0234066  0.706913  0.706913  0.0234066  0.662849  0.662849  0.348226  
0.377042  0.377042  0.845978  0.377042  0.377042  0.845978  0.589927  1.10712  1.06494  
0.541335  0.541335  0.64336  0.541335  0.541335  0.64336  0.620362  0.765184  1.30425  
0.255599  0.255599  0.932383  0.255599  0.255599  0.932383  0.255599  0.255599  0.932383  
0.639338  0.639338  0.427194  0.639338  0.639338  0.427194  0.639338  0.639338  0.427194  
0.276345  0.276345  0.920471  0.276345  0.276345  0.920471  0.356625  0.356625  0.863503  
0.393628  0.393628  0.830731  0.393628  0.393628  0.830731  0.488233  0.488233  0.723365  
0.130461  0.130461  0.982832  0.130461  0.130461  0.982832  0.130461  0.130461  0.982832  
0.676953  0.676953  0.288908  0.676953  0.676953  0.288908  0.660546  0.660546  0.356874  
0.256091  0.256091  0.932113  0.256091  0.256091  0.932113  0.273151  0.510601  1.49036  
0.388245  0.388245  0.835782  0.388245  0.388245  0.835782  0.388245  0.388245  0.835782  
0.167082  0.167082  0.971683  0.167082  0.167082  0.971683  0.163029  0.163029  0.973059  
0.491402  0.491402  0.719061  0.491402  0.491402  0.719061  0.269759  0.269759  0.92437  
0.175597  0.175597  0.968675  0.175597  0.175597  0.968675  0.247503  0.312237  1.55419  
0.249521  0.249521  0.93567  0.249521  0.249521  0.93567  0.249521  0.249521  0.93567  
0.057657  0.057657  0.99667  0.057657  0.057657  0.99667  0.147474  0.0956892  1.51015  
0.683669  0.683669  0.255329  0.683669  0.683669  0.255329  0.695166  0.695166  0.183001  
0.175583  0.175583  0.96868  0.175583  0.175583  0.96868  0.356637  0.356637  0.863493  
0.287479  0.287479  0.913626  0.287479  0.287479  0.913626  0.0523644  0.0523644  0.997254  
0.105665  0.105665  0.988772  0.105665  0.105665  0.988772  0.0180425  0.00967092  1.65896  
0.393882  0.393882  0.83049  0.393882  0.393882  0.83049  0.516265  0.709128  1.46655  
0.106319  0.106319  0.988632  0.106319  0.106319  0.988632  0.299742  0.185026  1.64962  
0.153543  0.153543  0.97614  0.153543  0.153543  0.97614  0.133451  0.133451  0.982029  
0.0642316  0.0642316  0.995866  0.0642316  0.0642316  0.995866  0.00182681  0.00182681  0.999997  
0.419303  0.419303  0.805214  0.419303  0.419303  0.805214  0.419303  0.419303  0.805214  
0.0775273  0.0775273  0.993971  0.0775273  0.0775273  0.993971  0.145917  0.145917  0.978476  
0.115221  0.115221  0.986635  0.115221  0.115221  0.986635  0.239044  0.239044  0.941125  
0.0413691  0.0413691  0.998287  0.0413691  0.0413691  0.998287  0.0413691  0.0413691  0.998287  
0.128539  0.128539  0.983339  0.128539  0.128539  0.983339  0.0797862  0.0797862  0.993614  
0.0330446  0.0330446  0.998907  0.0330446  0.0330446  0.998907  0.140217  0.12871  1.7192  
0.0388539  0.0388539  0.998489  0.0388539  0.0388539  0.998489  0.00894463  0.00894463  0.99992  
0.0134537  0.0134537  0.999819  0.0134537  0.0134537  0.999819  0.0066755  0.0066755  0.999955  
0.301836  0.301836  0.904318  0.301836  0.301836  0.904318  0.245102  0.245102  0.938003  
0.00494179  0.00494179  0.999976  0.00494179  0.00494179  0.999976  0.00494179  0.00494179  0.999976  
