2.00032  0.0003243  0.0003243  2.00032  0.0003243  0.0003243  2.02047  0.020465  0.020465  
0.00241934  4.00059  0.000594915  0.00241934  4.00059  0.000594915  0.0223088  4.02048  0.0204844  
0.00335055  0.00191098  6.00057  0.00335055  0.00191098  6.00057  0.581338  0.845914  5.73961  
1.99973  0.0768269  0.0762296  1.99973  0.0768269  0.0762296  1.55601  0.210824  3.98328  
1.99731  0.212861  0.0709528  1.99731  0.212861  0.0709528  1.50941  0.51724  4.14745  
1.99743  0.0956493  0.286163  1.99743  0.0956493  0.286163  2.00592  0.0955296  0.294552  
1.98984  0.40781  0.0585439  1.98984  0.40781  0.0585439  1.99877  0.416677  0.0274265  
1.99429  0.205428  0.341895  1.99429  0.205428  0.341895  2.00247  0.213533  0.345789  
1.98934  0.388136  0.233062  1.98934  0.388136  0.233062  1.48398  0.220695  4.12264  
1.98962  0.0863393  0.607798  1.98962  0.0863393  0.607798  2.08709  0.193119  0.175003  
1.96843  0.710411  0.0475101  1.96843  0.710411  0.0475101  1.89103  1.31355  0.818849  
1.98591  0.365303  0.469567  1.98591  0.365303  0.469567  1.98754  0.366925  0.471188  
1.97417  0.617878  0.280655  1.97417  0.617878  0.280655  1.99127  0.634977  0.297753  
1.98089  0.182247  0.788738  1.98089  0.182247  0.788738  1.99457  0.212425  0.802812  
1.95523  0.833198  0.192503  1.95523  0.833198  0.192503  1.97737  0.85536  0.218519  
1.97679  0.345482  0.760728  1.97679  0.345482  0.760728  1.97716  0.345846  0.761092  
1.96575  0.656779  0.510823  1.96575  0.656779  0.510823  1.96703  0.647271  0.511278  
1.96235  0.0773837  1.15872  1.96235  0.0773837  1.15872  2.02103  0.386561  0.765945  
1.90394  1.22739  0.0397031  1.90394  1.22739  0.0397031  1.80352  2.0367  0.104728  
1.95942  0.64403  0.730241  1.95942  0.64403  0.730241  1.30563  0.538681  4.75288  
1.9293  1.02313  0.400463  1.9293  1.02313  0.400463  1.95335  1.04718  0.424509  
1.95438  0.330782  1.18289  1.95438  0.330782  1.18289  1.96467  0.341068  1.19317  
1.89088  1.29579  0.240226  1.89088  1.29579  0.240226  1.90883  1.31374  0.258175  
1.94661  0.568685  1.08607  1.94661  0.568685  1.08607  1.95334  0.84291  0.714901  
1.92133  1.01424  0.692334  1.92133  1.01424  0.692334  0.447792  0.24779  6.01775  
1.92444  0.167735  1.61903  1.92444  0.167735  1.61903  2.05876  0.280501  0.329946  
1.83101  1.60719  0.166121  1.83101  1.60719  0.166121  1.85973  1.63592  0.194844  
1.92436  0.785401  1.15212  1.92436  0.785401  1.15212  1.51335  2.75482  1.53267  
1.87892  1.29645  0.678136  1.87892  1.29645  0.678136  1.89731  1.31587  0.786743  
1.90568  0.325668  1.7582  1.90568  0.325668  1.7582  1.94644  0.73448  1.86855  
1.82278  1.62045  0.451718  1.82278  1.62045  0.451718  1.63347  2.47244  0.0750862  
1.90068  0.632366  1.61514  1.90068  0.632366  1.61514  1.91864  0.650331  1.6331  
1.87211  1.21587  1.07815  1.87211  1.21587  1.07815  1.89428  1.23804  1.10032  
1.84937  0.0738579  2.28482  1.84937  0.0738579  2.28482  0.838025  0.0662432  5.52829  
1.67616  2.18391  0.0341962  1.67616  2.18391  0.0341962  1.53243  2.84316  0.131575  
1.85297  1.2327  1.30863  1.85297  1.2327  1.30863  1.36916  2.84002  1.39931  
1.76208  1.84105  0.666464  1.76208  1.84105  0.666464  0.458079  2.54801  4.43107  
1.84805  0.639245  2.08834  1.84805  0.639245  2.08834  1.21113  2.98608  2.13466  
1.66867  2.19386  0.355112  1.66867  2.19386  0.355112  0.606527  3.89118  1.06573  
1.83174  1.04098  1.85741  1.83174  1.04098  1.85741  1.17803  1.08216  4.86635  
1.75832  1.7565  1.12219  1.75832  1.7565  1.12219  1.87692  1.45364  1.35554  
1.7799  0.329021  2.69604  1.7799  0.329021  2.69604  1.69427  0.550373  3.31656  
1.55214  2.52088  0.213815  1.55214  2.52088  0.213815  1.57271  2.54146  0.23439  
1.77499  1.3625  1.86864  1.77499  1.3625  1.86864  1.53331  2.25794  1.87125  
1.66402  2.11212  1.03118  1.66402  2.11212  1.03118  1.57649  2.61022  0.972493  
1.74198  0.583279  2.8202  1.74198  0.583279  2.8202  0.947927  0.336883  5.40679  
1.54826  2.49815  0.636678  1.54826  2.49815  0.636678  1.55663  2.48015  1.5805  
1.72982  1.07687  2.54705  1.72982  1.07687  2.54705  1.387  0.564504  4.56104  
1.65701  1.96642  1.62815  1.65701  1.96642  1.62815  0.671749  3.64166  1.64599  
1.62657  0.170654  3.48425  1.62657  0.170654  3.48425  1.93248  0.313747  2.25239  
1.33902  2.97123  0.143845  1.33902  2.97123  0.143845  1.35909  2.99131  0.16392  
1.63854  1.79018  2.16076  1.63854  1.79018  2.16076  1.72708  1.886  1.2703  
1.47865  2.5977  1.08394  1.47865  2.5977  1.08394  1.49496  2.614  1.10025  
1.6127  0.834455  3.32435  1.6127  0.834455  3.32435  1.63243  0.85418  3.34407  
1.3319  2.95782  0.611311  1.3319  2.95782  0.611311  0.838024  2.3525  4.24909  
1.58602  1.43673  2.95674  1.58602  1.43673  2.95674  0.784823  0.708278  5.4798  
1.468  2.44489  1.78419  1.468  2.44489  1.78419  1.13073  3.35442  1.01425  
1.46782  0.342068  4.04519  1.46782  0.342068  4.04519  0.614136  2.68734  4.35291  
1.16998  3.23442  0.395792  1.16998  3.23442  0.395792  1.20773  3.27217  0.433541  
1.48362  1.85501  2.91142  1.48362  1.85501  2.91142  1.2768  2.1318  3.57558  
1.31828  2.81993  1.58267  1.31828  2.81993  1.58267  1.34692  2.84857  1.61132  
1.39806  0.67872  4.17132  1.39806  0.67872  4.17132  1.39807  0.678733  4.17134  
1.15698  3.19895  0.977826  1.15698  3.19895  0.977826  1.08766  3.32512  0.990981  
1.38402  1.37418  3.8136  1.38402  1.37418  3.8136  1.18578  0.34302  4.84521  
1.28959  2.59421  2.43259  1.28959  2.59421  2.43259  0.421716  3.59564  2.45764  
1.20015  0.0694638  4.80053  1.20015  0.0694638  4.80053  1.19892  0.376584  4.81267  
0.860634  3.61166  0.0240218  0.860634  3.61166  0.0240218  1.03821  3.50284  0.0619928  
1.20981  2.62309  2.71336  1.20981  2.62309  2.71336  0.558229  3.61095  2.65715  
0.989656  3.38793  1.17349  0.989656  3.38793  1.17349  0.892853  3.55213  1.1717  
1.19331  1.38527  4.34644  1.19331  1.38527  4.34644  1.09911  0.534877  5.04227  
0.829974  3.62145  0.552538  0.829974  3.62145  0.552538  1.23213  3.13734  0.913046  
1.12482  2.173  3.74271  1.12482  2.173  3.74271  0.212088  0.723132  5.96966  
0.956837  3.24687  2.01689  0.956837  3.24687  2.01689  0.976155  2.31044  4.25726  
0.998794  0.661619  5.10477  0.998794  0.661619  5.10477  0.921107  0.979629  5.14662  
0.668249  3.76628  0.278458  0.668249  3.76628  0.278458  0.395177  3.93723  0.292705  
0.95945  2.62822  3.49046  0.95945  2.62822  3.49046  1.01876  2.75202  3.28704  
0.77066  3.52442  1.65626  0.77066  3.52442  1.65626  0.795851  3.54961  1.68145  
0.881724  1.11871  5.11978  0.881724  1.11871  5.11978  1.00493  0.828679  5.05484  
0.624065  3.75233  0.910489  0.624065  3.75233  0.910489  1.23932  3.12091  0.784579  
0.829238  2.0002  4.56388  0.829238  2.0002  4.56388  0.443744  2.4556  4.5719  
0.708441  3.30004  2.64964  0.708441  3.30004  2.64964  0.519699  2.4017  4.55739  
0.6671  0.322508  5.6381  0.6671  0.322508  5.6381  1.07361  0.51523  5.03313  
0.424608  3.90824  0.15506  0.424608  3.90824  0.15506  1.035  3.59297  0.224665  
0.631718  2.99295  3.5035  0.631718  2.99295  3.5035  0.296486  1.99088  5.1977  
0.478296  3.75131  1.52272  0.478296  3.75131  1.52272  0.610859  3.7748  1.069  
0.569752  1.42449  5.3423  0.569752  1.42449  5.3423  0.569798  1.42454  5.34234  
0.363744  3.90127  0.764961  0.363744  3.90127  0.764961  0.314366  3.04222  3.89982  
0.499409  2.34265  4.62924  0.499409  2.34265  4.62924  0.4796  2.12955  4.96476  
0.392732  3.55085  2.50512  0.392732  3.55085  2.50512  0.412938  3.57106  2.52532  
0.377641  0.548004  5.83495  0.377641  0.548004  5.83495  0.682458  0.986668  5.46402  
0.233513  3.96261  0.446656  0.233513  3.96261  0.446656  0.365553  3.98508  0.483332  
0.325137  2.78217  4.20027  0.325137  2.78217  4.20027  0.174149  3.46618  3.32686  
0.23702  3.73616  2.02614  0.23702  3.73616  2.02614  0.292809  3.81773  1.65872  
0.240382  1.00136  5.7663  0.240382  1.00136  5.7663  0.139751  0.451988  6.02062  
0.151051  3.91899  1.11681  0.151051  3.91899  1.11681  0.184221  3.92007  1.12251  
0.172666  1.95764  5.20814  0.172666  1.95764  5.20814  0.600482  2.52439  4.54758  
0.121371  3.41378  3.10902  0.121371  3.41378  3.10902  0.460447  3.83807  1.63769  
0.0812542  0.134211  5.99194  0.0812542  0.134211  5.99194  0.105382  0.158469  6.0161  
0.0298739  3.99957  0.0961414  0.0298739  3.99957  0.0961414  0.860786  3.76106  0.10201  
0.0189193  3.22799  3.54486  0.0189193  3.22799  3.54486  0.254551  1.16358  5.77076  
