2.0475  0.0475226  2.0475  0.0475226  2.0475  0.0475226  
0.204418  4.03517  0.204418  4.03517  0.263707  4.02406  
2.04749  0.0569667  2.04749  0.0569667  2.04655  0.170762  
2.04745  0.0761678  2.04745  0.0761678  2.05118  0.0771665  
2.04735  0.0957652  2.04735  0.0957652  2.05105  0.0994645  
2.04721  0.115772  2.04721  0.115772  2.04695  0.141054  
2.04701  0.136202  2.04701  0.136202  2.01338  0.783218  
2.04675  0.157066  2.04675  0.157066  2.03737  0.449662  
2.04643  0.178376  2.04643  0.178376  2.04583  0.211068  
2.04604  0.20014  2.04604  0.20014  2.04611  0.196504  
2.04559  0.222382  2.04559  0.222382  2.04645  0.356737  
2.04506  0.245104  2.04506  0.245104  2.04592  0.245966  
2.04445  0.268319  2.04445  0.268319  1.33276  3.31313  
2.04376  0.292059  2.04376  0.292059  1.94589  1.30624  
2.04298  0.316317  2.04298  0.316317  2.04298  0.316317  
2.0421  0.341115  2.0421  0.341115  2.04226  0.336816  
2.04113  0.366471  2.04113  0.366471  2.04284  0.325804  
2.04005  0.392398  2.04005  0.392398  2.03912  0.413275  
2.03886  0.418907  2.03886  0.418907  2.03757  0.445514  
2.03755  0.446023  2.03755  0.446023  2.03542  0.4864  
2.03611  0.473765  2.03611  0.473765  2.03611  0.473765  
2.03454  0.502139  2.03454  0.502139  1.98835  1.01311  
2.03283  0.531164  2.03283  0.531164  1.98748  1.04415  
2.03096  0.560862  2.03096  0.560862  2.03096  0.560862  
2.02893  0.591251  2.02893  0.591251  2.06634  0.615921  
2.02674  0.622346  2.02674  0.622346  2.06226  0.788288  
2.02436  0.654169  2.02436  0.654169  2.02967  0.580443  
2.0218  0.686732  2.0218  0.686732  2.05839  0.723327  
2.01903  0.720066  2.01903  0.720066  1.38984  3.01759  
2.01604  0.754183  2.01604  0.754183  1.98109  1.10493  
2.01283  0.789097  2.01283  0.789097  2.06589  0.627578  
2.00937  0.824834  2.00937  0.824834  2.00937  0.824834  
2.00566  0.861414  2.00566  0.861414  1.98372  1.04964  
2.00168  0.89885  2.00168  0.89885  1.98685  1.02505  
1.9974  0.937172  1.9974  0.937172  2.034  0.973766  
1.99283  0.976386  1.99283  0.976386  1.98449  1.04366  
1.98793  1.01651  1.98793  1.01651  1.98793  1.01651  
1.98268  1.05758  1.98268  1.05758  1.8083  1.94441  
1.97708  1.09959  1.97708  1.09959  1.92824  1.42448  
1.97109  1.14257  1.97109  1.14257  1.976  1.14747  
1.9647  1.18653  1.9647  1.18653  1.9647  1.18653  
1.95788  1.23148  1.95788  1.23148  1.7128  2.26271  
1.95061  1.27744  1.95061  1.27744  2.01488  1.12732  
1.94285  1.32442  1.94285  1.32442  1.74371  2.17371  
1.9346  1.37243  1.9346  1.37243  1.89136  1.59693  
1.92581  1.42148  1.92581  1.42148  1.91397  1.48456  
1.91646  1.47156  1.91646  1.47156  1.92186  1.47696  
1.90652  1.52268  1.90652  1.52268  1.93459  1.38446  
1.89596  1.57483  1.89596  1.57483  1.90047  1.57934  
1.88475  1.62802  1.88475  1.62802  1.8426  1.8285  
1.87285  1.68225  1.87285  1.68225  1.68335  2.34879  
1.86023  1.73748  1.86023  1.73748  1.86985  1.69559  
1.84686  1.7937  1.84686  1.7937  1.84686  1.7937  
1.8327  1.85088  1.8327  1.85088  1.49159  2.81488  
1.81772  1.90901  1.81772  1.90901  1.93373  1.37737  
1.80188  1.96806  1.80188  1.96806  1.80188  1.96806  
1.78515  2.02797  1.78515  2.02797  1.95831  1.2287  
1.76749  2.08871  1.76749  2.08871  1.75749  2.14068  
1.74887  2.15021  1.74887  2.15021  1.41072  3.08081  
1.72925  2.21241  1.72925  2.21241  1.73149  2.20544  
1.70861  2.27525  1.70861  2.27525  1.38733  3.01726  
1.68691  2.33864  1.68691  2.33864  1.38691  3.02021  
1.66412  2.40252  1.66412  2.40252  1.52989  2.73267  
1.64023  2.46677  1.64023  2.46677  1.9888  1.3468  
1.6152  2.5313  1.6152  2.5313  1.6152  2.5313  
1.58902  2.59599  1.58902  2.59599  1.54609  2.69644  
1.56168  2.66075  1.56168  2.66075  1.18552  3.34079  
1.53315  2.72543  1.53315  2.72543  1.4147  2.96716  
1.50345  2.78992  1.50345  2.78992  1.46548  2.86837  
1.47256  2.85407  1.47256  2.85407  0.923315  3.71491  
1.44049  2.91774  1.44049  2.91774  1.44039  2.92248  
1.40726  2.98079  1.40726  2.98079  1.71295  2.26225  
1.37289  3.04306  1.37289  3.04306  1.13516  3.40429  
1.33739  3.10442  1.33739  3.10442  1.03964  3.52063  
1.3008  3.1647  1.3008  3.1647  1.35723  3.07049  
1.26316  3.22376  1.26316  3.22376  0.494178  3.94646  
1.22452  3.28146  1.22452  3.28146  0.661867  3.8541  
1.18492  3.33765  1.18492  3.33765  1.13832  3.40018  
1.14443  3.3922  1.14443  3.3922  1.97826  1.37023  
1.1031  3.44498  1.1031  3.44498  1.1085  3.45038  
1.06101  3.49586  1.06101  3.49586  1.2647  3.22142  
1.01824  3.54474  1.01824  3.54474  0.952974  3.61408  
0.97485  3.59152  0.97485  3.59152  1.12894  3.41231  
0.93094  3.63611  0.93094  3.63611  0.958663  3.60828  
0.886589  3.67844  0.886589  3.67844  0.872819  3.69104  
0.841882  3.71844  0.841882  3.71844  0.823645  3.73402  
0.796908  3.75608  0.796908  3.75608  0.734003  3.80566  
0.751754  3.79131  0.751754  3.79131  0.819912  3.73756  
0.706508  3.82412  0.706508  3.82412  0.830072  3.73063  
0.661256  3.8545  0.661256  3.8545  0.723023  3.81703  
0.616078  3.88245  0.616078  3.88245  0.618092  3.88447  
0.571057  3.90801  0.571057  3.90801  0.571057  3.90801  
0.526269  3.9312  0.526269  3.9312  0.594621  3.97035  
0.481789  3.95206  0.481789  3.95206  0.506624  3.94068  
0.437684  3.97064  0.437684  3.97064  0.36858  3.99562  
0.394019  3.987  0.394019  3.987  0.443854  3.96817  
0.350851  4.00122  0.350851  4.00122  0.357435  3.99918  
0.308236  4.01336  0.308236  4.01336  0.465645  3.96536  
0.266221  4.02351  0.266221  4.02351  0.440164  3.96965  
0.22485  4.03174  0.22485  4.03174  0.213145  4.03376  
