2.00003  0.190776  2.00003  0.190776  1.94185  1.00492  
0.0646451  3.99985  0.0646451  3.99985  0.0694634  4.00467  
1.99916  0.200538  1.99916  0.200538  2.00031  0.299067  
1.99863  0.220748  1.99863  0.220748  1.99888  0.224694  
1.99804  0.241383  1.99804  0.241383  2.0169  0.304333  
1.99738  0.262346  1.99738  0.262346  2.00498  0.290826  
1.99665  0.283749  1.99665  0.283749  2.00207  0.328135  
1.99586  0.305526  1.99586  0.305526  1.9858  0.505008  
1.99497  0.327891  1.99497  0.327891  2.02385  0.383447  
1.99401  0.350652  1.99401  0.350652  2.02136  0.371255  
1.99295  0.373907  1.99295  0.373907  1.99312  0.371392  
1.99181  0.397641  1.99181  0.397641  1.99761  0.459561  
1.99057  0.421888  1.99057  0.421888  1.93873  1.01374  
1.98922  0.44663  1.98922  0.44663  1.9992  0.52986  
1.98776  0.471924  1.98776  0.471924  2.0091  0.506688  
1.98619  0.497764  1.98619  0.497764  1.98936  0.444112  
1.9845  0.524152  1.9845  0.524152  1.9709  0.731291  
1.98267  0.551125  1.98267  0.551125  1.94813  0.920639  
1.98072  0.578662  1.98072  0.578662  1.98473  0.667454  
1.97861  0.606816  1.97861  0.606816  1.98215  0.585126  
1.97635  0.635639  1.97635  0.635639  1.98543  0.755747  
1.97393  0.665062  1.97393  0.665062  1.99747  0.514705  
1.97135  0.695131  1.97135  0.695131  1.97983  0.590938  
1.96858  0.725868  1.96858  0.725868  1.96384  0.775632  
1.96562  0.757293  1.96562  0.757293  1.91648  1.28049  
1.96247  0.789402  1.96247  0.789402  1.95755  0.884667  
1.9591  0.822187  1.9591  0.822187  1.74624  1.95751  
1.9555  0.855828  1.9555  0.855828  1.91209  1.31738  
1.95167  0.890153  1.95167  0.890153  1.95142  0.892462  
1.94759  0.925252  1.94759  0.925252  1.95122  0.952909  
1.94324  0.961135  1.94324  0.961135  1.95436  0.954733  
1.93862  0.997816  1.93862  0.997816  1.96331  0.877106  
1.9337  1.03531  1.9337  1.03531  1.96482  0.817542  
1.92847  1.07364  1.92847  1.07364  1.89634  1.2824  
1.92291  1.11282  1.92291  1.11282  1.99972  0.518374  
1.91701  1.15286  1.91701  1.15286  1.93307  1.04001  
1.91074  1.19378  1.91074  1.19378  0.928366  3.61084  
1.90409  1.23558  1.90409  1.23558  1.91513  1.1653  
1.89703  1.27829  1.89703  1.27829  1.46415  2.7301  
1.88955  1.32191  1.88955  1.32191  1.86922  1.44812  
1.88161  1.36646  1.88161  1.36646  1.86905  1.49337  
1.87321  1.4119  1.87321  1.4119  1.88575  1.40653  
1.8643  1.45831  1.8643  1.45831  1.86135  1.4733  
1.85486  1.50571  1.85486  1.50571  1.85531  1.50622  
1.84487  1.55403  1.84487  1.55403  1.84691  1.54429  
1.83431  1.60324  1.83431  1.60324  1.80786  1.72534  
1.82314  1.65345  1.82314  1.65345  1.8011  1.77752  
1.81134  1.70458  1.81134  1.70458  1.85363  1.51178  
1.79886  1.7566  1.79886  1.7566  1.77333  1.88669  
1.78569  1.80956  1.78569  1.80956  1.78077  1.82885  
1.77179  1.86343  1.77179  1.86343  1.78084  1.83943  
1.75713  1.91813  1.75713  1.91813  1.77749  1.97779  
1.74167  1.97372  1.74167  1.97372  1.74174  1.97376  
1.72539  2.0301  1.72539  2.0301  1.75561  2.0166  
1.70826  2.08725  1.70826  2.08725  1.26682  3.11055  
1.69024  2.14513  1.69024  2.14513  0.970066  3.5155  
1.67131  2.20372  1.67131  2.20372  1.70582  2.1112  
1.6514  2.2629  1.6514  2.2629  1.54775  2.59393  
1.63053  2.32264  1.63053  2.32264  1.73192  2.01254  
1.60864  2.38287  1.60864  2.38287  1.60453  2.49208  
1.58572  2.44351  1.58572  2.44351  1.58186  2.4954  
1.56175  2.50449  1.56175  2.50449  1.55704  2.54466  
1.5367  2.5657  1.5367  2.5657  1.55111  2.53081  
1.51056  2.62704  1.51056  2.62704  1.51059  2.62705  
1.48331  2.68842  1.48331  2.68842  1.45968  2.73962  
1.45493  2.74971  1.45493  2.74971  1.50661  2.69951  
1.42544  2.8108  1.42544  2.8108  1.43572  2.8336  
1.39481  2.87157  1.39481  2.87157  1.40599  2.87409  
1.36308  2.93191  1.36308  2.93191  1.40234  2.92391  
1.33022  2.99164  1.33022  2.99164  1.30825  3.03016  
1.29627  3.05066  1.29627  3.05066  1.24973  3.12736  
1.26126  3.10884  1.26126  3.10884  1.22495  3.18254  
1.22518  3.16597  1.22518  3.16597  1.1274  3.30916  
1.18811  3.222  1.18811  3.222  1.20982  3.23602  
1.15005  3.27673  1.15005  3.27673  1.1283  3.32905  
1.11106  3.33002  1.11106  3.33002  1.11867  3.32469  
1.07118  3.38169  1.07118  3.38169  1.02731  3.44373  
1.03051  3.4318  1.03051  3.4318  1.0499  3.4092  
0.989118  3.48017  0.989118  3.48017  0.995068  3.47627  
0.947033  3.52663  0.947033  3.52663  1.96531  0.89089  
0.904345  3.5711  0.904345  3.5711  1.00119  3.48229  
0.861167  3.61375  0.861167  3.61375  0.887019  3.59299  
0.817474  3.65381  0.817474  3.65381  1.83114  1.71532  
0.773453  3.69188  0.773453  3.69188  1.50937  2.66087  
0.729187  3.7279  0.729187  3.7279  1.40446  2.89715  
0.684659  3.76124  0.684659  3.76124  0.957935  3.52006  
0.640015  3.7924  0.640015  3.7924  1.4569  2.78992  
0.595427  3.82133  0.595427  3.82133  1.85972  1.53526  
0.550853  3.84791  0.550853  3.84791  1.80336  1.84074  
0.506429  3.87231  0.506429  3.87231  1.90345  1.42377  
0.462195  3.8944  0.462195  3.8944  0.462233  3.89444  
0.418242  3.91415  0.418242  3.91415  0.708791  3.78897  
0.374659  3.93161  0.374659  3.93161  1.64799  2.3944  
0.331486  3.94711  0.331486  3.94711  0.371012  3.96069  
0.288785  3.96044  0.288785  3.96044  0.166227  4.00962  
0.246609  3.97175  0.246609  3.97175  0.243618  3.99354  
0.20502  3.98113  0.20502  3.98113  0.214499  3.98794  
0.164066  3.98864  0.164066  3.98864  0.184972  4.00991  
0.123767  3.99438  0.123767  3.99438  0.123767  3.99438  
0.0841699  3.99843  0.0841699  3.99843  1.33461  3.02794  
