2  8.60513e-16  2  8.60513e-16  2.0119  0.0390504  
8.53135e-07  4  8.53135e-07  4  0.439915  3.9065  
1.99999  0.0102558  1.99999  0.0102558  2.01447  0.0245424  
1.99994  0.0310871  1.99994  0.0310871  2  0.00430615  
1.99983  0.0523508  1.99983  0.0523508  2.00015  0.255841  
1.99966  0.0740606  1.99966  0.0740606  2.00213  0.0760575  
1.99942  0.0962281  1.99942  0.0962281  1.99926  0.10875  
1.99912  0.118866  1.99912  0.118866  2.0105  0.201846  
1.99874  0.141987  1.99874  0.141987  1.99978  0.163221  
1.99829  0.165603  1.99829  0.165603  2.00293  0.0522355  
1.99775  0.18973  1.99775  0.18973  1.9877  0.442954  
1.99713  0.21438  1.99713  0.21438  1.99713  0.214304  
1.99641  0.239569  1.99641  0.239569  1.04509  3.41044  
1.9956  0.26531  1.9956  0.26531  2.00308  0.28841  
1.99468  0.291619  1.99468  0.291619  1.99468  0.291623  
1.99365  0.318511  1.99365  0.318511  1.72012  2.05726  
1.9925  0.346003  1.9925  0.346003  2.00191  0.32974  
1.99123  0.37411  1.99123  0.37411  1.9901  0.39752  
1.98983  0.402848  1.98983  0.402848  1.98876  0.423528  
1.98829  0.432235  1.98829  0.432235  1.96644  0.764259  
1.9866  0.462291  1.9866  0.462291  1.98186  0.657549  
1.98475  0.493028  1.98475  0.493028  1.97484  0.641856  
1.98273  0.524466  1.98273  0.524466  1.98273  0.524451  
1.98054  0.556623  1.98054  0.556623  1.98413  0.56402  
1.97816  0.589518  1.97816  0.589518  1.90391  1.24346  
1.97558  0.623169  1.97558  0.623169  1.91679  1.14178  
1.97279  0.657596  1.97279  0.657596  1.9717  0.680869  
1.96977  0.692816  1.96977  0.692816  1.96031  0.829039  
1.96652  0.728849  1.96652  0.728849  1.94943  0.893801  
1.96301  0.765713  1.96301  0.765713  1.87685  1.38192  
1.95924  0.803428  1.95924  0.803428  1.96448  0.808662  
1.95519  0.842012  1.95519  0.842012  1.95519  0.842012  
1.95083  0.881477  1.95083  0.881477  1.8933  1.28905  
1.94616  0.921867  1.94616  0.921867  1.94843  0.924138  
1.94115  0.963169  1.94115  0.963169  1.95007  0.972083  
1.93579  1.00541  1.93579  1.00541  1.86224  1.45883  
1.93005  1.04861  1.93005  1.04861  1.93109  1.04523  
1.92392  1.09278  1.92392  1.09278  1.91338  1.16443  
1.91736  1.13794  1.91736  1.13794  1.89539  1.34326  
1.91036  1.1841  1.91036  1.1841  1.91036  1.1841  
1.90289  1.23128  1.90289  1.23128  1.86947  1.42139  
1.89492  1.27948  1.89492  1.27948  1.955  0.863039  
1.88644  1.3287  1.88644  1.3287  1.88659  1.32781  
1.8774  1.37897  1.8774  1.37897  1.926  1.16306  
1.86777  1.43027  1.86777  1.43027  1.88209  1.3773  
1.85754  1.48262  1.85754  1.48262  1.85754  1.48262  
1.84667  1.536  1.84667  1.536  1.86778  1.43025  
1.83511  1.59042  1.83511  1.59042  1.89461  1.30527  
1.82285  1.64587  1.82285  1.64587  1.90477  1.2196  
1.80984  1.70232  1.80984  1.70232  1.80607  1.72418  
1.79605  1.75977  1.79605  1.75977  1.82692  1.65394  
1.78145  1.81818  1.78145  1.81818  1.80367  1.74321  
1.76599  1.87753  1.76599  1.87753  1.80318  1.73037  
1.74964  1.93778  1.74964  1.93778  1.79358  1.76981  
1.73237  1.99889  1.73237  1.99889  1.69838  2.11258  
1.71414  2.06081  1.71414  2.06081  1.68957  2.14042  
1.6949  2.12349  1.6949  2.12349  1.70862  2.07907  
1.67463  2.18688  1.67463  2.18688  1.45825  2.74141  
1.6533  2.25088  1.6533  2.25088  0.566465  3.84738  
1.63086  2.31542  1.63086  2.31542  1.55158  2.52398  
1.60729  2.38042  1.60729  2.38042  1.55434  2.51715  
1.58257  2.44579  1.58257  2.44579  1.49774  2.65087  
1.55666  2.51141  1.55666  2.51141  1.47353  2.73558  
1.52955  2.57718  1.52955  2.57718  1.48069  2.6889  
1.50122  2.64298  1.50122  2.64298  1.44934  2.75638  
1.47165  2.70869  1.47165  2.70869  1.31526  3.01337  
1.44084  2.77415  1.44084  2.77415  1.44084  2.77415  
1.40879  2.83924  1.40879  2.83924  1.46606  2.72078  
1.37549  2.90381  1.37549  2.90381  1.41509  2.87136  
1.34096  2.96771  1.34096  2.96771  1.40639  2.86899  
1.30522  3.03077  1.30522  3.03077  1.30522  3.03077  
1.26829  3.09286  1.26829  3.09286  1.37216  2.96038  
1.2302  3.15379  1.2302  3.15379  1.20596  3.19103  
1.19099  3.21344  1.19099  3.21344  1.19552  3.21797  
1.15071  3.27162  1.15071  3.27162  1.5007  2.68357  
1.1094  3.3282  1.1094  3.3282  0.783093  3.69838  
1.06713  3.38303  1.06713  3.38303  1.12625  3.30549  
1.02397  3.43598  1.02397  3.43598  0.860346  3.61099  
0.979983  3.48691  0.979983  3.48691  0.97708  3.49017  
0.935253  3.5357  0.935253  3.5357  0.938524  3.53224  
0.889863  3.58226  0.889863  3.58226  0.827845  3.64125  
0.843899  3.62648  0.843899  3.62648  0.843899  3.62648  
0.797451  3.66828  0.797451  3.66828  0.869083  3.60261  
0.750617  3.7076  0.750617  3.7076  1.07611  3.37164  
0.703487  3.74439  0.703487  3.74439  0.843945  3.62643  
0.656153  3.7786  0.656153  3.7786  0.575865  3.867  
0.60873  3.81022  0.60873  3.81022  0.698126  3.77452  
0.561287  3.83925  0.561287  3.83925  1.19897  3.20154  
0.513926  3.86568  0.513926  3.86568  0.617373  3.80614  
0.466747  3.88955  0.466747  3.88955  0.328971  3.94552  
0.419807  3.91089  0.419807  3.91089  1.03959  3.41716  
0.373215  3.92974  0.373215  3.92974  0.48807  3.87907  
0.327031  3.94616  0.327031  3.94616  0.340215  3.9417  
0.281328  3.96023  0.281328  3.96023  0.437635  3.90306  
0.236174  3.97201  0.236174  3.97201  0.286182  3.95884  
0.191628  3.9816  0.191628  3.9816  0.205952  3.97874  
0.147744  3.98907  0.147744  3.98907  0.220229  3.98491  
0.104569  3.99453  0.104569  3.99453  0.10262  3.99473  
0.0621461  3.99807  0.0621461  3.99807  0.402286  3.91825  
0.0205121  3.99979  0.0205121  3.99979  0.24983  3.96867  
