1.04658  1.14256e-07  1.04658  1.14256e-07  1.06562  0.0036938  
7.00812e-12  1  7.00812e-12  1  8.98408e-11  1  
0.995209  0.00509592  0.995209  0.00509592  1.02598  0.00908099  
0.987365  0.0151733  0.987365  0.0151733  2.07558  1.05734  
0.977473  0.0247488  0.977473  0.0247488  3.1515  2.07944  
0.966973  0.0354868  0.966973  0.0354868  4.02117  2.96771  
0.958505  0.045275  0.958505  0.045275  0.964261  0.0462736  
0.944502  0.056125  0.944502  0.056125  0.963564  0.100693  
0.934926  0.0663098  0.934926  0.0663098  1.00471  0.134439  
0.923627  0.0765004  0.923627  0.0765004  0.930051  0.0813859  
0.913513  0.0867515  0.913513  0.0867515  1.11412  0.157644  
0.904431  0.0967953  0.904431  0.0967953  0.91352  0.119811  
0.893849  0.107197  0.893849  0.107197  1.08076  0.265646  
0.883838  0.117066  0.883838  0.117066  0.890982  0.14733  
0.874449  0.127735  0.874449  0.127735  0.927218  0.192827  
0.862395  0.137774  0.862395  0.137774  1.83017  1.00991  
0.853226  0.148147  0.853226  0.148147  0.855131  0.273703  
0.842056  0.158202  0.842056  0.158202  1.04654  0.301857  
0.831972  0.168416  0.831972  0.168416  1.14584  0.264943  
0.821517  0.17859  0.821517  0.17859  0.852812  0.220467  
0.811346  0.1888  0.811346  0.1888  0.935368  0.308866  
0.801103  0.199  0.801103  0.199  0.803912  0.199708  
0.791102  0.209257  0.791102  0.209257  0.795018  0.293526  
0.78133  0.219572  0.78133  0.219572  0.78788  0.217663  
0.770965  0.229645  0.770965  0.229645  0.793702  0.259521  
0.760682  0.239946  0.760682  0.239946  0.887173  0.405779  
0.75016  0.250053  0.75016  0.250053  0.757558  0.263292  
0.739952  0.260258  0.739952  0.260258  0.811371  0.269457  
0.729736  0.270429  0.729736  0.270429  0.738039  0.267907  
0.719617  0.280697  0.719617  0.280697  0.787274  0.368424  
0.709356  0.290858  0.709356  0.290858  0.724854  0.276256  
0.699044  0.301049  0.699044  0.301049  0.882662  0.444654  
0.688856  0.311242  0.688856  0.311242  0.733006  0.397742  
0.678636  0.321455  0.678636  0.321455  1.35158  0.9254  
0.668456  0.331674  0.668456  0.331674  0.674007  0.32851  
0.658345  0.341889  0.658345  0.341889  0.658142  0.343323  
0.64803  0.352077  0.64803  0.352077  1.10851  0.718328  
0.63787  0.362283  0.63787  0.362283  0.685277  0.347295  
0.627666  0.372502  0.627666  0.372502  0.627703  0.372526  
0.617433  0.382695  0.617433  0.382695  0.606917  0.393367  
0.607182  0.39288  0.607182  0.39288  0.588558  0.422498  
0.596981  0.403084  0.596981  0.403084  0.576744  0.426294  
0.586758  0.413281  0.586758  0.413281  0.611086  0.420557  
0.576565  0.423495  0.576565  0.423495  0.598972  0.409863  
0.566379  0.433712  0.566379  0.433712  0.589482  0.414481  
0.556136  0.443886  0.556136  0.443886  0.58109  0.419693  
0.545947  0.454106  0.545947  0.454106  0.542137  0.460579  
0.53574  0.464308  0.53574  0.464308  0.536899  0.464382  
0.525544  0.474521  0.525544  0.474521  0.520206  0.479968  
0.515324  0.484708  0.515324  0.484708  0.525182  0.474996  
0.505134  0.494933  0.505134  0.494933  0.517629  0.483282  
0.494916  0.50512  0.494916  0.50512  0.496238  0.513108  
0.484719  0.515333  0.484719  0.515333  0.495306  0.524172  
0.47451  0.525534  0.47451  0.525534  0.446324  0.55597  
0.464302  0.535733  0.464302  0.535733  0.460395  0.542492  
0.4541  0.545941  0.4541  0.545941  0.454676  0.548094  
0.443886  0.556133  0.443886  0.556133  0.407397  0.631905  
0.433691  0.56635  0.433691  0.56635  0.437266  0.569923  
0.423481  0.57655  0.423481  0.57655  0.42358  0.576712  
0.413271  0.586749  0.413271  0.586749  0.429593  0.573492  
0.403079  0.596964  0.403079  0.596964  0.415641  0.622948  
0.392864  0.607152  0.392864  0.607152  0.377986  0.622046  
0.382664  0.617364  0.382664  0.617364  0.382672  0.617374  
0.372453  0.627563  0.372453  0.627563  0.372525  0.627679  
0.362247  0.637761  0.362247  0.637761  0.362366  0.638035  
0.352044  0.647973  0.352044  0.647973  0.352295  0.648067  
0.341836  0.658173  0.341836  0.658173  0.32795  0.6725  
0.331635  0.668372  0.331635  0.668372  0.331709  0.668623  
0.321429  0.67858  0.321429  0.67858  0.321445  0.678973  
0.311225  0.688782  0.311225  0.688782  0.285042  0.71572  
0.301016  0.698988  0.301016  0.698988  0.735139  0.625349  
0.290816  0.709189  0.290816  0.709189  0.290822  0.709209  
0.280603  0.719402  0.280603  0.719402  0.281004  0.719531  
0.270397  0.729611  0.270397  0.729611  1.17323  1.03982  
0.260185  0.739831  0.260185  0.739831  0.260263  0.739917  
0.25  0.750003  0.25  0.750003  0.245904  0.754101  
0.239788  0.760217  0.239788  0.760217  0.239909  0.760603  
0.229582  0.77042  0.229582  0.77042  0.242228  0.757788  
0.219384  0.78062  0.219384  0.78062  0.216173  0.78383  
0.209184  0.790817  0.209184  0.790817  0.20919  0.79082  
0.198977  0.801025  0.198977  0.801025  0.200463  0.801025  
0.188768  0.811234  0.188768  0.811234  0.157662  0.842354  
0.178568  0.821433  0.178568  0.821433  0.178697  0.821433  
0.16836  0.831641  0.16836  0.831641  0.168421  0.835677  
0.158157  0.841844  0.158157  0.841844  0.178919  0.821311  
0.14795  0.85205  0.14795  0.85205  0.147952  0.852051  
0.137754  0.862249  0.137754  0.862249  0.132562  0.867568  
0.127546  0.872454  0.127546  0.872454  0.156715  0.843351  
0.117344  0.882656  0.117344  0.882656  0.0703944  0.929606  
0.10714  0.89286  0.10714  0.89286  0.10714  0.89286  
0.0969347  0.903065  0.0969347  0.903065  0.131768  0.868232  
0.0867343  0.913266  0.0867343  0.913266  0.0865536  0.913621  
0.0765285  0.923471  0.0765285  0.923471  0.484687  0.640575  
0.0663251  0.933675  0.0663251  0.933675  0.0663322  0.938175  
0.0561213  0.943879  0.0561213  0.943879  4.81326  4.26408  
0.0459183  0.954082  0.0459183  0.954082  0.0471396  0.952971  
0.0357141  0.964286  0.0357141  0.964286  0.058749  0.943216  
0.02551  0.97449  0.02551  0.97449  1.79737  1.66417  
0.0153036  0.984696  0.0153036  0.984696  0.587869  0.68234  
0.00508874  0.994911  0.00508874  0.994911  0.00550513  0.997618  
