2.00012  0.000124361  0.000124361  2.00012  0.000124361  0.000124361  2.00629  0.00628979  0.00628979  
0.0132392  4.01324  0.0132393  0.0132392  4.01324  0.0132393  0.157115  4.07217  0.0755005  
0.000557961  0.000557961  6.00056  0.000557961  0.000557961  6.00056  0.00543032  0.00543032  6.00543  
1.99973  0.0764524  0.0103631  1.99973  0.0764524  0.0103631  2.00089  0.134752  0.0122586  
1.99717  0.211234  0.0663551  1.99717  0.211234  0.0663551  2.00127  0.124955  0.078162  
1.99745  0.0840109  0.281897  1.99745  0.0840109  0.281897  2.44442  0.450136  0.617183  
1.98964  0.407778  0.0265067  1.98964  0.407778  0.0265067  1.98891  0.411604  0.162473  
1.99429  0.203557  0.341145  1.99429  0.203557  0.341145  1.99534  0.203044  0.388889  
1.98926  0.387807  0.229451  1.98926  0.387807  0.229451  2.1226  0.521146  0.362791  
1.98956  0.0847414  0.607737  1.98956  0.0847414  0.607737  1.98486  0.00868126  0.834284  
1.96872  0.708864  0.00802887  1.96872  0.708864  0.00802887  2.01862  0.596736  0.0552796  
1.9858  0.365243  0.468294  1.9858  0.365243  0.468294  2.04243  0.370442  0.522808  
1.97421  0.61741  0.27611  1.97421  0.61741  0.27611  1.97424  0.634096  0.277355  
1.98091  0.180578  0.788961  1.98091  0.180578  0.788961  2.03717  0.292818  0.919099  
1.95569  0.832833  0.163839  1.95569  0.832833  0.163839  1.95823  0.835374  0.166381  
1.97668  0.343857  0.758371  1.97668  0.343857  0.758371  1.97261  0.171354  0.959351  
1.96592  0.65584  0.510625  1.96592  0.65584  0.510625  1.9485  0.874898  0.358796  
1.96255  0.000221768  1.15925  1.96255  0.000221768  1.15925  2.04351  0.0659948  0.963217  
1.90385  1.22616  0.000122688  1.90385  1.22616  0.000122688  1.96672  1.32945  0.0686698  
1.95913  0.643275  0.729353  1.95913  0.643275  0.729353  1.92611  0.97663  0.69627  
1.92946  1.02188  0.396081  1.92946  1.02188  0.396081  1.96626  0.681224  0.418111  
1.95408  0.330242  1.18133  1.95408  0.330242  1.18133  1.91943  0.328591  1.62148  
1.89089  1.29453  0.231943  1.89089  1.29453  0.231943  1.87325  1.3862  0.348607  
1.94693  0.569135  1.08199  1.94693  0.569135  1.08199  1.96554  0.581289  0.927691  
1.92134  1.01334  0.691707  1.92134  1.01334  0.691707  1.96771  0.717953  0.289999  
1.92455  0.166853  1.61844  1.92455  0.166853  1.61844  1.93895  0.115617  1.63172  
1.83096  1.60738  0.165689  1.83096  1.60738  0.165689  1.8672  1.59171  0.157925  
1.92355  0.787943  1.15184  1.92355  0.787943  1.15184  1.91737  0.728292  1.32669  
1.87902  1.29612  0.675456  1.87902  1.29612  0.675456  1.90838  1.21038  0.198146  
1.9057  0.322193  1.7603  1.9057  0.322193  1.7603  1.87856  0.321124  2.04776  
1.82275  1.6198  0.452763  1.82275  1.6198  0.452763  1.82474  1.62178  0.451651  
1.90061  0.631767  1.61564  1.90061  0.631767  1.61564  1.90724  0.638401  1.62227  
1.8718  1.22052  1.07772  1.8718  1.22052  1.07772  1.97723  1.07896  0.528917  
1.84993  0.0439712  2.28623  1.84993  0.0439712  2.28623  1.74185  0.449542  3.17135  
1.67632  2.1843  0.0167134  1.67632  2.1843  0.0167134  1.5957  2.57168  0.0560272  
1.85306  1.23115  1.31139  1.85306  1.23115  1.31139  1.9058  1.27908  1.12795  
1.76176  1.84281  0.664357  1.76176  1.84281  0.664357  1.85715  2.01073  0.775012  
1.84826  0.638656  2.08878  1.84826  0.638656  2.08878  1.79358  0.916926  2.45858  
1.66875  2.19581  0.34651  1.66875  2.19581  0.34651  1.90185  1.43259  0.301883  
1.83051  1.04093  1.85973  1.83051  1.04093  1.85973  1.9159  0.611541  1.89459  
1.75755  1.75959  1.12181  1.75755  1.75959  1.12181  1.76907  1.7711  1.13333  
1.78039  0.326237  2.69505  1.78039  0.326237  2.69505  1.83817  0.171871  2.44265  
1.55314  2.52229  0.112877  1.55314  2.52229  0.112877  1.74992  1.93027  0.41803  
1.77555  1.36301  1.87059  1.77555  1.36301  1.87059  1.78537  1.37275  1.87702  
1.66428  2.11379  1.0305  1.66428  2.11379  1.0305  1.78488  1.95879  1.08816  
1.74285  0.570305  2.82577  1.74285  0.570305  2.82577  1.93624  0.14793  2.291  
1.54796  2.49983  0.636032  1.54796  2.49983  0.636032  1.90916  2.84526  0.992705  
1.7298  1.07683  2.54917  1.7298  1.07683  2.54917  1.74301  1.29499  2.56919  
1.65621  1.96737  1.62952  1.65621  1.96737  1.62952  1.71568  2.02684  1.68899  
1.62796  0.00141815  3.48929  1.62796  0.00141815  3.48929  1.56008  0.0356921  3.91696  
1.33882  2.97393  0.0591655  1.33882  2.97393  0.0591655  0.977457  3.61299  0.299147  
1.63931  1.78996  2.16021  1.63931  1.78996  2.16021  1.81535  1.3837  2.14596  
1.47866  2.59743  1.08965  1.47866  2.59743  1.08965  1.52289  2.64166  1.13388  
1.61122  0.845572  3.32441  1.61122  0.845572  3.32441  1.67193  0.977891  4.14856  
1.33136  2.96104  0.602689  1.33136  2.96104  0.602689  1.35332  2.98987  0.265183  
1.58389  1.44425  2.96206  1.58389  1.44425  2.96206  1.39325  1.80541  3.49273  
1.46887  2.44796  1.78617  1.46887  2.44796  1.78617  1.51412  2.49321  1.83142  
1.4674  0.333737  4.04894  1.4674  0.333737  4.04894  1.55953  0.398895  3.98779  
1.17006  3.2355  0.393501  1.17006  3.2355  0.393501  1.0244  3.54632  0.448807  
1.48144  1.86553  2.91361  1.48144  1.86553  2.91361  1.33859  2.48906  2.9857  
1.31752  2.82437  1.58254  1.31752  2.82437  1.58254  1.4369  2.98288  0.945252  
1.39787  0.677976  4.17343  1.39787  0.677976  4.17343  1.42596  0.706064  4.20152  
1.15635  3.2008  0.973032  1.15635  3.2008  0.973032  1.62618  2.48614  0.896316  
1.38472  1.3724  3.82355  1.38472  1.3724  3.82355  1.48576  1.32379  3.89617  
1.289  2.59634  2.43499  1.289  2.59634  2.43499  1.19119  2.89182  2.54813  
1.20062  0.0345066  4.80962  1.20062  0.0345066  4.80962  1.87441  1.85222  6.01478  
0.858846  3.61609  0.0169414  0.858846  3.61609  0.0169414  1.37725  3.99113  0.45207  
1.20936  2.63181  2.7154  1.20936  2.63181  2.7154  1.28854  2.71098  2.79458  
0.989549  3.38872  1.17539  0.989549  3.38872  1.17539  1.10706  3.50624  1.2929  
1.19101  1.3874  4.35128  1.19101  1.3874  4.35128  1.26407  1.45949  4.44951  
0.830013  3.62197  0.551716  0.830013  3.62197  0.551716  1.16638  3.54886  0.377198  
1.12491  2.17523  3.75088  1.12491  2.17523  3.75088  1.28051  3.47947  4.17509  
0.953661  3.25355  2.01706  0.953661  3.25355  2.01706  1.53031  4.06788  3.45796  
0.998514  0.657344  5.10942  0.998514  0.657344  5.10942  1.15062  1.03867  4.79264  
0.668022  3.76997  0.27176  0.668022  3.76997  0.27176  0.777195  3.82876  0.351718  
0.956207  2.63216  3.49488  0.956207  2.63216  3.49488  1.15097  2.90198  4.17846  
0.771373  3.52543  1.6599  0.771373  3.52543  1.6599  0.861262  3.61532  1.74979  
0.880737  1.11468  5.12215  0.880737  1.11468  5.12215  1.44704  1.01961  5.56729  
0.621642  3.7563  0.910561  0.621642  3.7563  0.910561  1.06777  3.77247  0.873822  
0.828454  1.99972  4.56497  0.828454  1.99972  4.56497  0.787336  2.2703  4.36325  
0.707126  3.30079  2.64681  0.707126  3.30079  2.64681  0.921995  3.42793  3.27379  
0.677355  0.281395  5.73716  0.677355  0.281395  5.73716  1.04805  0.955892  5.07629  
0.424684  3.91136  0.0406069  0.424684  3.91136  0.0406069  1.24734  4.91073  1.15221  
0.634781  2.99245  3.49919  0.634781  2.99245  3.49919  1.06448  2.88049  3.66758  
0.479671  3.74876  1.52374  0.479671  3.74876  1.52374  1.48096  4.69022  2.14874  
0.57132  1.42475  5.34174  0.57132  1.42475  5.34174  2.65741  1.59708  4.2282  
0.263024  3.93285  0.763749  0.263024  3.93285  0.763749  0.412509  4.06928  1.06415  
0.500387  2.34748  4.64967  0.500387  2.34748  4.64967  0.547512  2.23259  4.8428  
0.392792  3.54845  2.50736  0.392792  3.54845  2.50736  0.347438  3.52951  3.67355  
0.375271  0.548688  5.83762  0.375271  0.548688  5.83762  1.1087  2.34681  3.86044  
0.159427  3.97702  0.436551  0.159427  3.97702  0.436551  0.159572  3.977  0.639488  
0.329853  2.79765  4.22434  0.329853  2.79765  4.22434  0.349837  2.82842  4.23273  
0.235926  3.73658  2.0243  0.235926  3.73658  2.0243  0.240245  3.7409  2.02861  
0.239701  1.01264  5.82216  0.239701  1.01264  5.82216  0.266582  1.05161  5.93408  
0.147502  3.91595  1.14654  0.147502  3.91595  1.14654  0.39985  4.1683  1.39888  
0.157525  1.98531  5.27667  0.157525  1.98531  5.27667  0.496786  2.03396  5.41587  
0.121648  3.4194  3.11422  0.121648  3.4194  3.11422  0.118109  3.46581  3.1557  
0.0805305  0.0130269  5.99594  0.0805305  0.0130269  5.99594  0.105144  0.0376401  6.02055  
0.0315497  4.00037  0.000843876  0.0315497  4.00037  0.000843876  0.0332696  4.00209  0.00256381  
0.00973804  3.23688  3.5548  0.00973804  3.23688  3.5548  0.104086  3.27784  3.59741  
