2.00006  6.03623e-05  2.00006  6.03623e-05  2.01182  0.01182  
0.0500686  4.05007  0.0500686  4.05007  0.125824  4.12582  
2.00003  0.00119138  2.00003  0.00119138  2.00084  0.00177029  
1.99999  0.0249156  1.99999  0.0249156  2.02673  0.116499  
1.99989  0.0479955  1.99989  0.0479955  2.02707  0.0520094  
1.99972  0.0710533  1.99972  0.0710533  2.03951  0.110843  
1.99948  0.0935009  1.99948  0.0935009  2.07227  0.166287  
1.99919  0.11593  1.99919  0.11593  2.02911  0.122149  
1.99885  0.138361  1.99885  0.138361  2.05137  0.261352  
1.99842  0.161459  1.99842  0.161459  2.00068  0.147028  
1.99791  0.184942  1.99791  0.184942  2.00136  0.164904  
1.99733  0.209073  1.99733  0.209073  2.0001  0.148408  
1.99666  0.233588  1.99666  0.233588  2.00071  0.349921  
1.99589  0.258738  1.99589  0.258738  2.0196  0.282446  
1.99503  0.284363  1.99503  0.284363  2.00564  0.39283  
1.99406  0.310592  1.99406  0.310592  1.99554  0.270342  
1.99298  0.337429  1.99298  0.337429  2.00368  0.404825  
1.99178  0.364857  1.99178  0.364857  2.07737  0.436763  
1.99046  0.392892  1.99046  0.392892  1.99499  0.463342  
1.989  0.42156  1.989  0.42156  1.98493  0.493214  
1.9874  0.450874  1.9874  0.450874  2.00549  0.355798  
1.98565  0.480876  1.98565  0.480876  2.42125  0.700887  
1.98374  0.511545  1.98374  0.511545  2.15381  0.568997  
1.98167  0.542895  1.98167  0.542895  1.98511  0.546338  
1.9794  0.575021  1.9794  0.575021  1.99722  0.612208  
1.97696  0.607864  1.97696  0.607864  2.03973  0.687462  
1.97431  0.641455  1.97431  0.641455  1.97856  0.650649  
1.97145  0.67585  1.97145  0.67585  2.0496  0.754003  
1.96836  0.711009  1.96836  0.711009  1.97094  0.714739  
1.96504  0.74696  1.96504  0.74696  1.97231  0.734025  
1.96145  0.783848  1.96145  0.783848  1.97339  0.795795  
1.9576  0.821509  1.9576  0.821509  1.95977  0.84401  
1.95345  0.860092  1.95345  0.860092  1.96202  0.849164  
1.949  0.899474  1.949  0.899474  1.95587  0.88378  
1.94423  0.939913  1.94423  0.939913  1.94711  0.917156  
1.93913  0.981126  1.93913  0.981126  1.92473  1.08933  
1.93368  1.02339  1.93368  1.02339  1.93868  1.00765  
1.92785  1.0666  1.92785  1.0666  1.97485  1.102  
1.92162  1.11081  1.92162  1.11081  1.94114  1.08305  
1.91495  1.15597  1.91495  1.15597  1.89653  1.30412  
1.90783  1.2021  1.90783  1.2021  1.8961  1.27465  
1.90025  1.24931  1.90025  1.24931  1.88174  1.36138  
1.89216  1.29752  1.89216  1.29752  1.91395  1.24901  
1.88356  1.34662  1.88356  1.34662  1.90644  1.4008  
1.87435  1.39696  1.87435  1.39696  1.87466  1.41372  
1.86462  1.44817  1.86462  1.44817  1.86943  1.42315  
1.85423  1.50058  1.85423  1.50058  2.1828  1.12964  
1.84322  1.554  1.84322  1.554  1.83503  1.70416  
1.83152  1.60857  1.83152  1.60857  1.93111  1.47674  
1.8191  1.66403  1.8191  1.66403  1.76603  1.88644  
1.806  1.7204  1.806  1.7204  1.84165  1.7426  
1.79197  1.77791  1.79197  1.77791  1.76277  1.90415  
1.77727  1.83628  1.77727  1.83628  1.81273  1.69753  
1.76166  1.89563  1.76166  1.89563  1.77624  1.91021  
1.74515  1.95584  1.74515  1.95584  1.75381  1.92519  
1.72772  2.01699  1.72772  2.01699  1.69135  2.13925  
1.70911  2.07865  1.70911  2.07865  1.73379  2.0295  
1.68998  2.14157  1.68998  2.14157  1.76395  1.92815  
1.66957  2.20488  1.66957  2.20488  1.77705  2.18277  
1.64801  2.26875  1.64801  2.26875  1.72016  2.17548  
1.62614  2.3334  1.62614  2.3334  1.70315  2.22261  
1.6024  2.39883  1.6024  2.39883  1.64497  2.4414  
1.57733  2.46393  1.57733  2.46393  1.58867  2.47527  
1.55153  2.52969  1.55153  2.52969  1.57006  2.59231  
1.52423  2.59574  1.52423  2.59574  1.5607  2.74698  
1.49636  2.66262  1.49636  2.66262  1.4833  2.72852  
1.46604  2.7269  1.46604  2.7269  1.87457  3.19823  
1.44281  2.79163  1.44281  2.79163  1.46932  2.77951  
1.4021  2.85443  1.4021  2.85443  1.58277  3.19913  
1.36853  2.91811  1.36853  2.91811  1.38537  2.88643  
1.33391  2.98145  1.33391  2.98145  2.60861  3.34428  
1.29824  3.04373  1.29824  3.04373  1.26113  3.10662  
1.26139  3.10536  1.26139  3.10536  1.28813  3.14151  
1.22332  3.16572  1.22332  3.16572  1.30877  3.04885  
1.18431  3.22494  1.18431  3.22494  1.19795  3.33739  
1.14415  3.28244  1.14415  3.28244  1.01558  3.4848  
1.10303  3.33813  1.10303  3.33813  1.13696  3.32318  
1.06118  3.3934  1.06118  3.3934  1.18217  3.3492  
1.01833  3.44573  1.01833  3.44573  1.01216  3.51886  
0.975069  3.49736  0.975069  3.49736  1.00979  3.53392  
0.930844  3.54573  0.930844  3.54573  1.13719  3.53576  
0.885656  3.59339  0.885656  3.59339  0.9237  3.58567  
0.839971  3.63652  0.839971  3.63652  0.822833  3.6623  
0.793957  3.67522  0.793957  3.67522  0.73816  3.88702  
0.747439  3.71235  0.747439  3.71235  0.730502  3.77107  
0.70115  3.75076  0.70115  3.75076  0.749889  3.75855  
0.654722  3.78685  0.654722  3.78685  0.70205  3.83418  
0.608502  3.8199  0.608502  3.8199  0.637978  3.84937  
0.561892  3.85119  0.561892  3.85119  0.952552  3.87952  
0.516991  3.89248  0.516991  3.89248  0.59423  3.96567  
0.471065  3.92525  0.471065  3.92525  1.33033  3.55244  
0.311512  3.95188  0.311512  3.95188  0.369421  4.1568  
0.311512  3.95188  0.311512  3.95188  0.338971  3.97934  
0.311512  3.95188  0.311512  3.95188  0.45791  4.06477  
0.277246  3.96367  0.277246  3.96367  0.289913  4.09106  
0.197523  3.98557  0.197523  3.98557  0.253078  4.04112  
0.197523  3.98557  0.197523  3.98557  0.21814  4.00618  
0.0553004  4.04947  0.0553004  4.04947  0.0643169  4.05556  
0.0553004  4.04947  0.0553004  4.04947  0.243022  4.17617  
0.0553004  4.04947  0.0553004  4.04947  0.0616779  4.05585  
