2.06925  0.069464  2.06925  0.069464  2.06704  0.0694643  
0.0696025  4.0696  0.0696025  4.0696  0.316561  3.14061  
1.99125  0.0793186  1.99125  0.0793186  1.9972  0.089612  
1.95572  0.0987817  1.95572  0.0987817  1.95631  0.0983434  
1.93343  0.118255  1.93343  0.118255  2.10351  0.136954  
1.91597  0.137848  1.91597  0.137848  1.94594  0.205174  
1.90109  0.157611  1.90109  0.157611  1.94745  0.105302  
1.88786  0.177576  1.88786  0.177576  1.91187  0.143007  
1.87574  0.197769  1.87574  0.197769  1.97625  0.189663  
1.86444  0.218208  1.86444  0.218208  1.81565  0.321973  
1.85374  0.238908  1.85374  0.238908  1.86594  0.215421  
1.8435  0.259883  1.8435  0.259883  1.85056  0.390954  
1.83361  0.281145  1.83361  0.281145  1.8353  0.27745  
1.82398  0.302705  1.82398  0.302705  1.87267  0.367656  
1.81454  0.324572  1.81454  0.324572  1.81454  0.324572  
1.80525  0.346756  1.80525  0.346756  1.85567  0.392308  
1.79604  0.369263  1.79604  0.369263  1.89829  0.52913  
1.78687  0.392102  1.78687  0.392102  1.74778  0.492192  
1.77771  0.415276  1.77771  0.415276  1.87819  0.575454  
1.76851  0.438791  1.76851  0.438791  1.74555  0.497911  
1.75924  0.462651  1.75924  0.462651  1.66948  0.680773  
1.74985  0.486851  1.74985  0.486851  1.81415  0.551152  
1.74031  0.511393  1.74031  0.511393  1.73217  0.532188  
1.73056  0.53627  1.73056  0.53627  1.73056  0.53627  
1.72056  0.561473  1.72056  0.561473  1.74284  0.504901  
1.71026  0.586986  1.71026  0.586986  1.71038  0.586679  
1.69957  0.612788  1.69957  0.612788  1.75614  0.707791  
1.68843  0.638846  1.68843  0.638846  1.78415  0.68461  
1.67673  0.665114  1.67673  0.665114  1.8271  0.295633  
1.66435  0.691526  1.66435  0.691526  1.7714  0.431378  
1.6511  0.71799  1.6511  0.71799  1.68692  0.753846  
1.63675  0.744368  1.63675  0.744368  1.87788  0.194073  
1.62097  0.770452  1.62097  0.770452  1.71278  0.862263  
1.60323  0.795922  1.60323  0.795922  1.58849  0.813913  
1.58267  0.820222  1.58267  0.820222  1.9321  0.452139  
1.55767  0.842339  1.55767  0.842339  1.91257  0.256068  
1.5249  0.860136  1.5249  0.860136  1.50783  0.907834  
1.47731  0.869041  1.47731  0.869041  1.72099  1.11272  
1.41897  0.87031  1.41897  0.87031  1.61511  0.873059  
1.3767  0.879646  1.3767  0.879646  1.3721  0.881611  
1.34745  0.896308  1.34745  0.896308  1.34745  0.896308  
1.32472  0.916933  1.32472  0.916933  1.30572  1.03693  
1.30562  0.940052  1.30562  0.940052  1.28933  0.964149  
1.28881  0.964987  1.28881  0.964987  1.34369  1.02011  
1.27352  0.991382  1.27352  0.991382  1.36342  1.08128  
1.25929  1.01904  1.25929  1.01904  1.54054  0.853105  
1.24582  1.04782  1.24582  1.04782  1.32228  1.12428  
1.23289  1.07765  1.23289  1.07765  1.42709  1.0014  
1.22033  1.10847  1.22033  1.10847  1.22033  1.10847  
1.20802  1.14025  1.20802  1.14025  1.23134  1.16357  
1.19584  1.17295  1.19584  1.17295  1.23071  1.34356  
1.18369  1.20652  1.18369  1.20652  1.18186  1.21165  
1.17149  1.24094  1.17149  1.24094  1.24299  1.33157  
1.15914  1.27616  1.15914  1.27616  1.15914  1.27616  
1.14656  1.31211  1.14656  1.31211  1.19725  1.27466  
1.13364  1.3487  1.13364  1.3487  1.70405  0.602079  
1.12028  1.38582  1.12028  1.38582  1.12028  1.38582  
1.10633  1.42331  1.10633  1.42331  1.10651  1.42286  
1.09165  1.46092  1.09165  1.46092  1.23701  1.59479  
1.07601  1.49832  1.07601  1.49832  1.54668  0.849632  
1.05916  1.53502  1.05916  1.53502  1.13183  1.58055  
1.04072  1.57029  1.04072  1.57029  1.04072  1.57029  
1.02017  1.60305  1.02017  1.60305  1.03429  1.5813  
0.996753  1.63165  0.996753  1.63165  0.99563  1.63279  
0.96944  1.65369  0.96944  1.65369  1.05112  1.59532  
0.9372  1.66634  0.9372  1.66634  0.933571  1.66705  
0.900605  1.66945  0.900605  1.66945  0.969069  1.73871  
0.864034  1.67055  0.864034  1.67055  1.1163  1.55775  
0.832049  1.67907  0.832049  1.67907  1.0612  1.53079  
0.805203  1.69744  0.805203  1.69744  0.813708  1.70722  
0.782216  1.72418  0.782216  1.72418  0.836773  1.79108  
0.761858  1.7576  0.761858  1.7576  0.833901  1.83813  
0.743259  1.79648  0.743259  1.79648  1.12693  1.508  
0.725819  1.84001  0.725819  1.84001  1.92278  0.278249  
0.709106  1.88766  0.709106  1.88766  0.710713  1.88285  
0.692789  1.93902  0.692789  1.93902  0.760519  1.76013  
0.676591  1.99375  0.676591  1.99375  0.8361  1.67731  
0.660262  2.05145  0.660262  2.05145  0.775733  1.78692  
0.643555  2.11166  0.643555  2.11166  0.940839  1.77589  
0.626202  2.17368  0.626202  2.17368  0.634277  2.145  
0.607895  2.23643  0.607895  2.23643  0.76825  2.29449  
0.588258  2.29827  0.588258  2.29827  0.635318  2.34533  
0.566808  2.35661  0.566808  2.35661  0.621372  2.19059  
0.542947  2.40751  0.542947  2.40751  0.788024  1.73826  
0.516015  2.44553  0.516015  2.44553  0.566386  2.45008  
0.485691  2.46556  0.485691  2.46556  0.61812  2.59799  
0.453034  2.46946  0.453034  2.46946  0.830925  1.95596  
0.420931  2.47255  0.420931  2.47255  0.42385  2.47174  
0.391796  2.49292  0.391796  2.49292  0.571904  2.55458  
0.365846  2.53816  0.365846  2.53816  0.445525  2.46949  
0.342141  2.60838  0.342141  2.60838  1.18304  1.20833  
0.31959  2.70168  0.31959  2.70168  0.43639  2.86025  
0.297185  2.81563  0.297185  2.81563  0.297185  2.81563  
0.273935  2.94584  0.273935  2.94584  0.361129  2.78902  
0.248736  3.08216  0.248736  3.08216  0.248736  3.08216  
0.220331  3.20129  0.220331  3.20129  0.225209  3.18467  
0.187924  3.26414  0.187924  3.26414  0.189305  3.26366  
0.153426  3.27161  0.153426  3.27161  0.261776  3.01361  
0.120837  3.36555  0.120837  3.36555  0.189815  3.30656  
0.0885422  3.76432  0.0885422  3.76432  0.136041  3.81181  
