0.5  0  0  0.5  0  0  1.81318  0.000258721  0  
2.9451e-58  0.5  0  2.9451e-58  0.5  0  4.49388e-57  7.6294  0.709334  
0  0  0.5  0  0  0.5  0  0  0.713778  
0.464128  0.0179393  0.0179324  0.464128  0.0179393  0.0179324  0.464128  0.0179393  0.0179324  
0.437835  0.0466317  0.0155337  0.437835  0.0466317  0.0155337  0.432719  0.0460869  0.0211941  
0.419744  0.0200664  0.0601895  0.419744  0.0200664  0.0601895  89.5762  4.28229  5.2161  
0.40503  0.083102  0.0118683  0.40503  0.083102  0.0118683  0.377174  0.120928  0.00265496  
0.39231  0.0403867  0.0673034  0.39231  0.0403867  0.0673034  0.365005  0.0676912  0.0673034  
0.380949  0.0744154  0.0446353  0.380949  0.0744154  0.0446353  27.8282  6.82719  3.39696  
0.370588  0.0161536  0.113259  0.370588  0.0161536  0.113259  27.1337  0.936545  8.22051  
0.360968  0.130343  0.00868899  0.360968  0.130343  0.00868899  49.8912  20.94  0.0545923  
0.352029  0.0647064  0.0832645  0.352029  0.0647064  0.0832645  0.422878  0.0264572  0.0506647  
0.34358  0.107551  0.0488687  0.34358  0.107551  0.0488687  0.299902  0.112711  0.0873865  
0.335499  0.0308411  0.13366  0.335499  0.0308411  0.13366  0.426884  0.100738  0.106245  
0.32785  0.139889  0.0322609  0.32785  0.139889  0.0322609  14.0944  6.69035  1.43356  
0.320514  0.0560869  0.123399  0.320514  0.0560869  0.123399  91.1385  22.3114  34.7519  
0.313484  0.104906  0.0816099  0.313484  0.104906  0.0816099  11.8106  3.95237  5.40669  
0.306812  0.0118724  0.181315  0.306812  0.0118724  0.181315  0.331959  0.00870048  0.15934  
0.300122  0.193632  0.00624527  0.300122  0.193632  0.00624527  0.240443  0.248629  0.0109281  
0.293795  0.0966512  0.109554  0.293795  0.0966512  0.109554  0.257476  0.120356  0.122169  
0.287624  0.152649  0.0597275  0.287624  0.152649  0.0597275  0.551403  0.292643  0.114504  
0.281656  0.0477537  0.17059  0.281656  0.0477537  0.17059  32.737  3.36261  20.9191  
0.275827  0.189147  0.0350263  0.275827  0.189147  0.0350263  23.0253  13.4662  2.05136  
0.270136  0.0790114  0.150853  0.270136  0.0790114  0.150853  51.6126  15.0961  31.415  
0.264609  0.139756  0.0956346  0.264609  0.139756  0.0956346  45.8568  24.2198  10.4856  
0.259202  0.022553  0.218245  0.259202  0.022553  0.218245  0.282332  0.0243788  0.193289  
0.253869  0.223056  0.0230752  0.253869  0.223056  0.0230752  36.264  31.8626  3.29619  
0.248731  0.102056  0.149213  0.248731  0.102056  0.149213  34.8091  10.7875  17.9881  
0.243646  0.168227  0.0881269  0.243646  0.168227  0.0881269  1.60001  1.10474  0.578727  
0.238665  0.0408312  0.220503  0.238665  0.0408312  0.220503  0.235486  0.0402872  0.224227  
0.233775  0.20799  0.0582345  0.233775  0.20799  0.0582345  0.252508  0.203887  0.0436055  
0.228981  0.0762161  0.194803  0.228981  0.0762161  0.194803  0.262825  0.171473  0.296592  
0.224272  0.146467  0.12926  0.224272  0.146467  0.12926  0.33322  0.217619  0.256921  
0.219625  0.00875216  0.271622  0.219625  0.00875216  0.271622  0.238411  0.00950077  0.252088  
0.215072  0.280489  0.00443849  0.215072  0.280489  0.00443849  0.202529  0.293193  0.00427788  
0.210584  0.140174  0.149241  0.210584  0.140174  0.149241  20.4356  10.1698  9.21577  
0.206167  0.215789  0.0780436  0.206167  0.215789  0.0780436  6.60965  9.31079  3.16556  
0.201476  0.0699656  0.228559  0.201476  0.0699656  0.228559  0.154374  0.107118  0.238508  
0.197511  0.259952  0.0425368  0.197511  0.259952  0.0425368  27.3223  44.0898  5.08203  
0.19326  0.110234  0.196506  0.19326  0.110234  0.196506  65.0018  22.063  43.3328  
0.189097  0.189455  0.121448  0.189097  0.189455  0.121448  3.50041  2.85236  2.15137  
0.184998  0.0344528  0.280549  0.184998  0.0344528  0.280549  31.1376  5.79884  47.2199  
0.180944  0.294141  0.024915  0.180944  0.294141  0.024915  0.182349  0.296424  0.0212272  
0.176916  0.136303  0.18678  0.176916  0.136303  0.18678  0.164185  0.126495  0.209321  
0.172958  0.219741  0.107301  0.172958  0.219741  0.107301  4.31284  6.93101  5.06155  
0.169038  0.056881  0.274081  0.169038  0.056881  0.274081  0.152114  0.0872745  0.260611  
0.165161  0.266834  0.0680051  0.165161  0.266834  0.0680051  33.2273  53.682  13.6813  
0.161352  0.100504  0.238144  0.161352  0.100504  0.238144  0.180214  0.112253  0.265982  
0.157537  0.187283  0.15518  0.157537  0.187283  0.15518  0.157537  0.187283  0.15518  
0.153619  0.0162359  0.330145  0.153619  0.0162359  0.330145  0.153619  0.0162359  0.330145  
0.150113  0.333488  0.0163989  0.150113  0.333488  0.0163989  36.2616  62.2593  1.63734  
0.146447  0.160204  0.193349  0.146447  0.160204  0.193349  6.25756  2.97014  6.64284  
0.1428  0.251155  0.106044  0.1428  0.251155  0.106044  0.162748  0.215173  0.122079  
0.139227  0.0732744  0.287499  0.139227  0.0732744  0.287499  2.76206  3.18692  5.76147  
0.135676  0.301712  0.0626128  0.135676  0.301712  0.0626128  20.3058  50.8227  12.6205  
0.132152  0.120707  0.247141  0.132152  0.120707  0.247141  0.15396  0.147229  0.198811  
0.128672  0.214681  0.156647  0.128672  0.214681  0.156647  0.149125  0.219442  0.131433  
0.125214  0.0292796  0.345507  0.125214  0.0292796  0.345507  8.49829  1.98721  23.4496  
0.121796  0.336839  0.0413653  0.121796  0.336839  0.0413653  10.8043  29.8805  1.3584  
0.118401  0.149048  0.232552  0.118401  0.149048  0.232552  0.148363  0.145019  0.206618  
0.115015  0.24663  0.138355  0.115015  0.24663  0.138355  0.128209  0.21803  0.153761  
0.111693  0.0545543  0.333752  0.111693  0.0545543  0.333752  0.131738  0.0643448  0.303917  
0.108406  0.299808  0.0917863  0.108406  0.299808  0.0917863  0.108406  0.299808  0.0917863  
0.105097  0.104893  0.29001  0.105097  0.104893  0.29001  0.105097  0.104893  0.29001  
0.101871  0.205299  0.19283  0.101871  0.205299  0.19283  0.274695  0.147973  0.0773318  
0.0986533  0.00620722  0.395139  0.0986533  0.00620722  0.395139  0.0854336  0.0117461  0.40282  
0.0954398  0.4014  0.00316033  0.0954398  0.4014  0.00316033  0.181973  0.315953  0.0020737  
0.0922836  0.200641  0.207075  0.0922836  0.200641  0.207075  0.157401  0.279183  0.374371  
0.0891207  0.304948  0.105931  0.0891207  0.304948  0.105931  24.1819  59.4603  16.955  
0.0860178  0.100195  0.313787  0.0860178  0.100195  0.313787  4.03493  2.48261  12.0595  
0.0829049  0.3617  0.0553953  0.0829049  0.3617  0.0553953  0.0619113  0.410952  0.0271368  
0.0797938  0.154294  0.265912  0.0797938  0.154294  0.265912  0.571054  0.940884  1.85695  
0.0767647  0.261217  0.162019  0.0767647  0.261217  0.162019  1.49346  7.97501  4.37434  
0.0737359  0.0499504  0.376314  0.0737359  0.0499504  0.376314  2.35089  1.78887  12.5951  
0.070721  0.399111  0.0301682  0.070721  0.399111  0.0301682  5.02591  29.8633  4.75038  
0.0677319  0.185737  0.246531  0.0677319  0.185737  0.246531  3.1882  29.2616  39.3254  
0.0647376  0.295838  0.139424  0.0647376  0.295838  0.139424  0.097367  0.283559  0.119074  
0.0618173  0.0786617  0.359521  0.0618173  0.0786617  0.359521  2.48779  3.16568  9.84174  
0.0588771  0.354972  0.0861506  0.0588771  0.354972  0.0861506  0.0221058  0.473614  0.0042804  
0.0559671  0.135293  0.30874  0.0559671  0.135293  0.30874  0.0200817  0.17249  0.307428  
0.0530435  0.247917  0.199039  0.0530435  0.247917  0.199039  0.0644332  0.255038  0.180529  
0.0501998  0.0245874  0.425213  0.0501998  0.0245874  0.425213  0.0169956  0.0139637  0.677196  
0.0473224  0.434995  0.0176827  0.0473224  0.434995  0.0176827  0.0615429  0.388527  0.0499302  
0.0445082  0.209962  0.24553  0.0445082  0.209962  0.24553  0.0685972  0.3221  0.282111  
0.0416863  0.325826  0.132488  0.0416863  0.325826  0.132488  1.97851  10.7158  5.81398  
0.0388746  0.0972621  0.363863  0.0388746  0.0972621  0.363863  0.0576072  0.0766271  0.365766  
0.0361034  0.387777  0.0761195  0.0361034  0.387777  0.0761195  0.0253639  0.404759  0.0698768  
0.0332029  0.156815  0.309983  0.0332029  0.156815  0.309983  0.935545  4.41851  15.1045  
0.0305672  0.27506  0.194373  0.0305672  0.27506  0.194373  0.0305672  0.27506  0.194373  
0.0278393  0.0404844  0.431676  0.0278393  0.0404844  0.431676  0.0278393  0.0404844  0.431676  
0.0251041  0.426666  0.04823  0.0251041  0.426666  0.04823  0.720115  12.239  1.38348  
0.0222748  0.190338  0.287387  0.0222748  0.190338  0.287387  9.07113  68.0957  104.306  
0.0197151  0.311431  0.168854  0.0197151  0.311431  0.168854  1.05322  16.6373  4.81059  
0.0169766  0.0716981  0.411325  0.0169766  0.0716981  0.411325  0.147244  12.5374  56.9874  
0.0142956  0.37566  0.110044  0.0142956  0.37566  0.110044  0.0273761  0.367463  0.105161  
0.0116686  0.133523  0.354808  0.0116686  0.133523  0.354808  2.83487  15.2476  57.1647  
0.00908684  0.256956  0.233958  0.00908684  0.256956  0.233958  0.000109921  0.252491  0.247399  
0.00626941  0.011561  0.48217  0.00626941  0.011561  0.48217  0.00626941  0.011561  0.48217  
0.00386867  0.484507  0.0116245  0.00386867  0.484507  0.0116245  0.707685  98.4574  1.07898  
0.00128658  0.237665  0.261048  0.00128658  0.237665  0.261048  0.00031332  0.244925  0.254762  
