2.00008  8.25256e-05  2.00008  8.25256e-05  2.07235  0.0872476  
0.0500026  4.05  0.0500026  4.05  0.100336  4.05173  
2.00006  0.00162043  2.00006  0.00162043  2.03496  0.116877  
1.99998  0.027648  1.99998  0.027648  2.04755  0.0752216  
1.99987  0.0499342  1.99987  0.0499342  2.00291  0.092004  
1.99971  0.0722376  1.99971  0.0722376  2.00025  0.11151  
1.9995  0.0937361  1.9995  0.0937361  2.04529  0.127377  
1.99922  0.115861  1.99922  0.115861  2.04017  0.162475  
1.99888  0.138369  1.99888  0.138369  2.00107  0.127232  
1.99845  0.161498  1.99845  0.161498  2.03692  0.19996  
1.99795  0.185002  1.99795  0.185002  1.99748  0.285069  
1.99737  0.209016  1.99737  0.209016  1.99835  0.209994  
1.99669  0.233676  1.99669  0.233676  1.99688  0.294262  
1.99592  0.258728  1.99592  0.258728  1.99743  0.207923  
1.99504  0.284422  1.99504  0.284422  1.99005  0.402712  
1.99407  0.310629  1.99407  0.310629  2.01101  0.436056  
1.99297  0.337473  1.99297  0.337473  2.04173  0.436347  
1.99176  0.364885  1.99176  0.364885  2.04054  0.383462  
1.99044  0.392835  1.99044  0.392835  1.99041  0.407417  
1.98896  0.421563  1.98896  0.421563  1.98943  0.471198  
1.98735  0.45084  1.98735  0.45084  1.9912  0.438624  
1.98559  0.480901  1.98559  0.480901  1.98788  0.483191  
1.98369  0.511509  1.98369  0.511509  1.98886  0.425876  
1.98161  0.542897  1.98161  0.542897  2.01407  0.559671  
1.97935  0.575012  1.97935  0.575012  2.05509  0.689186  
1.9769  0.607895  1.9769  0.607895  2.16396  0.794952  
1.97426  0.641501  1.97426  0.641501  1.97161  0.673931  
1.9714  0.675889  1.9714  0.675889  1.96369  0.761808  
1.96832  0.710989  1.96832  0.710989  1.96767  0.815031  
1.96497  0.747059  1.96497  0.747059  1.9638  0.822013  
1.9614  0.783834  1.9614  0.783834  1.96535  0.77449  
1.95754  0.82157  1.95754  0.82157  1.96006  0.824091  
1.95339  0.860085  1.95339  0.860085  1.96052  0.846179  
1.94895  0.899575  1.94895  0.899575  1.94926  0.926156  
1.94417  0.939935  1.94417  0.939935  1.95063  0.949448  
1.93905  0.981209  1.93905  0.981209  1.94221  0.985953  
1.93359  1.02337  1.93359  1.02337  1.94941  1.11662  
1.92772  1.06662  1.92772  1.06662  2.03119  1.10914  
1.9215  1.11076  1.9215  1.11076  1.92633  1.11559  
1.91485  1.15596  1.91485  1.15596  1.92128  1.11375  
1.90776  1.20211  1.90776  1.20211  1.9151  1.18518  
1.90021  1.24931  1.90021  1.24931  2.04512  1.14616  
1.89213  1.29755  1.89213  1.29755  1.94082  1.2288  
1.88353  1.3468  1.88353  1.3468  1.89708  1.32324  
1.87438  1.39707  1.87438  1.39707  1.93934  1.2905  
1.86456  1.44839  1.86456  1.44839  1.85475  1.499  
1.85419  1.50075  1.85419  1.50075  1.86361  1.51017  
1.84316  1.55413  1.84316  1.55413  1.83458  1.71095  
1.83144  1.60858  1.83144  1.60858  1.86075  1.83917  
1.81907  1.66397  1.81907  1.66397  1.81721  1.74922  
1.80589  1.72029  1.80589  1.72029  1.8163  1.70595  
1.79202  1.77786  1.79202  1.77786  1.83859  1.85757  
1.77723  1.83623  1.77723  1.83623  1.90877  1.71288  
1.76158  1.89564  1.76158  1.89564  1.8471  1.79363  
1.74519  1.95593  1.74519  1.95593  1.77323  2.03628  
1.72767  2.01695  1.72767  2.01695  1.7284  2.01768  
1.70919  2.0789  1.70919  2.0789  1.71415  2.08386  
1.68989  2.1416  1.68989  2.1416  1.71072  2.16244  
1.66932  2.20486  1.66932  2.20486  1.70197  2.29644  
1.64794  2.2686  1.64794  2.2686  1.62514  2.47534  
1.62549  2.33341  1.62549  2.33341  1.28552  3.76355  
1.60185  2.3985  1.60185  2.3985  1.61328  2.40992  
1.5768  2.46344  1.5768  2.46344  1.58678  2.46995  
1.55126  2.52978  1.55126  2.52978  1.54131  2.64235  
1.52462  2.5958  1.52462  2.5958  1.51004  2.66238  
1.49711  2.66372  1.49711  2.66372  1.70435  2.68535  
1.46585  2.72803  1.46585  2.72803  1.7119  3.20356  
1.44136  2.80698  1.44136  2.80698  1.52901  2.84216  
1.40182  2.85432  1.40182  2.85432  1.51233  2.81458  
1.36834  2.918  1.36834  2.918  1.67865  3.17093  
1.33395  2.98153  1.33395  2.98153  1.34091  2.98848  
1.29818  3.04382  1.29818  3.04382  1.30324  3.04887  
1.26118  3.10544  1.26118  3.10544  1.316  3.01614  
1.22314  3.16539  1.22314  3.16539  1.28857  3.23082  
1.18401  3.22455  1.18401  3.22455  1.29653  3.71426  
1.14405  3.28207  1.14405  3.28207  1.20822  3.25127  
1.10287  3.33819  1.10287  3.33819  1.12918  3.33379  
1.06108  3.39284  1.06108  3.39284  1.18282  3.27264  
1.01803  3.44516  1.01803  3.44516  0.984783  3.52493  
0.974313  3.4958  0.974313  3.4958  1.04181  3.48443  
0.930174  3.54329  0.930174  3.54329  0.979546  3.50017  
0.885452  3.59067  0.885452  3.59067  0.965408  3.63688  
0.839589  3.63223  0.839589  3.63223  0.845958  3.64356  
0.793509  3.67287  0.793509  3.67287  0.816465  3.6871  
0.747533  3.71281  0.747533  3.71281  1.08994  3.88601  
0.701165  3.75045  0.701165  3.75045  1.89207  2.55316  
0.655882  3.79272  0.655882  3.79272  0.588766  3.85437  
0.61065  3.83556  0.61065  3.83556  0.563121  3.96764  
0.564896  3.87336  0.564896  3.87336  0.636796  3.88535  
0.518763  3.90659  0.518763  3.90659  0.51919  3.90671  
0.472436  3.9357  0.472436  3.9357  0.482878  3.94614  
0.426153  3.96087  0.426153  3.96087  0.550088  4.08512  
0.379998  3.98242  0.379998  3.98242  0.447106  4.04794  
0.334173  4.00054  0.334173  4.00054  0.217248  4.04841  
0.288714  4.0155  0.288714  4.0155  0.254475  4.03489  
0.243804  4.02747  0.243804  4.02747  0.258872  4.04254  
0.199449  4.03669  0.199449  4.03669  0.232471  4.06971  
0.155817  4.04334  0.155817  4.04334  0.146212  4.04449  
0.112801  4.04763  0.112801  4.04763  0.0694958  4.04976  
0.0694958  4.04976  0.0694958  4.04976  0.0712877  4.05522  
