1.00328  1.70128e-07  1.00328  1.70128e-07  1.11825  0.162504  
3.17718e-12  1  3.17718e-12  1  3.17718e-12  1  
0.99638  0.00393965  0.99638  0.00393965  0.999068  0.00360972  
0.985538  0.0146229  0.985538  0.0146229  0.954247  0.0491033  
0.9751  0.0252506  0.9751  0.0252506  1.10027  0.218818  
0.964631  0.0355622  0.964631  0.0355622  0.971402  0.0541644  
0.954396  0.0457921  0.954396  0.0457921  0.954396  0.0457921  
0.944084  0.0560367  0.944084  0.0560367  0.991459  0.164632  
0.933926  0.0662184  0.933926  0.0662184  0.917619  0.121686  
0.923596  0.0765214  0.923596  0.0765214  0.890136  0.119941  
0.913587  0.0866833  0.913587  0.0866833  0.900511  0.123394  
0.90327  0.0968361  0.90327  0.0968361  0.980783  0.119026  
0.893263  0.106998  0.893263  0.106998  0.906337  0.0993371  
0.88304  0.117349  0.88304  0.117349  0.885784  0.120208  
0.873007  0.127453  0.873007  0.127453  1.02346  0.26736  
0.862824  0.13744  0.862824  0.13744  0.879927  0.235661  
0.852744  0.147928  0.852744  0.147928  1.14926  0.5853  
0.842541  0.15818  0.842541  0.15818  0.843104  0.176725  
0.832305  0.167994  0.832305  0.167994  0.828913  0.175108  
0.821897  0.178632  0.821897  0.178632  0.817312  0.184032  
0.811517  0.188678  0.811517  0.188678  0.886446  0.201478  
0.801189  0.198971  0.801189  0.198971  1.22605  0.580058  
0.790914  0.209092  0.790914  0.209092  0.792984  0.211474  
0.78075  0.219351  0.78075  0.219351  0.801413  0.219351  
0.770483  0.229518  0.770483  0.229518  0.792975  0.230118  
0.760301  0.239699  0.760301  0.239699  0.776842  0.282739  
0.75  0.25  0.75  0.25  0.98687  0.355971  
0.75  0.25  0.75  0.25  0.757672  0.253917  
0.75  0.25  0.75  0.25  0.760564  0.240102  
0.75  0.25  0.75  0.25  0.753354  0.267379  
0.75  0.25  0.75  0.25  0.75  0.250033  
0.75  0.25  0.75  0.25  0.75  0.25  
0.75  0.25  0.75  0.25  0.75  0.25  
0.75  0.25  0.75  0.25  0.750732  0.25  
0.75  0.25  0.75  0.25  0.75  0.25  
0.75  0.25  0.75  0.25  0.75  0.250294  
0.75  0.25  0.75  0.25  0.751332  0.251008  
0.75  0.25  0.75  0.25  3.75748  3.46421  
0.75  0.25  0.75  0.25  0.75  0.25  
0.75  0.25  0.75  0.25  0.75  0.25  
0.75  0.25  0.75  0.25  0.751691  0.25009  
0.5  0.5  0.5  0.5  0.58235  0.622303  
0.5  0.5  0.5  0.5  4.72154  4.87104  
0.5  0.5  0.5  0.5  0.5  0.500004  
0.5  0.5  0.5  0.5  0.500006  0.5  
0.5  0.5  0.5  0.5  0.500028  0.500004  
0.5  0.5  0.5  0.5  0.5  0.5  
0.5  0.5  0.5  0.5  0.508106  0.503116  
0.5  0.5  0.5  0.5  0.500287  0.500009  
0.5  0.5  0.5  0.5  0.536816  0.515691  
0.5  0.5  0.5  0.5  0.619442  0.57846  
0.494939  0.505064  0.494939  0.505064  0.481393  0.522132  
0.484683  0.51532  0.484683  0.51532  0.457207  0.543951  
0.474519  0.525483  0.474519  0.525483  0.474584  0.533392  
0.464237  0.535774  0.464237  0.535774  0.465041  0.537684  
0.45411  0.546004  0.45411  0.546004  0.457372  0.54781  
0.443886  0.556312  0.443886  0.556312  0.904637  0.803635  
0.433528  0.566648  0.433528  0.566648  0.420529  0.604861  
0.42351  0.57686  0.42351  0.57686  0.531393  0.626713  
0.413219  0.58701  0.413219  0.58701  0.612124  0.900958  
0.4032  0.597176  0.4032  0.597176  0.38796  0.622728  
0.392834  0.60732  0.392834  0.60732  0.403788  0.60733  
0.382673  0.617485  0.382673  0.617485  0.422308  0.618307  
0.372497  0.627651  0.372497  0.627651  0.592484  0.819557  
0.362265  0.637841  0.362265  0.637841  0.441728  0.772891  
0.352048  0.648063  0.352048  0.648063  0.354569  0.6545  
0.341804  0.658322  0.341804  0.658322  0.525443  0.987451  
0.331574  0.66856  0.331574  0.66856  0.409376  0.694132  
0.321472  0.678796  0.321472  0.678796  0.329969  0.677338  
0.311213  0.688941  0.311213  0.688941  1.47859  1.40293  
0.30104  0.69907  0.30104  0.69907  0.306598  0.701646  
0.290772  0.709342  0.290772  0.709342  0.287008  0.715999  
0.280546  0.71946  0.280546  0.71946  0.280546  0.71946  
0.270237  0.729765  0.270237  0.729765  0.365439  0.787719  
0.260192  0.739808  0.260192  0.739808  0.31778  0.755067  
0.25  0.75  0.25  0.75  0.25  0.750265  
0.25  0.75  0.25  0.75  0.255117  0.744942  
0.25  0.75  0.25  0.75  0.25  0.750251  
0.25  0.75  0.25  0.75  4.14081  4.75445  
0.25  0.75  0.25  0.75  3.2034  4.28554  
3.17718e-12  1  3.17718e-12  1  0.0406794  1.00904  
3.17718e-12  1  3.17718e-12  1  0.131205  1.13541  
3.17718e-12  1  3.17718e-12  1  3.17718e-12  1  
3.17718e-12  1  3.17718e-12  1  3.17718e-12  1  
3.17718e-12  1  3.17718e-12  1  4.1598e-05  1  
3.17718e-12  1  3.17718e-12  1  3.19757e-05  1  
3.17718e-12  1  3.17718e-12  1  2.03987e-05  1  
3.17718e-12  1  3.17718e-12  1  3.17718e-12  1  
3.17718e-12  1  3.17718e-12  1  3.17718e-12  1.00071  
3.17718e-12  1  3.17718e-12  1  3.17718e-12  1.00033  
3.17718e-12  1  3.17718e-12  1  0.00240648  1  
3.17718e-12  1  3.17718e-12  1  8.48776e-05  1.00062  
3.17718e-12  1  3.17718e-12  1  3.17718e-12  1  
3.17718e-12  1  3.17718e-12  1  3.47026e-05  1  
3.17718e-12  1  3.17718e-12  1  3.17718e-12  1  
3.17718e-12  1  3.17718e-12  1  3.17718e-12  1.00823  
3.17718e-12  1  3.17718e-12  1  0.000949908  1  
3.17718e-12  1  3.17718e-12  1  3.17718e-12  1  
3.17718e-12  1  3.17718e-12  1  3.17718e-12  1  
3.17718e-12  1  3.17718e-12  1  3.17718e-12  1  
