2  9.24571e-11  2  9.24571e-11  2.00275  0.00275441  
4.00095e-10  4  4.00095e-10  4  0.00160079  4.0016  
1.99488  0.0102302  1.99488  0.0102302  1.99488  0.0102302  
1.98458  0.0308481  1.98458  0.0308481  2.00309  0.0417839  
1.97416  0.0516786  1.97416  0.0516786  1.82369  0.352615  
1.96364  0.0727272  1.96364  0.0727272  1.96474  0.073831  
1.953  0.0939933  1.953  0.0939933  1.97311  0.0806945  
1.94226  0.115485  1.94226  0.115485  1.93955  0.120903  
1.9314  0.137203  1.9314  0.137203  1.93501  0.129974  
1.92042  0.159151  1.92042  0.159151  1.92424  0.162964  
1.90933  0.181333  1.90933  0.181333  1.91303  0.185027  
1.89812  0.203753  1.89812  0.203753  1.899  0.204632  
1.88679  0.226415  1.88679  0.226415  1.90271  0.19458  
1.87534  0.249323  1.87534  0.249323  1.87936  0.247893  
1.86376  0.27248  1.86376  0.27248  1.86462  0.273338  
1.85205  0.29589  1.85205  0.29589  1.85396  0.332722  
1.84022  0.319559  1.84022  0.319559  1.83417  0.331658  
1.82826  0.34349  1.82826  0.34349  1.83132  0.346553  
1.81616  0.367687  1.81616  0.367687  1.85602  0.31091  
1.80392  0.392156  1.80392  0.392156  1.82952  0.355372  
1.79155  0.416903  1.79155  0.416903  1.81811  0.363784  
1.77904  0.441927  1.77904  0.441927  1.77299  0.454026  
1.76638  0.467237  1.76638  0.467237  1.75715  0.487433  
1.75358  0.492837  1.75358  0.492837  1.75358  0.492837  
1.74063  0.518732  1.74063  0.518732  1.72699  0.546021  
1.72754  0.544928  1.72754  0.544928  1.73338  0.533245  
1.71429  0.571429  1.71429  0.571429  1.69407  0.641699  
1.70088  0.59824  1.70088  0.59824  1.70159  0.598954  
1.68732  0.625368  1.68732  0.625368  1.68972  0.690282  
1.67359  0.652818  1.67359  0.652818  1.6899  0.624835  
1.6597  0.680596  1.6597  0.680596  1.01489  1.98361  
1.64565  0.708708  1.64565  0.708708  1.64056  0.723763  
1.63142  0.737159  1.63142  0.737159  1.68347  0.639769  
1.61702  0.765959  1.61702  0.765959  1.12421  1.75157  
1.60245  0.795108  1.60245  0.795108  1.60555  0.788893  
1.58769  0.824616  1.58769  0.824616  1.59786  0.812374  
1.57276  0.85449  1.57276  0.85449  1.56134  0.877313  
1.55763  0.884735  1.55763  0.884735  1.58032  0.839363  
1.54232  0.91536  1.54232  0.91536  1.55774  0.89269  
1.52681  0.946372  1.52681  0.946372  1.53092  0.951503  
1.51111  0.977777  1.51111  0.977777  1.46594  1.07864  
1.49521  1.00958  1.49521  1.00958  1.4986  1.03683  
1.4791  1.0418  1.4791  1.0418  1.45636  1.08728  
1.46278  1.07443  1.46278  1.07443  1.40645  1.1871  
1.44626  1.10749  1.44626  1.10749  1.70996  0.622901  
1.42951  1.14099  1.42951  1.14099  1.48256  1.03821  
1.41254  1.17492  1.41254  1.17492  1.70481  0.590378  
1.39535  1.2093  1.39535  1.2093  1.432  1.14346  
1.37793  1.24415  1.37793  1.24415  1.33334  1.35747  
1.36027  1.27946  1.36027  1.27946  1.36026  1.28244  
1.34237  1.31525  1.34237  1.31525  1.35544  1.32832  
1.32423  1.35154  1.32423  1.35154  1.3324  1.36995  
1.30584  1.38832  1.30584  1.38832  1.2877  1.51592  
1.2872  1.4256  1.2872  1.4256  1.31907  1.3712  
1.26829  1.46341  1.26829  1.46341  1.26067  1.483  
1.24912  1.50175  1.24912  1.50175  1.271  1.46651  
1.22968  1.54063  1.22968  1.54063  1.24086  1.55181  
1.20996  1.58007  1.20996  1.58007  1.21089  1.581  
1.18996  1.62007  1.18996  1.62007  1.15272  1.69647  
1.16967  1.66065  1.16967  1.66065  1.18994  1.68091  
1.14909  1.70182  1.14909  1.70182  1.13865  1.7227  
1.1282  1.74359  1.1282  1.74359  1.10786  1.78428  
1.10701  1.78598  1.10701  1.78598  1.1018  1.7964  
1.0855  1.829  1.0855  1.829  1.14461  1.72673  
1.06367  1.87266  1.06367  1.87266  1.09987  1.87722  
1.04151  1.91698  1.04151  1.91698  1.08618  1.82765  
1.01901  1.96198  1.01901  1.96198  0.974346  2.05131  
0.99617  2.00766  0.99617  2.00766  0.931798  2.15056  
0.972973  2.05405  0.972973  2.05405  1.03959  1.95188  
0.949415  2.10117  0.949415  2.10117  0.971958  2.05608  
0.925489  2.14902  0.925489  2.14902  1.01303  1.98117  
0.901185  2.19763  0.901185  2.19763  0.935613  2.15739  
0.876493  2.24701  0.876493  2.24701  0.839451  2.3211  
0.851406  2.29719  0.851406  2.29719  0.852665  2.30894  
0.825911  2.34818  0.825911  2.34818  0.795251  2.4095  
0.8  2.4  0.8  2.4  0.8  2.4  
0.773663  2.45267  0.773663  2.45267  0.782425  2.43515  
0.746888  2.50622  0.746888  2.50622  0.708363  2.58327  
0.719666  2.56067  0.719666  2.56067  0.772788  2.45442  
0.691984  2.61603  0.691984  2.61603  0.691984  2.61603  
0.663831  2.67234  0.663831  2.67234  0.675723  2.67176  
0.635194  2.72961  0.635194  2.72961  0.69402  2.66385  
0.606059  2.78788  0.606059  2.78788  0.635962  2.72808  
0.576418  2.84716  0.576418  2.84716  0.592616  2.81477  
0.546254  2.90749  0.546254  2.90749  0.548412  2.90965  
0.515555  2.96889  0.515555  2.96889  0.467657  3.0668  
0.484304  3.03139  0.484304  3.03139  0.491725  3.03881  
0.452486  3.09503  0.452486  3.09503  0.312771  3.37618  
0.420091  3.15982  0.420091  3.15982  0.419697  3.16061  
0.387097  3.22581  0.387097  3.22581  0.325682  3.34864  
0.353488  3.29302  0.353488  3.29302  0.283231  3.43354  
0.319249  3.3615  0.319249  3.3615  0.252983  3.50663  
0.28436  3.43128  0.28436  3.43128  0.333641  3.35388  
0.248804  3.50239  0.248804  3.50239  0.248804  3.50239  
0.21256  3.57488  0.21256  3.57488  0.33376  3.34568  
0.17561  3.64878  0.17561  3.64878  0.16322  3.6876  
0.137931  3.72414  0.137931  3.72414  0.137931  3.72414  
0.0995024  3.801  0.0995024  3.801  0.141739  3.71652  
0.0603006  3.8794  0.0603006  3.8794  0.0603006  3.8794  
0.0203034  3.95939  0.0203034  3.95939  0.0113521  3.9773  
