2.05  0.0500436  0.0500757  2.05  0.0500436  0.0500757  2.05043  0.050476  0.0505081  
0.128514  4.04663  0.122179  0.128514  4.04663  0.122179  2.35873  2.1225  0.681942  
0.122988  0.116718  6.04517  0.122988  0.116718  6.04517  0.932545  1.55368  5.39036  
2.04946  0.127068  0.127154  2.04946  0.127068  0.127154  1.99868  0.83475  0.903324  
2.04705  0.261977  0.120747  2.04705  0.261977  0.120747  2.04915  0.264076  0.122846  
2.04717  0.145186  0.335581  2.04717  0.145186  0.335581  2.04626  0.146561  0.387088  
2.03953  0.456905  0.108166  2.03953  0.456905  0.108166  1.64264  0.375731  3.64623  
2.04415  0.254435  0.390934  2.04415  0.254435  0.390934  2.0397  0.461499  0.211728  
2.03909  0.437291  0.282459  2.03909  0.437291  0.282459  2.03942  0.422306  0.389963  
2.0393  0.136452  0.656102  2.0393  0.136452  0.656102  2.04241  0.108227  0.564748  
2.01832  0.758482  0.0971157  2.01832  0.758482  0.0971157  1.9553  1.27049  0.258062  
2.03557  0.414122  0.518108  2.03557  0.414122  0.518108  2.02661  0.659404  0.147754  
2.02393  0.666072  0.330092  2.02393  0.666072  0.330092  1.98099  1.07935  0.289796  
2.03067  0.231491  0.836498  2.03067  0.231491  0.836498  2.02785  0.479539  0.664604  
2.00526  0.881585  0.241865  2.00526  0.881585  0.241865  1.99274  0.980325  0.340928  
2.02646  0.394719  0.808449  2.02646  0.394719  0.808449  2.01615  0.584032  0.802802  
2.01561  0.70572  0.559955  2.01561  0.70572  0.559955  2.01766  0.707775  0.562009  
2.01217  0.127041  1.20572  2.01217  0.127041  1.20572  2.0151  0.29326  1.21186  
1.95397  1.27428  0.0895397  1.95397  1.27428  0.0895397  1.99057  1.31087  0.126134  
2.00906  0.69254  0.777914  2.00906  0.69254  0.777914  2.00522  0.780971  0.675913  
1.97923  1.07053  0.449255  1.97923  1.07053  0.449255  2.01896  0.531145  0.816654  
2.004  0.380299  1.22966  2.004  0.380299  1.22966  2.00415  0.380456  1.22982  
1.94102  1.34255  0.289341  1.94102  1.34255  0.289341  1.97975  1.05092  0.569844  
1.99658  0.617494  1.13302  1.99658  0.617494  1.13302  2.0038  0.666741  0.937761  
1.97123  1.06145  0.741532  1.97123  1.06145  0.741532  1.99403  0.901003  0.647591  
1.97438  0.216564  1.66509  1.97438  0.216564  1.66509  1.88748  1.20556  1.66509  
1.88146  1.65335  0.21591  1.88146  1.65335  0.21591  1.88146  1.65335  0.21591  
1.97317  0.836472  1.1994  1.97317  0.836472  1.1994  1.95708  1.02254  1.2041  
1.9291  1.34307  0.727208  1.9291  1.34307  0.727208  1.83784  1.75327  0.889683  
1.95564  0.374699  1.80489  1.95564  0.374699  1.80489  1.9228  0.256629  2.13263  
1.8732  1.66643  0.502385  1.8732  1.66643  0.502385  1.91959  1.43917  0.517528  
1.95054  0.680506  1.66157  1.95054  0.680506  1.66157  1.95054  0.680506  1.66157  
1.92105  1.26801  1.12447  1.92105  1.26801  1.12447  1.92105  1.26801  1.12447  
1.89967  0.123473  2.32952  1.89967  0.123473  2.32952  1.87748  0.11726  2.50392  
1.72715  2.22901  0.0846259  1.72715  2.22901  0.0846259  1.54464  2.70517  0.229215  
1.9026  1.2791  1.35841  1.9026  1.2791  1.35841  2.00667  0.769812  0.702135  
1.81244  1.88815  0.714857  1.81244  1.88815  0.714857  2.02275  0.354191  0.925357  
1.89821  0.687865  2.13369  1.89821  0.687865  2.13369  1.67248  1.4147  2.89916  
1.71966  2.23908  0.407922  1.71966  2.23908  0.407922  1.49194  2.78731  0.704419  
1.87979  1.08959  1.90344  1.87979  1.08959  1.90344  1.85641  1.24197  1.90344  
1.80781  1.80456  1.17447  1.80781  1.80456  1.17447  1.8118  1.80855  1.1018  
1.83008  0.380359  2.74002  1.83008  0.380359  2.74002  1.7518  0.759971  3.01661  
1.60348  2.56528  0.263174  1.60348  2.56528  0.263174  1.54534  2.74382  1.0673  
1.82453  1.41212  1.91674  1.82453  1.41212  1.91674  1.44827  2.62499  1.91674  
1.71498  2.15728  1.07912  1.71498  2.15728  1.07912  1.85725  1.12343  2.053  
1.79202  0.634064  2.86439  1.79202  0.634064  2.86439  1.86353  1.27047  1.79596  
1.59958  2.54314  0.685542  1.59958  2.54314  0.685542  1.45706  2.87538  0.803701  
1.77991  1.12408  2.59379  1.77991  1.12408  2.59379  1.78083  1.12499  2.5947  
1.70663  2.01166  1.67536  1.70663  2.01166  1.67536  1.8915  1.11648  1.82558  
1.6776  0.214792  3.52812  1.6776  0.214792  3.52812  1.54542  0.202042  4.03076  
1.3912  3.01569  0.195868  1.3912  3.01569  0.195868  1.46439  3.08888  0.269058  
1.68907  1.83558  2.2058  1.68907  1.83558  2.2058  1.47787  2.50417  2.07463  
1.52957  2.6407  1.14383  1.52957  2.6407  1.14383  1.53963  2.65832  0.899359  
1.66234  0.894653  3.36633  1.66234  0.894653  3.36633  1.59683  0.861548  3.66694  
1.3839  3.00228  0.662719  1.3839  3.00228  0.662719  1.67175  2.50369  0.5767  
1.63491  1.49166  3.0023  1.63491  1.49166  3.0023  1.91657  1.35449  0.952366  
1.51917  2.4907  1.83064  1.51917  2.4907  1.83064  1.54554  2.17689  2.43581  
1.5195  0.39204  4.08756  1.5195  0.39204  4.08756  1.37093  0.642075  4.46674  
1.22352  3.27825  0.446405  1.22352  3.27825  0.446405  1.6095  2.48717  0.914344  
1.53355  1.90867  2.95148  1.53355  1.90867  2.95148  1.5974  1.26833  3.38901  
1.36954  2.86549  1.62912  1.36954  2.86549  1.62912  1.52868  2.3041  2.27528  
1.44966  0.730613  4.21248  1.44966  0.730613  4.21248  1.29887  1.00909  4.53384  
1.21039  3.24211  1.02722  1.21039  3.24211  1.02722  1.61278  2.65912  0.469682  
1.43526  1.42589  3.85395  1.43526  1.42589  3.85395  1.64296  0.587901  3.58715  
1.3411  2.63906  2.48212  1.3411  2.63906  2.48212  1.50362  2.41153  3.51785  
1.25286  0.124024  4.84226  1.25286  0.124024  4.84226  1.05278  1.16454  4.96478  
0.914106  3.65734  0.0784195  0.914106  3.65734  0.0784195  0.907444  3.67436  0.0839014  
1.26183  2.67182  2.75495  1.26183  2.67182  2.75495  1.48209  1.82034  3.28889  
1.04446  3.43102  1.22426  1.04446  3.43102  1.22426  0.785758  3.7125  1.50762  
1.24541  1.43601  4.38782  1.24541  1.43601  4.38782  1.46881  1.21912  3.90158  
0.885059  3.66587  0.603591  0.885059  3.66587  0.603591  0.534978  3.97981  0.484767  
1.17871  2.21594  3.78881  1.17871  2.21594  3.78881  1.15561  1.62015  4.46039  
1.00936  3.29339  2.06185  1.00936  3.29339  2.06185  1.54366  3.55524  2.68902  
1.05375  0.722564  5.14064  1.05375  0.722564  5.14064  0.86174  1.17771  5.26616  
0.722934  3.81201  0.334269  0.722934  3.81201  0.334269  0.857308  3.70474  0.334269  
1.01356  2.67513  3.53403  1.01356  2.67513  3.53403  1.12334  2.78492  3.64382  
0.826191  3.567  1.70738  0.826191  3.567  1.70738  2.06329  2.94974  1.75481  
0.935316  1.16741  5.16239  0.935316  1.16741  5.16239  0.267098  0.644836  5.94743  
0.67811  3.79887  0.959806  0.67811  3.79887  0.959806  2.08997  3.0064  0.889979  
0.882963  2.04529  4.61047  0.882963  2.04529  4.61047  1.00022  2.48131  4.20901  
0.761042  3.34624  2.69635  0.761042  3.34624  2.69635  0.761822  3.34556  2.69635  
0.721091  0.373955  5.68122  0.721091  0.373955  5.68122  0.619704  0.434314  5.77247  
0.48126  3.95447  0.208746  0.48126  3.95447  0.208746  0.48601  3.95922  0.213496  
0.689294  3.03901  3.5457  0.689294  3.03901  3.5457  0.49204  1.98224  5.22811  
0.535414  3.79525  1.57279  0.535414  3.79525  1.57279  1.52483  2.78984  1.64598  
0.626174  1.47543  5.38297  0.626174  1.47543  5.38297  0.275252  0.621666  5.94983  
0.419121  3.94806  0.815031  0.419121  3.94806  0.815031  1.29299  3.08647  1.71549  
0.550703  2.39094  4.67749  0.550703  2.39094  4.67749  0.477536  2.62281  4.47226  
0.449783  3.5955  2.55555  0.449783  3.5955  2.55555  1.13938  3.27539  2.30598  
0.432406  0.597223  5.88182  0.432406  0.597223  5.88182  0.39536  0.674427  6.02193  
0.289361  4.01002  0.497685  0.289361  4.01002  0.497685  0.305428  4.00969  0.417082  
0.380714  2.83037  4.24787  0.380714  2.83037  4.24787  0.380236  2.81819  4.26703  
0.292707  3.7841  2.07411  0.292707  3.7841  2.07411  0.616231  3.3222  3.05383  
0.29448  1.05401  5.81142  0.29448  1.05401  5.81142  0.360389  1.01384  5.79828  
0.206117  3.96386  1.19649  0.206117  3.96386  1.19649  0.20497  3.96404  1.19649  
0.227375  2.00862  5.25437  0.227375  2.00862  5.25437  0.225594  1.98895  5.27145  
0.167399  3.4635  3.15789  0.167399  3.4635  3.15789  0.307421  3.43916  3.69167  
0.136895  0.188754  6.04072  0.136895  0.188754  6.04072  0.897946  1.80372  4.81089  
0.128469  4.04432  0.26633  0.128469  4.04432  0.26633  0.128469  4.04432  0.26633  
0.0831634  1.73813  5.48857  0.0831634  1.73813  5.48857  0.913917  1.90591  4.69035  
