2.02006  0.0200633  0.0200633  2.02006  0.0200633  0.0200633  2.02155  0.0467062  0.0215912  
0.0207645  4.02076  0.0207634  0.0207645  4.02076  0.0207634  0.396716  4.00857  0.0642315  
0.0209519  0.0209519  6.02095  0.0209519  0.0209519  6.02095  0.288404  0.288404  6.2884  
2.01432  0.092372  0.0918154  2.01432  0.092372  0.0918154  2.01594  0.125094  0.306507  
2.0119  0.227362  0.0854431  2.0119  0.227362  0.0854431  2.01604  0.231499  0.08958  
2.01202  0.110485  0.300424  2.01202  0.110485  0.300424  2.15744  0.243829  0.755746  
2.00437  0.422285  0.0728072  2.00437  0.422285  0.0728072  2.00391  0.410775  0.2165  
2.009  0.219901  0.355827  2.009  0.219901  0.355827  2.00552  0.189434  0.615352  
2.00394  0.402505  0.247163  2.00394  0.402505  0.247163  2.01643  0.42289  0.260022  
2.00415  0.101824  0.620981  2.00415  0.101824  0.620981  2.01534  0.124239  0.840041  
1.98313  0.723837  0.0620189  1.98313  0.723837  0.0620189  1.99608  0.565026  0.0299999  
2.00041  0.379459  0.482986  2.00041  0.379459  0.482986  2.00789  0.676933  0.507742  
1.98874  0.631545  0.29491  1.98874  0.631545  0.29491  1.96778  0.94065  0.303376  
1.99551  0.196739  0.801472  1.99551  0.196739  0.801472  1.99757  0.1988  0.803533  
1.97005  0.847001  0.206737  1.97005  0.847001  0.206737  1.96962  0.849187  0.225156  
1.99129  0.360007  0.773404  1.99129  0.360007  0.773404  1.92041  1.64404  1.65239  
1.98043  0.671158  0.524639  1.98043  0.671158  0.524639  1.99533  0.466533  0.50556  
1.97701  0.092333  1.17086  1.97701  0.092333  1.17086  1.96684  0.100654  1.34905  
1.91873  1.23975  0.0542354  1.91873  1.23975  0.0542354  1.90139  1.32886  0.305041  
1.97386  0.657868  0.74313  1.97386  0.657868  0.74313  1.97131  0.562527  1.10645  
1.94402  1.03598  0.413702  1.94402  1.03598  0.413702  1.96865  1.06062  0.438339  
1.96881  0.345668  1.19483  1.96881  0.345668  1.19483  1.93042  0.336998  1.69211  
1.90578  1.30802  0.254097  1.90578  1.30802  0.254097  1.9043  1.30701  0.352182  
1.96136  0.582848  1.09851  1.96136  0.582848  1.09851  1.96229  0.740523  0.874098  
1.93602  1.02655  0.707061  1.93602  1.02655  0.707061  1.97311  0.680764  1.14697  
1.9392  0.182146  1.6302  1.9392  0.182146  1.6302  1.91543  0.225232  1.8563  
1.8462  1.61884  0.180223  1.8462  1.61884  0.180223  1.8243  1.77768  0.209566  
1.93798  0.801663  1.16447  1.93798  0.801663  1.16447  1.9444  0.736118  1.16447  
1.89384  1.30861  0.692281  1.89384  1.30861  0.692281  1.42389  1.66352  4.09873  
1.92044  0.340313  1.76999  1.92044  0.340313  1.76999  1.94987  0.34629  1.48709  
1.83789  1.632  0.467445  1.83789  1.632  0.467445  1.81379  1.78708  0.665319  
1.91538  0.645989  1.62607  1.91538  0.645989  1.62607  2.02878  0.761822  1.78223  
1.88582  1.23326  1.08971  1.88582  1.23326  1.08971  1.93013  1.0589  1.07929  
1.86951  0.0883036  2.3005  1.86951  0.0883036  2.3005  1.90314  0.121931  2.33412  
1.69673  2.20108  0.0485115  1.69673  2.20108  0.0485115  1.8359  1.74211  0.105952  
1.86737  1.24458  1.32307  1.86737  1.24458  1.32307  1.8975  1.17301  1.31274  
1.7771  1.85372  0.679844  1.7771  1.85372  0.679844  1.81064  1.88725  0.713374  
1.863  0.652852  2.09894  1.863  0.652852  2.09894  1.92154  0.711392  2.15748  
1.68432  2.20455  0.373138  1.68432  2.20455  0.373138  1.71028  2.23042  0.416529  
1.85002  1.05795  1.87351  1.85002  1.05795  1.87351  1.6239  0.875097  4.35791  
1.77251  1.76995  1.13968  1.77251  1.76995  1.13968  1.7609  1.70263  1.48213  
1.79521  0.343866  2.70379  1.79521  0.343866  2.70379  1.83559  0.384237  2.74416  
1.56806  2.53077  0.228  1.56806  2.53077  0.228  1.62179  2.58449  0.281724  
1.79208  1.37958  1.88383  1.79208  1.37958  1.88383  1.81044  1.39794  1.90218  
1.67976  2.12244  1.04371  1.67976  2.12244  1.04371  1.69209  2.13477  1.05604  
1.75802  0.597896  2.82932  1.75802  0.597896  2.82932  1.69053  0.498376  3.23113  
1.56418  2.50867  0.650012  1.56418  2.50867  0.650012  1.56438  2.50605  0.804213  
1.74773  1.09055  2.56098  1.74773  1.09055  2.56098  1.7585  1.10131  2.57175  
1.67653  1.98334  1.6445  1.67653  1.98334  1.6445  2.01041  1.95101  1.77151  
1.64263  0.165119  3.4942  1.64263  0.165119  3.4942  1.64838  0.141443  3.49935  
1.35573  2.98113  0.159525  1.35573  2.98113  0.159525  1.25798  3.28226  0.292734  
1.66011  1.80821  2.17913  1.66011  1.80821  2.17913  2.08894  1.37103  1.31868  
1.49418  2.6063  1.10779  1.49418  2.6063  1.10779  1.47952  2.96208  1.71513  
1.63306  0.8639  3.34293  1.63306  0.8639  3.34293  1.62399  0.867931  3.37991  
1.34844  2.96776  0.626973  1.34844  2.96776  0.626973  1.48386  3.10317  0.76239  
1.60571  1.46251  2.97851  1.60571  1.46251  2.97851  1.93241  0.909893  2.58148  
1.484  2.45787  1.78861  1.484  2.45787  1.78861  1.66756  2.56928  1.40713  
1.48806  0.357448  4.06368  1.48806  0.357448  4.06368  1.59239  0.395769  4.16474  
1.18805  3.24361  0.410748  1.18805  3.24361  0.410748  1.75439  2.61965  0.371708  
1.50228  1.88097  2.92486  1.50228  1.88097  2.92486  1.50942  1.8881  2.932  
1.33885  2.84091  1.5998  1.33885  2.84091  1.5998  1.37133  2.87339  1.63228  
1.41803  0.697242  4.18905  1.41803  0.697242  4.18905  1.49185  0.771061  4.26286  
1.17668  3.2125  0.993278  1.17668  3.2125  0.993278  1.7454  2.03689  0.807427  
1.4038  1.39527  3.82975  1.4038  1.39527  3.82975  1.44136  1.43282  3.8673  
1.30963  2.61217  2.45404  1.30963  2.61217  2.45404  1.80868  2.10749  2.18247  
1.22074  0.0653435  4.82084  1.22074  0.0653435  4.82084  1.63922  0.381786  4.90485  
0.878573  3.62254  0.043072  0.878573  3.62254  0.043072  0.932806  3.67678  0.0973052  
1.2301  2.64479  2.72725  1.2301  2.64479  2.72725  0.909029  2.83705  4.04449  
1.01043  3.40145  1.18996  1.01043  3.40145  1.18996  1.53088  3.18494  1.52284  
1.21321  1.40435  4.36563  1.21321  1.40435  4.36563  1.21357  1.40471  4.36598  
0.849458  3.63118  0.568196  0.849458  3.63118  0.568196  0.849501  3.63122  0.568239  
1.14588  2.18982  3.76216  1.14588  2.18982  3.76216  1.19521  2.19311  3.79667  
0.97525  3.26376  2.0291  0.97525  3.26376  2.0291  1.38131  3.18722  1.94021  
1.02108  0.692549  5.12041  1.02108  0.692549  5.12041  0.978404  0.673817  5.28652  
0.687384  3.77712  0.299374  0.687384  3.77712  0.299374  0.630391  3.87839  0.469007  
0.980108  2.64977  3.51031  0.980108  2.64977  3.51031  0.661442  1.99777  5.06509  
0.792756  3.54207  1.67604  0.792756  3.54207  1.67604  0.90493  3.65424  1.78821  
0.901986  1.13772  5.14241  0.901986  1.13772  5.14241  0.780394  1.51093  5.48542  
0.643016  3.76733  0.925388  0.643016  3.76733  0.925388  0.644956  3.6804  1.70937  
0.84805  2.01974  4.59007  0.84805  2.01974  4.59007  0.85994  2.03163  4.60196  
0.727578  3.32051  2.66804  0.727578  3.32051  2.66804  0.841122  3.20799  3.3069  
0.686849  0.329641  5.65965  0.686849  0.329641  5.65965  0.603662  0.425584  6.16478  
0.445638  3.91953  0.173338  0.445638  3.91953  0.173338  0.658684  4.05296  0.296476  
0.655676  3.01219  3.51965  0.655676  3.01219  3.51965  0.712831  3.06934  3.5768  
0.500919  3.76902  1.53867  0.500919  3.76902  1.53867  0.90111  3.76296  1.50448  
0.591738  1.43877  5.36383  0.591738  1.43877  5.36383  0.574963  1.55807  5.40169  
0.382903  3.91346  0.778692  0.382903  3.91346  0.778692  0.384433  3.92941  0.556698  
0.518918  2.36014  4.65052  0.518918  2.36014  4.65052  0.556258  2.39748  4.68786  
0.415681  3.56881  2.52567  0.415681  3.56881  2.52567  0.412651  3.95645  2.53317  
0.397347  0.556417  5.85867  0.397347  0.556417  5.85867  0.479971  0.125456  5.85875  
0.252845  3.97529  0.461637  0.252845  3.97529  0.461637  0.26969  3.99214  0.478481  
0.347966  2.80134  4.22094  0.347966  2.80134  4.22094  0.398471  2.82611  4.2541  
0.257612  3.75651  2.04269  0.257612  3.75651  2.04269  0.315262  3.63844  2.90532  
0.259312  1.02092  5.78631  0.259312  1.02092  5.78631  0.261618  1.00002  5.81024  
0.170112  3.92943  1.15893  0.170112  3.92943  1.15893  0.313168  3.9442  1.61712  
0.186385  1.97812  5.23013  0.186385  1.97812  5.23013  0.245471  2.0372  5.28922  
0.141749  3.43423  3.12765  0.141749  3.43423  3.12765  0.104737  3.41099  3.23206  
0.101389  0.15661  6.01264  0.101389  0.15661  6.01264  0.103658  0.158878  6.01491  
0.0527355  4.01981  0.109782  0.0527355  4.01981  0.109782  0.0767074  4.02775  0.295061  
0.0382608  3.24833  3.5658  0.0382608  3.24833  3.5658  0.102878  3.27186  3.62739  
