1.00174  2.86329e-07  1.00174  2.86329e-07  1.09606  0.121113  
3.51447e-12  1  3.51447e-12  1  4.46496  4.83678  
0.996899  0.00350758  0.996899  0.00350758  1.04104  0.129729  
0.985675  0.0149686  0.985675  0.0149686  0.990277  0.0275646  
0.97504  0.0250528  0.97504  0.0250528  0.987742  0.053793  
0.964663  0.035668  0.964663  0.035668  0.963805  0.0771331  
0.954427  0.0457304  0.954427  0.0457304  0.966202  0.0792642  
0.944263  0.0559055  0.944263  0.0559055  1.19889  0.219836  
0.934167  0.0661131  0.934167  0.0661131  0.980839  0.0843515  
0.924025  0.0764188  0.924025  0.0764188  1.04634  0.270022  
0.913945  0.0866554  0.913945  0.0866554  0.935762  0.192752  
0.903726  0.0968324  0.903726  0.0968324  0.921788  0.109148  
0.893528  0.106823  0.893528  0.106823  0.898595  0.107102  
0.883276  0.117173  0.883276  0.117173  0.924892  0.0951628  
0.873033  0.127089  0.873033  0.127089  0.980195  0.176276  
0.862758  0.137491  0.862758  0.137491  0.857853  0.143004  
0.852503  0.147623  0.852503  0.147623  4.42809  3.16783  
0.842237  0.157827  0.842237  0.157827  0.866752  0.238208  
0.83198  0.168149  0.83198  0.168149  0.832475  0.1716  
0.821714  0.178393  0.821714  0.178393  0.827453  0.183205  
0.811463  0.188699  0.811463  0.188699  0.81283  0.190303  
0.801204  0.198896  0.801204  0.198896  0.795365  0.223288  
0.790915  0.209151  0.790915  0.209151  0.9231  0.342357  
0.780661  0.219358  0.780661  0.219358  0.798231  0.243925  
0.770411  0.22959  0.770411  0.22959  0.777929  0.233253  
0.760198  0.239805  0.760198  0.239805  0.760198  0.239805  
0.75  0.25  0.75  0.25  0.910089  0.39367  
0.75  0.25  0.75  0.25  0.75005  0.25  
0.75  0.25  0.75  0.25  0.783582  0.26661  
0.75  0.25  0.75  0.25  0.75  0.250197  
0.75  0.25  0.75  0.25  0.75  0.25  
0.75  0.25  0.75  0.25  0.75  0.25  
0.75  0.25  0.75  0.25  0.75  0.25  
0.75  0.25  0.75  0.25  0.750053  0.251633  
0.75  0.25  0.75  0.25  0.75  0.25  
0.75  0.25  0.75  0.25  0.75  0.25  
0.75  0.25  0.75  0.25  0.75  0.25  
0.75  0.25  0.75  0.25  0.959897  0.250787  
0.75  0.25  0.75  0.25  0.75046  0.253453  
0.75  0.25  0.75  0.25  3.78824  4.00747  
0.75  0.25  0.75  0.25  3.21046  2.6939  
0.5  0.5  0.5  0.5  0.539406  0.637639  
0.5  0.5  0.5  0.5  3.7575  3.46422  
0.5  0.5  0.5  0.5  4.96791  4.43445  
0.5  0.5  0.5  0.5  0.5  0.500196  
0.5  0.5  0.5  0.5  0.5  0.500246  
0.5  0.5  0.5  0.5  0.500139  0.500001  
0.5  0.5  0.5  0.5  0.508257  0.503098  
0.5  0.5  0.5  0.5  0.502923  0.506307  
0.5  0.5  0.5  0.5  0.485514  0.521043  
0.5  0.5  0.5  0.5  0.5  0.5  
0.49485  0.50515  0.49485  0.50515  0.487411  0.512855  
0.484664  0.515336  0.484664  0.515336  0.577089  0.548671  
0.474499  0.525502  0.474499  0.525502  0.493198  0.508108  
0.464285  0.535723  0.464285  0.535723  0.556916  0.555636  
0.45416  0.54601  0.45416  0.54601  0.464306  0.544609  
0.443899  0.556232  0.443899  0.556232  0.516172  0.611697  
0.433762  0.566538  0.433762  0.566538  0.430461  0.574571  
0.423506  0.576754  0.423506  0.576754  0.452029  0.577522  
0.413193  0.586944  0.413193  0.586944  0.452955  0.602924  
0.40303  0.597241  0.40303  0.597241  0.391323  0.636221  
0.392753  0.607364  0.392753  0.607364  0.406147  0.656811  
0.382739  0.617626  0.382739  0.617626  0.396538  0.620949  
0.372442  0.627795  0.372442  0.627795  0.406589  0.621245  
0.362368  0.638051  0.362368  0.638051  0.382624  0.665729  
0.352174  0.648244  0.352174  0.648244  0.346009  0.66599  
0.341918  0.658446  0.341918  0.658446  0.365009  0.69271  
0.331521  0.668554  0.331521  0.668554  0.376067  0.76505  
0.321415  0.678649  0.321415  0.678649  0.325087  0.679146  
0.311226  0.688916  0.311226  0.688916  0.327091  0.683359  
0.30106  0.699061  0.30106  0.699061  0.358999  0.717495  
0.290718  0.70937  0.290718  0.70937  0.27952  0.752906  
0.280614  0.719386  0.280614  0.719386  0.415199  0.842203  
0.270281  0.729724  0.270281  0.729724  0.270354  0.753407  
0.26018  0.73982  0.26018  0.73982  0.316593  0.786034  
0.25  0.75  0.25  0.75  0.256273  0.76642  
0.25  0.75  0.25  0.75  0.254175  0.750293  
0.25  0.75  0.25  0.75  0.339366  0.802919  
0.25  0.75  0.25  0.75  0.25  0.75  
0.25  0.75  0.25  0.75  0.25  0.75  
3.51447e-12  1  3.51447e-12  1  5.42295e-05  1  
3.51447e-12  1  3.51447e-12  1  3.51447e-12  1.00105  
3.51447e-12  1  3.51447e-12  1  3.51447e-12  1  
3.51447e-12  1  3.51447e-12  1  0.142661  1.122  
3.51447e-12  1  3.51447e-12  1  0.00154804  1.00019  
3.51447e-12  1  3.51447e-12  1  8.73545e-06  1  
3.51447e-12  1  3.51447e-12  1  3.51447e-12  1  
3.51447e-12  1  3.51447e-12  1  1.77047  2.44713  
3.51447e-12  1  3.51447e-12  1  3.51447e-12  1.00002  
3.51447e-12  1  3.51447e-12  1  0.000426346  1  
3.51447e-12  1  3.51447e-12  1  3.51447e-12  1.00002  
3.51447e-12  1  3.51447e-12  1  3.51447e-12  1  
3.51447e-12  1  3.51447e-12  1  3.51447e-12  1  
3.51447e-12  1  3.51447e-12  1  1.5924e-06  1  
3.51447e-12  1  3.51447e-12  1  3.51447e-12  1.00092  
3.51447e-12  1  3.51447e-12  1  3.51447e-12  1  
3.51447e-12  1  3.51447e-12  1  3.51447e-12  1  
3.51447e-12  1  3.51447e-12  1  3.51447e-12  1.00003  
3.51447e-12  1  3.51447e-12  1  3.51447e-12  1.00003  
3.51447e-12  1  3.51447e-12  1  0.00816384  1  
