1.01801  6.82145e-07  1.01801  6.82145e-07  1.04044  0.0290407  
9.53448e-07  1.00999  9.53448e-07  1.00999  0.000612085  1.01184  
0.991763  0.00501763  0.991763  0.00501763  0.978495  0.0307901  
0.971621  0.0150881  0.971621  0.0150881  0.971827  0.0753754  
0.953474  0.02483  0.953474  0.02483  0.975257  0.0185637  
0.935213  0.0343532  0.935213  0.0343532  1.0073  0.0761794  
0.916149  0.0440536  0.916149  0.0440536  0.918035  0.0604246  
0.898145  0.0531033  0.898145  0.0531033  0.944521  0.0751391  
0.88026  0.0623913  0.88026  0.0623913  1.08661  0.256712  
0.863487  0.0713886  0.863487  0.0713886  1.45417  0.563592  
0.848416  0.0797386  0.848416  0.0797386  0.854132  0.0836626  
0.830315  0.0890906  0.830315  0.0890906  1.09345  0.265322  
0.81541  0.0977729  0.81541  0.0977729  0.822184  0.111963  
0.799608  0.106188  0.799608  0.106188  0.863  0.119596  
0.78432  0.114634  0.78432  0.114634  0.789833  0.119871  
0.769936  0.122989  0.769936  0.122989  0.791586  0.131603  
0.755622  0.131177  0.755622  0.131177  0.759958  0.133447  
0.741789  0.139312  0.741789  0.139312  0.744673  0.141706  
0.727862  0.147356  0.727862  0.147356  0.732864  0.163278  
0.714105  0.155238  0.714105  0.155238  0.801217  0.216153  
0.701385  0.163179  0.701385  0.163179  0.678553  0.253416  
0.687984  0.170882  0.687984  0.170882  0.76355  0.318985  
0.675585  0.178632  0.675585  0.178632  0.676166  0.193667  
0.662862  0.186278  0.662862  0.186278  0.68542  0.234741  
0.650466  0.193827  0.650466  0.193827  0.724346  0.206201  
0.638661  0.201452  0.638661  0.201452  0.686462  0.212665  
0.626649  0.208816  0.626649  0.208816  0.628586  0.222239  
0.61497  0.216298  0.61497  0.216298  0.666232  0.262244  
0.603544  0.223503  0.603544  0.223503  0.627584  0.278702  
0.592056  0.230817  0.592056  0.230817  0.627711  0.237223  
0.581104  0.238105  0.581104  0.238105  0.580852  0.254776  
0.569819  0.245366  0.569819  0.245366  0.639518  0.247458  
0.559024  0.252594  0.559024  0.252594  0.626851  0.359307  
0.548422  0.259793  0.548422  0.259793  0.555984  0.26058  
0.537936  0.266905  0.537936  0.266905  0.524229  0.280552  
0.52754  0.273972  0.52754  0.273972  0.555485  0.299273  
0.517395  0.281025  0.517395  0.281025  0.52649  0.280957  
0.507165  0.287995  0.507165  0.287995  1.24016  0.941002  
0.497221  0.295102  0.497221  0.295102  0.49987  0.296986  
0.487313  0.302028  0.487313  0.302028  0.649277  0.524755  
0.47764  0.309061  0.47764  0.309061  0.484923  0.313356  
0.468059  0.316031  0.468059  0.316031  0.490596  0.313991  
0.458563  0.322951  0.458563  0.322951  0.466001  0.333582  
0.449189  0.329905  0.449189  0.329905  0.475455  0.345731  
0.439968  0.336901  0.439968  0.336901  0.454074  0.326603  
0.430734  0.3438  0.430734  0.3438  0.426791  0.355374  
0.421716  0.350791  0.421716  0.350791  0.421716  0.39977  
0.412706  0.357704  0.412706  0.357704  1.18586  0.902926  
0.403855  0.364668  0.403855  0.364668  0.404806  0.365994  
0.395098  0.371629  0.395098  0.371629  0.425005  0.400185  
0.386271  0.378552  0.386271  0.378552  0.38864  0.379185  
0.377711  0.3855  0.377711  0.3855  4.37758  4.19046  
0.369181  0.392498  0.369181  0.392498  0.404754  0.382357  
0.36072  0.399475  0.36072  0.399475  0.32103  1.06371  
0.35235  0.406534  0.35235  0.406534  0.353297  0.40703  
0.344014  0.413596  0.344014  0.413596  0.352792  0.406673  
0.335748  0.420647  0.335748  0.420647  0.38013  0.525414  
0.327576  0.427776  0.327576  0.427776  0.32895  0.454835  
0.319452  0.434921  0.319452  0.434921  0.33748  0.445342  
0.31139  0.442101  0.31139  0.442101  0.317372  0.461193  
0.303384  0.449358  0.303384  0.449358  0.32173  0.43973  
0.295406  0.456594  0.295406  0.456594  0.343797  0.497922  
0.28751  0.463931  0.28751  0.463931  0.273046  0.480659  
0.279679  0.471256  0.279679  0.471256  0.295144  0.463592  
0.271841  0.478692  0.271841  0.478692  1.26051  1.0533  
0.264102  0.486125  0.264102  0.486125  0.272124  0.488585  
0.256403  0.493687  0.256403  0.493687  0.249543  0.50196  
0.248738  0.501312  0.248738  0.501312  0.24997  0.502746  
0.24112  0.509055  0.24112  0.509055  0.257618  0.496656  
0.233531  0.516908  0.233531  0.516908  0.23622  0.524015  
0.22594  0.52479  0.22594  0.52479  0.481063  0.784109  
0.218408  0.532792  0.218408  0.532792  0.221574  0.537441  
0.210924  0.540875  0.210924  0.540875  2.3165  2.36131  
0.203428  0.549083  0.203428  0.549083  0.911593  1.15381  
0.196053  0.557426  0.196053  0.557426  0.210924  0.540875  
0.188621  0.565835  0.188621  0.565835  0.177578  0.578831  
0.181177  0.574509  0.181177  0.574509  0.639142  0.441589  
0.173808  0.583202  0.173808  0.583202  0.218418  0.609134  
0.166379  0.592204  0.166379  0.592204  0.170145  0.597456  
0.159022  0.601363  0.159022  0.601363  0.147995  0.629874  
0.151656  0.61073  0.151656  0.61073  0.148058  0.615694  
0.144275  0.620317  0.144275  0.620317  0.126047  0.645464  
0.13689  0.630123  0.13689  0.630123  0.130671  0.648258  
0.129611  0.640207  0.129611  0.640207  0.894042  1.56149  
0.122168  0.650577  0.122168  0.650577  0.126748  0.659272  
0.11481  0.661289  0.11481  0.661289  0.132351  0.641542  
0.107402  0.672437  0.107402  0.672437  0.101042  0.68499  
0.0999509  0.683967  0.0999509  0.683967  0.100681  0.684653  
0.0925011  0.696035  0.0925011  0.696035  0.0876984  0.711447  
0.0849722  0.708596  0.0849722  0.708596  0.0782187  0.744152  
0.0774838  0.721842  0.0774838  0.721842  0.0783673  0.723328  
0.0698717  0.735874  0.0698717  0.735874  0.804735  0.627476  
0.0621739  0.750852  0.0621739  0.750852  0.058642  0.842884  
0.0544826  0.766996  0.0544826  0.766996  0.220986  1.03095  
0.0466381  0.784485  0.0466381  0.784485  0.0624271  0.750777  
0.0386615  0.804016  0.0386615  0.804016  0.072247  0.837809  
0.0305363  0.825966  0.0305363  0.825966  0.0828153  0.826015  
0.022285  0.851893  0.022285  0.851893  0.0231835  0.889774  
0.0136202  0.884253  0.0136202  0.884253  0.0587616  0.965  
0.00475572  0.931999  0.00475572  0.931999  0.147388  1.00003  
