1  2.15872e-54  2.37266e-51  1  2.15872e-54  2.37266e-51  1  2.15872e-54  2.37266e-51  
6.12323e-17  1  1.2069e-62  6.12323e-17  1  1.2069e-62  6.12377e-17  1.00009  1.20701e-62  
5.84787e-17  1.81559e-17  1  5.84787e-17  1.81559e-17  1  5.96414e-17  1.41945e-17  1.00122  
0.998513  0.0384857  0.0386099  0.998513  0.0384857  0.0386099  0.993175  0.115587  0.0155671  
0.99378  0.105634  0.0352409  0.99378  0.105634  0.0352409  0.991843  0.103761  0.102214  
0.988773  0.0472025  0.141776  0.988773  0.0472025  0.141776  0.989711  0.0193841  0.141776  
0.979193  0.200913  0.0285506  0.979193  0.200913  0.0285506  0.980994  0.201283  0.0286031  
0.980568  0.100933  0.168226  0.980568  0.100933  0.168226  0.985989  0.101491  0.169156  
0.97504  0.190376  0.114256  0.97504  0.190376  0.114256  0.975053  0.190378  0.114257  
0.955511  0.0417038  0.291991  0.955511  0.0417038  0.291991  0.934148  0.0235798  0.356106  
0.940331  0.33951  0.0225791  0.940331  0.33951  0.0225791  0.979002  0.211297  0.0928819  
0.957951  0.176182  0.226474  0.957951  0.176182  0.226474  0.95906  0.176386  0.226736  
0.94563  0.296086  0.134596  0.94563  0.296086  0.134596  0.925606  0.375877  0.0443955  
0.925645  0.0850846  0.368704  0.925645  0.0850846  0.368704  0.930126  0.0209585  0.369027  
0.916052  0.390808  0.0900999  0.916052  0.390808  0.0900999  0.926597  0.365103  0.0900999  
0.921054  0.160955  0.354615  0.921054  0.160955  0.354615  0.959157  0.167614  0.228125  
0.920672  0.308088  0.239679  0.920672  0.308088  0.239679  0.921103  0.308232  0.239791  
0.860463  0.0322926  0.508489  0.860463  0.0322926  0.508489  0.863758  0.00420174  0.521237  
0.84018  0.542033  0.0172751  0.84018  0.542033  0.0172751  0.828681  0.560234  0.0107096  
0.895514  0.294173  0.333943  0.895514  0.294173  0.333943  0.857752  0.361529  0.365457  
0.868828  0.46107  0.18042  0.868828  0.46107  0.18042  0.868828  0.46107  0.18042  
0.846531  0.14308  0.512751  0.846531  0.14308  0.512751  0.890338  0.0640593  0.451196  
0.82021  0.562507  0.104119  0.82021  0.562507  0.104119  0.820228  0.562519  0.104121  
0.845979  0.24742  0.472338  0.845979  0.24742  0.472338  0.859751  0.149057  0.488664  
0.842282  0.444856  0.304407  0.842282  0.444856  0.304407  0.853255  0.453673  0.25717  
0.763461  0.0624795  0.642825  0.763461  0.0624795  0.642825  0.660509  0.109596  0.744554  
0.749572  0.658415  0.0680642  0.749572  0.658415  0.0680642  0.845402  0.517055  0.144031  
0.809073  0.331413  0.485352  0.809073  0.331413  0.485352  0.676134  0.359963  0.642861  
0.788699  0.544605  0.285236  0.788699  0.544605  0.285236  0.810561  0.561477  0.166538  
0.728761  0.124593  0.673338  0.728761  0.124593  0.673338  0.773545  0.270567  0.573279  
0.734478  0.6535  0.182977  0.734478  0.6535  0.182977  0.735766  0.652546  0.183038  
0.738332  0.245613  0.628124  0.738332  0.245613  0.628124  0.674802  0.283711  0.681286  
0.754021  0.492585  0.434525  0.754021  0.492585  0.434525  0.723265  0.472493  0.505769  
0.628623  0.0217803  0.777405  0.628623  0.0217803  0.777405  0.628687  0.0217826  0.777484  
0.608459  0.793485  0.0125915  0.608459  0.793485  0.0125915  0.719455  0.695868  0.00984502  
0.717114  0.476923  0.508224  0.717114  0.476923  0.508224  0.584818  0.465352  0.664434  
0.668282  0.699561  0.25301  0.668282  0.699561  0.25301  0.669127  0.700445  0.25333  
0.645566  0.223276  0.730338  0.645566  0.223276  0.730338  0.57207  0.282468  0.770413  
0.599945  0.789545  0.129171  0.599945  0.789545  0.129171  0.638857  0.768498  0.0356891  
0.651117  0.371321  0.661942  0.651117  0.371321  0.661942  0.489505  0.436103  0.755142  
0.643416  0.644508  0.413068  0.643416  0.644508  0.413068  0.761727  0.582358  0.283955  
0.54763  0.101912  0.830491  0.54763  0.101912  0.830491  0.55434  0.0608387  0.83144  
0.522519  0.849587  0.0719441  0.522519  0.849587  0.0719441  0.482904  0.875657  0.0053702  
0.607682  0.468125  0.641546  0.607682  0.468125  0.641546  0.576144  0.507375  0.642065  
0.577426  0.733641  0.358259  0.577426  0.733641  0.358259  0.577466  0.733691  0.358283  
0.517065  0.172538  0.838376  0.517065  0.172538  0.838376  0.612666  0.129272  0.779698  
0.514391  0.830984  0.211818  0.514391  0.830984  0.211818  0.329979  0.684534  0.650021  
0.529825  0.328351  0.781966  0.529825  0.328351  0.781966  0.608379  0.454064  0.653769  
0.543716  0.646257  0.535467  0.543716  0.646257  0.535467  0.442301  0.675132  0.591346  
0.422115  0.042992  0.905522  0.422115  0.042992  0.905522  0.422563  0.0412825  0.906112  
0.409998  0.910988  0.0447537  0.409998  0.910988  0.0447537  0.410383  0.911843  0.0112998  
0.503797  0.551125  0.665169  0.503797  0.551125  0.665169  0.514035  0.562325  0.647748  
0.464061  0.816047  0.34455  0.464061  0.816047  0.34455  0.33308  0.892675  0.303833  
0.424873  0.223185  0.877309  0.424873  0.223185  0.877309  0.52856  0.200207  0.824949  
0.402639  0.896259  0.186016  0.402639  0.896259  0.186016  0.44361  0.870247  0.214197  
0.433092  0.395544  0.809923  0.433092  0.395544  0.809923  0.446913  0.379923  0.80998  
0.435788  0.727028  0.530586  0.435788  0.727028  0.530586  0.499218  0.70624  0.502145  
0.339651  0.0791108  0.937219  0.339651  0.0791108  0.937219  0.43911  0.102276  0.895907  
0.337769  0.934214  0.1147  0.337769  0.934214  0.1147  0.393929  0.911956  0.1147  
0.393639  0.496093  0.773912  0.393639  0.496093  0.773912  0.576517  0.409362  0.707598  
0.376828  0.807875  0.453143  0.376828  0.807875  0.453143  0.384916  0.825215  0.413351  
0.313704  0.152871  0.937134  0.313704  0.152871  0.937134  0.266309  0.00406825  0.963879  
0.326746  0.903726  0.276615  0.326746  0.903726  0.276615  0.29992  0.91298  0.276615  
0.322731  0.321216  0.890318  0.322731  0.321216  0.890318  0.0770039  0.181544  0.982914  
0.340024  0.685414  0.643888  0.340024  0.685414  0.643888  0.410405  0.653443  0.64937  
0.242244  0.00974705  0.970166  0.242244  0.00974705  0.970166  0.242476  0.00975637  0.971094  
0.231299  0.972853  0.00765969  0.231299  0.972853  0.00765969  0.257384  0.961973  0.104918  
0.304687  0.663013  0.683797  0.304687  0.663013  0.683797  0.32561  0.708542  0.626056  
0.266137  0.910576  0.316263  0.266137  0.910576  0.316263  0.266137  0.910576  0.316263  
0.252505  0.294555  0.921672  0.252505  0.294555  0.921672  0.10012  0.365647  0.931397  
0.220943  0.964051  0.147615  0.220943  0.964051  0.147615  0.220943  0.964051  0.147615  
0.250864  0.485824  0.837283  0.250864  0.485824  0.837283  0.320699  0.49628  0.806758  
0.242251  0.824499  0.511387  0.242251  0.824499  0.511387  0.225915  0.75984  0.609595  
0.190742  0.126218  0.973492  0.190742  0.126218  0.973492  0.261769  0.0655941  0.962899  
0.17401  0.98194  0.074259  0.17401  0.98194  0.074259  0.240519  0.9678  0.074259  
0.214032  0.587795  0.780185  0.214032  0.587795  0.780185  0.0678345  0.582779  0.80981  
0.194199  0.887373  0.418157  0.194199  0.887373  0.418157  0.194199  0.887373  0.418157  
0.165097  0.211036  0.963435  0.165097  0.211036  0.963435  0.165097  0.211036  0.963435  
0.15914  0.959403  0.232851  0.15914  0.959403  0.232851  0.162812  0.981537  0.100662  
0.160372  0.396158  0.904068  0.160372  0.396158  0.904068  0.0235213  0.409667  0.912486  
0.164263  0.769202  0.617532  0.164263  0.769202  0.617532  0.218855  0.759421  0.620501  
0.117058  0.0565176  0.991516  0.117058  0.0565176  0.991516  0.117319  0.0566434  0.993723  
0.108048  0.993326  0.0403721  0.108048  0.993326  0.0403721  0.108158  0.994338  0.00663853  
0.136424  0.643801  0.752933  0.136424  0.643801  0.752933  0.136424  0.643801  0.752934  
0.11753  0.919955  0.373991  0.11753  0.919955  0.373991  0.225333  0.930228  0.292181  
0.101327  0.256896  0.961113  0.101327  0.256896  0.961113  0.0384987  0.234716  0.971301  
0.0909392  0.977228  0.191719  0.0909392  0.977228  0.191719  0.0925318  0.994341  0.0521871  
0.093101  0.449409  0.888461  0.093101  0.449409  0.888461  0.0111501  0.463396  0.886861  
0.0903812  0.813326  0.574746  0.0903812  0.813326  0.574746  0.133053  0.84249  0.522023  
0.0631233  0.0934009  0.993626  0.0631233  0.0934009  0.993626  0.0557494  0.120558  0.99114  
0.0583433  0.991979  0.112129  0.0583433  0.991979  0.112129  0.0583585  0.992238  0.112158  
0.0643333  0.551039  0.831996  0.0643333  0.551039  0.831996  0.112277  0.543321  0.832025  
0.0555305  0.877815  0.47577  0.0555305  0.877815  0.47577  0.0555686  0.878418  0.476097  
0.0350386  0.171612  0.984541  0.0350386  0.171612  0.984541  0.00381042  0.0535812  1.00083  
0.0366383  0.95904  0.280892  0.0366383  0.95904  0.280892  0.0695696  0.989731  0.124871  
0.0190641  0.352161  0.935745  0.0190641  0.352161  0.935745  0.0126923  0.297416  0.954767  
0.0162302  0.739343  0.673134  0.0162302  0.739343  0.673134  0.0162304  0.739351  0.673141  
0.0123542  0.0239904  0.999636  0.0123542  0.0239904  0.999636  0.00114488  0.0271222  1.00563  
0.00798979  0.999682  0.0239287  0.00798979  0.999682  0.0239287  0.005062  0.998995  0.0445799  
0.00304858  0.673219  0.739437  0.00304858  0.673219  0.739437  0.000858449  0.625996  0.781296  
