0.858946  0.70895  3.32296  0.858946  0.70895  3.32296  0.859504  0.70895  3.43593  
0.708988  0.856475  3.323  0.708988  0.856475  3.323  0.673508  0.856985  3.59033  
0  0  6  0  0  6  0.207245  0  5.60048  
0.858943  0.70895  3.32296  0.858943  0.70895  3.32296  0.859171  0.480181  4.29865  
0.857828  0.774827  2.87228  0.857828  0.774827  2.87228  0.857932  0.751413  3.01732  
0.859401  0.251411  3.8802  0.859401  0.251411  3.8802  0.859401  0.251411  3.8802  
0.857651  0.80419  2.72889  0.857651  0.80419  2.72889  0.857651  0.80419  2.72889  
0.859241  0.657088  3.70915  0.859241  0.657088  3.70915  0.858426  0.716144  3.26892  
0.8585  0.744951  3.06098  0.8585  0.744951  3.06098  0.950271  0.78038  3.1549  
0.859401  0.188554  3.93389  0.859401  0.188554  3.93389  0.859401  0.188554  3.93389  
0.857619  0.821657  2.66879  0.857619  0.821657  2.66879  0.857387  0.829168  2.64947  
0.85928  0.686079  3.49611  0.85928  0.686079  3.49611  0.859498  0.702159  3.37433  
0.858355  0.760294  2.9596  0.858355  0.760294  2.9596  0.858645  0.768702  2.92304  
0.859401  0.251411  3.8802  0.859401  0.251411  3.8802  0.859401  0.445136  4.24881  
0.858113  0.789167  2.79612  0.858113  0.789167  2.79612  0.822936  0.745095  3.11103  
0.859401  0.251411  3.8802  0.859401  0.251411  3.8802  0.859401  0.207482  3.91024  
0.85792  0.728134  3.18034  0.85792  0.728134  3.18034  0.856935  0.757758  2.97887  
0.8594  0.100696  4.12446  0.8594  0.100696  4.12446  0.8594  0.0925821  4.15574  
0.858115  0.833094  2.64088  0.858115  0.833094  2.64088  0.858196  0.833094  2.71133  
0.857361  0.698109  3.4052  0.857361  0.698109  3.4052  0.857361  0.698109  3.4052  
0.857828  0.767628  2.91439  0.857828  0.767628  2.91439  0.893344  0.753183  3.05093  
0.8594  0.251411  3.8802  0.8594  0.251411  3.8802  0.8594  0.251411  3.8802  
0.85799  0.796519  2.76151  0.85799  0.796519  2.76151  0.85799  0.796519  2.76151  
0.859332  0.638861  3.83365  0.859332  0.638861  3.83365  0.859332  0.638861  3.83365  
0.858474  0.736772  3.11811  0.858474  0.736772  3.11811  0.858422  0.761132  2.95431  
0.858894  0.145365  4.0192  0.858894  0.145365  4.0192  0.858894  0.145365  4.091  
0.858073  0.812395  2.69805  0.858073  0.812395  2.69805  0.783984  0.900852  2.88993  
0.857566  0.672589  3.59702  0.857566  0.672589  3.59702  0.858585  0.44924  4.2566  
0.857355  0.752781  3.00832  0.857355  0.752781  3.00832  0.857355  0.760786  2.98263  
0.8594  0.235183  3.88399  0.8594  0.235183  3.88399  0.859147  0.18216  3.94463  
0.857984  0.781976  2.83296  0.857984  0.781976  2.83296  0.84835  0.781976  2.83766  
0.8594  0.25141  3.8802  0.8594  0.25141  3.8802  0.8594  0.25141  3.8802  
0.857932  0.718909  3.24834  0.857932  0.718909  3.24834  0.858632  0.678885  3.55014  
0.8594  0.0521373  4.23027  0.8594  0.0521373  4.23027  0.8594  0.0440233  4.24523  
0.838297  0.85846  2.63136  0.838297  0.85846  2.63136  0.760226  0.85872  2.96  
0.858559  0.70365  3.36306  0.858559  0.70365  3.36306  0.858559  0.70365  3.36306  
0.780517  0.816951  2.9095  0.780517  0.816951  2.9095  0.769637  0.816311  2.97316  
0.8594  0.25141  3.8802  0.8594  0.25141  3.8802  0.87927  0.198418  3.93457  
0.791558  0.858709  2.78447  0.791558  0.858709  2.78447  0.791558  0.858709  2.78447  
0.858078  0.648388  3.76983  0.858078  0.648388  3.76983  0.906713  0.677815  3.646  
0.77577  0.777123  3.11213  0.77577  0.777123  3.11213  0.775744  0.74559  3.30956  
0.859372  0.166915  3.97317  0.859372  0.166915  3.97317  0.847296  0.207627  3.92859  
0.805154  0.858936  2.72493  0.805154  0.858936  2.72493  0.805154  0.858936  2.72493  
0.857166  0.679561  3.54526  0.857166  0.679561  3.54526  0.914412  0.679561  3.66347  
0.742943  0.857261  3.07498  0.742943  0.857261  3.07498  0.742943  0.837347  3.0937  
0.819154  0.251351  3.94219  0.819154  0.251351  3.94219  0.819154  0.151744  4.067  
0.765199  0.858004  2.92911  0.765199  0.858004  2.92911  0.772858  0.837477  2.95413  
0.857969  0.25141  3.88028  0.857969  0.25141  3.88028  0.784769  0.300385  4.17053  
0.711125  0.845257  3.31437  0.711125  0.845257  3.31437  0.711125  0.845257  3.31437  
0.79477  0.0838494  4.31895  0.79477  0.0838494  4.31895  0.841784  0.0417527  4.26355  
0.811084  0.858591  2.70263  0.811084  0.858591  2.70263  0.555064  0.859189  4.2367  
0.710766  0.777511  3.55238  0.710766  0.777511  3.55238  0.710766  0.777511  3.58903  
0.731366  0.857056  3.15701  0.731366  0.857056  3.15701  0.731366  0.857182  3.16145  
0.765346  0.251109  4.19432  0.765346  0.251109  4.19432  0.697988  0.209539  4.78437  
0.759512  0.858522  2.96454  0.759512  0.858522  2.96454  0.759512  0.858522  2.96454  
0.743587  0.679133  4.00459  0.743587  0.679133  4.00459  0.797782  0.416053  4.32524  
0.691423  0.857752  3.45582  0.691423  0.857752  3.45582  0.700686  0.851608  3.46286  
0.719597  0.168271  4.59961  0.719597  0.168271  4.59961  0.684647  0.167564  4.86477  
0.774012  0.858066  2.8769  0.774012  0.858066  2.8769  0.716892  0.813819  3.36009  
0.64479  0.811772  3.88038  0.64479  0.811772  3.88038  0.59512  0.811558  4.17037  
0.6926  0.857545  3.44694  0.6926  0.857545  3.44694  0.938366  0.857545  2.85383  
0.695444  0.249695  4.69148  0.695444  0.249695  4.69148  0.423764  0.333475  5.56221  
0.722017  0.857499  3.22533  0.722017  0.857499  3.22533  0.722017  0.857499  3.22803  
0.679495  0.677978  4.48843  0.679495  0.677978  4.48843  0.679495  0.677978  4.48843  
0.640077  0.859342  3.82566  0.640077  0.859342  3.82566  0.445744  0.859342  4.24999  
0.665835  0.042327  5.28061  0.665835  0.042327  5.28061  0.665835  0.042327  5.28332  
0.832729  0.858663  2.64158  0.832729  0.858663  2.64158  0.832729  0.85902  2.74005  
0.25141  0.8594  3.8802  0.25141  0.8594  3.8802  0.25141  0.900345  3.99128  
0.693721  0.857426  3.43846  0.693721  0.857426  3.43846  0.693721  0.478672  5.12167  
0.247757  0.68624  4.76127  0.247757  0.68624  4.76127  0.249739  0.68624  4.76112  
0.738307  0.857686  3.10734  0.738307  0.857686  3.10734  0.738307  0.857914  3.1263  
0.250067  0.803329  3.99847  0.250067  0.803329  3.99847  0.250067  0.803329  3.99847  
0.251411  0.8594  3.8802  0.251411  0.8594  3.8802  0.251411  0.8594  3.8802  
0.251409  0.251409  5.14639  0.251409  0.251409  5.14639  0.251409  0.251409  5.14639  
0.763453  0.858204  2.93984  0.763453  0.858204  2.93984  0.763453  0.806846  3.07325  
0.25141  0.8594  3.8802  0.25141  0.8594  3.8802  0.490217  0.872085  4.31641  
0.251411  0.859401  3.8802  0.251411  0.859401  3.8802  0.251411  0.859401  3.8802  
0.251409  0.251409  5.14639  0.251409  0.251409  5.14639  0.110915  0.0381249  5.7416  
0.672444  0.858686  3.59798  0.672444  0.858686  3.59798  0.907747  0.857735  2.70586  
0.248478  0.746401  4.31734  0.248478  0.746401  4.31734  0.248478  0.800646  4.00972  
0.25141  0.8594  3.8802  0.25141  0.8594  3.8802  0.0570772  0.859429  4.22068  
0.251409  0.1535  5.26737  0.251409  0.1535  5.26737  0.251409  0.1535  5.28249  
0.769797  0.857429  2.90151  0.769797  0.857429  2.90151  0.736866  0.857929  3.1175  
0.230633  0.859378  3.8864  0.230633  0.859378  3.8864  0.24035  0.859378  3.91872  
0.251411  0.859401  3.8802  0.251411  0.859401  3.8802  0.00658849  0.860379  4.30004  
0.251345  0.648057  5.03822  0.251345  0.648057  5.03822  0.250984  0.617977  5.22896  
0.251411  0.859401  3.8802  0.251411  0.859401  3.8802  0.251411  0.859401  3.88931  
0.167175  0.786403  4.16853  0.167175  0.786403  4.16853  0.167175  0.786403  4.16853  
0.204076  0.859384  3.91141  0.204076  0.859384  3.91141  0.180409  0.859376  3.9477  
0.169079  0.246459  5.23544  0.169079  0.246459  5.23544  0.210244  0.248934  5.21099  
0.638027  0.857495  3.83925  0.638027  0.857495  3.83925  0.89722  0.85651  2.67302  
0.115132  0.859382  4.09006  0.115132  0.859382  4.09006  0.106209  0.91587  4.23603  
0.160305  0.8594  3.98668  0.160305  0.8594  3.98668  0.38146  0.858413  4.09274  
0.113774  0.251409  5.35949  0.113774  0.251409  5.35949  0.0943505  0.554274  5.76153  
0.175503  0.859401  3.95661  0.175503  0.859401  3.95661  0.175503  0.859531  3.95727  
0.0660041  0.750892  4.60923  0.0660041  0.750892  4.60923  0.0666433  0.673257  5.17915  
0.0621265  0.8594  4.21054  0.0621265  0.8594  4.21054  0.0621265  0.8594  4.26327  
0.0430393  0.0767614  5.8124  0.0430393  0.0767614  5.8124  0.0430714  0.0416702  5.8823  
0.251412  0.859401  3.8802  0.251412  0.859401  3.8802  0.213458  0.859401  3.93438  
0.00832402  0.8594  4.29803  0.00832402  0.8594  4.29803  0.0187125  0.8594  4.30266  
