2  8.91543e-16  2  8.91543e-16  2  0.00324869  
2.39416e-12  4  2.39416e-12  4  0.0900943  3.99754  
1.99999  0.0102564  1.99999  0.0102564  1.99994  0.0312944  
1.99994  0.031087  1.99994  0.031087  2.00682  0.022297  
1.99983  0.0523515  1.99983  0.0523515  2.00815  0.100434  
1.99966  0.0740614  1.99966  0.0740614  1.99958  0.0821153  
1.99942  0.0962288  1.99942  0.0962288  2.00196  0.091837  
1.99912  0.118866  1.99912  0.118866  1.99717  0.212731  
1.99874  0.141987  1.99874  0.141987  1.99875  0.141672  
1.99829  0.165604  1.99829  0.165604  1.99804  0.177078  
1.99775  0.189729  1.99775  0.189729  2.00185  0.16686  
1.99713  0.21438  1.99713  0.21438  1.99466  0.292113  
1.99641  0.239569  1.99641  0.239569  1.99442  0.326892  
1.9956  0.265309  1.9956  0.265309  1.99611  0.3017  
1.99468  0.291619  1.99468  0.291619  1.99525  0.275567  
1.99365  0.31851  1.99365  0.31851  1.99581  0.306344  
1.9925  0.346003  1.9925  0.346003  1.99985  0.315124  
1.99123  0.374108  1.99123  0.374108  1.98913  0.416388  
1.98983  0.402848  1.98983  0.402848  1.99295  0.467117  
1.98829  0.432235  1.98829  0.432235  1.98145  0.543538  
1.9866  0.462291  1.9866  0.462291  1.97456  0.695318  
1.98475  0.493028  1.98475  0.493028  1.96279  0.784752  
1.98273  0.524466  1.98273  0.524466  1.97072  0.689985  
1.98054  0.556623  1.98054  0.556623  1.98199  0.535656  
1.97816  0.589518  1.97816  0.589518  1.97544  0.624952  
1.97558  0.623169  1.97558  0.623169  1.77466  1.85534  
1.97279  0.657596  1.97279  0.657596  1.96391  0.759232  
1.96977  0.692816  1.96977  0.692816  1.97939  0.572706  
1.96652  0.728849  1.96652  0.728849  1.95048  0.884612  
1.96301  0.765713  1.96301  0.765713  1.9683  0.709356  
1.95924  0.803429  1.95924  0.803429  1.95482  0.845376  
1.95519  0.842013  1.95519  0.842013  1.94012  0.971468  
1.95083  0.881485  1.95083  0.881485  1.94508  0.942717  
1.94616  0.921867  1.94616  0.921867  1.93271  1.02888  
1.94115  0.963169  1.94115  0.963169  1.94203  0.9634  
1.93579  1.00541  1.93579  1.00541  1.88058  1.38791  
1.93005  1.04861  1.93005  1.04861  1.94068  0.967009  
1.92392  1.09279  1.92392  1.09279  1.91211  1.20211  
1.91736  1.13795  1.91736  1.13795  1.91792  1.13942  
1.91036  1.18411  1.91036  1.18411  1.90897  1.19304  
1.90289  1.23128  1.90289  1.23128  1.87407  1.40084  
1.89492  1.27948  1.89492  1.27948  1.89492  1.27948  
1.88643  1.3287  1.88643  1.3287  1.83259  1.61227  
1.87739  1.37897  1.87739  1.37897  1.82832  1.63906  
1.86777  1.43027  1.86777  1.43027  1.8675  1.4317  
1.85754  1.48263  1.85754  1.48263  1.83541  1.58905  
1.84666  1.53601  1.84666  1.53601  1.84666  1.53601  
1.83511  1.59043  1.83511  1.59043  1.84452  1.54626  
1.82285  1.64587  1.82285  1.64587  1.82408  1.64728  
1.80984  1.70233  1.80984  1.70233  1.81749  1.67072  
1.79605  1.75977  1.79605  1.75977  1.7666  1.87522  
1.78145  1.81818  1.78145  1.81818  1.79382  1.77629  
1.76599  1.87753  1.76599  1.87753  1.76463  1.89497  
1.74964  1.93778  1.74964  1.93778  1.75917  1.90297  
1.73237  1.99889  1.73237  1.99889  1.18398  3.24495  
1.71414  2.06081  1.71414  2.06081  1.7387  1.98475  
1.6949  2.12349  1.6949  2.12349  1.61344  2.38241  
1.67463  2.18688  1.67463  2.18688  1.67396  2.22149  
1.6533  2.25088  1.6533  2.25088  1.67687  2.18002  
1.63086  2.31542  1.63086  2.31542  1.77529  1.85134  
1.60729  2.38043  1.60729  2.38043  1.58291  2.44492  
1.58257  2.44579  1.58257  2.44579  1.51627  2.60838  
1.55666  2.51142  1.55666  2.51142  1.59615  2.41479  
1.52955  2.57719  1.52955  2.57719  1.52921  2.57799  
1.50122  2.64299  1.50122  2.64299  1.50201  2.64312  
1.47165  2.70869  1.47165  2.70869  1.47356  2.70898  
1.44084  2.77415  1.44084  2.77415  1.49584  2.66139  
1.40879  2.83924  1.40879  2.83924  1.40609  2.86107  
1.37549  2.90381  1.37549  2.90381  1.45566  2.75042  
1.34096  2.96771  1.34096  2.96771  1.34096  2.96771  
1.30522  3.03077  1.30522  3.03077  1.31007  3.02239  
1.26829  3.09285  1.26829  3.09285  1.27953  3.10537  
1.2302  3.15379  1.2302  3.15379  1.33021  2.987  
1.19099  3.21343  1.19099  3.21343  1.20149  3.21719  
1.15071  3.27162  1.15071  3.27162  1.27297  3.08859  
1.1094  3.3282  1.1094  3.3282  1.09593  3.346  
1.06713  3.38303  1.06713  3.38303  1.06713  3.38303  
1.02397  3.43598  1.02397  3.43598  0.83368  3.63895  
0.979983  3.48691  0.979983  3.48691  0.985642  3.48686  
0.935253  3.53571  0.935253  3.53571  0.935253  3.53571  
0.889862  3.58226  0.889862  3.58226  1.13346  3.29916  
0.843899  3.62648  0.843899  3.62648  0.997621  3.46776  
0.79745  3.66828  0.79745  3.66828  0.959775  3.51893  
0.750617  3.7076  0.750617  3.7076  0.656378  3.7788  
0.703489  3.74438  0.703489  3.74438  0.697776  3.74967  
0.656163  3.7786  0.656163  3.7786  1.43517  2.78801  
0.608733  3.81022  0.608733  3.81022  0.610572  3.82102  
0.561293  3.83924  0.561293  3.83924  0.711796  3.7381  
0.513935  3.86568  0.513935  3.86568  0.518751  3.86928  
0.466747  3.88955  0.466747  3.88955  0.701678  3.75498  
0.419813  3.91089  0.419813  3.91089  0.505772  3.8768  
0.373215  3.92974  0.373215  3.92974  1.64933  2.27037  
0.32703  3.94616  0.32703  3.94616  0.459658  3.89292  
0.281328  3.96023  0.281328  3.96023  0.314226  3.95238  
0.236173  3.97201  0.236173  3.97201  0.238928  3.97135  
0.191628  3.9816  0.191628  3.9816  0.165114  3.98635  
0.147743  3.98907  0.147743  3.98907  0.668959  3.7778  
0.104569  3.99453  0.104569  3.99453  0.165721  3.98703  
0.062146  3.99807  0.062146  3.99807  0.109533  3.99492  
0.0205117  3.99979  0.0205117  3.99979  0.126184  3.99203  
