2.05  0.0501946  0.0500586  2.05  0.0501946  0.0500586  2.22662  1.42281  0.341562  
0.206872  4.03651  0.194821  0.206872  4.03651  0.194821  0.380575  4.12437  0.602428  
0.192658  0.180719  6.0315  0.192658  0.180719  6.0315  0.889472  0.84156  6.52235  
2.04947  0.126976  0.126469  2.04947  0.126976  0.126469  2.04947  0.126976  0.126469  
2.04707  0.261482  0.120109  2.04707  0.261482  0.120109  2.11396  0.246237  0.668478  
2.04718  0.144912  0.33476  2.04718  0.144912  0.33476  2.04717  0.190404  0.289575  
2.03958  0.455869  0.10791  2.03958  0.455869  0.10791  2.07451  0.492122  0.339273  
2.04417  0.254159  0.390069  2.04417  0.254159  0.390069  2.04417  0.254159  0.390069  
2.03915  0.436266  0.281702  2.03915  0.436266  0.281702  2.04169  0.379997  0.281702  
2.03949  0.136346  0.650523  2.03949  0.136346  0.650523  1.72204  0.464214  3.28304  
2.0185  0.756458  0.097085  2.0185  0.756458  0.097085  2.01891  0.75746  0.240643  
2.03565  0.413197  0.516725  2.03565  0.413197  0.516725  1.99738  0.662001  1.07492  
2.02408  0.664389  0.329051  2.02408  0.664389  0.329051  2.02507  0.664698  0.254401  
2.03078  0.231043  0.834078  2.03078  0.231043  0.834078  2.08679  0.704273  0.857204  
2.0055  0.879315  0.241216  2.0055  0.879315  0.241216  2.00253  0.880007  0.573585  
2.02662  0.393871  0.805373  2.02662  0.393871  0.805373  2.03812  0.216932  0.811047  
2.01581  0.703834  0.558546  2.01581  0.703834  0.558546  1.7522  1.99541  3.10862  
2.01259  0.098455  1.20273  2.01259  0.098455  1.20273  1.82658  1.7018  1.27515  
1.9545  1.27101  0.0894107  1.9545  1.27101  0.0894107  2.22456  1.65079  0.871557  
2.00928  0.690757  0.776153  2.00928  0.690757  0.776153  2.35838  1.24185  1.02261  
1.97961  1.06779  0.448154  1.97961  1.06779  0.448154  1.99593  2.10362  0.64009  
2.00432  0.377659  1.22651  2.00432  0.377659  1.22651  2.01557  0.381855  1.09348  
1.94162  1.33912  0.288631  1.94162  1.33912  0.288631  2.11511  2.00914  0.461768  
1.99685  0.615974  1.13035  1.99685  0.615974  1.13035  1.9277  1.37524  2.28743  
1.97163  1.0588  0.740202  1.97163  1.0588  0.740202  2.15157  0.425392  0.529316  
1.97481  0.216316  1.66048  1.97481  0.216316  1.66048  1.97481  0.216316  1.66048  
1.88249  1.64869  0.215033  1.88249  1.64869  0.215033  1.70562  2.58282  0.292681  
1.97355  0.834527  1.19658  1.97355  0.834527  1.19658  2.03567  0.781798  0.936523  
1.92975  1.33981  0.7252  1.92975  1.33981  0.7252  1.85231  2.08226  0.79839  
1.95621  0.372607  1.80017  1.95621  0.372607  1.80017  2.30417  0.699195  1.3986  
1.87413  1.66234  0.501283  1.87413  1.66234  0.501283  1.96914  1.75906  1.04367  
1.95112  0.678455  1.65722  1.95112  0.678455  1.65722  1.88039  1.15504  1.81055  
1.92175  1.26478  1.12176  1.92175  1.26478  1.12176  1.95008  1.07382  1.12176  
1.90048  0.123417  2.32362  1.90048  0.123417  2.32362  1.80134  0.862232  3.63481  
1.72879  2.22398  0.0841972  1.72879  2.22398  0.0841972  1.72879  2.22398  0.0841972  
1.90344  1.27566  1.35495  1.90344  1.27566  1.35495  1.59113  1.76474  2.87995  
1.81373  1.88351  0.712751  1.81373  1.88351  0.712751  1.5369  2.69113  0.713579  
1.89904  0.686282  2.12812  1.89904  0.686282  2.12812  1.94328  0.626989  2.16475  
1.72138  2.23388  0.406938  1.72138  2.23388  0.406938  2.16315  0.577044  1.14478  
1.88065  1.08721  1.89877  1.88065  1.08721  1.89877  1.88065  1.08721  1.89874  
1.80911  1.80008  1.1719  1.80911  1.80008  1.1719  2.38124  0.916758  1.16757  
1.83182  0.36385  2.73411  1.83182  0.36385  2.73411  2.12749  0.65041  3.50248  
1.60574  2.55978  0.26059  1.60574  2.55978  0.26059  1.43139  2.27851  2.8162  
1.82577  1.40853  1.91206  1.82577  1.40853  1.91206  1.92601  1.19468  3.10035  
1.71673  2.15242  1.07603  1.71673  2.15242  1.07603  1.74392  2.08213  1.08029  
1.79344  0.632307  2.85727  1.79344  0.632307  2.85727  1.70935  0.604221  3.29466  
1.60189  2.53756  0.684053  1.60189  2.53756  0.684053  1.6566  2.65615  0.757242  
1.78135  1.12141  2.5875  1.78135  1.12141  2.5875  1.91691  1.71384  2.89335  
1.70851  2.0075  1.6694  1.70851  2.0075  1.6694  1.17359  3.26023  1.75039  
1.67963  0.208968  3.52014  1.67963  0.208968  3.52014  1.24411  0.249861  4.86141  
1.39438  3.00993  0.194944  1.39438  3.00993  0.194944  0.987554  3.61206  0.940681  
1.69179  1.82769  2.20182  1.69179  1.82769  2.20182  1.50343  1.62357  3.44041  
1.53216  2.63521  1.14147  1.53216  2.63521  1.14147  2.08659  0.903745  1.3869  
1.66425  0.893364  3.35868  1.66425  0.893364  3.35868  1.5653  2.07087  2.82254  
1.38704  2.99675  0.661173  1.38704  2.99675  0.661173  1.31823  3.0703  1.04971  
1.63719  1.48759  2.99576  1.63719  1.48759  2.99576  1.35345  1.66473  4.88066  
1.52183  2.48538  1.8272  1.52183  2.48538  1.8272  1.44635  2.69392  2.73925  
1.5225  0.379754  4.08003  1.5225  0.379754  4.08003  1.18268  1.03142  5.15025  
1.22721  3.27289  0.445834  1.22721  3.27289  0.445834  0.818574  3.69619  0.927864  
1.53624  1.90383  2.94607  1.53624  1.90383  2.94607  1.64603  2.01361  3.05586  
1.37269  2.86027  1.62633  1.37269  2.86027  1.62633  1.32477  2.94759  1.62593  
1.45264  0.728669  4.20418  1.45264  0.728669  4.20418  1.49168  0.767709  4.24322  
1.21409  3.23696  1.02538  1.21409  3.23696  1.02538  2.30046  1.38312  1.09857  
1.43842  1.4215  3.84715  1.43842  1.4215  3.84715  1.30136  1.64496  4.07282  
1.34469  2.6336  2.47803  1.34469  2.6336  2.47803  1.24721  2.63771  2.88438  
1.25669  0.0507367  4.83488  1.25669  0.0507367  4.83488  1.80687  1.31479  4.36794  
0.918747  3.65288  0.0778965  0.918747  3.65288  0.0778965  0.615512  3.81496  2.64422  
1.26538  2.66734  2.75041  1.26538  2.66734  2.75041  1.35341  3.09045  2.47451  
1.04865  3.4263  1.22284  1.04865  3.4263  1.22284  2.11348  1.14027  1.75651  
1.24891  1.43409  4.38049  1.24891  1.43409  4.38049  1.29115  1.47153  4.55443  
0.889417  3.66187  0.603043  0.889417  3.66187  0.603043  1.00273  3.77518  0.716356  
1.18208  2.21473  3.7812  1.18208  2.21473  3.7812  0.67022  1.77612  5.61084  
1.01378  3.28891  2.0591  1.01378  3.28891  2.0591  1.08697  3.3621  2.13229  
1.05832  0.715404  5.13462  1.05832  0.715404  5.13462  1.49936  1.08774  4.39208  
0.727892  3.80845  0.3343  0.727892  3.80845  0.3343  0.727336  3.80116  0.538388  
1.01802  2.67114  3.52968  1.01802  2.67114  3.52968  0.677767  2.37207  5.50504  
0.831083  3.56337  1.70401  0.831083  3.56337  1.70401  1.32758  3.23913  3.24034  
0.94012  1.16374  5.15668  0.94012  1.16374  5.15668  0.790656  1.92757  5.5013  
0.683261  3.79564  0.95756  0.683261  3.79564  0.95756  0.642414  3.82228  0.95756  
0.887364  2.04512  4.60338  0.887364  2.04512  4.60338  1.06638  0.748532  5.33026  
0.766053  3.34289  2.69355  0.766053  3.34289  2.69355  0.761507  3.32199  2.76211  
0.726295  0.364211  5.67685  0.726295  0.364211  5.67685  0.863294  1.55151  5.75749  
0.486576  3.95211  0.208107  0.486576  3.95211  0.208107  0.474993  3.95744  0.19591  
0.694689  3.03615  3.54226  0.694689  3.03615  3.54226  1.12279  2.09716  4.68575  
0.540329  3.79285  1.57185  0.540329  3.79285  1.57185  1.14357  4.20512  0.587291  
0.631458  1.47364  5.37888  0.631458  1.47364  5.37888  0.767831  1.71566  5.17109  
0.424662  3.94604  0.814005  0.424662  3.94604  0.814005  0.514494  3.84333  2.24616  
0.557903  2.38871  4.67296  0.557903  2.38871  4.67296  1.3425  2.97144  3.30505  
0.455715  3.59339  2.55369  0.455715  3.59339  2.55369  0.437289  3.60162  2.55369  
0.437984  0.592207  5.87956  0.437984  0.592207  5.87956  0.509684  0.811731  6.2803  
0.292776  4.00919  0.497605  0.292776  4.00919  0.497605  0.29298  4.01252  0.424408  
0.386823  2.82893  4.24564  0.386823  2.82893  4.24564  0.570436  3.01718  4.42027  
0.29011  3.78461  2.07478  0.29011  3.78461  2.07478  1.116  3.28942  2.81613  
0.299654  1.05398  5.80944  0.299654  1.05398  5.80944  0.54308  1.36166  6.23444  
0.211396  3.96303  1.19627  0.211396  3.96303  1.19627  1.52613  2.72002  1.9474  
0.231759  2.00825  5.25332  0.231759  2.00825  5.25332  0.273084  2.04958  5.29464  
0.183866  3.45185  3.18057  0.183866  3.45185  3.18057  0.812272  1.84205  5.23924  
0.172263  0.246723  6.0315  0.172263  0.246723  6.0315  0.297517  0.448256  5.97383  
0.20651  4.02729  0.482589  0.20651  4.02729  0.482589  0.206452  4.02582  0.512156  
0.0906686  1.08349  5.84499  0.0906686  1.08349  5.84499  0.493062  3.23987  4.11215  
