1  0  1  0  0.977022  0.0147633  
9.60789e-11  0.999997  9.60789e-11  0.999997  9.60759e-11  0.999997  
0.990065  0.00500277  0.990065  0.00500277  1.00305  0.00927361  
0.970287  0.0150287  0.970287  0.0150287  1.04475  0.0823568  
0.951159  0.0248415  0.951159  0.0248415  1.20207  0.258102  
0.932423  0.0345312  0.932423  0.0345312  0.996252  0.105035  
0.914243  0.0439689  0.914243  0.0439689  0.977412  0.177654  
0.896456  0.0532885  0.896456  0.0532885  0.868677  0.0702735  
0.879208  0.0624301  0.879208  0.0624301  0.923289  0.103571  
0.86234  0.0714638  0.86234  0.0714638  0.892684  0.143694  
0.84597  0.0803354  0.84597  0.0803354  1.07409  0.710749  
0.829957  0.0890921  0.829957  0.0890921  0.960193  0.240911  
0.814353  0.0977191  0.814353  0.0977191  0.761107  0.128601  
0.799033  0.106217  0.799033  0.106217  0.994844  0.292788  
0.784091  0.1146  0.784091  0.1146  1.19256  0.0872954  
0.769415  0.122926  0.769415  0.122926  1.07073  0.138873  
0.75511  0.131106  0.75511  0.131106  0.790461  0.117399  
0.741086  0.139219  0.741086  0.139219  0.784805  0.135853  
0.727359  0.147228  0.727359  0.147228  0.841276  0.294647  
0.713864  0.155185  0.713864  0.155185  0.820218  0.343308  
0.700651  0.163044  0.700651  0.163044  0.792515  0.249284  
0.687675  0.170813  0.687675  0.170813  0.736071  0.174922  
0.674947  0.178529  0.674947  0.178529  1.51505  0.6078  
0.662428  0.186166  0.662428  0.186166  0.644955  0.197104  
0.650157  0.193743  0.650157  0.193743  0.632324  0.204868  
0.638074  0.201273  0.638074  0.201273  0.765975  0.361668  
0.626206  0.208737  0.626206  0.208737  0.696033  0.256568  
0.614525  0.21615  0.614525  0.21615  0.602507  0.224108  
0.603052  0.22351  0.603052  0.22351  0.61502  0.227844  
0.591757  0.230824  0.591757  0.230824  0.638779  0.578821  
0.58061  0.238094  0.58061  0.238094  0.59177  0.257458  
0.569643  0.245319  0.569643  0.245319  0.580857  0.23904  
0.558824  0.252509  0.558824  0.252509  0.560385  0.260309  
0.548175  0.259656  0.548175  0.259656  0.581913  0.31962  
0.537674  0.266774  0.537674  0.266774  0.5477  0.284022  
0.52731  0.273875  0.52731  0.273875  0.609445  0.396475  
0.517098  0.28094  0.517098  0.28094  0.520542  0.297986  
0.507013  0.287989  0.507013  0.287989  0.542109  0.785147  
0.497068  0.295005  0.497068  0.295005  0.492539  0.298496  
0.487252  0.302008  0.487252  0.302008  0.798398  0.305492  
0.477543  0.308995  0.477543  0.308995  0.596508  0.323759  
0.467958  0.315974  0.467958  0.315974  0.522023  0.362146  
0.458476  0.322934  0.458476  0.322934  0.461975  0.325902  
0.44912  0.329886  0.44912  0.329886  0.430675  0.344224  
0.439863  0.336827  0.439863  0.336827  0.435374  0.340213  
0.430704  0.343772  0.430704  0.343772  0.48681  0.372589  
0.421641  0.350709  0.421641  0.350709  0.741504  0.497114  
0.412675  0.357656  0.412675  0.357656  0.434754  0.34139  
0.403799  0.364598  0.403799  0.364598  0.423728  0.400535  
0.39502  0.371552  0.39502  0.371552  0.408251  0.379227  
0.386311  0.378513  0.386311  0.378513  0.377507  0.38791  
0.377699  0.385487  0.377699  0.385487  0.379522  0.387208  
0.369157  0.392472  0.369157  0.392472  0.346837  0.413954  
0.360693  0.399476  0.360693  0.399476  0.525071  0.512233  
0.352301  0.406498  0.352301  0.406498  0.343881  0.416353  
0.34398  0.413539  0.34398  0.413539  0.616247  0.629222  
0.335727  0.420621  0.335727  0.420621  0.531661  0.492204  
0.327533  0.427725  0.327533  0.427725  0.401314  0.495366  
0.319414  0.434871  0.319414  0.434871  0.33989  0.417041  
0.311351  0.442049  0.311351  0.442049  0.35744  0.740043  
0.303354  0.449276  0.303354  0.449276  0.331463  0.425509  
0.295408  0.456535  0.295408  0.456535  0.299412  0.550939  
0.287515  0.463859  0.287515  0.463859  0.37604  0.557152  
0.279666  0.471219  0.279666  0.471219  0.281377  0.492004  
0.271873  0.47865  0.271873  0.47865  0.429111  0.627802  
0.264121  0.486134  0.264121  0.486134  0.467392  0.998782  
0.256413  0.493694  0.256413  0.493694  0.356153  0.464614  
0.248744  0.501313  0.248744  0.501313  0.226009  0.525421  
0.241117  0.509026  0.241117  0.509026  0.30008  0.545263  
0.233518  0.516812  0.233518  0.516812  0.237352  0.512873  
0.225965  0.524696  0.225965  0.524696  0.333079  0.69173  
0.218432  0.532682  0.218432  0.532682  0.851369  0.575694  
0.210937  0.540773  0.210937  0.540773  0.2547  0.575951  
0.203468  0.548971  0.203468  0.548971  0.210923  0.540826  
0.196016  0.557311  0.196016  0.557311  0.212878  0.598651  
0.188592  0.565776  0.188592  0.565776  0.289627  0.6811  
0.181187  0.574398  0.181187  0.574398  0.234994  0.723087  
0.173795  0.583176  0.173795  0.583176  0.230889  0.591553  
0.166415  0.592138  0.166415  0.592138  0.171096  0.594716  
0.159044  0.601289  0.159044  0.601289  0.394768  0.998358  
0.151673  0.61065  0.151673  0.61065  0.158009  0.614477  
0.144324  0.620228  0.144324  0.620228  0.140646  0.625109  
0.136971  0.630062  0.136971  0.630062  0.148239  0.632551  
0.129589  0.640176  0.129589  0.640176  0.14535  0.620346  
0.12222  0.650602  0.12222  0.650602  0.124681  0.676683  
0.114847  0.661368  0.114847  0.661368  0.125937  0.651745  
0.107421  0.672535  0.107421  0.672535  0.124148  0.661438  
0.0999972  0.684124  0.0999972  0.684124  0.150454  0.656355  
0.0924935  0.696214  0.0924935  0.696214  0.322189  0.943697  
0.0850106  0.70885  0.0850106  0.70885  0.0865382  0.723832  
0.0774915  0.722146  0.0774915  0.722146  0.0912607  0.704864  
0.0698154  0.736235  0.0698154  0.736235  0.0743205  0.750816  
0.0621106  0.751239  0.0621106  0.751239  0.118278  0.877148  
0.0543417  0.767394  0.0543417  0.767394  0.321006  1.13182  
0.0466299  0.784997  0.0466299  0.784997  1.12608  1.11824  
0.03856  0.804545  0.03856  0.804545  0.0675873  1.06359  
0.0304682  0.826931  0.0304682  0.826931  0.0789884  0.985345  
0.0220893  0.853782  0.0220893  0.853782  0.0676141  0.861885  
0.0136968  0.890019  0.0136968  0.890019  1.67663  1.40775  
0.00465622  0.949715  0.00465622  0.949715  0.109973  1.06052  
