1  4.49949e-66  1.79071e-69  1  4.49949e-66  1.79071e-69  0.991146  1.0785e-67  0.136476  
6.12323e-17  1  0  6.12323e-17  1  0  6.12286e-17  0.999939  0.0210325  
9.10918e-18  6.0551e-17  1  9.10918e-18  6.0551e-17  1  3.06786e-18  6.11554e-17  1  
0.998512  0.0385564  0.0385746  0.998512  0.0385564  0.0385746  1.00013  0.0386187  0.0386369  
0.993761  0.105822  0.035216  0.993761  0.105822  0.035216  0.994355  0.105886  0.00686323  
0.988775  0.0471536  0.141779  0.988775  0.0471536  0.141779  0.988775  0.0471536  0.141779  
0.979195  0.200893  0.0286095  0.979195  0.200893  0.0286095  0.979699  0.200997  0.0286242  
0.980566  0.100932  0.168236  0.980566  0.100932  0.168236  0.980566  0.100932  0.168236  
0.975043  0.190359  0.114259  0.975043  0.190359  0.114259  0.961471  0.187709  0.200847  
0.95552  0.0416451  0.29197  0.95552  0.0416451  0.29197  0.95552  0.0416451  0.29197  
0.940319  0.339543  0.0226146  0.940319  0.339543  0.0226146  0.940682  0.339675  0.0226234  
0.957933  0.176173  0.226557  0.957933  0.176173  0.226557  0.956234  0.18517  0.226557  
0.945623  0.296128  0.134557  0.945623  0.296128  0.134557  0.945623  0.296128  0.134557  
0.925764  0.0832479  0.368823  0.925764  0.0832479  0.368823  0.94847  0.0189477  0.316301  
0.916045  0.390838  0.0900368  0.916045  0.390838  0.0900368  0.895415  0.436041  0.0900371  
0.921028  0.161154  0.354594  0.921028  0.161154  0.354594  0.928517  0.0580751  0.369757  
0.920684  0.308075  0.239645  0.920684  0.308075  0.239645  0.903821  0.387877  0.211396  
0.860428  0.0335281  0.508468  0.860428  0.0335281  0.508468  0.847521  0.152327  0.50848  
0.840182  0.542022  0.0174808  0.840182  0.542022  0.0174808  0.862678  0.507298  0.0104938  
0.895415  0.294592  0.333837  0.895415  0.294592  0.333837  0.895627  0.294661  0.333916  
0.868839  0.461044  0.180434  0.868839  0.461044  0.180434  0.869345  0.461312  0.18054  
0.846501  0.143534  0.512674  0.846501  0.143534  0.512674  0.847073  0.143631  0.51302  
0.820245  0.562448  0.104164  0.820245  0.562448  0.104164  0.820637  0.562716  0.104214  
0.846137  0.246608  0.47248  0.846137  0.246608  0.47248  0.77171  0.0430638  0.636312  
0.84226  0.444914  0.304384  0.84226  0.444914  0.304384  0.864285  0.393042  0.313895  
0.763265  0.0664584  0.642658  0.763265  0.0664584  0.642658  0.843458  0.132784  0.520526  
0.749546  0.658445  0.0680435  0.749546  0.658445  0.0680435  0.826845  0.523744  0.204985  
0.808894  0.331999  0.485249  0.808894  0.331999  0.485249  0.849888  0.205846  0.485297  
0.788687  0.544604  0.285272  0.788687  0.544604  0.285272  0.779887  0.538527  0.319072  
0.72892  0.1229  0.673477  0.72892  0.1229  0.673477  0.727037  0.133589  0.673477  
0.734493  0.653488  0.182958  0.734493  0.653488  0.182958  0.764966  0.626941  0.147552  
0.73831  0.245759  0.628094  0.73831  0.245759  0.628094  0.691746  0.204363  0.692913  
0.75405  0.492482  0.434592  0.75405  0.492482  0.434592  0.777618  0.40393  0.482278  
0.628578  0.0249886  0.777345  0.628578  0.0249886  0.777345  0.591884  0.0235298  0.809555  
0.608444  0.793497  0.012584  0.608444  0.793497  0.012584  0.605935  0.795415  0.012584  
0.716986  0.477244  0.508103  0.716986  0.477244  0.508103  0.716986  0.477244  0.508103  
0.668331  0.699512  0.253016  0.668331  0.699512  0.253016  0.614916  0.724532  0.312124  
0.64583  0.221603  0.730614  0.64583  0.221603  0.730614  0.64583  0.221603  0.730614  
0.59994  0.789545  0.129192  0.59994  0.789545  0.129192  0.59994  0.789545  0.129192  
0.651145  0.371307  0.661922  0.651145  0.371307  0.661922  0.592115  0.35293  0.724532  
0.643399  0.644485  0.413129  0.643399  0.644485  0.413129  0.694935  0.656113  0.294246  
0.547672  0.101211  0.830549  0.547672  0.101211  0.830549  0.593435  0.0189528  0.804659  
0.522576  0.849548  0.0719866  0.522576  0.849548  0.0719866  0.624489  0.781416  0.0241149  
0.607685  0.468068  0.641585  0.607685  0.468068  0.641585  0.607685  0.468068  0.641585  
0.577446  0.733631  0.358249  0.577446  0.733631  0.358249  0.577884  0.734187  0.358521  
0.517076  0.171781  0.838525  0.517076  0.171781  0.838525  0.546645  0.0340588  0.836672  
0.51441  0.830991  0.211744  0.51441  0.830991  0.211744  0.445082  0.877883  0.176702  
0.529572  0.32964  0.781595  0.529572  0.32964  0.781595  0.529655  0.329691  0.781717  
0.543706  0.646251  0.535485  0.543706  0.646251  0.535485  0.634444  0.598353  0.491369  
0.422121  0.0422958  0.905552  0.422121  0.0422958  0.905552  0.366586  0.0258025  0.930715  
0.410045  0.910968  0.0447312  0.410045  0.910968  0.0447312  0.314545  0.946973  0.0661211  
0.503811  0.551122  0.665161  0.503811  0.551122  0.665161  0.584728  0.467294  0.663874  
0.46407  0.81607  0.344483  0.46407  0.81607  0.344483  0.764048  0.643693  0.0632271  
0.424834  0.223537  0.877239  0.424834  0.223537  0.877239  0.379053  0.199449  0.904063  
0.40298  0.896122  0.185935  0.40298  0.896122  0.185935  0.36534  0.885711  0.28643  
0.433058  0.395456  0.809985  0.433058  0.395456  0.809985  0.455114  0.296703  0.839546  
0.435749  0.727072  0.530556  0.435749  0.727072  0.530556  0.41794  0.672254  0.612577  
0.339701  0.0774918  0.937336  0.339701  0.0774918  0.937336  0.240252  0.0427383  0.973006  
0.337784  0.934216  0.114638  0.337784  0.934216  0.114638  0.337784  0.934216  0.114638  
0.393593  0.496033  0.773974  0.393593  0.496033  0.773974  0.41793  0.477934  0.776019  
0.376754  0.807877  0.453202  0.376754  0.807877  0.453202  0.285304  0.895277  0.344749  
0.313722  0.1525  0.937188  0.313722  0.1525  0.937188  0.314123  0.152695  0.938385  
0.326741  0.903736  0.276587  0.326741  0.903736  0.276587  0.321428  0.889039  0.330787  
0.322704  0.321364  0.890274  0.322704  0.321364  0.890274  0.241043  0.443511  0.866303  
0.340095  0.685436  0.643827  0.340095  0.685436  0.643827  0.523663  0.558256  0.64404  
0.242251  0.00682591  0.97019  0.242251  0.00682591  0.97019  0.187982  0.00113081  0.982665  
0.23127  0.972859  0.00765473  0.23127  0.972859  0.00765473  0.194139  0.980944  0.00765473  
0.30448  0.66292  0.68398  0.30448  0.66292  0.68398  0.286369  0.819372  0.502846  
0.265981  0.910603  0.316315  0.265981  0.910603  0.316315  0.326842  0.861877  0.388324  
0.252413  0.294544  0.9217  0.252413  0.294544  0.9217  0.216525  0.252667  0.943014  
0.220927  0.964049  0.147647  0.220927  0.964049  0.147647  0.199536  0.97797  0.0613235  
0.248444  0.486119  0.837833  0.248444  0.486119  0.837833  0.248444  0.486119  0.837833  
0.240587  0.824845  0.511614  0.240587  0.824845  0.511614  0.238721  0.818449  0.522641  
0.190702  0.127884  0.973282  0.190702  0.127884  0.973282  0.00590571  0.00347694  0.999977  
0.173952  0.981951  0.0742527  0.173952  0.981951  0.0742527  0.137089  0.971128  0.195237  
0.212626  0.587945  0.780455  0.212626  0.587945  0.780455  0.212725  0.588219  0.780819  
0.194168  0.887378  0.418162  0.194168  0.887378  0.418162  0.205937  0.838124  0.505238  
0.164212  0.211065  0.96358  0.164212  0.211065  0.96358  0.217833  0.155347  0.964053  
0.159132  0.959402  0.232864  0.159132  0.959402  0.232864  0.159132  0.959402  0.232864  
0.161969  0.396058  0.903827  0.161969  0.396058  0.903827  0.161969  0.396058  0.903827  
0.163873  0.769252  0.617573  0.163873  0.769252  0.617573  0.16388  0.769285  0.617599  
0.117053  0.0567545  0.991503  0.117053  0.0567545  0.991503  0.184531  0.0507221  0.981517  
0.108115  0.993318  0.0403735  0.108115  0.993318  0.0403735  0.108168  0.993805  0.0322282  
0.133465  0.64406  0.753242  0.133465  0.64406  0.753242  0.133543  0.644437  0.753683  
0.117693  0.919933  0.373995  0.117693  0.919933  0.373995  0.238216  0.915027  0.325745  
0.102087  0.256897  0.961032  0.102087  0.256897  0.961032  0.028249  0.318298  0.94757  
0.0909237  0.97722  0.191765  0.0909237  0.97722  0.191765  0.0909237  0.97722  0.191765  
0.0942213  0.449398  0.888349  0.0942213  0.449398  0.888349  0.0942213  0.449398  0.888349  
0.0900227  0.81335  0.574768  0.0900227  0.81335  0.574768  0.0900227  0.81335  0.574768  
0.0635783  0.0934137  0.993595  0.0635783  0.0934137  0.993595  0.0635783  0.0934137  0.993595  
0.0583912  0.99198  0.112099  0.0583912  0.99198  0.112099  0.0582094  0.988891  0.155547  
0.0592339  0.551229  0.832249  0.0592339  0.551229  0.832249  0.111976  0.534122  0.837959  
0.0504624  0.877987  0.476018  0.0504624  0.877987  0.476018  0.316625  0.504504  0.803258  
0.0397161  0.171583  0.984369  0.0397161  0.171583  0.984369  0.0397161  0.171583  0.984369  
0.0366824  0.959033  0.280909  0.0366824  0.959033  0.280909  0.108719  0.928654  0.354861  
0.0288377  0.35208  0.935526  0.0288377  0.35208  0.935526  0.0627779  0.396264  0.916635  
0.026183  0.739205  0.672972  0.026183  0.739205  0.672972  0.0262549  0.741234  0.674819  
0.0131458  0.0239909  0.999626  0.0131458  0.0239909  0.999626  0.00250801  0.00776276  1.00015  
0.00791736  0.999681  0.0239663  0.00791736  0.999681  0.0239663  0.00758679  0.999962  0.00418008  
0.00344848  0.673229  0.739426  0.00344848  0.673229  0.739426  0.0407035  0.551428  0.83326  
