1  3.16394e-14  5.66643e-20  1  3.16394e-14  5.66643e-20  1.00001  1.6013e-07  9.24008e-10  
6.12323e-17  1  3.60694e-27  6.12323e-17  1  3.60694e-27  6.12323e-17  1  8.98895e-27  
6.12143e-17  1.48503e-18  1  6.12143e-17  1.48503e-18  1  6.12204e-17  1.29249e-18  1.00003  
0.99851  0.0386062  0.0385768  0.99851  0.0386062  0.0385768  0.997969  0.0506955  0.0385768  
0.993763  0.105819  0.0351817  0.993763  0.105819  0.0351817  0.997697  0.0819296  0.0460906  
0.98878  0.0472702  0.141704  0.98878  0.0472702  0.141704  0.98878  0.0472702  0.141704  
0.979191  0.200916  0.0285877  0.979191  0.200916  0.0285877  0.999731  1.21458e-05  0.0321349  
0.980575  0.100887  0.16821  0.980575  0.100887  0.16821  0.952642  0.135861  0.272057  
0.975057  0.190433  0.11401  0.975057  0.190433  0.11401  0.896119  0.175016  0.408456  
0.95553  0.0410099  0.292029  0.95553  0.0410099  0.292029  0.954529  0.0599378  0.292029  
0.940354  0.339445  0.0226262  0.940354  0.339445  0.0226262  0.117131  0.994404  0.0198175  
0.957941  0.176157  0.226535  0.957941  0.176157  0.226535  0.887425  0.31799  0.359594  
0.945677  0.296065  0.134317  0.945677  0.296065  0.134317  0.945691  0.29607  0.134319  
0.925657  0.0849859  0.368695  0.925657  0.0849859  0.368695  0.926026  0.0850198  0.368842  
0.916173  0.390504  0.0901871  0.916173  0.390504  0.0901871  0.922588  0.393239  0.0611137  
0.921055  0.161169  0.354518  0.921055  0.161169  0.354518  0.941154  0.164686  0.308948  
0.920682  0.308081  0.239648  0.920682  0.308081  0.239648  0.873993  0.292458  0.388112  
0.86051  0.0338509  0.508308  0.86051  0.0338509  0.508308  0.495529  0.0163729  0.868437  
0.840228  0.541951  0.0174742  0.840228  0.541951  0.0174742  0.894717  0.447868  0.000333093  
0.895517  0.294616  0.333544  0.895517  0.294616  0.333544  0.919415  0.302478  0.251363  
0.868773  0.461206  0.180338  0.868773  0.461206  0.180338  0.868064  0.46254  0.180338  
0.846483  0.143565  0.512695  0.846483  0.143565  0.512695  0.873149  0.22755  0.431082  
0.820476  0.562105  0.104198  0.820476  0.562105  0.104198  0.820476  0.562105  0.104198  
0.84605  0.24698  0.47244  0.84605  0.24698  0.47244  0.893292  0.260771  0.366099  
0.842399  0.44465  0.304387  0.842399  0.44465  0.304387  0.900256  0.311267  0.304387  
0.763331  0.0664812  0.642578  0.763331  0.0664812  0.642578  0.763331  0.0664812  0.642578  
0.749482  0.658515  0.0680764  0.749482  0.658515  0.0680764  0.839365  0.537652  0.0799779  
0.808971  0.331815  0.485248  0.808971  0.331815  0.485248  0.808971  0.331815  0.485248  
0.788625  0.544675  0.285306  0.788625  0.544675  0.285306  0.798637  0.490879  0.355565  
0.728898  0.124627  0.673184  0.728898  0.124627  0.673184  0.783962  0.155007  0.602039  
0.73466  0.653301  0.182957  0.73466  0.653301  0.182957  0.734681  0.653319  0.182962  
0.738445  0.244945  0.628253  0.738445  0.244945  0.628253  0.738445  0.244945  0.628253  
0.754325  0.49199  0.434672  0.754325  0.49199  0.434672  0.86406  0.295661  0.407411  
0.628705  0.0146187  0.777507  0.628705  0.0146187  0.777507  0.408504  0.00477366  0.912892  
0.608394  0.793535  0.0125874  0.608394  0.793535  0.0125874  0.746434  0.666872  0.0124948  
0.717099  0.477062  0.508115  0.717099  0.477062  0.508115  0.525264  0.824924  0.208802  
0.668649  0.699195  0.253051  0.668649  0.699195  0.253051  0.668649  0.699195  0.253051  
0.645579  0.223198  0.73035  0.645579  0.223198  0.73035  0.459443  0.507265  0.73177  
0.599904  0.789579  0.129154  0.599904  0.789579  0.129154  0.506822  0.86033  0.0561488  
0.651304  0.371143  0.661858  0.651304  0.371143  0.661858  0.61285  0.516745  0.597821  
0.642523  0.645155  0.413448  0.642523  0.645155  0.413448  0.659982  0.662686  0.353988  
0.547647  0.10155  0.830524  0.547647  0.10155  0.830524  0.548869  0.101777  0.832377  
0.522597  0.849548  0.0718433  0.522597  0.849548  0.0718433  0.433986  0.889695  0.141772  
0.607914  0.467382  0.641868  0.607914  0.467382  0.641868  0.607914  0.467382  0.641868  
0.577559  0.733731  0.357861  0.577559  0.733731  0.357861  0.532324  0.74584  0.410811  
0.517112  0.171083  0.838645  0.517112  0.171083  0.838645  0.62658  0.107813  0.771987  
0.514381  0.831007  0.211755  0.514381  0.831007  0.211755  0.514454  0.831125  0.211785  
0.529669  0.328642  0.781949  0.529669  0.328642  0.781949  0.631848  0.316532  0.707523  
0.543657  0.646404  0.535349  0.543657  0.646404  0.535349  0.577228  0.68632  0.443077  
0.422227  0.0353309  0.905801  0.422227  0.0353309  0.905801  0.15603  0.0130562  0.987666  
0.410048  0.910965  0.0447537  0.410048  0.910965  0.0447537  0.412117  0.915561  0.0449795  
0.503274  0.551298  0.665422  0.503274  0.551298  0.665422  0.62263  0.396693  0.674527  
0.464082  0.816154  0.34427  0.464082  0.816154  0.34427  0.464296  0.816531  0.344429  
0.425041  0.221157  0.877741  0.425041  0.221157  0.877741  0.546168  0.82102  0.166212  
0.402951  0.896134  0.18594  0.402951  0.896134  0.18594  0.403175  0.896633  0.186043  
0.433274  0.395672  0.809764  0.433274  0.395672  0.809764  0.490368  0.322228  0.809776  
0.435739  0.727  0.530663  0.435739  0.727  0.530663  0.43647  0.728219  0.531553  
0.339671  0.0785316  0.93726  0.339671  0.0785316  0.93726  0.122181  0.369882  0.92101  
0.33777  0.93421  0.114729  0.33777  0.93421  0.114729  0.282658  0.955769  0.0833225  
0.393926  0.496001  0.773825  0.393926  0.496001  0.773825  0.393926  0.496001  0.773825  
0.376724  0.80789  0.453204  0.376724  0.80789  0.453204  0.263534  0.851561  0.453204  
0.313722  0.15206  0.93726  0.313722  0.15206  0.93726  0.187013  0.134303  0.973133  
0.326761  0.903765  0.276472  0.326761  0.903765  0.276472  0.33441  0.924919  0.180818  
0.322377  0.321099  0.890488  0.322377  0.321099  0.890488  0.100307  0.0999091  0.991119  
0.339952  0.685472  0.643864  0.339952  0.685472  0.643864  0.411019  0.685589  0.600858  
0.242243  0.010232  0.970162  0.242243  0.010232  0.970162  0.0860579  0.00511774  0.996277  
0.231269  0.97286  0.00763454  0.231269  0.97286  0.00763454  0.231269  0.97286  0.00763454  
0.304739  0.662799  0.683982  0.304739  0.662799  0.683982  0.240207  0.688817  0.683982  
0.266158  0.910558  0.316298  0.266158  0.910558  0.316298  0.266168  0.910589  0.316309  
0.252455  0.294622  0.921664  0.252455  0.294622  0.921664  0.125648  0.472568  0.872291  
0.220954  0.96406  0.147542  0.220954  0.96406  0.147542  0.0106545  0.995993  0.0903238  
0.250688  0.485885  0.8373  0.250688  0.485885  0.8373  0.323762  0.495806  0.805826  
0.241972  0.82466  0.511259  0.241972  0.82466  0.511259  0.281053  0.849522  0.44734  
0.190639  0.128479  0.973216  0.190639  0.128479  0.973216  0.157609  0.0886409  0.983515  
0.173945  0.981963  0.0741102  0.173945  0.981963  0.0741102  0.251069  0.965128  0.0741102  
0.214001  0.587779  0.780205  0.214001  0.587779  0.780205  0.118046  0.537497  0.834962  
0.192323  0.887695  0.418341  0.192323  0.887695  0.418341  0.192323  0.887695  0.418341  
0.163251  0.210989  0.96376  0.163251  0.210989  0.96376  0.0208441  0.227035  0.973663  
0.157822  0.95961  0.232897  0.157822  0.95961  0.232897  0.0784472  0.930663  0.361277  
0.161805  0.395853  0.903947  0.161805  0.395853  0.903947  0.161805  0.395853  0.903947  
0.164328  0.769271  0.617429  0.164328  0.769271  0.617429  0.259324  0.633832  0.733551  
0.116992  0.0554366  0.991584  0.116992  0.0554366  0.991584  0.125862  0.0317274  0.994174  
0.108097  0.993324  0.0402783  0.108097  0.993324  0.0402783  0.00509836  0.972937  0.240947  
0.134143  0.643959  0.753208  0.134143  0.643959  0.753208  0.251022  0.804883  0.537728  
0.117558  0.919927  0.374051  0.117558  0.919927  0.374051  0.898794  0.194344  0.400785  
0.102267  0.2569  0.961012  0.102267  0.2569  0.961012  0.137665  0.185624  0.975944  
0.0908652  0.977281  0.191482  0.0908652  0.977281  0.191482  0.0208851  0.648653  0.760798  
0.090375  0.449558  0.888667  0.090375  0.449558  0.888667  0.0732885  0.327177  0.942317  
0.0883108  0.813474  0.574858  0.0883108  0.813474  0.574858  0.0670613  0.730911  0.679754  
0.062755  0.0932658  0.993662  0.062755  0.0932658  0.993662  0.145784  0.0257812  0.988981  
0.0582495  0.99199  0.112085  0.0582495  0.99199  0.112085  0.0848168  0.984342  0.157988  
0.0629042  0.551105  0.832061  0.0629042  0.551105  0.832061  0.0629042  0.551105  0.832061  
0.0547566  0.877786  0.475913  0.0547566  0.877786  0.475913  0.0547566  0.877787  0.475913  
0.0395094  0.171587  0.984376  0.0395094  0.171587  0.984376  0.00513137  0.0521234  0.998922  
0.0364011  0.959039  0.280927  0.0364011  0.959039  0.280927  0.00271497  0.937212  0.350977  
0.0287752  0.352081  0.935527  0.0287752  0.352081  0.935527  0.00612396  0.369384  0.929285  
0.0205492  0.739284  0.67308  0.0205492  0.739284  0.67308  0.0224856  0.811637  0.583729  
0.0123521  0.0239837  0.999636  0.0123521  0.0239837  0.999636  0.0120796  0.0171851  1.00235  
0.00788246  0.999682  0.0239506  0.00788246  0.999682  0.0239506  0.00788424  0.999907  0.023956  
0.00364472  0.673244  0.739411  0.00364472  0.673244  0.739411  0.105193  0.478458  0.871787  
