2  5.97975e-15  5.97975e-15  2  5.97975e-15  5.97975e-15  2.01141  0.01141  0.01141  
1.4904e-10  3.99995  5.92078e-15  1.4904e-10  3.99995  5.92078e-15  0.0703582  3.21941  0.028968  
5.98241e-10  4.58237e-10  5.99986  5.98241e-10  4.58237e-10  5.99986  1.60669e-10  2.23661e-10  5.99992  
1.63234  0.0631097  0.063113  1.63234  0.0631097  0.063113  1.64765  0.0597885  0.0274616  
1.44015  0.153373  0.0511151  1.44015  0.153373  0.0511151  1.69744  0.0496697  0.0107698  
1.58276  0.0756735  0.226934  1.58276  0.0756735  0.226934  1.58364  0.0757158  0.214401  
1.27889  0.262355  0.0374851  1.27889  0.262355  0.0374851  1.51394  0.10994  0.123376  
1.43197  0.147399  0.245656  1.43197  0.147399  0.245656  1.32753  0.212211  0.253888  
1.28215  0.250383  0.150271  1.28215  0.250383  0.150271  1.27275  0.256112  0.171923  
1.58305  0.0691094  0.483452  1.58305  0.0691094  0.483452  1.50998  0.126705  0.285179  
1.11796  0.403642  0.0268965  1.11796  0.403642  0.0268965  1.04695  0.477942  0.024497  
1.28926  0.236926  0.304869  1.28926  0.236926  0.304869  1.28572  0.243599  0.221279  
1.14945  0.35989  0.163598  1.14945  0.35989  0.163598  1.1531  0.363539  0.167247  
1.44022  0.132384  0.5737  1.44022  0.132384  0.5737  1.44133  0.132487  0.547448  
1.06034  0.452417  0.104212  1.06034  0.452417  0.104212  1.05171  0.465183  0.157771  
1.29354  0.226169  0.497531  1.29354  0.226169  0.497531  1.30511  0.217998  0.497531  
1.12341  0.376015  0.292283  1.12341  0.376015  0.292283  0.911317  0.638401  0.304963  
1.58008  0.062242  0.933524  1.58008  0.062242  0.933524  1.45278  0.14814  0.717793  
0.937683  0.604933  0.0195136  0.937683  0.604933  0.0195136  0.905212  0.64598  0.0211414  
1.12334  0.369595  0.418233  1.12334  0.369595  0.418233  1.09225  0.413247  0.302039  
0.987354  0.523982  0.204995  0.987354  0.523982  0.204995  0.989154  0.524937  0.167184  
1.29097  0.218935  0.781591  1.29097  0.218935  0.781591  1.29516  0.219647  0.659333  
0.910991  0.624747  0.115694  0.910991  0.624747  0.115694  0.922822  0.628603  0.0145771  
1.14951  0.336212  0.641746  1.14951  0.336212  0.641746  1.14975  0.336281  0.634361  
0.982852  0.519159  0.355033  0.982852  0.519159  0.355033  1.07022  0.424705  0.355033  
0.980131  0.12335  1.19242  0.980131  0.12335  1.19242  0.841107  0.0749508  5.89776  
0.834412  0.732975  0.0758235  0.834412  0.732975  0.0758235  0.861427  0.690389  0.18644  
1.05095  0.431337  0.630417  1.05095  0.431337  0.630417  1.25381  0.249455  0.964795  
0.900121  0.621544  0.325562  0.900121  0.621544  0.325562  0.856783  0.67454  0.391107  
1.27668  0.218439  1.17927  1.27668  0.218439  1.17927  1.36783  0.159153  1.17927  
0.824335  0.733417  0.205291  0.824335  0.733417  0.205291  0.420392  1.49939  0.258646  
1.10389  0.367483  0.939041  1.10389  0.367483  0.939041  0.664027  0.620522  4.99961  
0.911499  0.595385  0.525013  0.911499  0.595385  0.525013  0.816469  0.718109  0.60624  
1.10901  0.0442415  1.37146  1.10901  0.0442415  1.37146  1.18206  0.0303164  1.19361  
0.713851  0.930995  0.014776  0.713851  0.930995  0.014776  0.807067  0.777744  0.0432752  
0.902578  0.600843  0.639537  0.902578  0.600843  0.639537  1.00283  0.496809  0.350464  
0.770267  0.806218  0.291599  0.770267  0.806218  0.291599  0.887556  0.640161  0.291599  
0.768103  0.29339  1.19242  0.768103  0.29339  1.19242  0.531049  0.627752  1.33408  
0.703634  0.925974  0.151521  0.703634  0.925974  0.151521  0.640531  1.0588  0.178  
0.942823  0.537683  0.958468  0.942823  0.537683  0.958468  0.84074  0.697185  0.80263  
0.778396  0.779777  0.499792  0.778396  0.779777  0.499792  0.792431  0.758905  0.499792  
0.888881  0.165492  1.34797  0.888881  0.165492  1.34797  0.664188  0.187564  5.96373  
0.641615  1.04305  0.0883885  0.641615  1.04305  0.0883885  0.586933  1.12857  0.24563  
0.851295  0.655845  0.898741  0.851295  0.655845  0.898741  0.784895  0.490112  5.81517  
0.706325  0.897414  0.438204  0.706325  0.897414  0.438204  0.656314  0.983174  0.438204  
0.781261  0.262841  1.26675  0.781261  0.262841  1.26675  0.781261  0.262841  1.26675  
0.637822  1.03039  0.262646  0.637822  1.03039  0.262646  0.65128  1.02732  0.39234  
0.768103  0.29339  1.19242  0.768103  0.29339  1.19242  0.779312  0.51758  5.84931  
0.721049  0.857051  0.710064  0.721049  0.857051  0.710064  0.5976  1.08598  0.609838  
0.949264  0.10006  2.03636  0.949264  0.10006  2.03636  1.23557  0.00293927  2.24174  
0.551271  1.22472  0.0602242  0.551271  1.22472  0.0602242  0.583518  1.17383  0.0634971  
0.741501  0.811271  0.978761  0.741501  0.811271  0.978761  0.741501  0.811271  0.978761  
0.608488  1.06994  0.451771  0.608488  1.06994  0.451771  0.734687  0.884655  0.337531  
0.678654  0.357218  1.40139  0.678654  0.357218  1.40139  0.680565  0.359129  1.4033  
0.545245  1.21251  0.251623  0.545245  1.21251  0.251623  0.473739  1.3703  0.251623  
0.63758  0.442067  1.19242  0.63758  0.442067  1.19242  0.510319  0.615934  1.20732  
0.618563  1.03198  0.752644  0.618563  1.03198  0.752644  0.510669  0.884322  5.48955  
0.810723  0.18957  2.23671  0.810723  0.18957  2.23671  0.810723  0.18957  2.23671  
0.487475  1.34833  0.165576  0.487475  1.34833  0.165576  0.490052  1.35509  0.0831569  
0.607137  0.482388  1.19242  0.607137  0.482388  1.19242  0.607137  0.482388  1.19242  
0.548167  1.17517  0.659086  0.548167  1.17517  0.659086  0.541716  1.18242  0.757649  
0.67341  0.329164  2.0111  0.67341  0.329164  2.0111  0.67893  0.334683  2.01662  
0.482714  1.33516  0.408674  0.482714  1.33516  0.408674  0.530477  1.26598  0.420056  
0.537435  0.536239  1.48252  0.537435  0.536239  1.48252  0.501546  0.500432  3.369  
0.560026  1.12834  1.06011  0.560026  1.12834  1.06011  0.563712  1.13415  0.903123  
0.626031  0.0397944  2.50716  0.626031  0.0397944  2.50716  0.689974  0.0222568  2.39864  
0.38716  1.62809  0.0128165  0.38716  1.62809  0.0128165  0.333157  1.76717  0.0684055  
0.531414  0.59324  1.19242  0.531414  0.59324  1.19242  0.448431  0.740159  1.19591  
0.426897  1.46073  0.507012  0.426897  1.46073  0.507012  0.458434  1.39348  0.388718  
0.495767  0.577961  1.80847  0.495767  0.577961  1.80847  0.499413  0.581608  1.81211  
0.372813  1.62658  0.248766  0.372813  1.62658  0.248766  0.464114  1.41054  0.273488  
0.403841  0.78047  1.34509  0.403841  0.78047  1.34509  0.403876  0.780538  1.34403  
0.423843  1.44204  0.893814  0.423843  1.44204  0.893814  0.430154  1.45859  0.524323  
0.46046  0.175875  2.38991  0.46046  0.175875  2.38991  0.46046  0.175875  2.38991  
0.318779  1.79886  0.136018  0.318779  1.79886  0.136018  0.370924  1.67432  0.143403  
0.340407  0.933397  1.239  0.340407  0.933397  1.239  0.477889  0.659833  1.30114  
0.356479  1.62868  0.767241  0.356479  1.62868  0.767241  0.371337  1.59836  0.770156  
0.410958  0.229635  2.38991  0.410958  0.229635  2.38991  0.411741  0.23012  2.39028  
0.301568  1.81799  0.441146  0.301568  1.81799  0.441146  0.501083  1.31207  0.447619  
0.348972  0.843665  1.9252  0.348972  0.843665  1.9252  0.242037  0.833933  5.93767  
0.317967  1.0098  1.19242  0.317967  1.0098  1.19242  0.330282  1.02212  1.20474  
0.385875  0.188938  3.26839  0.385875  0.188938  3.26839  0.324051  0.103604  5.89487  
0.229746  2.11084  0.085793  0.229746  2.11084  0.085793  0.161885  2.44156  0.0940874  
0.244958  1.15556  1.35148  0.244958  1.15556  1.35148  0.244958  1.15556  1.35148  
0.250694  1.95951  0.796487  0.250694  1.95951  0.796487  0.359348  1.59696  1.14668  
0.255397  0.46553  2.38991  0.255397  0.46553  2.38991  0.265752  0.481735  2.46646  
0.202302  2.1732  0.42621  0.202302  2.1732  0.42621  0.233988  2.0744  0.328308  
0.235443  1.1075  2.18913  0.235443  1.1075  2.18913  0.29639  0.934493  2.40051  
0.187564  1.38466  1.19242  0.187564  1.38466  1.19242  0.215302  1.77883  5.90433  
0.21627  0.082609  3.58496  0.21627  0.082609  3.58496  0.192546  0.0834054  3.74447  
0.144143  2.44865  0.276742  0.144143  2.44865  0.276742  0.138627  2.32177  2.675  
0.160124  1.3598  2.05267  0.160124  1.3598  2.05267  0.162725  1.36775  2.05641  
0.13925  1.56644  1.19242  0.13925  1.56644  1.19242  0.20616  1.33511  1.19663  
0.143679  0.604365  3.46711  0.143679  0.604365  3.46711  0.141848  0.609373  3.46711  
0.100786  2.63327  0.771223  0.100786  2.63327  0.771223  0.105551  2.63803  0.775988  
0.0808616  0.919207  2.44441  0.0808616  0.919207  2.44441  0.0758865  0.679348  5.84532  
0.0650295  1.83599  1.67144  0.0650295  1.83599  1.67144  0.00912564  1.84064  5.69854  
0.0593783  0.0226796  4.77078  0.0593783  0.0226796  4.77078  0.131906  0.0234084  5.7418  
0.0265743  3.31786  0.0794241  0.0265743  3.31786  0.0794241  0.0265743  3.31786  0.0794241  
0.0118069  1.38645  2.38991  0.0118069  1.38645  2.38991  0.0155455  1.4258  2.39629  
