1.00908  5.80145e-08  1.00908  5.80145e-08  1.57763  5.80145e-08  
1.3505e-12  1  1.3505e-12  1  0.0666445  0.933423  
0.995117  0.00505603  0.995117  0.00505603  1.54711  0.599267  
0.986858  0.0145471  0.986858  0.0145471  3.3834  2.49637  
0.976281  0.0249669  0.976281  0.0249669  2.52545  1.42538  
0.966296  0.0356588  0.966296  0.0356588  1.31752  0.439262  
0.95593  0.045823  0.95593  0.045823  0.987388  0.0722447  
0.944093  0.0561132  0.944093  0.0561132  0.99495  0.103739  
0.933912  0.0663412  0.933912  0.0663412  3.76467  3.3765  
0.923493  0.0765308  0.923493  0.0765308  0.987976  0.153277  
0.913513  0.086755  0.913513  0.086755  3.36356  2.61501  
0.903708  0.0969377  0.903708  0.0969377  0.920258  0.102597  
0.893458  0.107165  0.893458  0.107165  0.90071  0.104146  
0.883208  0.117401  0.883208  0.117401  3.05191  2.67016  
0.873249  0.127597  0.873249  0.127597  0.921006  0.156788  
0.862314  0.137756  0.862314  0.137756  0.908863  0.159891  
0.852491  0.14798  0.852491  0.14798  1.1996  0.487292  
0.841877  0.15817  0.841877  0.15817  0.856501  0.158523  
0.831897  0.168414  0.831897  0.168414  0.925798  0.170245  
0.821487  0.178584  0.821487  0.178584  0.906657  0.262104  
0.811256  0.18878  0.811256  0.18878  0.858606  0.227458  
0.801057  0.198989  0.801057  0.198989  1.3692  0.716001  
0.79089  0.209202  0.79089  0.209202  0.816248  0.227421  
0.780647  0.219396  0.780647  0.219396  0.983827  0.522454  
0.770669  0.229656  0.770669  0.229656  0.816798  0.284649  
0.760255  0.239811  0.760255  0.239811  0.867081  0.312782  
0.750043  0.250011  0.750043  0.250011  0.735794  0.266996  
0.739828  0.260212  0.739828  0.260212  3.17079  2.82606  
0.729629  0.270422  0.729629  0.270422  0.967837  0.606329  
0.719433  0.280623  0.719433  0.280623  0.742273  0.284243  
0.7092  0.290822  0.7092  0.290822  0.83417  0.319888  
0.699004  0.301027  0.699004  0.301027  0.708318  0.319761  
0.688804  0.311235  0.688804  0.311235  1.27606  0.696465  
0.678602  0.321442  0.678602  0.321442  0.766918  0.44464  
0.668388  0.331643  0.668388  0.331643  0.767403  0.524017  
0.65819  0.34185  0.65819  0.34185  0.667252  0.36026  
0.647977  0.352051  0.647977  0.352051  0.647977  0.430174  
0.637769  0.362253  0.637769  0.362253  0.659304  0.396937  
0.627574  0.372463  0.627574  0.372463  0.63349  0.373657  
0.617377  0.38267  0.617377  0.38267  0.621267  0.398912  
0.607149  0.392861  0.607149  0.392861  0.583253  0.463957  
0.596964  0.403078  0.596964  0.403078  0.615674  0.407794  
0.586758  0.413281  0.586758  0.413281  0.578066  0.422689  
0.576549  0.423483  0.576549  0.423483  0.603206  0.397674  
0.566336  0.433682  0.566336  0.433682  0.560102  0.440886  
0.556138  0.44389  0.556138  0.44389  0.570315  0.430278  
0.545937  0.454097  0.545937  0.454097  0.52549  0.474561  
0.53573  0.4643  0.53573  0.4643  0.567072  0.590912  
0.525523  0.474496  0.525523  0.474496  0.526097  0.474728  
0.51532  0.484709  0.51532  0.484709  0.545787  0.455048  
0.505121  0.494917  0.505121  0.494917  0.494608  0.505577  
0.49492  0.505128  0.49492  0.505128  0.510246  0.490343  
0.484708  0.515318  0.484708  0.515318  0.500831  0.500293  
0.474504  0.525532  0.474504  0.525532  0.475952  0.52739  
0.464297  0.535727  0.464297  0.535727  0.47071  0.529602  
0.454089  0.545929  0.454089  0.545929  0.389774  0.611836  
0.443884  0.556129  0.443884  0.556129  0.479325  0.520781  
0.433676  0.566336  0.433676  0.566336  0.42097  0.581978  
0.423474  0.576538  0.423474  0.576538  0.189757  0.811895  
0.413269  0.586742  0.413269  0.586742  0.413363  0.586856  
0.403074  0.596959  0.403074  0.596959  0.441004  0.561964  
0.392863  0.607152  0.392863  0.607152  0.393425  0.608111  
0.382656  0.617356  0.382656  0.617356  0.383205  0.61754  
0.372452  0.627557  0.372452  0.627557  0.377177  0.623043  
0.362249  0.637763  0.362249  0.637763  0.362566  0.638851  
0.352044  0.647965  0.352044  0.647965  0.362755  0.63726  
0.34184  0.65817  0.34184  0.65817  0.341839  0.658202  
0.331634  0.66837  0.331634  0.66837  0.324611  0.675628  
0.321431  0.678576  0.321431  0.678576  0.307276  0.692992  
0.311225  0.688779  0.311225  0.688779  0.311656  0.688819  
0.301022  0.698984  0.301022  0.698984  0.277206  0.725214  
0.290816  0.709188  0.290816  0.709188  0.317293  0.682711  
0.280612  0.719391  0.280612  0.719391  0.638286  0.784134  
0.270408  0.729593  0.270408  0.729593  0.296961  0.703042  
0.260203  0.7398  0.260203  0.7398  0.280738  0.719277  
0.25  0.750003  0.25  0.750003  0.241972  0.758306  
0.239792  0.760211  0.239792  0.760211  0.257343  0.743567  
0.229591  0.77041  0.229591  0.77041  0.253339  0.747123  
0.219383  0.780618  0.219383  0.780618  0.241048  0.758954  
0.209174  0.790827  0.209174  0.790827  0.236043  0.764064  
0.19898  0.80102  0.19898  0.80102  0.198983  0.801028  
0.188776  0.811225  0.188776  0.811225  0.199473  0.802015  
0.178569  0.821431  0.178569  0.821431  0.184494  0.815506  
0.168362  0.831638  0.168362  0.831638  0.16851  0.831638  
0.158158  0.841842  0.158158  0.841842  0.178658  0.992237  
0.147952  0.852048  0.147952  0.852048  0.0867545  0.913246  
0.137755  0.862245  0.137755  0.862245  0.137756  0.862245  
0.127548  0.872452  0.127548  0.872452  0.13423  0.866129  
0.117344  0.882656  0.117344  0.882656  0.129401  0.870599  
0.107142  0.892858  0.107142  0.892858  0.0711392  0.9289  
0.0969361  0.903064  0.0969361  0.903064  0.0707934  0.929948  
0.0867346  0.913265  0.0867346  0.913265  0.109007  0.890993  
0.0765305  0.92347  0.0765305  0.92347  0.0765305  0.92347  
0.0663261  0.933674  0.0663261  0.933674  0.0813387  0.919127  
0.056122  0.943878  0.056122  0.943878  0.056122  0.943878  
0.0459184  0.954082  0.0459184  0.954082  0.0469362  0.953064  
0.0357142  0.964286  0.0357142  0.964286  0.0570983  0.999642  
0.0255101  0.97449  0.0255101  0.97449  0.0255529  0.97512  
0.0153048  0.984695  0.0153048  0.984695  0.0754788  0.924532  
0.00509926  0.994901  0.00509926  0.994901  0.0805365  0.924493  
