1  2.49152e-43  8.11083e-48  1  2.49152e-43  8.11083e-48  1.00098  2.49395e-43  8.11874e-48  
6.12323e-17  1  9.86731e-103  6.12323e-17  1  9.86731e-103  0.0872136  0.996209  9.8675e-103  
3.65007e-17  4.9164e-17  1  3.65007e-17  4.9164e-17  1  3.65007e-17  4.9164e-17  1  
0.998512  0.0385783  0.0385523  0.998512  0.0385783  0.0385523  0.998686  0.036499  0.0359602  
0.99376  0.10582  0.035267  0.99376  0.10582  0.035267  0.999831  0.0263946  0.00549469  
0.988774  0.0470702  0.141814  0.988774  0.0470702  0.141814  0.979657  0.142041  0.141815  
0.979204  0.200839  0.0287005  0.979204  0.200839  0.0287005  0.979204  0.200839  0.0287005  
0.980573  0.100937  0.168189  0.980573  0.100937  0.168189  0.980573  0.100937  0.168189  
0.975041  0.19039  0.114218  0.975041  0.19039  0.114218  0.975246  0.19043  0.114242  
0.955508  0.0417173  0.292001  0.955508  0.0417173  0.292001  0.955508  0.0417173  0.292001  
0.940325  0.339529  0.0225673  0.940325  0.339529  0.0225673  0.937849  0.338635  0.0759317  
0.95792  0.176227  0.226569  0.95792  0.176227  0.226569  0.941626  0.242902  0.233106  
0.94562  0.296125  0.134582  0.94562  0.296125  0.134582  0.95062  0.297691  0.135294  
0.925625  0.0850867  0.368752  0.925625  0.0850867  0.368752  0.927132  0.0852252  0.369353  
0.916028  0.390843  0.0901906  0.916028  0.390843  0.0901906  0.825201  0.56309  0.0444154  
0.921363  0.158919  0.354732  0.921363  0.158919  0.354732  0.8978  0.214372  0.385674  
0.920664  0.308144  0.239634  0.920664  0.308144  0.239634  0.928501  0.283658  0.239634  
0.860572  0.0281024  0.508553  0.860572  0.0281024  0.508553  0.860619  0.0281039  0.50858  
0.840177  0.542031  0.0174673  0.840177  0.542031  0.0174673  0.903095  0.429629  0.0174714  
0.895432  0.294466  0.333903  0.895432  0.294466  0.333903  0.930007  0.237295  0.280675  
0.868838  0.461063  0.180392  0.868838  0.461063  0.180392  0.822838  0.526691  0.213389  
0.846491  0.143532  0.512691  0.846491  0.143532  0.512691  0.796277  0.164111  0.582292  
0.82021  0.562503  0.104146  0.82021  0.562503  0.104146  0.82021  0.562503  0.104146  
0.846032  0.247079  0.472422  0.846032  0.247079  0.472422  0.846032  0.24708  0.472422  
0.842259  0.444908  0.304394  0.842259  0.444908  0.304394  0.807208  0.417672  0.418058  
0.76327  0.0663518  0.642664  0.76327  0.0663518  0.642664  0.794416  0.0116685  0.607881  
0.749543  0.658445  0.0680824  0.749543  0.658445  0.0680824  0.89615  0.438497  0.0680824  
0.809191  0.331005  0.485435  0.809191  0.331005  0.485435  0.840843  0.239449  0.485435  
0.788691  0.544591  0.285285  0.788691  0.544591  0.285285  0.788756  0.544637  0.285308  
0.728858  0.123586  0.673418  0.728858  0.123586  0.673418  0.780514  0.132345  0.613135  
0.734464  0.653513  0.182984  0.734464  0.653513  0.182984  0.739184  0.657713  0.144982  
0.738309  0.245735  0.628104  0.738309  0.245735  0.628104  0.642301  0.314365  0.699017  
0.754044  0.49252  0.434558  0.754044  0.49252  0.434558  0.77896  0.346472  0.523768  
0.628598  0.023521  0.777374  0.628598  0.023521  0.777374  0.748734  0.00266757  0.662865  
0.60843  0.793508  0.0125843  0.60843  0.793508  0.0125843  0.486664  0.874044  0.0125903  
0.716969  0.477307  0.508068  0.716969  0.477307  0.508068  0.718585  0.478383  0.509214  
0.668316  0.699544  0.252965  0.668316  0.699544  0.252965  0.628151  0.741624  0.235414  
0.645545  0.223493  0.730289  0.645545  0.223493  0.730289  0.645545  0.223493  0.730289  
0.59993  0.789552  0.129195  0.59993  0.789552  0.129195  0.606318  0.79796  0.0111783  
0.651165  0.371246  0.661937  0.651165  0.371246  0.661937  0.554092  0.315902  0.770513  
0.643329  0.644534  0.413163  0.643329  0.644534  0.413163  0.508164  0.710078  0.488191  
0.547699  0.100487  0.830619  0.547699  0.100487  0.830619  0.41841  0.0113963  0.908199  
0.522577  0.84955  0.0719569  0.522577  0.84955  0.0719569  0.372091  0.927623  0.0376417  
0.607781  0.467826  0.641671  0.607781  0.467826  0.641671  0.539122  0.547088  0.642597  
0.577452  0.733638  0.358224  0.577452  0.733638  0.358224  0.532122  0.64256  0.551525  
0.517171  0.171387  0.838546  0.517171  0.171387  0.838546  0.528681  0.131668  0.838546  
0.514387  0.83099  0.211804  0.514387  0.83099  0.211804  0.259593  0.964394  0.0570352  
0.529426  0.329988  0.781548  0.529426  0.329988  0.781548  0.529426  0.329988  0.781548  
0.543704  0.646264  0.535471  0.543704  0.646264  0.535471  0.543704  0.646264  0.535471  
0.422209  0.0374261  0.905725  0.422209  0.0374261  0.905725  0.379491  0.188808  0.905725  
0.41004  0.910968  0.0447699  0.41004  0.910968  0.0447699  0.41103  0.913169  0.00890292  
0.503354  0.551291  0.665367  0.503354  0.551291  0.665367  0.549769  0.505441  0.665624  
0.464028  0.816061  0.344561  0.464028  0.816061  0.344561  0.00960483  0.976676  0.233438  
0.424937  0.222531  0.877444  0.424937  0.222531  0.877444  0.466265  0.30348  0.830964  
0.402977  0.89613  0.185906  0.402977  0.89613  0.185906  0.401402  0.892627  0.205795  
0.43309  0.395439  0.809976  0.43309  0.395439  0.809976  0.382854  0.535841  0.752655  
0.435562  0.727128  0.530632  0.435562  0.727128  0.530632  0.546475  0.65651  0.519961  
0.339655  0.0790489  0.937223  0.339655  0.0790489  0.937223  0.231625  0.126641  0.964556  
0.337756  0.934217  0.114719  0.337756  0.934217  0.114719  0.337756  0.934217  0.114719  
0.391447  0.496601  0.774698  0.391447  0.496601  0.774698  0.220481  0.458101  0.861122  
0.37677  0.80788  0.453182  0.37677  0.80788  0.453182  0.251729  0.875146  0.414661  
0.313735  0.152263  0.937223  0.313735  0.152263  0.937223  0.224869  0.109134  0.968614  
0.326731  0.903723  0.276643  0.326731  0.903723  0.276643  0.427587  0.855857  0.290994  
0.322674  0.321719  0.890156  0.322674  0.321719  0.890156  0.6825  0.356085  0.638277  
0.339645  0.685518  0.643977  0.339645  0.685518  0.643977  0.341203  0.688663  0.64128  
0.242248  0.00831995  0.970179  0.242248  0.00831995  0.970179  0.242248  0.00831995  0.970179  
0.231314  0.972849  0.00764655  0.231314  0.972849  0.00764655  0.611338  0.791431  0.00764715  
0.304811  0.662873  0.683879  0.304811  0.662873  0.683879  0.304811  0.662873  0.683879  
0.265997  0.9106  0.316311  0.265997  0.9106  0.316311  0.30345  0.890886  0.3392  
0.251902  0.294597  0.921823  0.251902  0.294597  0.921823  0.251902  0.294597  0.921823  
0.220951  0.964045  0.147642  0.220951  0.964045  0.147642  0.222736  0.971833  0.0770028  
0.250981  0.48581  0.837256  0.250981  0.48581  0.837256  0.250981  0.48581  0.837256  
0.242282  0.824492  0.511382  0.242282  0.824492  0.511382  0.34238  0.781853  0.52104  
0.190767  0.12546  0.973585  0.190767  0.12546  0.973585  0.204301  0.0256912  0.978572  
0.173983  0.981945  0.0742616  0.173983  0.981945  0.0742616  0.265696  0.959583  0.0927656  
0.214264  0.58778  0.780131  0.214264  0.58778  0.780131  0.288938  0.792628  0.538154  
0.194166  0.887368  0.418184  0.194166  0.887368  0.418184  0.0916076  0.903731  0.418184  
0.16483  0.211033  0.963481  0.16483  0.211033  0.963481  0.132664  0.12855  0.983588  
0.159068  0.959414  0.232857  0.159068  0.959414  0.232857  0.160007  0.965081  0.20827  
0.16141  0.39608  0.903918  0.16141  0.39608  0.903918  0.21554  0.369431  0.903926  
0.162074  0.769482  0.617761  0.162074  0.769482  0.617761  0.187365  0.786707  0.588207  
0.117058  0.0565261  0.991515  0.117058  0.0565261  0.991515  0.124015  0.0389616  0.991515  
0.108102  0.99332  0.0403667  0.108102  0.99332  0.0403667  0.108102  0.99332  0.0403667  
0.135154  0.643919  0.753061  0.135154  0.643919  0.753061  0.135156  0.643928  0.753072  
0.117694  0.919943  0.373969  0.117694  0.919943  0.373969  0.0149276  0.891299  0.453169  
0.100303  0.256954  0.961204  0.100303  0.256954  0.961204  0.107564  0.112327  0.987834  
0.0908902  0.977219  0.191787  0.0908902  0.977219  0.191787  0.0486866  0.980253  0.191792  
0.0938575  0.449387  0.888393  0.0938575  0.449387  0.888393  0.10415  0.498668  0.861196  
0.0903495  0.81334  0.57473  0.0903495  0.81334  0.57473  0.0332098  0.863541  0.503185  
0.0622727  0.0934104  0.993678  0.0622727  0.0934104  0.993678  0.029505  0.0532805  0.998574  
0.0583848  0.991983  0.112077  0.0583848  0.991983  0.112077  0.00502531  0.993687  0.112077  
0.0578799  0.551273  0.832315  0.0578799  0.551273  0.832315  0.0579715  0.552146  0.833632  
0.0555572  0.877782  0.475828  0.0555572  0.877782  0.475828  0.0555572  0.877782  0.475828  
0.0361533  0.17161  0.984501  0.0361533  0.17161  0.984501  0.0361533  0.17161  0.984501  
0.0366597  0.959031  0.280921  0.0366597  0.959031  0.280921  0.0540133  0.964706  0.257731  
0.0299597  0.352068  0.935495  0.0299597  0.352068  0.935495  0.0299666  0.352149  0.935711  
0.0243798  0.73922  0.673023  0.0243798  0.73922  0.673023  0.0243801  0.739231  0.673032  
0.0128761  0.0239814  0.999629  0.0128761  0.0239814  0.999629  0.0128761  0.0239814  0.999629  
0.00797579  0.999681  0.02398  0.00797579  0.999681  0.02398  0.0249006  0.997622  0.0642732  
0.00361444  0.673221  0.739432  0.00361444  0.673221  0.739432  0.0040443  0.753286  0.65768  
