0.5  0  0.5  0  8.09598  0  
4.95744e-16  0.5  4.95744e-16  0.5  0.000838032  0.499162  
0.497449  0.00255102  0.497449  0.00255102  94.4957  19.1311  
0.492347  0.00765305  0.492347  0.00765305  0.494898  0.00510201  
0.487245  0.0127551  0.487245  0.0127551  62.1392  3.34081  
0.482143  0.0178571  0.482143  0.0178571  0.470663  0.0293367  
0.477041  0.0229592  0.477041  0.0229592  2.96994  0.16811  
0.471939  0.0280612  0.471939  0.0280612  16.2473  0.873509  
0.466837  0.0331633  0.466837  0.0331633  0.461735  0.0382653  
0.461735  0.0382653  0.461735  0.0382653  0.464024  0.035976  
0.456633  0.0433674  0.456633  0.0433674  17.5522  2.44914  
0.451531  0.0484694  0.451531  0.0484694  0.44898  0.0510205  
0.446429  0.0535715  0.446429  0.0535715  66.8077  8.01694  
0.441327  0.0586735  0.441327  0.0586735  80.9086  11.8287  
0.436225  0.0637755  0.436225  0.0637755  0.431123  0.0688775  
0.431123  0.0688775  0.431123  0.0688775  0.364796  0.135204  
0.426021  0.0739795  0.426021  0.0739795  85.6529  14.8738  
0.420919  0.0790815  0.420919  0.0790815  0.420919  0.0790815  
0.415817  0.0841835  0.415817  0.0841835  0.42347  0.0765303  
0.410715  0.0892855  0.410715  0.0892855  73.501  15.9784  
0.405612  0.094388  0.405612  0.094388  74.9307  15.7645  
0.40051  0.09949  0.40051  0.09949  0.390306  0.109694  
0.395408  0.104592  0.395408  0.104592  0.420709  0.0792911  
0.390306  0.109694  0.390306  0.109694  0.390306  0.109694  
0.385204  0.114796  0.385204  0.114796  23.9649  7.31357  
0.380102  0.119898  0.380102  0.119898  2.1825  0.613382  
0.375  0.125  0.375  0.125  11.4038  4.11804  
0.369898  0.130102  0.369898  0.130102  72.8444  25.6211  
0.364796  0.135204  0.364796  0.135204  84.2665  27.3297  
0.359694  0.140306  0.359694  0.140306  0.521472  0.203411  
0.354592  0.145408  0.354592  0.145408  5.88142  2.01418  
0.34949  0.15051  0.34949  0.15051  61.8279  23.5168  
0.344388  0.155612  0.344388  0.155612  0.362245  0.137755  
0.339286  0.160714  0.339286  0.160714  45.603  21.0999  
0.334184  0.165816  0.334184  0.165816  0.342898  0.157102  
0.329082  0.170918  0.329082  0.170918  0.339286  0.160714  
0.32398  0.17602  0.32398  0.17602  0.341964  0.158036  
0.318878  0.181122  0.318878  0.181122  0.109694  0.390306  
0.313775  0.186225  0.313775  0.186225  50.4508  30.6013  
0.308673  0.191327  0.308673  0.191327  0.498039  0.00196063  
0.303571  0.196429  0.303571  0.196429  0.303571  0.196429  
0.298469  0.201531  0.298469  0.201531  0.288266  0.211735  
0.293368  0.206632  0.293368  0.206632  0.285714  0.214286  
0.288266  0.211734  0.288266  0.211734  6.91804  5.18852  
0.283164  0.216836  0.283164  0.216836  65.2079  47.896  
0.278061  0.221939  0.278061  0.221939  0.304116  0.205343  
0.272959  0.227041  0.272959  0.227041  47.0401  41.6125  
0.267857  0.232143  0.267857  0.232143  43.0604  35.0863  
0.262755  0.237245  0.262755  0.237245  5.24834  5.57982  
0.257653  0.242347  0.257653  0.242347  37.7596  36.6752  
0.252551  0.247449  0.252551  0.247449  39.3285  36.2439  
0.247449  0.252551  0.247449  0.252551  0.265306  0.234694  
0.242347  0.257653  0.242347  0.257653  26.0436  31.9625  
0.237245  0.262755  0.237245  0.262755  46.5263  51.5291  
0.232143  0.267857  0.232143  0.267857  0.232143  0.267857  
0.227041  0.272959  0.227041  0.272959  42.8142  41.0336  
0.221939  0.278061  0.221939  0.278061  45.0525  50.9287  
0.216836  0.283164  0.216836  0.283164  0.449652  0.27871  
0.211734  0.288266  0.211734  0.288266  42.8173  57.0898  
0.206632  0.293368  0.206632  0.293368  3.07983  4.3726  
0.201531  0.298469  0.201531  0.298469  0.202216  0.297784  
0.196429  0.303571  0.196429  0.303571  3.97561  6.14412  
0.191327  0.308673  0.191327  0.308673  7.14224  13.2115  
0.186224  0.313775  0.186224  0.313775  1.1403  1.72508  
0.181123  0.318877  0.181123  0.318877  7.5628  14.2358  
0.17602  0.323979  0.17602  0.323979  0.163265  0.336735  
0.170918  0.329082  0.170918  0.329082  0.173469  0.326531  
0.165816  0.334184  0.165816  0.334184  27.606  61.0951  
0.160714  0.339286  0.160714  0.339286  0.160714  0.339286  
0.155612  0.344388  0.155612  0.344388  1.25477  2.2586  
0.15051  0.34949  0.15051  0.34949  0.153061  0.346939  
0.145408  0.354592  0.145408  0.354592  0.140306  0.359694  
0.140306  0.359694  0.140306  0.359694  0.132653  0.367347  
0.135204  0.364796  0.135204  0.364796  0.118114  0.381886  
0.130102  0.369898  0.130102  0.369898  0.0944462  0.405554  
0.125  0.375  0.125  0.375  0.132653  0.367347  
0.119898  0.380102  0.119898  0.380102  0.122449  0.377551  
0.114796  0.385204  0.114796  0.385204  0.150246  0.585959  
0.109694  0.390306  0.109694  0.390306  0.109694  0.390306  
0.104592  0.395408  0.104592  0.395408  0.0941306  0.405869  
0.09949  0.40051  0.09949  0.40051  0.09949  0.40051  
0.094388  0.405612  0.094388  0.405612  20.4708  83.0765  
0.0892855  0.410714  0.0892855  0.410714  0.648526  2.98323  
0.0841835  0.415816  0.0841835  0.415816  0.0892855  0.410714  
0.0790815  0.420918  0.0790815  0.420918  0.0739793  0.426021  
0.0739795  0.426021  0.0739795  0.426021  0.0739795  0.426021  
0.0688775  0.431123  0.0688775  0.431123  18.9822  118.815  
0.0637755  0.436225  0.0637755  0.436225  6.84386  67.678  
0.0586735  0.441327  0.0586735  0.441327  0.0586735  0.441327  
0.0535715  0.446429  0.0535715  0.446429  0.0484695  0.451531  
0.0484694  0.451531  0.0484694  0.451531  0.0280613  0.471939  
0.0433674  0.456633  0.0433674  0.456633  1.48894  15.6777  
0.0382653  0.461735  0.0382653  0.461735  2.12423  15.9779  
0.0331633  0.466837  0.0331633  0.466837  0.43643  5.6736  
0.0280612  0.471939  0.0280612  0.471939  0.0153061  0.484694  
0.0229592  0.477041  0.0229592  0.477041  9.07217  188.5  
0.0178571  0.482143  0.0178571  0.482143  0.0165695  0.483431  
0.0127551  0.487245  0.0127551  0.487245  0.0127551  0.487245  
0.00765305  0.492347  0.00765305  0.492347  0.00765305  0.492347  
0.00255102  0.497449  0.00255102  0.497449  0.1603  31.2585  
