2.06925  0.069464  2.06925  0.069464  2.14363  0.143838  
0.0810413  4.08104  0.0810413  4.08104  0.168039  3.28205  
1.99141  0.0792607  1.99141  0.0792607  1.93651  0.115201  
1.95595  0.0986076  1.95595  0.0986076  1.98249  0.135063  
1.93372  0.117963  1.93372  0.117963  2.03751  0.070153  
1.9163  0.137436  1.9163  0.137436  1.97436  0.227384  
1.90147  0.157078  1.90147  0.157078  1.93999  0.187435  
1.88827  0.176921  1.88827  0.176921  1.93451  0.117171  
1.87619  0.196988  1.87619  0.196988  1.87983  0.190756  
1.86493  0.2173  1.86493  0.2173  1.87746  0.247346  
1.85426  0.237871  1.85426  0.237871  1.99103  0.292671  
1.84406  0.258714  1.84406  0.258714  1.86683  0.23636  
1.8342  0.279843  1.8342  0.279843  1.86752  0.212488  
1.82461  0.301268  1.82461  0.301268  1.82295  0.305051  
1.81521  0.322998  1.81521  0.322998  1.81289  0.328468  
1.80596  0.345042  1.80596  0.345042  1.87032  0.417744  
1.79679  0.367408  1.79679  0.367408  1.79998  0.359575  
1.78767  0.390102  1.78767  0.390102  1.86242  0.46485  
1.77855  0.413131  1.77855  0.413131  1.80958  0.336352  
1.76941  0.436499  1.76941  0.436499  1.7791  0.411736  
1.76019  0.460209  1.76019  0.460209  1.76019  0.460209  
1.75086  0.48426  1.75086  0.48426  1.89704  0.163485  
1.74138  0.50865  1.74138  0.50865  1.74138  0.50865  
1.7317  0.533375  1.7317  0.533375  1.78104  0.593391  
1.72178  0.558426  1.72178  0.558426  1.79606  0.3692  
1.71156  0.583789  1.71156  0.583789  1.71156  0.583789  
1.70098  0.609443  1.70098  0.609443  1.84009  0.366445  
1.68995  0.635356  1.68995  0.635356  1.91059  0.334853  
1.67838  0.661485  1.67838  0.661485  1.70756  0.59357  
1.66615  0.687769  1.66615  0.687769  1.64774  0.724385  
1.6531  0.71412  1.6531  0.71412  1.64944  0.721163  
1.639  0.740407  1.639  0.740407  1.91489  0.302858  
1.62353  0.76644  1.62353  0.76644  1.66625  0.853379  
1.60622  0.79192  1.60622  0.79192  1.62502  0.810714  
1.58629  0.816345  1.58629  0.816345  1.91859  0.290569  
1.56233  0.838816  1.56233  0.838816  1.65583  0.931764  
1.53146  0.857488  1.53146  0.857488  1.56238  0.883273  
1.48749  0.868326  1.48749  0.868326  1.52382  0.900954  
1.42943  0.869727  1.42943  0.869727  1.59712  0.906524  
1.38388  0.87701  1.38388  0.87701  2.00606  0.244457  
1.35289  0.892423  1.35289  0.892423  1.4119  0.951431  
1.32923  0.912257  1.32923  0.912257  1.66717  0.844018  
1.3096  0.934792  1.3096  0.934792  1.3096  0.934792  
1.29244  0.959248  1.29244  0.959248  1.30273  0.944038  
1.27692  0.985222  1.27692  0.985222  1.29958  1.00788  
1.26253  1.01249  1.26253  1.01249  1.3149  1.08947  
1.24896  1.04091  1.24896  1.04091  1.32474  1.11681  
1.23596  1.07039  1.23596  1.07039  1.29111  1.12498  
1.22336  1.10088  1.22336  1.10088  1.22296  1.10188  
1.21104  1.13233  1.21104  1.13233  1.68211  0.653192  
1.19887  1.16471  1.19887  1.16471  1.2345  1.20034  
1.18675  1.19797  1.18675  1.19797  1.63166  0.753127  
1.17461  1.2321  1.17461  1.2321  1.17461  1.2321  
1.16234  1.26703  1.16234  1.26703  1.1677  1.25172  
1.14985  1.30271  1.14985  1.30271  1.29246  0.959215  
1.13706  1.33906  1.13706  1.33906  1.63561  0.870396  
1.12386  1.37598  1.12386  1.37598  1.14778  1.55767  
1.11011  1.41331  1.11011  1.41331  1.11757  1.39322  
1.09567  1.45083  1.09567  1.45083  1.53009  0.909009  
1.08035  1.48824  1.08035  1.48824  1.08033  1.4883  
1.06391  1.5251  1.06391  1.5251  1.13155  1.59046  
1.04599  1.56076  1.04599  1.56076  1.16111  1.67587  
1.02615  1.59425  1.02615  1.59425  1.02714  1.59274  
1.00372  1.62411  1.00372  1.62411  1.12065  1.781  
0.97776  1.64819  0.97776  1.64819  1.45044  0.869464  
0.947213  1.66372  0.947213  1.66372  0.99322  1.72053  
0.91193  1.66923  0.91193  1.66923  0.967333  1.69763  
0.87507  1.66973  0.87507  1.66973  1.54264  0.851965  
0.84168  1.67525  0.84168  1.67525  1.03766  1.69451  
0.813474  1.69043  0.813474  1.69043  0.987517  1.71896  
0.789488  1.71451  0.789488  1.71451  0.795824  1.70701  
0.76844  1.74575  0.76844  1.74575  0.987952  1.96546  
0.749371  1.78282  0.749371  1.78282  0.793625  1.771  
0.731619  1.8248  0.731619  1.8248  0.739049  1.91286  
0.714711  1.87108  0.714711  1.87108  0.714711  1.87108  
0.698293  1.92122  0.698293  1.92122  0.698293  1.92122  
0.682076  1.97487  0.682076  1.97487  0.675889  1.99619  
0.665804  2.03167  0.665804  2.03167  0.665804  2.03167  
0.649233  2.09117  0.649233  2.09117  0.649233  2.09117  
0.632106  2.15275  0.632106  2.15275  0.666479  2.16316  
0.614132  2.21549  0.614132  2.21549  0.661866  2.26337  
0.594965  2.27794  0.594965  2.27794  0.623694  2.30807  
0.574165  2.33784  0.574165  2.33784  0.576339  2.33204  
0.55119  2.39172  0.55119  2.39172  0.547569  2.39889  
0.525402  2.43461  0.525402  2.43461  0.606845  2.51591  
0.496326  2.46093  0.496326  2.46093  0.494652  2.46182  
0.464437  2.46924  0.464437  2.46924  0.893417  1.74401  
0.432033  2.47025  0.432033  2.47025  0.431288  2.47034  
0.401899  2.48287  0.401899  2.48287  0.456849  2.53569  
0.374957  2.51876  0.374957  2.51876  0.429282  2.47064  
0.350548  2.58013  0.350548  2.58013  0.350192  2.58126  
0.327611  2.6657  0.327611  2.6657  0.321922  2.69092  
0.30512  2.77335  0.30512  2.77335  0.442462  2.50764  
0.282093  2.89966  0.282093  2.89966  0.351694  2.57657  
0.257477  3.03684  0.257477  3.03684  0.257477  3.03684  
0.230087  3.16629  0.230087  3.16629  0.228415  3.17278  
0.198912  3.25197  0.198912  3.25197  0.479092  2.49927  
0.164811  3.26948  0.164811  3.26948  0.163552  3.2695  
0.131436  3.31151  0.131436  3.31151  0.171181  3.29083  
0.0991062  3.59213  0.0991062  3.59213  0.341794  2.99566  
