1.01264  7.39333e-07  1.01264  7.39333e-07  0.984351  0.0224989  
1.31748e-06  1.0016  1.31748e-06  1.0016  0.220554  1.40139  
0.991778  0.00500924  0.991778  0.00500924  1.00954  0.047436  
0.971393  0.0150937  0.971393  0.0150937  1.00167  0.00475562  
0.953445  0.0249579  0.953445  0.0249579  0.962203  0.0195581  
0.935096  0.0343565  0.935096  0.0343565  0.938428  0.0383627  
0.915198  0.0440183  0.915198  0.0440183  0.963964  0.0837694  
0.89865  0.0530494  0.89865  0.0530494  1.13267  0.154385  
0.880316  0.0625158  0.880316  0.0625158  1.00366  0.132431  
0.863623  0.0715484  0.863623  0.0715484  2.29274  1.27655  
0.848333  0.0804951  0.848333  0.0804951  0.844406  0.0920349  
0.830654  0.0890846  0.830654  0.0890846  0.840192  0.120788  
0.815138  0.0978211  0.815138  0.0978211  0.820431  0.101984  
0.799906  0.106168  0.799906  0.106168  1.35085  0.745766  
0.784267  0.114658  0.784267  0.114658  0.852581  0.164891  
0.769875  0.122822  0.769875  0.122822  0.824471  0.347965  
0.755787  0.131071  0.755787  0.131071  0.96969  0.275182  
0.741378  0.139293  0.741378  0.139293  0.82311  0.260704  
0.728142  0.147113  0.728142  0.147113  0.928544  0.299832  
0.71455  0.15529  0.71455  0.15529  0.730729  0.268657  
0.701449  0.163103  0.701449  0.163103  0.784385  0.219206  
0.688265  0.170898  0.688265  0.170898  0.844337  0.699582  
0.675452  0.178663  0.675452  0.178663  0.731782  0.198082  
0.663127  0.186298  0.663127  0.186298  0.668831  0.21425  
0.650614  0.193669  0.650614  0.193669  0.753782  0.232176  
0.638612  0.201318  0.638612  0.201318  1.15053  0.673794  
0.626617  0.208797  0.626617  0.208797  0.628179  0.213223  
0.614946  0.216268  0.614946  0.216268  0.623247  0.226288  
0.603392  0.223519  0.603392  0.223519  0.709646  0.293119  
0.592198  0.230786  0.592198  0.230786  0.615495  0.217265  
0.581031  0.238229  0.581031  0.238229  0.626779  0.35144  
0.570064  0.245409  0.570064  0.245409  0.575796  0.242082  
0.559131  0.252617  0.559131  0.252617  0.593883  0.266625  
0.548436  0.259672  0.548436  0.259672  0.5622  0.348219  
0.537906  0.266856  0.537906  0.266856  0.790386  0.480169  
0.527614  0.273909  0.527614  0.273909  0.564151  0.327789  
0.517463  0.280971  0.517463  0.280971  0.579665  0.288566  
0.507357  0.288132  0.507357  0.288132  0.513718  0.316545  
0.49734  0.295121  0.49734  0.295121  0.485104  0.308615  
0.48746  0.30207  0.48746  0.30207  0.497168  0.309307  
0.477689  0.309065  0.477689  0.309065  0.500167  0.305283  
0.468038  0.315975  0.468038  0.315975  0.494382  0.319439  
0.458631  0.323036  0.458631  0.323036  0.451579  0.331243  
0.449143  0.329882  0.449143  0.329882  0.461577  0.38362  
0.439924  0.336864  0.439924  0.336864  0.424709  0.353487  
0.430756  0.343797  0.430756  0.343797  2.85062  2.7811  
0.421683  0.350726  0.421683  0.350726  0.435532  0.366465  
0.412693  0.357702  0.412693  0.357702  0.437453  0.379425  
0.403824  0.364575  0.403824  0.364575  0.419018  0.404734  
0.39506  0.371553  0.39506  0.371553  0.423208  0.35457  
0.386331  0.378527  0.386331  0.378527  0.392043  0.387148  
0.377725  0.385521  0.377725  0.385521  0.378886  0.387303  
0.369164  0.392493  0.369164  0.392493  0.376333  0.391988  
0.360696  0.399487  0.360696  0.399487  0.357251  0.403591  
0.352306  0.406543  0.352306  0.406543  0.357996  0.425753  
0.343983  0.413553  0.343983  0.413553  0.329953  0.429849  
0.335747  0.420635  0.335747  0.420635  0.35173  0.455162  
0.327565  0.427729  0.327565  0.427729  0.330711  0.433476  
0.319452  0.434895  0.319452  0.434895  0.338629  0.422748  
0.311394  0.442073  0.311394  0.442073  0.30355  0.449428  
0.303354  0.449288  0.303354  0.449288  0.308998  0.458317  
0.295436  0.456585  0.295436  0.456585  0.284792  0.476855  
0.287532  0.463902  0.287532  0.463902  0.294318  0.476601  
0.279641  0.471311  0.279641  0.471311  0.280892  0.472176  
0.27185  0.478733  0.27185  0.478733  0.295546  0.471505  
0.264085  0.486222  0.264085  0.486222  0.264932  0.487044  
0.256408  0.493777  0.256408  0.493777  0.296311  0.726473  
0.24867  0.501403  0.24867  0.501403  0.449409  0.786452  
0.241158  0.509115  0.241158  0.509115  0.258  0.49905  
0.233494  0.516936  0.233494  0.516936  0.233679  0.520574  
0.22596  0.524834  0.22596  0.524834  0.204516  0.550047  
0.218433  0.532837  0.218433  0.532837  0.219796  0.535768  
0.210952  0.540934  0.210952  0.540934  0.22386  0.547495  
0.203396  0.549175  0.203396  0.549175  0.239582  0.538259  
0.195947  0.557499  0.195947  0.557499  0.207687  0.545655  
0.188496  0.56598  0.188496  0.56598  0.196561  0.582566  
0.18117  0.574618  0.18117  0.574618  0.223978  0.663586  
0.173716  0.583415  0.173716  0.583415  0.178504  0.58006  
0.166409  0.592405  0.166409  0.592405  0.190156  0.600161  
0.159087  0.601562  0.159087  0.601562  0.160852  0.60455  
0.15176  0.610931  0.15176  0.610931  0.174051  0.632094  
0.144277  0.620537  0.144277  0.620537  0.149565  0.621776  
0.137005  0.630324  0.137005  0.630324  0.155891  0.678709  
0.129497  0.640434  0.129497  0.640434  0.112047  0.679442  
0.122253  0.650777  0.122253  0.650777  0.10747  0.672649  
0.114824  0.661496  0.114824  0.661496  0.128713  0.648539  
0.107442  0.672625  0.107442  0.672625  0.116204  0.672639  
0.0999474  0.684149  0.0999474  0.684149  0.0931378  0.697308  
0.0925136  0.696179  0.0925136  0.696179  0.0724114  0.751812  
0.0850402  0.708727  0.0850402  0.708727  0.610631  1.13126  
0.0774538  0.721997  0.0774538  0.721997  0.0584291  0.786981  
0.0698148  0.735963  0.0698148  0.735963  0.0710302  0.737651  
0.0622223  0.750928  0.0622223  0.750928  0.090281  0.75487  
0.0544774  0.766897  0.0544774  0.766897  0.14144  0.887644  
0.0466098  0.784428  0.0466098  0.784428  0.0573193  0.768325  
0.038658  0.803642  0.038658  0.803642  0.0555122  0.8201  
0.0305631  0.825506  0.0305631  0.825506  0.0771958  0.860635  
0.0222898  0.851584  0.0222898  0.851584  0.0235775  0.854555  
0.0137017  0.883816  0.0137017  0.883816  0.13263  0.958404  
0.00470085  0.932889  0.00470085  0.932889  0.0623682  1.00265  
