2.45411  1.00887e-07  2.11699e-07  2.45411  1.00887e-07  2.11699e-07  2.03545  0.0528361  0.00368068  
2.23479e-06  4.52737  2.27463e-06  2.23479e-06  4.52737  2.27463e-06  0.0297956  4.10742  0.0890744  
1.33195e-09  8.7953e-10  1.51436  1.33195e-09  8.7953e-10  1.51436  5.34587e-08  3.8351e-08  1.51554  
0.99926  6.39295e-05  0.0384643  0.99926  6.39295e-05  0.0384643  3.30128  2.2647  1.98342  
0.994511  0.105923  0.0146719  0.994511  0.105923  0.0146719  2.63187  1.06695  1.05324  
0.989892  0.000186147  0.141831  0.989892  0.000186147  0.141831  1.26345  0.314905  0.577778  
0.979599  0.200994  0.0153158  0.979599  0.200994  0.0153158  1.92953  1.05315  1.08518  
0.985629  0.000164581  0.168934  0.985629  0.000164581  0.168934  0.977822  0.000115265  0.209444  
0.981481  0.191707  0.0165209  0.981481  0.191707  0.0165209  0.991272  0.132389  0.0293239  
0.956347  0.000350801  0.292238  0.956347  0.000350801  0.292238  1.5411  0.482376  2.20229  
0.940867  0.339687  0.0170421  0.940867  0.339687  0.0170421  0.940867  0.902683  0.280832  
0.973217  0.00373376  0.229922  0.973217  0.00373376  0.229922  1.12277  1.01959  1.61675  
0.954316  0.298847  0.0335423  0.954316  0.298847  0.0335423  0.971768  0.236378  0.0529649  
0.929006  0.000240072  0.370066  0.929006  0.000240072  0.370066  0.929025  0.00043793  0.370092  
0.919821  0.392463  0.0205792  0.919821  0.392463  0.0205792  1.84876  1.13478  0.0205792  
0.933233  0.00038065  0.359272  0.933233  0.00038065  0.359272  0.9767  0.152178  0.214975  
0.948302  0.317412  0.0135078  0.948302  0.317412  0.0135078  0.845881  0.986688  0.159552  
0.860933  4.02346e-06  0.50872  0.860933  4.02346e-06  0.50872  0.860937  6.07821e-06  0.508726  
0.840386  0.542153  0.0161933  0.840386  0.542153  0.0161933  1.26279  0.813259  0.318084  
0.936976  0.000378215  0.349397  0.936976  0.000378215  0.349397  1.68046  0.65151  0.571073  
0.883324  0.468785  0.0343068  0.883324  0.468785  0.0343068  1.82999  2.27666  1.47567  
0.85534  1.10501e-06  0.518068  0.85534  1.10501e-06  0.518068  1.30208  1.34836e-06  0.562734  
0.824722  0.565588  0.0279054  0.824722  0.565588  0.0279054  0.81665  0.577369  0.0607223  
0.873108  2.53918e-06  0.487527  0.873108  2.53918e-06  0.487527  0.873109  0.178676  0.487537  
0.884226  0.467066  0.0543043  0.884226  0.467066  0.0543043  3.76326  3.53917  3.85021  
0.764963  7.02919e-05  0.644074  0.764963  7.02919e-05  0.644074  0.76846  7.21342e-05  0.639898  
0.751302  0.659969  0.0247027  0.751302  0.659969  0.0247027  0.593786  0.804797  0.425558  
0.857536  1.05205e-05  0.514424  0.857536  1.05205e-05  0.514424  1.54578  0.506418  1.22396  
0.822883  0.568223  0.00737404  0.822883  0.568223  0.00737404  0.79727  0.603659  0.425355  
0.734486  1.48996e-05  0.678624  0.734486  1.48996e-05  0.678624  0.810081  1.48996e-05  0.678624  
0.74713  0.664722  0.0524497  0.74713  0.664722  0.0524497  0.564493  0.825477  0.0441095  
0.761661  0.000109856  0.647975  0.761661  0.000109856  0.647975  0.814483  0.000110044  0.65102  
0.837223  0.546862  0.00218199  0.837223  0.546862  0.00218199  1.8493  0.678505  0.436855  
0.628763  1.23467e-05  0.777597  0.628763  1.23467e-05  0.777597  0.681947  1.40166e-05  0.731402  
0.608725  0.793863  0.00270845  0.608725  0.793863  0.00270845  1.05598  2.21433  0.401956  
0.815907  1.16329e-05  0.578186  0.815907  1.16329e-05  0.578186  2.35528  0.558612  0.685045  
0.690845  0.723091  0.116713  0.690845  0.723091  0.116713  0.759793  1.07898  0.510461  
0.662289  1.38634e-05  0.749248  0.662289  1.38634e-05  0.749248  1.53238  1.54763e-05  0.672813  
0.605078  0.796313  0.0948249  0.605078  0.796313  0.0948249  0.714493  0.825039  0.422167  
0.701255  1.89709e-05  0.712911  0.701255  1.89709e-05  0.712911  1.05425  0.876526  1.17331  
0.706498  0.707734  0.111956  0.706498  0.707734  0.111956  1.20583  1.07409  0.396139  
0.550491  1.05672e-05  0.834841  0.550491  1.05672e-05  0.834841  0.550491  1.05864e-05  0.834841  
0.523948  0.851779  0.0179506  0.523948  0.851779  0.0179506  0.86572  0.959297  0.234523  
0.687667  1.1743e-05  0.726026  0.687667  1.1743e-05  0.726026  0.628541  1.00831e-05  0.777777  
0.618568  0.785877  0.117559  0.618568  0.785877  0.117559  0.605839  0.795894  1.47013  
0.524937  1.16697e-05  0.851141  0.524937  1.16697e-05  0.851141  0.566501  1.25727e-05  0.827085  
0.526338  0.850284  0.0358185  0.526338  0.850284  0.0358185  0.639754  0.869682  0.441284  
0.560923  2.12458e-05  0.827868  0.560923  2.12458e-05  0.827868  0.705773  5.21041e-06  0.768624  
0.643783  0.765213  0.0786412  0.643783  0.765213  0.0786412  0.708251  2.8955  0.0856931  
0.422504  3.07162e-05  0.906361  0.422504  3.07162e-05  0.906361  0.468605  0.285885  0.883408  
0.410462  0.911897  0.0122193  0.410462  0.911897  0.0122193  0.742225  0.935154  0.45861  
0.603777  7.35758e-06  0.797153  0.603777  7.35758e-06  0.797153  4.55502  4.17732  5.33001  
0.494463  0.869488  0.0981437  0.494463  0.869488  0.0981437  0.455029  0.890701  1.29415  
0.435876  3.15414e-05  0.900007  0.435876  3.15414e-05  0.900007  0.453801  1.86099e-05  0.891103  
0.410138  0.912042  0.0563048  0.410138  0.912042  0.0563048  0.31487  0.949149  0.46051  
0.471543  4.73163e-06  0.881843  0.471543  4.73163e-06  0.881843  2.29357  1.99496  2.32841  
0.514099  0.857742  0.0658569  0.514099  0.857742  0.0658569  0.514108  0.902278  0.0657662  
0.340727  5.3764e-06  0.940162  0.340727  5.3764e-06  0.940162  0.287003  3.74918e-06  0.95793  
0.340036  0.940443  0.0785808  0.340036  0.940443  0.0785808  0.462369  0.888622  0.901118  
0.45373  5.33798e-06  0.891139  0.45373  5.33798e-06  0.891139  1.04681  2.07901  1.46682  
0.422771  0.90633  0.191168  0.422771  0.90633  0.191168  1.62735  1.73871  0.191168  
0.317432  5.89966e-06  0.948281  0.317432  5.89966e-06  0.948281  0.243505  1.27899e-05  0.969927  
0.340019  0.940448  0.0782379  0.340019  0.940448  0.0782379  0.377638  0.926037  1.31056  
0.340803  1.9174e-05  0.940135  0.340803  1.9174e-05  0.940135  0.434483  0.058924  0.900681  
0.444529  0.895772  0.0102423  0.444529  0.895772  0.0102423  1.27979  2.18173  1.44554  
0.242248  1.37949e-05  0.970214  0.242248  1.37949e-05  0.970214  0.632748  0.406769  2.00512  
0.223529  0.974723  0.00560533  0.223529  0.974723  0.00560533  0.223697  0.974683  0.422174  
0.407083  2.82e-05  0.913391  0.407083  2.82e-05  0.913391  10.4232  11.3815  10.4381  
0.280546  0.959895  0.119767  0.280546  0.959895  0.119767  0.707751  1.05558  1.0267  
0.264379  8.69656e-08  0.964419  0.264379  8.69656e-08  0.964419  6.04023  6.82406  6.24311  
0.223415  0.974746  0.00238415  0.223415  0.974746  0.00238415  0.253216  1.42596  0.025963  
0.287536  1.61512e-05  0.95777  0.287536  1.61512e-05  0.95777  0.218248  1.7609e-05  0.975894  
0.281976  0.959432  0.130882  0.281976  0.959432  0.130882  0.379792  0.997072  0.768329  
0.192255  2.18291e-05  0.981345  0.192255  2.18291e-05  0.981345  0.198736  2.18286e-05  0.981345  
0.174513  0.98482  0.038965  0.174513  0.98482  0.038965  0.174513  1.01474  0.880448  
0.264921  3.14108e-05  0.96427  0.264921  3.14108e-05  0.96427  0.121998  1.62222e-05  0.992533  
0.213866  0.976963  0.112225  0.213866  0.976963  0.112225  0.29813  0.954777  0.693348  
0.169468  2.11919e-05  0.985536  0.169468  2.11919e-05  0.985536  0.397198  2.32389e-05  1.0787  
0.163643  0.986582  0.0551251  0.163643  0.986582  0.0551251  0.273496  1.43514  0.643318  
0.178364  1.54966e-05  0.983965  0.178364  1.54966e-05  0.983965  0.178364  1.85128e-05  0.983965  
0.209349  0.977859  0.0756655  0.209349  0.977859  0.0756655  3.94546  6.32053  4.05729  
0.117238  7.12682e-06  0.993104  0.117238  7.12682e-06  0.993104  0.0909924  0.000445677  1.10787  
0.108173  0.994223  0.00336029  0.108173  0.994223  0.00336029  0.133466  0.991107  0.418695  
0.178347  1.35509e-05  0.983968  0.178347  1.35509e-05  0.983968  0.00859858  1.318e-06  1.03362  
0.126908  0.991974  0.0825812  0.126908  0.991974  0.0825812  0.663579  1.37329  0.511243  
0.106242  8.21046e-06  0.99434  0.106242  8.21046e-06  0.99434  0.106242  8.16735e-06  0.99434  
0.0926684  0.995709  0.178712  0.0926684  0.995709  0.178712  2.23523  3.17719  2.72289  
0.106917  7.96063e-06  0.994268  0.106917  7.96063e-06  0.994268  0.0706232  5.03092e-06  0.997503  
0.110473  0.993899  0.0579023  0.110473  0.993899  0.0579023  0.110466  0.993899  0.0579089  
0.0643558  8.30247e-06  0.997927  0.0643558  8.30247e-06  0.997927  0.064356  8.64085e-06  0.997927  
0.0585185  0.998304  0.0723281  0.0585185  0.998304  0.0723281  0.280331  1.15408  0.0815454  
0.0777636  5.72243e-06  0.996972  0.0777636  5.72243e-06  0.996972  0.0777636  0.455705  0.996972  
0.0631892  0.998018  0.0810914  0.0631892  0.998018  0.0810914  0.0899741  0.995978  0.458481  
0.0414025  2.7194e-06  0.999143  0.0414025  2.7194e-06  0.999143  1.64405  0.222187  1.91412  
0.0381509  0.999291  0.12644  0.0381509  0.999291  0.12644  0.289796  0.999927  0.51063  
0.033043  2.09685e-06  0.999454  0.033043  2.09685e-06  0.999454  0.191785  0.0956597  0.992158  
0.0353969  0.99939  0.0155988  0.0353969  0.99939  0.0155988  0.185393  0.982807  0.861832  
0.0134489  2.14709e-06  0.99991  0.0134489  2.14709e-06  0.99991  0.0134489  0.403618  0.99991  
0.00773278  0.99998  0.00375445  0.00773278  0.99998  0.00375445  0.416302  1.29734  0.0260538  
0.00492254  3.67048e-07  0.999988  0.00492254  3.67048e-07  0.999988  6.58989  6.44695  6.32563  
