2.00062  0.000624371  0.000624371  2.00062  0.000624371  0.000624371  2.05969  0.0596917  0.0596917  
0.00157615  4.00158  0.00157619  0.00157615  4.00158  0.00157619  0.00355522  4.00356  0.00355523  
0.00734079  0.00734079  6.00734  0.00734079  0.00734079  6.00734  0.118271  0.322968  5.99085  
1.99984  0.0770271  0.0778858  1.99984  0.0770271  0.0778858  2.00992  0.216787  0.0827226  
1.9974  0.213135  0.0714674  1.9974  0.213135  0.0714674  1.99916  0.220215  0.0733673  
1.99765  0.095703  0.286868  1.99765  0.095703  0.286868  2.00452  0.109092  0.586612  
1.98984  0.408482  0.0586689  1.98984  0.408482  0.0586689  1.99464  0.413277  0.0634636  
1.99464  0.205736  0.342564  1.99464  0.205736  0.342564  1.99785  0.311618  0.205077  
1.98959  0.388356  0.233617  1.98959  0.388356  0.233617  1.99903  0.362772  0.177022  
1.98977  0.0855155  0.608049  1.98977  0.0855155  0.608049  1.98887  0.136906  0.701354  
1.9686  0.710418  0.0479153  1.9686  0.710418  0.0479153  1.98678  0.893053  0.0756418  
1.98601  0.364988  0.469887  1.98601  0.364988  0.469887  1.99518  0.321791  0.384288  
1.97436  0.617725  0.281336  1.97436  0.617725  0.281336  2.0213  0.827814  0.335997  
1.98103  0.181878  0.788302  1.98103  0.181878  0.788302  1.9813  0.182147  0.788571  
1.95574  0.833758  0.192392  1.95574  0.833758  0.192392  1.9592  0.837224  0.195531  
1.97679  0.34523  0.760953  1.97679  0.34523  0.760953  1.70565  1.43574  2.39183  
1.96604  0.656719  0.511584  1.96604  0.656719  0.511584  1.9684  0.700565  0.397226  
1.96252  0.077688  1.158  1.96252  0.077688  1.158  1.96308  0.322001  1.16249  
1.90422  1.22727  0.0354168  1.90422  1.22727  0.0354168  1.94348  1.31819  0.0540901  
1.95947  0.644718  0.729407  1.95947  0.644718  0.729407  1.96107  0.646308  0.730998  
1.92943  1.02319  0.400144  1.92943  1.02319  0.400144  1.92957  1.02425  0.484794  
1.95418  0.331745  1.18307  1.95418  0.331745  1.18307  1.93385  0.557396  1.38196  
1.89109  1.2956  0.239344  1.89109  1.2956  0.239344  1.8472  1.56099  0.191902  
1.94676  0.569186  1.08682  1.94676  0.569186  1.08682  1.93169  0.682603  1.2835  
1.92134  1.01447  0.693458  1.92134  1.01447  0.693458  1.86931  1.38032  0.693371  
1.92456  0.16757  1.61922  1.92456  0.16757  1.61922  1.90985  0.164698  1.78787  
1.83118  1.60727  0.164751  1.83118  1.60727  0.164751  1.89027  1.3181  0.45109  
1.92378  0.787055  1.15044  1.92378  0.787055  1.15044  1.90759  0.983037  1.15618  
1.87904  1.29633  0.679278  1.87904  1.29633  0.679278  1.92399  1.00419  0.67995  
1.90567  0.325853  1.75951  1.90567  0.325853  1.75951  1.93258  0.302785  1.78452  
1.82281  1.62048  0.453702  1.82281  1.62048  0.453702  1.86899  1.66666  0.499885  
1.90039  0.632228  1.61526  1.90039  0.632228  1.61526  1.40357  1.36416  3.8067  
1.87097  1.2212  1.07725  1.87097  1.2212  1.07725  1.92735  0.894643  0.967546  
1.84978  0.0454864  2.28625  1.84978  0.0454864  2.28625  1.85753  0.053236  2.294  
1.67598  2.18448  0.02913  1.67598  2.18448  0.02913  1.68474  2.16915  0.239086  
1.85246  1.23162  1.31225  1.85246  1.23162  1.31225  1.84629  1.39541  1.21401  
1.76184  1.84263  0.666161  1.76184  1.84263  0.666161  1.67146  2.08521  1.09991  
1.84786  0.639577  2.08925  1.84786  0.639577  2.08925  1.78528  1.15634  2.15144  
1.66858  2.19424  0.356833  1.66858  2.19424  0.356833  1.40955  2.36799  2.48741  
1.82949  1.04301  1.85799  1.82949  1.04301  1.85799  1.78884  1.01591  2.28125  
1.75709  1.75872  1.12774  1.75709  1.75872  1.12774  1.86023  1.37578  0.851625  
1.77985  0.329758  2.69667  1.77985  0.329758  2.69667  1.92629  0.176384  1.80092  
1.55171  2.52093  0.211832  1.55171  2.52093  0.211832  1.61139  2.37777  0.214885  
1.77386  1.36637  1.87128  1.77386  1.36637  1.87128  1.63795  1.80965  2.1291  
1.66379  2.11249  1.03115  1.66379  2.11249  1.03115  1.66497  2.11367  1.03233  
1.74161  0.585356  2.82119  1.74161  0.585356  2.82119  1.85961  0.625084  2.00823  
1.54792  2.49877  0.636084  1.54792  2.49877  0.636084  1.55097  2.50994  0.553477  
1.72983  1.0722  2.55188  1.72983  1.0722  2.55188  1.87951  0.976346  1.5099  
1.65608  1.96475  1.62778  1.65608  1.96475  1.62778  1.52621  0.89869  3.66425  
1.62642  0.170314  3.48613  1.62642  0.170314  3.48613  1.62738  0.17127  3.48708  
1.33876  2.9714  0.142334  1.33876  2.9714  0.142334  1.33912  2.97176  0.142699  
1.63818  1.79075  2.15992  1.63818  1.79075  2.15992  1.65158  1.86634  1.92925  
1.47778  2.59626  1.0946  1.47778  2.59626  1.0946  1.48005  2.64383  0.868661  
1.61105  0.847533  3.32412  1.61105  0.847533  3.32412  1.61326  0.84975  3.32634  
1.33143  2.95772  0.613128  1.33143  2.95772  0.613128  1.50091  2.63365  0.619382  
1.58387  1.44256  2.96004  1.58387  1.44256  2.96004  1.58835  1.44704  2.96452  
1.46737  2.4456  1.78434  1.46737  2.4456  1.78434  1.46925  2.44747  1.78621  
1.46786  0.335749  4.04704  1.46786  0.335749  4.04704  1.47698  0.193671  4.0497  
1.17052  3.23343  0.397324  1.17052  3.23343  0.397324  1.31858  3.00514  0.367697  
1.48197  1.8641  2.90625  1.48197  1.8641  2.90625  1.49234  1.85369  2.91166  
1.31719  2.82126  1.58127  1.31719  2.82126  1.58127  1.24737  2.96076  1.55895  
1.39769  0.68041  4.17158  1.39769  0.68041  4.17158  1.40991  0.605763  4.17488  
1.15725  3.19742  0.978438  1.15725  3.19742  0.978438  1.16412  3.20429  0.985312  
1.3836  1.37633  3.81297  1.3836  1.37633  3.81297  1.2842  1.80764  3.79375  
1.28825  2.59464  2.43607  1.28825  2.59464  2.43607  1.0747  3.01977  2.42565  
1.20018  0.0548971  4.80085  1.20018  0.0548971  4.80085  0.637743  0.748609  5.61533  
0.860194  3.61185  0.0287155  0.860194  3.61185  0.0287155  0.877707  3.65003  0.120287  
1.20904  2.62729  2.70967  1.20904  2.62729  2.70967  1.56699  1.98673  2.29127  
0.990935  3.38609  1.17538  0.990935  3.38609  1.17538  1.45682  2.66439  1.13464  
1.19182  1.38894  4.3471  1.19182  1.38894  4.3471  0.998034  1.16189  4.92511  
0.831142  3.62041  0.554139  0.831142  3.62041  0.554139  1.09613  3.34396  0.597701  
1.12472  2.1727  3.74571  1.12472  2.1727  3.74571  1.12697  2.17495  3.74796  
0.955729  3.24834  2.01359  0.955729  3.24834  2.01359  0.71301  3.43005  2.24892  
1.00164  0.67607  5.10444  1.00164  0.67607  5.10444  1.01135  0.68578  5.11415  
0.66866  3.76587  0.282463  0.66866  3.76587  0.282463  0.574046  3.84477  0.412349  
0.959856  2.62918  3.48884  0.959856  2.62918  3.48884  1.07951  2.59231  3.54673  
0.772303  3.521  1.65871  0.772303  3.521  1.65871  1.15036  3.0815  1.65903  
0.882865  1.11795  5.12729  0.882865  1.11795  5.12729  0.900382  1.13537  5.14478  
0.623524  3.75272  0.90939  0.623524  3.75272  0.90939  0.857574  3.56731  0.91145  
0.828546  2.00349  4.57334  0.828546  2.00349  4.57334  0.916415  2.2054  4.23099  
0.707954  3.29923  2.6484  0.707954  3.29923  2.6484  0.799254  3.22352  2.76038  
0.667714  0.322251  5.64314  0.667714  0.322251  5.64314  0.699617  0.336157  5.62562  
0.426241  3.90773  0.156323  0.426241  3.90773  0.156323  0.150755  3.99281  0.244091  
0.635584  2.99294  3.49909  0.635584  2.99294  3.49909  0.551456  3.28032  3.10213  
0.480052  3.74885  1.52213  0.480052  3.74885  1.52213  0.181002  3.94404  0.89586  
0.569839  1.42589  5.34944  0.569839  1.42589  5.34944  0.507809  1.58542  5.36311  
0.363798  3.90096  0.764233  0.363798  3.90096  0.764233  0.084644  4.0114  0.596169  
0.496077  2.34292  4.63316  0.496077  2.34292  4.63316  0.317312  2.51311  4.7151  
0.395846  3.54781  2.50717  0.395846  3.54781  2.50717  0.353074  3.38403  3.04124  
0.377201  0.546021  5.84172  0.377201  0.546021  5.84172  0.152628  0.714934  5.97399  
0.234053  3.96204  0.446489  0.234053  3.96204  0.446489  0.241825  3.96981  0.454261  
0.327844  2.78188  4.20014  0.327844  2.78188  4.20014  0.339412  2.79345  4.21171  
0.237893  3.73624  2.02422  0.237893  3.73624  2.02422  0.239786  3.73813  2.02612  
0.237905  1.00596  5.76963  0.237905  1.00596  5.76963  0.176829  0.223569  5.98598  
0.151454  3.91709  1.14393  0.151454  3.91709  1.14393  0.1547  3.92033  1.14717  
0.171354  1.96359  5.21782  0.171354  1.96359  5.21782  0.416865  2.2777  4.91632  
0.121781  3.4175  3.10636  0.121781  3.4175  3.10636  0.308385  3.3616  3.18677  
0.081976  0.143393  5.99757  0.081976  0.143393  5.99757  0.148769  0.0945575  6.01009  
0.0331301  4.00062  0.0959609  0.0331301  4.00062  0.0959609  0.133221  3.99848  0.328897  
0.0076682  3.23479  3.55128  0.0076682  3.23479  3.55128  0.547177  3.03585  3.71232  
