0.857325  0.708972  3.32296  0.857325  0.708972  3.32296  0.857325  0.708768  3.32449  
0.708955  0.860593  3.32296  0.708955  0.860593  3.32296  0.708955  0.860593  3.32296  
3.8904e-159  1.53557e-161  6  3.8904e-159  1.53557e-161  6  0.016696  4.5641e-163  5.99189  
0.857325  0.708972  3.32296  0.857325  0.708972  3.32296  0.554479  0.708972  4.98036  
0.857559  0.774833  2.87229  0.857559  0.774833  2.87229  0.85848  0.513122  4.30312  
0.859401  0.251411  3.8802  0.859401  0.251411  3.8802  0.860321  0.0653709  4.20389  
0.857911  0.804181  2.72889  0.857911  0.804181  2.72889  0.85844  0.519072  4.29868  
0.858068  0.657097  3.70916  0.858068  0.657097  3.70916  0.857772  0.631433  3.88152  
0.85872  0.744949  3.06098  0.85872  0.744949  3.06098  0.85872  0.747027  3.07545  
0.859401  0.188554  3.93389  0.859401  0.188554  3.93389  0.859401  0.435323  4.2286  
0.858342  0.821629  2.66878  0.858342  0.821629  2.66878  0.857948  0.847414  2.64558  
0.859324  0.686079  3.49611  0.859324  0.686079  3.49611  0.858174  0.909421  2.7122  
0.857916  0.7603  2.9596  0.857916  0.7603  2.9596  0.857916  0.7603  2.98931  
0.859401  0.251411  3.8802  0.859401  0.251411  3.8802  0.859401  0.275112  3.88839  
0.857103  0.789195  2.79613  0.857103  0.789195  2.79613  0.857103  0.789195  2.81819  
0.859401  0.251411  3.8802  0.859401  0.251411  3.8802  0.8594  0.207482  3.93746  
0.857736  0.728137  3.18034  0.857736  0.728137  3.18034  0.857736  0.728137  3.18034  
0.8594  0.100696  4.12446  0.8594  0.100696  4.12446  0.8594  0.100696  4.23319  
0.858544  0.833077  2.64088  0.858544  0.833077  2.64088  0.929324  0.93864  3.04471  
0.858363  0.698095  3.40518  0.858363  0.698095  3.40518  0.858401  0.674486  3.58289  
0.857789  0.767629  2.91439  0.857789  0.767629  2.91439  0.857797  0.785739  2.87767  
0.8594  0.251411  3.8802  0.8594  0.251411  3.8802  0.86386  0.55011  4.24757  
0.857932  0.79652  2.76151  0.857932  0.79652  2.76151  0.857959  0.816266  2.68509  
0.8594  0.638861  3.83365  0.8594  0.638861  3.83365  0.859919  0.340162  3.98873  
0.857567  0.736785  3.11812  0.857567  0.736785  3.11812  0.858017  0.747187  3.04575  
0.8594  0.145364  4.0192  0.8594  0.145364  4.0192  0.8594  0.178474  3.95116  
0.857903  0.812401  2.69805  0.857903  0.812401  2.69805  0.896891  0.794907  2.82853  
0.858505  0.672578  3.59701  0.858505  0.672578  3.59701  0.81834  0.672578  3.66145  
0.857577  0.752777  3.00832  0.857577  0.752777  3.00832  0.857577  0.752777  3.00832  
0.8594  0.235182  3.88399  0.8594  0.235182  3.88399  0.8594  0.235182  3.88609  
0.858498  0.781967  2.83296  0.858498  0.781967  2.83296  0.858502  0.814512  2.69087  
0.8594  0.25141  3.8802  0.8594  0.25141  3.8802  0.8594  0.25141  3.8802  
0.859263  0.718899  3.24833  0.859263  0.718899  3.24833  0.859263  0.730958  3.15975  
0.8594  0.0521373  4.23027  0.8594  0.0521373  4.23027  0.839275  0.0521372  4.24603  
0.838333  0.857857  2.63136  0.838333  0.857857  2.63136  0.864996  0.81985  2.68354  
0.857969  0.703656  3.36306  0.857969  0.703656  3.36306  0.857969  0.703656  3.36306  
0.780521  0.816953  2.90947  0.780521  0.816953  2.90947  0.780521  0.816953  2.90947  
0.8594  0.25141  3.8802  0.8594  0.25141  3.8802  0.8594  0.25141  3.8802  
0.791581  0.857523  2.78448  0.791581  0.857523  2.78448  0.791581  0.857523  2.78448  
0.85682  0.64841  3.76987  0.85682  0.64841  3.76987  0.798975  0.64841  3.91076  
0.775772  0.777124  3.11212  0.775772  0.777124  3.11212  0.775772  0.777124  3.11212  
0.8594  0.166915  3.97317  0.8594  0.166915  3.97317  0.8594  0.188573  3.99268  
0.805171  0.857982  2.72494  0.805171  0.857982  2.72494  0.805171  0.857982  2.72494  
0.859294  0.679539  3.54523  0.859294  0.679539  3.54523  0.859294  0.713407  3.2894  
0.742948  0.857063  3.07498  0.742948  0.857063  3.07498  0.742948  0.857063  3.07498  
0.81915  0.25141  3.9422  0.81915  0.25141  3.9422  0.909105  0.0381247  4.35729  
0.765187  0.859264  2.9291  0.765187  0.859264  2.9291  0.765187  0.859264  2.9291  
0.857969  0.25141  3.88028  0.857969  0.25141  3.88028  0.857307  0.0373459  4.26095  
0.711129  0.845261  3.31433  0.711129  0.845261  3.31433  0.711129  0.845261  3.35446  
0.794776  0.0838496  4.31892  0.794776  0.0838496  4.31892  0.718118  0.0704893  4.90226  
0.811109  0.857684  2.70263  0.811109  0.857684  2.70263  0.82769  0.857622  2.65292  
0.710755  0.777524  3.55239  0.710755  0.777524  3.55239  0.637909  0.87595  3.85069  
0.731357  0.857461  3.15701  0.731357  0.857461  3.15701  0.793864  0.880305  2.79082  
0.765395  0.24614  4.19442  0.765395  0.24614  4.19442  0.750704  0.327285  4.36902  
0.759534  0.857254  2.96455  0.759534  0.857254  2.96455  0.759534  0.857254  2.96455  
0.743603  0.679131  4.0045  0.743603  0.679131  4.0045  0.742351  0.660297  4.15122  
0.691414  0.85864  3.45581  0.691414  0.85864  3.45581  0.471412  0.85902  4.29  
0.719599  0.16827  4.59959  0.719599  0.16827  4.59959  0.704909  0.16827  4.72007  
0.774011  0.858119  2.8769  0.774011  0.858119  2.8769  0.808672  0.857873  2.73545  
0.644782  0.811782  3.88039  0.644782  0.811782  3.88039  0.570513  0.860775  4.20945  
0.692587  0.858691  3.44692  0.692587  0.858691  3.44692  0.692587  0.86712  3.44925  
0.695443  0.249999  4.69147  0.695443  0.249999  4.69147  0.730419  0.248069  4.43693  
0.722004  0.858461  3.22532  0.722004  0.858461  3.22532  0.722004  0.858461  3.22532  
0.679489  0.677981  4.48845  0.679489  0.677981  4.48845  0.679489  0.677981  4.50441  
0.640077  0.859355  3.82566  0.640077  0.859355  3.82566  0.640077  0.859355  3.82566  
0.665835  0.042327  5.28061  0.665835  0.042327  5.28061  0.402653  0.0405434  5.79957  
0.832773  0.857697  2.64158  0.832773  0.857697  2.64158  0.832773  0.857697  2.64158  
0.25141  0.8594  3.8802  0.25141  0.8594  3.8802  0.0545133  0.8594  4.2257  
0.693702  0.859184  3.43845  0.693702  0.859184  3.43845  0.716  0.859184  3.27293  
0.245293  0.686272  4.76138  0.245293  0.686272  4.76138  0.245082  0.96223  4.27621  
0.738297  0.858342  3.10733  0.738297  0.858342  3.10733  0.667727  0.858513  3.63264  
0.250988  0.803324  3.99846  0.250988  0.803324  3.99846  0.282717  0.803324  4.01949  
0.251411  0.8594  3.8802  0.251411  0.8594  3.8802  0.251411  0.859401  3.8802  
0.251409  0.251409  5.14639  0.251409  0.251409  5.14639  0.0109183  0.35595  5.70731  
0.763453  0.858188  2.93984  0.763453  0.858188  2.93984  0.763453  0.858188  2.93984  
0.25141  0.8594  3.8802  0.25141  0.8594  3.8802  0.25141  0.8781  3.894  
0.251411  0.859401  3.8802  0.251411  0.859401  3.8802  0.0369357  0.85987  4.25957  
0.251409  0.251409  5.14639  0.251409  0.251409  5.14639  0.485504  0.20984  5.59293  
0.672446  0.858448  3.59799  0.672446  0.858448  3.59799  0.672446  0.858448  3.61413  
0.245224  0.746448  4.31744  0.245224  0.746448  4.31744  0.245224  0.824082  3.92872  
0.25141  0.8594  3.8802  0.25141  0.8594  3.8802  0.205858  0.8594  3.90917  
0.251409  0.1535  5.26737  0.251409  0.1535  5.26737  0.251409  0.1535  5.26737  
0.769796  0.857471  2.90151  0.769796  0.857471  2.90151  0.80775  0.857471  2.71502  
0.230633  0.859397  3.8864  0.230633  0.859397  3.8864  0.280647  0.859395  3.89266  
0.251411  0.859401  3.8802  0.251411  0.859401  3.8802  0.251411  0.859401  3.97674  
0.251377  0.648057  5.03822  0.251377  0.648057  5.03822  0.514559  0.649841  5.44794  
0.251411  0.859401  3.8802  0.251411  0.859401  3.8802  0.545386  0.858794  4.25788  
0.167175  0.786403  4.16852  0.167175  0.786403  4.16852  0.167175  0.786403  4.23309  
0.204076  0.8594  3.91141  0.204076  0.8594  3.91141  0.298718  0.8594  3.91255  
0.169079  0.246431  5.23544  0.169079  0.246431  5.23544  0.232099  0.331266  5.24084  
0.638011  0.85895  3.83922  0.638011  0.85895  3.83922  0.638011  0.848376  3.86067  
0.115132  0.8594  4.09006  0.115132  0.8594  4.09006  0.0469922  0.8594  4.26237  
0.160305  0.8594  3.98668  0.160305  0.8594  3.98668  0.160588  0.8594  3.98609  
0.113774  0.251409  5.35949  0.113774  0.251409  5.35949  0.113773  0.202455  5.39375  
0.175503  0.859401  3.95661  0.175503  0.859401  3.95661  0.221056  0.859401  3.93151  
0.0660041  0.750892  4.60923  0.0660041  0.750892  4.60923  0.0660041  0.750892  4.60923  
0.0621265  0.8594  4.21054  0.0621265  0.8594  4.21054  0.0229193  0.8594  4.27917  
0.0430393  0.0767614  5.8124  0.0430393  0.0767614  5.8124  0.0562272  0.0180571  5.93793  
0.251412  0.859401  3.8802  0.251412  0.859401  3.8802  0.348793  0.858774  4.00887  
0.00832402  0.8594  4.29803  0.00832402  0.8594  4.29803  0.00832402  0.8594  4.30157  
