1.07837  2.38592e-06  1.07837  2.38592e-06  1.09441  0.0107848  
1.21899e-06  1.00083  1.21899e-06  1.00083  0.00414184  1.00066  
0.992244  0.00483135  0.992244  0.00483135  1.19688  0.062994  
0.971109  0.0149984  0.971109  0.0149984  0.984268  0.023846  
0.954458  0.024958  0.954458  0.024958  1.0079  0.0734386  
0.934812  0.0344063  0.934812  0.0344063  0.971592  0.0694219  
0.915642  0.0440379  0.915642  0.0440379  1.05801  0.234986  
0.896748  0.0533009  0.896748  0.0533009  0.932735  0.108529  
0.881072  0.0625212  0.881072  0.0625212  0.977368  0.0953567  
0.86327  0.071521  0.86327  0.071521  0.986121  0.653351  
0.848288  0.0800495  0.848288  0.0800495  0.914885  0.0942384  
0.830911  0.0891821  0.830911  0.0891821  0.880466  0.219474  
0.815342  0.0977069  0.815342  0.0977069  0.90048  0.160405  
0.799492  0.106273  0.799492  0.106273  0.909108  0.316583  
0.784556  0.114624  0.784556  0.114624  0.826378  0.169607  
0.770222  0.123026  0.770222  0.123026  0.772211  0.128247  
0.755412  0.131196  0.755412  0.131196  0.944083  0.377523  
0.741664  0.139283  0.741664  0.139283  0.750598  0.136649  
0.728005  0.147396  0.728005  0.147396  0.754297  0.151704  
0.714764  0.15535  0.714764  0.15535  1.03654  0.511872  
0.701492  0.162924  0.701492  0.162924  3.84903  2.93826  
0.688049  0.170935  0.688049  0.170935  0.68921  0.171157  
0.675559  0.178697  0.675559  0.178697  0.676452  0.188524  
0.662839  0.186294  0.662839  0.186294  0.660011  0.192631  
0.650907  0.193651  0.650907  0.193651  0.652607  0.20665  
0.638312  0.201344  0.638312  0.201344  0.623819  0.224408  
0.626591  0.208813  0.626591  0.208813  0.599178  0.22805  
0.615005  0.216023  0.615005  0.216023  0.982612  0.593012  
0.603321  0.223505  0.603321  0.223505  0.605136  0.250456  
0.591997  0.230906  0.591997  0.230906  0.599229  0.234109  
0.580823  0.238144  0.580823  0.238144  0.600814  0.249199  
0.569891  0.245374  0.569891  0.245374  0.54391  0.263729  
0.559037  0.252535  0.559037  0.252535  0.56136  0.257948  
0.5484  0.259771  0.5484  0.259771  0.801721  0.387856  
0.537891  0.266774  0.537891  0.266774  0.558854  0.258028  
0.527491  0.27395  0.527491  0.27395  0.54495  0.265182  
0.517237  0.28099  0.517237  0.28099  0.585133  0.348869  
0.507226  0.288097  0.507226  0.288097  0.53376  0.278604  
0.497214  0.295057  0.497214  0.295057  0.49055  0.313534  
0.48743  0.302094  0.48743  0.302094  0.566376  0.318923  
0.477744  0.309115  0.477744  0.309115  0.518034  0.393602  
0.468072  0.31594  0.468072  0.31594  0.468387  0.329791  
0.458631  0.322924  0.458631  0.322924  0.501474  0.351646  
0.449143  0.329892  0.449143  0.329892  0.439946  0.33714  
0.439928  0.336868  0.439928  0.336868  0.4302  0.363118  
0.430806  0.343884  0.430806  0.343884  0.438716  0.3524  
0.421678  0.350798  0.421678  0.350798  0.42393  0.352382  
0.41278  0.35777  0.41278  0.35777  0.421251  0.395564  
0.403851  0.364785  0.403851  0.364785  0.396951  0.39017  
0.395013  0.371716  0.395013  0.371716  0.604893  0.573236  
0.386402  0.37878  0.386402  0.37878  0.576458  0.6097  
0.377841  0.385706  0.377841  0.385706  0.386053  0.397258  
0.369368  0.392768  0.369368  0.392768  0.398394  0.382465  
0.360721  0.399754  0.360721  0.399754  0.385484  0.41988  
0.352336  0.406847  0.352336  0.406847  0.378234  0.468036  
0.34415  0.413916  0.34415  0.413916  0.340916  0.464598  
0.335714  0.421005  0.335714  0.421005  0.389162  0.464617  
0.327538  0.42808  0.327538  0.42808  0.32466  0.455391  
0.319534  0.435183  0.319534  0.435183  0.349412  0.44002  
0.311469  0.442338  0.311469  0.442338  0.320849  0.436258  
0.303394  0.449491  0.303394  0.449491  4.44229  4.1779  
0.295538  0.456739  0.295538  0.456739  0.329573  0.501372  
0.287519  0.464001  0.287519  0.464001  0.30897  0.454866  
0.279707  0.471355  0.279707  0.471355  0.284637  0.468387  
0.271841  0.478746  0.271841  0.478746  0.266813  0.488908  
0.264058  0.486222  0.264058  0.486222  0.257251  0.494756  
0.256451  0.493764  0.256451  0.493764  0.253244  0.519814  
0.248732  0.501423  0.248732  0.501423  0.255993  0.501756  
0.241077  0.509137  0.241077  0.509137  0.404629  0.72431  
0.233566  0.516974  0.233566  0.516974  0.237696  0.515145  
0.226004  0.524864  0.226004  0.524864  0.242893  0.537646  
0.218441  0.532884  0.218441  0.532884  0.22086  0.537137  
0.210905  0.541002  0.210905  0.541002  3.95426  4.70374  
0.203431  0.549186  0.203431  0.549186  0.20631  0.550938  
0.19606  0.557515  0.19606  0.557515  0.218372  0.597295  
0.18862  0.56597  0.18862  0.56597  0.23741  0.635406  
0.18122  0.574534  0.18122  0.574534  0.192788  0.562153  
0.173805  0.583282  0.173805  0.583282  0.170495  0.588185  
0.16641  0.592187  0.16641  0.592187  0.185138  0.57033  
0.159018  0.601318  0.159018  0.601318  0.170495  0.588184  
0.151689  0.610672  0.151689  0.610672  0.152106  0.611551  
0.144285  0.62025  0.144285  0.62025  0.14531  0.62062  
0.13695  0.630088  0.13695  0.630088  0.137799  0.630958  
0.129553  0.640227  0.129553  0.640227  0.172894  0.640911  
0.122189  0.650643  0.122189  0.650643  0.152168  0.694534  
0.114843  0.661415  0.114843  0.661415  0.114843  0.666268  
0.107418  0.672546  0.107418  0.672546  0.144459  0.71483  
0.0999787  0.684102  0.0999787  0.684102  0.100431  0.693709  
0.0924809  0.69614  0.0924809  0.69614  0.124741  0.734403  
0.0849998  0.708714  0.0849998  0.708714  0.0814804  0.715424  
0.0774419  0.721913  0.0774419  0.721913  0.0744046  0.729035  
0.0698722  0.735893  0.0698722  0.735893  0.0607904  0.796247  
0.0621991  0.750824  0.0621991  0.750824  0.0591944  0.760061  
0.0544623  0.766897  0.0544623  0.766897  0.0441888  0.859197  
0.0466323  0.784504  0.0466323  0.784504  0.10114  0.82151  
0.0386207  0.803859  0.0386207  0.803859  0.0310149  0.898419  
0.0305756  0.825841  0.0305756  0.825841  0.0381722  0.832857  
0.0222793  0.851792  0.0222793  0.851792  0.0201681  0.859709  
0.0136845  0.884225  0.0136845  0.884225  0.0254936  0.844954  
0.0047202  0.934152  0.0047202  0.934152  0.00595044  0.93558  
