0.577351  0.577351  0.577348  0.577351  0.577351  0.577348  0.601232  0.601232  0.526346  
0.577351  0.577351  0.577348  0.577351  0.577351  0.577348  0.577351  0.577351  0.577348  
4.32978e-17  4.32978e-17  1  4.32978e-17  4.32978e-17  1  0.0176821  0.0176821  0.999687  
0.577351  0.577351  0.577348  0.577351  0.577351  0.577348  0.612481  0.612481  0.499733  
0.688247  0.688247  0.229415  0.688247  0.688247  0.229415  0.625673  0.625673  0.465904  
0.30151  0.30151  0.904535  0.30151  0.30151  0.904535  0.30151  0.30151  0.904535  
0.703527  0.703527  0.100497  0.703527  0.703527  0.100497  0.662258  0.662258  0.350469  
0.457496  0.457496  0.762492  0.457496  0.457496  0.762492  1.1028  0.696435  1.70807  
0.650945  0.650945  0.390567  0.650945  0.650945  0.390567  1.99311  0.809208  0.872732  
0.140027  0.140027  0.980196  0.140027  0.140027  0.980196  0.215759  0.215759  0.952311  
0.706322  0.706322  0.0470861  0.706322  0.706322  0.0470861  1.58315  0.769976  0.0829856  
0.523207  0.523207  0.672688  0.523207  0.523207  0.672688  0.523207  0.523207  0.672688  
0.67319  0.67319  0.305992  0.67319  0.67319  0.305992  0.679597  0.679597  0.276217  
0.219381  0.219381  0.950655  0.219381  0.219381  0.950655  0.182561  0.31327  1.57253  
0.697877  0.697877  0.161048  0.697877  0.697877  0.161048  1.1756  0.676761  0.654911  
0.382361  0.382361  0.84119  0.382361  0.382361  0.84119  0.850363  0.410729  1.46907  
0.619586  0.619586  0.481899  0.619586  0.619586  0.481899  0.587877  0.587877  0.555699  
0.0663712  0.0663712  0.995585  0.0663712  0.0663712  0.995585  0.235913  0.235913  0.942704  
0.706923  0.706923  0.0228036  0.706923  0.706923  0.0228036  0.703754  0.703754  0.0972658  
0.551784  0.551784  0.625355  0.551784  0.551784  0.625355  0.419426  0.770612  1.42793  
0.6815  0.6815  0.266674  0.6815  0.6815  0.266674  0.670397  0.670397  0.31802  
0.260332  0.260332  0.92976  0.260332  0.260332  0.92976  0.260332  0.260332  0.92976  
0.701121  0.701121  0.129837  0.701121  0.701121  0.129837  0.671433  0.671433  0.313617  
0.420901  0.420901  0.803545  0.420901  0.420901  0.803545  0.528092  0.528092  0.66501  
0.636525  0.636525  0.435513  0.636525  0.636525  0.435513  1.33772  0.7275  0.409906  
0.102359  0.102359  0.989467  0.102359  0.102359  0.989467  0.0634352  0.0634352  0.995968  
0.705223  0.705223  0.072953  0.705223  0.705223  0.072953  2.15227  0.766795  0.234343  
0.491705  0.491705  0.718646  0.491705  0.491705  0.718646  0.435227  0.435227  0.788134  
0.663086  0.663086  0.347324  0.663086  0.663086  0.347324  1.44074  0.711451  0.59514  
0.179144  0.179144  0.967375  0.179144  0.179144  0.967375  0.179144  0.179144  0.967375  
0.693642  0.693642  0.19422  0.693642  0.693642  0.19422  0.693642  0.693642  0.19422  
0.342377  0.342377  0.874961  0.342377  0.342377  0.874961  0.342377  0.342377  0.874961  
0.599918  0.599918  0.529336  0.599918  0.599918  0.529336  0.49312  0.49312  0.716705  
0.0322243  0.0322243  0.998961  0.0322243  0.0322243  0.998961  0.0698071  0.0346488  1.70833  
0.707031  0.707031  0.0146344  0.707031  0.707031  0.0146344  0.754822  1.43035  0.0236707  
0.564945  0.564945  0.601394  0.564945  0.564945  0.601394  0.506635  0.506635  0.697597  
0.683055  0.683055  0.258594  0.683055  0.683055  0.258594  1.08641  1.08394  0.393683  
0.280925  0.280925  0.917694  0.280925  0.280925  0.917694  0.27137  0.27137  0.923427  
0.699048  0.699048  0.150541  0.699048  0.699048  0.150541  0.684013  0.684013  0.253479  
0.439471  0.439471  0.78341  0.439471  0.439471  0.78341  0.539784  1.04163  1.15181  
0.643843  0.643843  0.413439  0.643843  0.643843  0.413439  0.68895  1.34436  0.685916  
0.120996  0.120996  0.985251  0.120996  0.120996  0.985251  0.120996  0.120996  0.985251  
0.703775  0.703775  0.0969578  0.703775  0.703775  0.0969578  0.75347  1.47577  0.161419  
0.50781  0.50781  0.695887  0.50781  0.50781  0.695887  0.545431  1.11543  1.20315  
0.647528  0.647528  0.401766  0.647528  0.647528  0.401766  0.647528  0.647528  0.401766  
0.199145  0.199145  0.959522  0.199145  0.199145  0.959522  0.23732  0.23732  0.941997  
0.678913  0.678913  0.279561  0.678913  0.678913  0.279561  0.728534  1.48432  0.481442  
0.362512  0.362512  0.858586  0.362512  0.362512  0.858586  0.362512  0.362512  0.858586  
0.580265  0.580265  0.571476  0.580265  0.580265  0.571476  0.580265  0.580265  0.571476  
0.0490616  0.0490616  0.99759  0.0490616  0.0490616  0.99759  0.0151692  0.0151692  0.99977  
0.705006  0.705006  0.0770274  0.705006  0.705006  0.0770274  0.743542  1.44559  0.306356  
0.516873  0.516873  0.682411  0.516873  0.516873  0.682411  0.516873  0.516873  0.682411  
0.626073  0.626073  0.464829  0.626073  0.626073  0.464829  0.596691  0.596691  0.536581  
0.239798  0.239798  0.940741  0.239798  0.239798  0.940741  0.294906  0.294906  0.908879  
0.672216  0.672216  0.310243  0.672216  0.672216  0.310243  0.614346  0.614346  0.495135  
0.401843  0.401843  0.822827  0.401843  0.401843  0.822827  0.401843  0.401843  0.822827  
0.535878  0.535878  0.652434  0.535878  0.535878  0.652434  0.535878  0.535878  0.652434  
0.0841419  0.0841419  0.992895  0.0841419  0.0841419  0.992895  0.0943553  0.183435  1.72121  
0.687556  0.687556  0.233526  0.687556  0.687556  0.233526  0.640177  0.640177  0.424673  
0.413191  0.413191  0.811509  0.413191  0.413191  0.811509  0.413191  0.413191  0.811509  
0.538674  0.538674  0.647812  0.538674  0.538674  0.647812  0.608808  1.13878  1.09809  
0.159423  0.159423  0.974253  0.159423  0.159423  0.974253  0.159423  0.159423  0.974253  
0.606688  0.606688  0.513671  0.606688  0.606688  0.513671  0.648141  1.23973  0.837535  
0.322018  0.322018  0.890286  0.322018  0.322018  0.890286  0.322018  0.322018  0.890286  
0.423206  0.423206  0.80112  0.423206  0.423206  0.80112  0.54784  0.54784  0.632253  
0.0158686  0.0158686  0.999748  0.0158686  0.0158686  0.999748  0.0920133  0.0920133  0.991497  
0.706913  0.706913  0.0234043  0.706913  0.706913  0.0234043  0.755822  1.46287  0.0385478  
0.37704  0.37704  0.84598  0.37704  0.37704  0.84598  0.37704  0.37704  0.84598  
0.541336  0.541336  0.643359  0.541336  0.541336  0.643359  0.584469  1.08858  1.08346  
0.2556  0.2556  0.932383  0.2556  0.2556  0.932383  0.459111  0.407941  1.58418  
0.639338  0.639338  0.427194  0.639338  0.639338  0.427194  0.562887  1.14312  1.19246  
0.276343  0.276343  0.920472  0.276343  0.276343  0.920472  0.427251  0.427251  0.796814  
0.39363  0.39363  0.830729  0.39363  0.39363  0.830729  0.428401  0.796186  1.30923  
0.130464  0.130464  0.982832  0.130464  0.130464  0.982832  0.236625  0.236625  0.942347  
0.676954  0.676954  0.288904  0.676954  0.676954  0.288904  0.592838  0.592838  0.545057  
0.256091  0.256091  0.932113  0.256091  0.256091  0.932113  0.256091  0.256091  0.932113  
0.388244  0.388244  0.835783  0.388244  0.388244  0.835783  0.718969  0.500483  1.33347  
0.167085  0.167085  0.971682  0.167085  0.167085  0.971682  0.198317  0.198317  0.959865  
0.491401  0.491401  0.719063  0.491401  0.491401  0.719063  0.547815  0.547815  0.632296  
0.175597  0.175597  0.968675  0.175597  0.175597  0.968675  0.303782  0.247573  1.52865  
0.249522  0.249522  0.93567  0.249522  0.249522  0.93567  0.249522  0.249522  0.93567  
0.0576582  0.0576582  0.99667  0.0576582  0.0576582  0.99667  0.122706  0.122706  0.984828  
0.68367  0.68367  0.255327  0.68367  0.68367  0.255327  0.68367  0.68367  0.255327  
0.175583  0.175583  0.96868  0.175583  0.175583  0.96868  0.167143  0.167143  0.971662  
0.287477  0.287477  0.913627  0.287477  0.287477  0.913627  0.37801  0.37801  0.845113  
0.105662  0.105662  0.988773  0.105662  0.105662  0.988773  0.081926  0.081926  0.993265  
0.393881  0.393881  0.830491  0.393881  0.393881  0.830491  0.490024  0.490024  0.720939  
0.106319  0.106319  0.988632  0.106319  0.106319  0.988632  0.21689  0.119733  1.72964  
0.153541  0.153541  0.97614  0.153541  0.153541  0.97614  0.289312  0.289312  0.912468  
0.0642316  0.0642316  0.995866  0.0642316  0.0642316  0.995866  0.101879  0.102621  1.73017  
0.419302  0.419302  0.805215  0.419302  0.419302  0.805215  0.707106  0.365807  1.45757  
0.0775292  0.0775292  0.993971  0.0775292  0.0775292  0.993971  0.178834  0.178834  0.96749  
0.115222  0.115222  0.986634  0.115222  0.115222  0.986634  0.115222  0.115222  0.986634  
0.0413692  0.0413692  0.998287  0.0413692  0.0413692  0.998287  0.0434283  0.0246684  1.62218  
0.128541  0.128541  0.983338  0.128541  0.128541  0.983338  0.281483  0.281483  0.917352  
0.0330437  0.0330437  0.998908  0.0330437  0.0330437  0.998908  0.049674  0.049674  0.997529  
0.0388536  0.0388536  0.998489  0.0388536  0.0388536  0.998489  0.0887582  0.0887582  0.992091  
0.0134529  0.0134529  0.999819  0.0134529  0.0134529  0.999819  0.0080439  0.00854957  2.17806  
0.301836  0.301836  0.904318  0.301836  0.301836  0.904318  0.0423477  0.0423477  0.998205  
0.00494255  0.00494255  0.999976  0.00494255  0.00494255  0.999976  0.0790356  0.0718227  1.59594  
