1.00255  3.73187e-07  1.00255  3.73187e-07  1.01505  0.00798041  
3.47604e-12  1  3.47604e-12  1  0.000840443  1  
0.996359  0.00388863  0.996359  0.00388863  4.46182  3.55714  
0.985922  0.0149438  0.985922  0.0149438  0.996132  0.0172053  
0.975348  0.0253718  0.975348  0.0253718  1.016  0.0346885  
0.964999  0.0353663  0.964999  0.0353663  0.97607  0.054083  
0.954663  0.0457935  0.954663  0.0457935  0.972763  0.0570679  
0.94452  0.0558528  0.94452  0.0558528  0.984708  0.0432488  
0.934361  0.0662011  0.934361  0.0662011  0.958834  0.0504809  
0.924203  0.0762025  0.924203  0.0762025  0.949551  0.120238  
0.913981  0.0865197  0.913981  0.0865197  1.00272  0.095319  
0.903792  0.0965843  0.903792  0.0965843  0.905154  0.0968091  
0.89354  0.107086  0.89354  0.107086  0.89886  0.108885  
0.883304  0.117126  0.883304  0.117126  0.954097  0.133308  
0.873047  0.127186  0.873047  0.127186  0.874097  0.129918  
0.862732  0.137482  0.862732  0.137482  0.857807  0.142591  
0.852474  0.148015  0.852474  0.148015  0.86967  0.133477  
0.842088  0.158054  0.842088  0.158054  0.8451  0.161368  
0.831855  0.168356  0.831855  0.168356  0.85183  0.179241  
0.821598  0.178552  0.821598  0.178552  0.84639  0.215054  
0.811332  0.188779  0.811332  0.188779  0.817034  0.185375  
0.801085  0.198957  0.801085  0.198957  0.774275  0.236723  
0.790892  0.209164  0.790892  0.209164  0.790892  0.209164  
0.780649  0.219352  0.780649  0.219352  0.778663  0.227262  
0.770465  0.229536  0.770465  0.229536  0.770465  0.229536  
0.760207  0.239795  0.760207  0.239795  0.769019  0.277426  
0.75  0.25  0.75  0.25  0.788023  0.238638  
0.75  0.25  0.75  0.25  0.766949  0.236397  
0.75  0.25  0.75  0.25  0.750079  0.25  
0.75  0.25  0.75  0.25  0.75  0.25  
0.75  0.25  0.75  0.25  0.75  0.250009  
0.75  0.25  0.75  0.25  4.22931  3.55922  
0.75  0.25  0.75  0.25  0.75  0.25  
0.75  0.25  0.75  0.25  0.75  0.25  
0.75  0.25  0.75  0.25  0.75  0.25  
0.75  0.25  0.75  0.25  0.750029  0.250309  
0.75  0.25  0.75  0.25  0.75  0.25  
0.75  0.25  0.75  0.25  3.7575  3.46375  
0.75  0.25  0.75  0.25  0.750043  0.250379  
0.75  0.25  0.75  0.25  0.75  0.25  
0.75  0.25  0.75  0.25  0.768834  0.290144  
0.5  0.5  0.5  0.5  0.5  0.5  
0.5  0.5  0.5  0.5  0.681423  0.809164  
0.5  0.5  0.5  0.5  3.79493  3.44677  
0.5  0.5  0.5  0.5  0.500158  0.5  
0.5  0.5  0.5  0.5  0.500127  0.5  
0.5  0.5  0.5  0.5  0.50119  0.5  
0.5  0.5  0.5  0.5  0.509347  0.504028  
0.5  0.5  0.5  0.5  0.50006  0.500006  
0.5  0.5  0.5  0.5  0.5  0.5  
0.5  0.5  0.5  0.5  0.500292  0.5  
0.494881  0.505126  0.494881  0.505126  0.527383  0.512522  
0.484619  0.515382  0.484619  0.515382  0.497479  0.517142  
0.474367  0.525635  0.474367  0.525635  0.476454  0.545655  
0.464168  0.53584  0.464168  0.53584  0.509482  0.571053  
0.453981  0.546075  0.453981  0.546075  0.492661  0.539718  
0.443997  0.556313  0.443997  0.556313  0.493118  0.545795  
0.433655  0.566563  0.433655  0.566563  0.433743  0.566619  
0.423586  0.576793  0.423586  0.576793  0.424951  0.577393  
0.413397  0.587029  0.413397  0.587029  3.29653  2.90746  
0.403165  0.597252  0.403165  0.597252  0.410858  0.594694  
0.392899  0.607393  0.392899  0.607393  0.701938  1.0052  
0.382619  0.617533  0.382619  0.617533  0.383204  0.642885  
0.372483  0.627704  0.372483  0.627704  0.378104  0.623317  
0.362296  0.637856  0.362296  0.637856  0.370265  0.644237  
0.352093  0.648019  0.352093  0.648019  0.353216  0.650268  
0.341891  0.65829  0.341891  0.65829  0.375364  0.650788  
0.331708  0.668483  0.331708  0.668483  0.332104  0.669588  
0.321462  0.678695  0.321462  0.678695  0.332478  0.706007  
0.311314  0.68901  0.311314  0.68901  0.318144  0.685382  
0.301057  0.69912  0.301057  0.69912  0.306109  0.694056  
0.290828  0.709349  0.290828  0.709349  3.46547  3.92469  
0.280556  0.719461  0.280556  0.719461  0.281413  0.721193  
0.270369  0.729669  0.270369  0.729669  0.294433  0.713666  
0.260127  0.739874  0.260127  0.739874  0.260127  0.739874  
0.25  0.75  0.25  0.75  0.267559  0.768746  
0.25  0.75  0.25  0.75  0.25  0.75  
0.25  0.75  0.25  0.75  0.308643  0.803987  
0.25  0.75  0.25  0.75  0.25  0.75  
0.25  0.75  0.25  0.75  4.24072  4.74494  
3.47604e-12  1  3.47604e-12  1  0.000311376  1.09819  
3.47604e-12  1  3.47604e-12  1  0.114243  1.06648  
3.47604e-12  1  3.47604e-12  1  3.47604e-12  1.00168  
3.47604e-12  1  3.47604e-12  1  3.47604e-12  1  
3.47604e-12  1  3.47604e-12  1  2.94746e-06  1  
3.47604e-12  1  3.47604e-12  1  3.47604e-12  1  
3.47604e-12  1  3.47604e-12  1  8.53167e-06  1  
3.47604e-12  1  3.47604e-12  1  0.000254869  1  
3.47604e-12  1  3.47604e-12  1  3.47604e-12  1  
3.47604e-12  1  3.47604e-12  1  3.47604e-12  1  
3.47604e-12  1  3.47604e-12  1  9.42048e-05  1  
3.47604e-12  1  3.47604e-12  1  3.47604e-12  1  
3.47604e-12  1  3.47604e-12  1  3.47604e-12  1  
3.47604e-12  1  3.47604e-12  1  3.47604e-12  1.00192  
3.47604e-12  1  3.47604e-12  1  3.47604e-12  1  
3.47604e-12  1  3.47604e-12  1  3.47604e-12  1  
3.47604e-12  1  3.47604e-12  1  9.79806e-05  1  
3.47604e-12  1  3.47604e-12  1  0.00234614  1  
3.47604e-12  1  3.47604e-12  1  3.47604e-12  1  
3.47604e-12  1  3.47604e-12  1  0.481138  1.34434  
