2.00414  0.00413602  0.00413602  2.00414  0.00413602  0.00413602  2.00994  0.0167709  0.150883  
0.00235062  4.00235  0.00235062  0.00235062  4.00235  0.00235062  0.0221785  4.02218  0.0221785  
0.000404041  0.000404041  6.0004  0.000404041  0.000404041  6.0004  0.0522901  0.0681196  6.01667  
2.00322  0.0778619  0.0796846  2.00322  0.0778619  0.0796846  2.0034  0.0720161  0.0397193  
2.00084  0.213305  0.0730742  2.00084  0.213305  0.0730742  2.00107  0.108721  1.15953  
2.00094  0.0958384  0.289018  2.00094  0.0958384  0.289018  1.81636  1.89744  0.392169  
1.99321  0.4093  0.0601154  1.99321  0.4093  0.0601154  1.99853  0.41462  0.0654356  
1.99793  0.206024  0.344923  1.99793  0.206024  0.344923  1.99759  0.220869  0.344978  
1.9929  0.389601  0.235762  1.9929  0.389601  0.235762  1.98496  0.504521  0.333511  
1.99303  0.0873971  0.61072  1.99303  0.0873971  0.61072  1.99287  0.0922734  0.754656  
1.97191  0.712305  0.0487704  1.97191  0.712305  0.0487704  1.98243  0.762519  0.163569  
1.98938  0.366069  0.472754  1.98938  0.366069  0.472754  2.01337  0.236629  0.470087  
1.97771  0.619576  0.283735  1.97771  0.619576  0.283735  1.98564  0.507902  0.283762  
1.98473  0.181779  0.791258  1.98473  0.181779  0.791258  1.98754  0.183444  0.763742  
1.95879  0.835976  0.195021  1.95879  0.835976  0.195021  1.95985  0.837038  0.196083  
1.98051  0.346334  0.764028  1.98051  0.346334  0.764028  2.00515  0.252224  0.464424  
1.96963  0.659472  0.514553  1.96963  0.659472  0.514553  1.99292  0.588295  0.531041  
1.96621  0.0728345  1.16354  1.96621  0.0728345  1.16354  1.97306  0.0777173  1.17037  
1.90729  1.23058  0.0417484  1.90729  1.23058  0.0417484  1.91472  1.23909  0.3556  
1.96309  0.646064  0.734006  1.96309  0.646064  0.734006  2.00019  0.443343  0.442683  
1.93306  1.02593  0.403257  1.93306  1.02593  0.403257  1.93977  1.03264  0.409962  
1.95792  0.331526  1.18688  1.95792  0.331526  1.18688  1.91873  0.105802  1.79608  
1.89426  1.29914  0.242569  1.89426  1.29914  0.242569  1.89982  1.3047  0.248126  
1.95048  0.570083  1.09057  1.95048  0.570083  1.09057  1.98153  0.596438  0.999673  
1.92495  1.01699  0.697692  1.92495  1.01699  0.697692  1.90921  1.0904  0.913625  
1.92819  0.168248  1.62432  1.92819  0.168248  1.62432  1.942  0.182055  1.63813  
1.83428  1.61126  0.168653  1.83428  1.61126  0.168653  0.962541  3.60128  0.456823  
1.92694  0.789668  1.15681  1.92694  0.789668  1.15681  1.91565  0.907717  1.15835  
1.88255  1.29995  0.683136  1.88255  1.29995  0.683136  1.90274  1.53446  0.293476  
1.90936  0.326844  1.76441  1.90936  0.326844  1.76441  1.92222  0.310882  1.77614  
1.82478  1.62345  0.456586  1.82478  1.62345  0.456586  1.85215  1.65082  0.483954  
1.90336  0.633331  1.62074  1.90336  0.633331  1.62074  1.87038  0.807298  2.08632  
1.87464  1.22312  1.08233  1.87464  1.22312  1.08233  1.88874  1.2363  1.04705  
1.85184  0.0706069  2.2916  1.85184  0.0706069  2.2916  1.84485  0.0671905  2.57888  
1.67783  2.18785  0.0366418  1.67783  2.18785  0.0366418  1.68913  2.19916  0.0466105  
1.85614  1.23372  1.31741  1.85614  1.23372  1.31741  1.83283  1.3527  1.65111  
1.76581  1.84804  0.669939  1.76581  1.84804  0.669939  1.78981  1.87244  0.318156  
1.85154  0.641206  2.09467  1.85154  0.641206  2.09467  1.89835  0.664943  1.79137  
1.6702  2.19778  0.361522  1.6702  2.19778  0.361522  1.61209  2.50195  0.332711  
1.8328  1.0453  1.86477  1.8328  1.0453  1.86477  1.88929  1.14941  1.41807  
1.76092  1.76363  1.1321  1.76092  1.76363  1.1321  1.76993  1.62932  1.45827  
1.78192  0.328672  2.70349  1.78192  0.328672  2.70349  1.81244  0.306651  2.69963  
1.55328  2.52479  0.215994  1.55328  2.52479  0.215994  1.38659  2.98132  0.351988  
1.77714  1.3693  1.87454  1.77714  1.3693  1.87454  1.79713  1.37495  1.76702  
1.66732  2.11791  1.03656  1.66732  2.11791  1.03656  1.66863  2.11925  1.03571  
1.74421  0.586677  2.82976  1.74421  0.586677  2.82976  1.90627  0.82287  1.9584  
1.54912  2.50209  0.638961  1.54912  2.50209  0.638961  1.54858  2.49539  0.888535  
1.73185  1.07904  2.55752  1.73185  1.07904  2.55752  1.69869  0.702057  3.16255  
1.65896  1.97135  1.63567  1.65896  1.97135  1.63567  1.7851  1.54945  1.65024  
1.62852  0.170495  3.49461  1.62852  0.170495  3.49461  1.80816  0.0867654  2.81326  
1.34089  2.97832  0.147125  1.34089  2.97832  0.147125  1.53862  2.63589  0.268315  
1.64064  1.79449  2.16499  1.64064  1.79449  2.16499  1.64922  1.80268  2.21498  
1.48063  2.60272  1.09983  1.48063  2.60272  1.09983  1.52525  2.57341  1.11104  
1.6117  0.841873  3.33494  1.6117  0.841873  3.33494  1.55521  1.27159  3.45587  
1.33197  2.96213  0.616803  1.33197  2.96213  0.616803  1.33095  3.03971  0.883419  
1.58545  1.44803  2.96581  1.58545  1.44803  2.96581  1.62185  1.8879  2.55224  
1.47013  2.45197  1.79165  1.47013  2.45197  1.79165  1.51048  2.50898  1.45914  
1.4696  0.343138  4.05474  1.4696  0.343138  4.05474  1.48891  0.362448  4.07405  
1.17057  3.23656  0.399587  1.17057  3.23656  0.399587  1.43146  2.87012  0.462693  
1.48367  1.866  2.91362  1.48367  1.866  2.91362  1.59293  1.86577  2.57259  
1.31921  2.82801  1.58732  1.31921  2.82801  1.58732  1.21449  3.03333  1.68201  
1.3979  0.683651  4.17728  1.3979  0.683651  4.17728  1.41008  0.695258  4.18474  
1.15734  3.20007  0.981774  1.15734  3.20007  0.981774  1.25804  3.09883  0.811047  
1.38381  1.3801  3.81809  1.38381  1.3801  3.81809  1.48061  1.56162  3.49548  
1.29022  2.59998  2.44354  1.29022  2.59998  2.44354  1.31674  2.63127  2.42002  
1.20061  0.0452027  4.80938  1.20061  0.0452027  4.80938  0.890486  1.2282  5.19854  
0.860269  3.61601  0.0157389  0.860269  3.61601  0.0157389  0.873866  3.62961  0.0293354  
1.21001  2.62955  2.71335  1.21001  2.62955  2.71335  1.06976  2.75768  3.19471  
0.992099  3.39322  1.17974  0.992099  3.39322  1.17974  1.35287  3.02031  0.842066  
1.19352  1.38383  4.35311  1.19352  1.38383  4.35311  1.20346  1.39377  4.36305  
0.830826  3.62331  0.55683  0.830826  3.62331  0.55683  0.722885  3.75031  0.500809  
1.12689  2.17737  3.75396  1.12689  2.17737  3.75396  1.66579  2.30918  0.810404  
0.956545  3.25532  2.02072  0.956545  3.25532  2.02072  1.14129  2.89267  2.67267  
1.00094  0.675064  5.10831  1.00094  0.675064  5.10831  1.04722  0.357943  5.11415  
0.668098  3.76894  0.286941  0.668098  3.76894  0.286941  0.280988  3.96019  0.633563  
0.961408  2.63513  3.49773  0.961408  2.63513  3.49773  1.23281  2.16829  3.5072  
0.772335  3.52837  1.66384  0.772335  3.52837  1.66384  0.827488  3.63038  1.35306  
0.881302  1.11812  5.12539  0.881302  1.11812  5.12539  1.08471  0.629151  5.01191  
0.623209  3.75462  0.913609  0.623209  3.75462  0.913609  0.610736  3.76717  0.916267  
0.828667  2.00241  4.57159  0.828667  2.00241  4.57159  0.844946  2.01869  4.58786  
0.706372  3.30744  2.65463  0.706372  3.30744  2.65463  0.9975  3.16358  2.52721  
0.665124  0.318302  5.6415  0.665124  0.318302  5.6415  0.141257  0.065128  6.01022  
0.426107  3.91136  0.160221  0.426107  3.91136  0.160221  0.436898  3.92215  0.171012  
0.634519  2.99651  3.50337  0.634519  2.99651  3.50337  0.542348  3.17445  3.48422  
0.480299  3.7546  1.52812  0.480299  3.7546  1.52812  0.608008  3.74532  1.45123  
0.571272  1.42869  5.3443  0.571272  1.42869  5.3443  0.827203  1.06195  5.33373  
0.361546  3.90337  0.767321  0.361546  3.90337  0.767321  0.594585  3.87947  0.253188  
0.498685  2.34422  4.63574  0.498685  2.34422  4.63574  0.533313  2.37884  4.67036  
0.393698  3.55354  2.5127  0.393698  3.55354  2.5127  0.895684  3.13002  2.77546  
0.376484  0.547754  5.83878  0.376484  0.547754  5.83878  0.753617  0.588831  5.52198  
0.231706  3.96543  0.450215  0.231706  3.96543  0.450215  0.525511  3.88365  0.160698  
0.327982  2.78309  4.20131  0.327982  2.78309  4.20131  0.332561  2.78767  4.20589  
0.233497  3.74245  2.02976  0.233497  3.74245  2.02976  0.250892  3.9099  1.1585  
0.239287  1.00393  5.7668  0.239287  1.00393  5.7668  0.0385225  0.957087  5.84944  
0.149891  3.91748  1.14847  0.149891  3.91748  1.14847  0.21435  3.98857  0.965063  
0.162199  1.9603  5.21469  0.162199  1.9603  5.21469  0.224018  2.3614  4.85558  
0.121255  3.41652  3.11274  0.121255  3.41652  3.11274  0.678613  3.6073  1.97719  
0.0773468  0.113331  5.99382  0.0773468  0.113331  5.99382  0.438023  0.59445  5.80821  
0.0296257  4.00148  0.0970422  0.0296257  4.00148  0.0970422  0.094961  4.03518  0.0648825  
0.0123129  3.22943  3.54816  0.0123129  3.22943  3.54816  0.286684  2.72902  4.398  
