2  3.107e-15  2  3.107e-15  1.98886  0.0267661  
1.51864e-10  3.99997  1.51864e-10  3.99997  0.0173893  3.97924  
1.99441  0.0102276  1.99441  0.0102276  1.99724  0.0290138  
1.98765  0.0308961  1.98765  0.0308961  1.98376  0.0668044  
1.98266  0.0519021  1.98266  0.0519021  1.97951  0.0676783  
1.97847  0.0732767  1.97847  0.0732767  1.98455  0.0433987  
1.97475  0.0950416  1.97475  0.0950416  1.98394  0.126713  
1.97136  0.117216  1.97136  0.117216  1.96628  0.207556  
1.96819  0.139817  1.96819  0.139817  1.96819  0.139817  
1.9652  0.162862  1.9652  0.162862  1.97402  0.159989  
1.96235  0.186368  1.96235  0.186368  1.966  0.165753  
1.95961  0.210353  1.95961  0.210353  1.95908  0.215083  
1.95695  0.234834  1.95695  0.234834  1.95695  0.234834  
1.95437  0.259829  1.95437  0.259829  1.9475  0.342528  
1.95184  0.285357  1.95184  0.285357  1.95941  0.292924  
1.94937  0.311437  1.94937  0.311437  1.94937  0.311437  
1.94693  0.338089  1.94693  0.338089  1.96089  0.277081  
1.94453  0.365335  1.94453  0.365335  1.94786  0.36506  
1.94215  0.393195  1.94215  0.393195  1.95076  0.349487  
1.93979  0.421693  1.93979  0.421693  1.9347  0.486211  
1.93745  0.450855  1.93745  0.450855  1.93629  0.465676  
1.93512  0.480701  1.93512  0.480701  1.93565  0.481228  
1.9328  0.511258  1.9328  0.511258  1.94359  0.55566  
1.93048  0.542555  1.93048  0.542555  1.92878  0.565961  
1.92816  0.574619  1.92816  0.574619  1.93306  0.579516  
1.92584  0.60748  1.92584  0.60748  1.92933  0.668838  
1.92351  0.641171  1.92351  0.641171  1.92351  0.641171  
1.92117  0.675723  1.92117  0.675723  1.92692  0.681468  
1.91882  0.711171  1.91882  0.711171  1.91919  0.716375  
1.91646  0.747552  1.91646  0.747552  1.91206  0.816976  
1.91407  0.784905  1.91407  0.784905  1.91171  0.822504  
1.38951  0.794947  1.38951  0.794947  1.55894  2.73315  
1.38951  0.794947  1.38951  0.794947  1.38951  0.794947  
1.38951  0.794947  1.38951  0.794947  1.66261  3.91956  
1.38951  0.794947  1.38951  0.794947  1.38997  0.795402  
1.38951  0.794947  1.38951  0.794947  1.38951  0.794947  
1.38951  0.794947  1.38951  0.794947  1.3769  0.830703  
1.38951  0.794947  1.38951  0.794947  1.41468  0.825554  
1.37424  0.815608  1.37424  0.815608  1.38733  0.796887  
1.3654  0.846322  1.3654  0.846322  1.38085  0.801602  
1.3586  0.879096  1.3586  0.879096  1.38787  0.800808  
1.35278  0.913412  1.35278  0.913412  1.35519  0.915831  
1.34753  0.949126  1.34753  0.949126  1.32194  1.1844  
1.34266  0.9862  1.34266  0.9862  1.3719  0.843771  
1.33806  1.02463  1.33806  1.02463  1.48642  1.50636  
1.33366  1.06448  1.33366  1.06448  1.31071  1.31673  
1.3294  1.10577  1.3294  1.10577  1.27005  1.90766  
1.32525  1.14855  1.32525  1.14855  1.33125  1.08751  
1.32117  1.1929  1.32117  1.1929  1.33174  1.10781  
1.31714  1.2389  1.31714  1.2389  1.31552  1.25805  
1.31315  1.28662  1.31315  1.28662  1.33163  1.08381  
1.30916  1.33616  1.30916  1.33616  1.3272  1.12818  
1.30518  1.38761  1.30518  1.38761  1.31149  1.31029  
1.30117  1.44109  1.30117  1.44109  1.30295  1.44286  
1.29714  1.4967  1.29714  1.4967  1.44619  1.07138  
1.29307  1.55458  1.29307  1.55458  1.29326  1.55478  
0.832974  1.59328  0.832974  1.59328  0.955585  2.699  
0.832974  1.59328  0.832974  1.59328  0.836261  1.59656  
0.832974  1.59328  0.832974  1.59328  0.845509  1.60581  
0.832974  1.59328  0.832974  1.59328  0.832974  1.59328  
0.832974  1.59328  0.832974  1.59328  0.843851  1.60415  
0.832974  1.59328  0.832974  1.59328  0.832974  1.59328  
0.832974  1.59328  0.832974  1.59328  0.832974  1.59328  
0.832974  1.59328  0.832974  1.59328  0.876239  1.74216  
0.832974  1.59328  0.832974  1.59328  1.12355  3.98286  
0.832974  1.59328  0.832974  1.59328  0.864312  1.62741  
0.828482  1.59513  0.828482  1.59513  0.828482  1.59513  
0.81153  1.63554  0.81153  1.63554  0.81817  1.64218  
0.800472  1.68988  0.800472  1.68988  0.756068  2.17145  
0.79128  1.7512  0.79128  1.7512  0.799326  1.69674  
0.783019  1.8182  0.783019  1.8182  0.779145  1.8903  
0.775279  1.8906  0.775279  1.8906  0.81962  1.60969  
0.767833  1.96845  0.767833  1.96845  0.757057  2.2  
0.760529  2.05199  0.760529  2.05199  0.927679  2.253  
0.753254  2.14161  0.753254  2.14161  0.745947  2.23733  
0.745916  2.23775  0.745916  2.23775  0.781067  1.8356  
0.738428  2.34097  0.738428  2.34097  0.816279  1.62422  
0.391236  2.38997  0.391236  2.38997  0.0665403  3.57135  
0.391236  2.38997  0.391236  2.38997  0.369245  2.47387  
0.391236  2.38997  0.391236  2.38997  0.258208  3.81682  
0.391236  2.38997  0.391236  2.38997  0.391236  2.38997  
0.391236  2.38997  0.391236  2.38997  0.391236  2.38997  
0.391236  2.38997  0.391236  2.38997  0.539043  3.68147  
0.391236  2.38997  0.391236  2.38997  0.393081  2.39182  
0.391236  2.38997  0.391236  2.38997  0.395089  2.39383  
0.391236  2.38997  0.391236  2.38997  0.391236  2.38997  
0.383072  2.39775  0.383072  2.39775  0.468706  2.96667  
0.362982  2.4828  0.362982  2.4828  0.436542  2.60418  
0.34721  2.61162  0.34721  2.61162  0.19734  3.93932  
0.332641  2.772  0.332641  2.772  0.334458  2.77382  
0.31805  2.96288  0.31805  2.96288  0.22206  3.99759  
0.107417  3.18052  0.107417  3.18052  0.108296  3.1814  
0.107417  3.18052  0.107417  3.18052  0.108882  3.18199  
0.107417  3.18052  0.107417  3.18052  0.117432  3.18945  
0.107417  3.18052  0.107417  3.18052  0.123759  3.20943  
0.107417  3.18052  0.107417  3.18052  0.087313  3.2679  
0.107417  3.18052  0.107417  3.18052  0.127401  3.22126  
0.0858828  3.28072  0.0858828  3.28072  0.0472873  4.01998  
0.0570721  3.67164  0.0570721  3.67164  0.0570721  3.67164  
0.00426609  3.8951  0.00426609  3.8951  0.0143285  3.93911  
