1  1.83697e-16  1  1.83697e-16  1.41355  0.514683  
0  1  0  1  0.49484  1.386  
1  1.83697e-16  1  1.83697e-16  1  1.83697e-16  
1  1.83697e-16  1  1.83697e-16  1  1.83697e-16  
1  1.83697e-16  1  1.83697e-16  1.41355  0.389888  
1  1.83697e-16  1  1.83697e-16  1  0.158181  
1  1.83697e-16  1  1.83697e-16  1.01421  1.83697e-16  
0.950008  0.0500055  0.950008  0.0500055  0.950008  0.0560641  
0.950008  0.0500055  0.950008  0.0500055  5.19918  4.24667  
0.950008  0.0500055  0.950008  0.0500055  5.03168  4.24279  
0.950008  0.0500055  0.950008  0.0500055  0.950008  0.0500055  
0.9  0.1  0.9  0.1  1.45104  0.456901  
0.9  0.1  0.9  0.1  0.9  0.128239  
0.9  0.1  0.9  0.1  1.8407  1.09067  
0.9  0.1  0.9  0.1  1.17495  0.324815  
0.9  0.1  0.9  0.1  0.920069  0.14133  
0.85  0.15  0.85  0.15  0.86113  0.15  
0.85  0.15  0.85  0.15  0.899925  0.273396  
0.85  0.15  0.85  0.15  3.55159  2.17731  
0.85  0.15  0.85  0.15  1.58381  0.730777  
0.85  0.15  0.85  0.15  0.85  0.15  
0.8  0.2  0.8  0.2  0.8  0.239851  
0.8  0.2  0.8  0.2  0.99998  0.750568  
0.8  0.2  0.8  0.2  3.75702  3.07342  
0.8  0.2  0.8  0.2  2.20113  1.65112  
0.75  0.25  0.75  0.25  1.58406  1.28289  
0.75  0.25  0.75  0.25  0.756027  0.25  
0.75  0.25  0.75  0.25  0.752937  0.266548  
0.75  0.25  0.75  0.25  1.71672  1.39638  
0.75  0.25  0.75  0.25  2.15113  1.70113  
0.7  0.3  0.7  0.3  4.85691  4.50693  
0.7  0.3  0.7  0.3  5.13285  5.01457  
0.7  0.3  0.7  0.3  0.7  0.3  
0.7  0.3  0.7  0.3  0.700049  0.3  
0.7  0.3  0.7  0.3  1.58229  2.45784  
0.65  0.35  0.65  0.35  1.4909  0.751067  
0.65  0.35  0.65  0.35  0.655203  0.350358  
0.65  0.35  0.65  0.35  2.27949  3.14501  
0.65  0.35  0.65  0.35  0.661155  0.35  
0.6  0.4  0.6  0.4  0.6  0.4  
0.6  0.4  0.6  0.4  0.6  0.408536  
0.6  0.4  0.6  0.4  0.903571  1.25  
0.6  0.4  0.6  0.4  1.01405  0.843971  
0.6  0.4  0.6  0.4  0.641667  0.432757  
0.55  0.45  0.55  0.45  3.93813  4.53816  
0.55  0.45  0.55  0.45  1.02902  0.60628  
0.55  0.45  0.55  0.45  1.548  1.28678  
0.55  0.45  0.55  0.45  2.26379  2.11379  
0.55  0.45  0.55  0.45  0.727985  0.699577  
0.5  0.5  0.5  0.5  0.5  0.500004  
0.5  0.5  0.5  0.5  1.03201  0.984142  
0.5  0.5  0.5  0.5  0.911077  1.07959  
0.5  0.5  0.5  0.5  1.08933  0.942055  
0.45  0.55  0.45  0.55  1.78993  2.13042  
0.45  0.55  0.45  0.55  0.86352  1.3219  
0.45  0.55  0.45  0.55  9.85706  14.6078  
0.45  0.55  0.45  0.55  0.45  0.55  
0.45  0.55  0.45  0.55  0.723278  0.601012  
0.4  0.6  0.4  0.6  2.11379  2.26379  
0.4  0.6  0.4  0.6  0.558605  0.716064  
0.4  0.6  0.4  0.6  0.40575  0.622464  
0.4  0.6  0.4  0.6  2.11379  2.26379  
0.4  0.6  0.4  0.6  0.411067  0.603121  
0.35  0.65  0.35  0.65  0.35  0.65  
0.35  0.65  0.35  0.65  2.42475  2.82475  
0.35  0.65  0.35  0.65  1.39778  1.13896  
0.35  0.65  0.35  0.65  1.29192  1.64041  
0.3  0.7  0.3  0.7  0.300837  0.7  
0.3  0.7  0.3  0.7  1.70113  1.98057  
0.3  0.7  0.3  0.7  0.905832  1.78014  
0.3  0.7  0.3  0.7  0.571882  1.02272  
0.3  0.7  0.3  0.7  1.70112  2.06465  
0.25  0.75  0.25  0.75  1.83622  2.15113  
0.25  0.75  0.25  0.75  1.70113  2.15113  
0.25  0.75  0.25  0.75  0.25  0.886296  
0.25  0.75  0.25  0.75  0.269446  0.75  
0.25  0.75  0.25  0.75  0.25  0.75  
0.2  0.8  0.2  0.8  1.11071  1.36667  
0.2  0.8  0.2  0.8  0.224592  0.8  
0.2  0.8  0.2  0.8  2.42212  2.20906  
0.2  0.8  0.2  0.8  1.76558  2.54618  
0.15  0.85  0.15  0.85  0.150026  0.879951  
0.15  0.85  0.15  0.85  0.157041  0.860132  
0.15  0.85  0.15  0.85  0.600626  2.11175  
0.15  0.85  0.15  0.85  0.15  0.853042  
0.15  0.85  0.15  0.85  0.935831  1.8899  
0.1  0.9  0.1  0.9  3.45537  4.51395  
0.1  0.9  0.1  0.9  1.14777  1.87792  
0.1  0.9  0.1  0.9  3.19832  4.12387  
0.1  0.9  0.1  0.9  0.114248  0.958211  
0.1  0.9  0.1  0.9  0.863693  1.49362  
0.0500054  0.950008  0.0500054  0.950008  2.81699  3.54835  
0.0500054  0.950008  0.0500054  0.950008  3.30498  4.4312  
0.0500054  0.950008  0.0500054  0.950008  0.380748  1.15409  
0.0500054  0.950008  0.0500054  0.950008  0.601395  1.38062  
0  1  0  1  0  1  
0  1  0  1  3.43822  4.26437  
0  1  0  1  0.41355  1.51598  
0  1  0  1  0.413567  1.64329  
0  1  0  1  0  1  
