0.999752  0  0  0.999752  0  0  0.931162  0  0.0685898  
0  0.5  0  0  0.5  0  0  0.5  0  
0  0  0.5  0  0  0.5  0.00152858  0.0162801  0.482191  
0.46411  0.0179485  0.0179417  0.46411  0.0179485  0.0179417  98.3035  3.8017  3.80024  
0.437827  0.0466298  0.0155431  0.437827  0.0466298  0.0155431  0.356015  0.0262883  0.117697  
0.419736  0.0200662  0.0601982  0.419736  0.0200662  0.0601982  0.375423  0.0305227  0.0940546  
0.40505  0.0830999  0.0118497  0.40505  0.0830999  0.0118497  16.0439  4.7736  2.0341  
0.392311  0.0403827  0.0673066  0.392311  0.0403827  0.0673066  5.16693  0.0850346  1.53461  
0.380942  0.0744126  0.0446457  0.380942  0.0744126  0.0446457  0.375787  0.079567  0.0446457  
0.370569  0.0161784  0.113253  0.370569  0.0161784  0.113253  8.5464  0.901168  2.60087  
0.360971  0.130341  0.00868771  0.360971  0.130341  0.00868771  47.1762  17.0345  1.13542  
0.351991  0.0647532  0.0832559  0.351991  0.0647532  0.0832559  0.339134  0.0740562  0.0868101  
0.343529  0.107573  0.048898  0.343529  0.107573  0.048898  1.93183  0.781546  0.136733  
0.335499  0.0308428  0.133658  0.335499  0.0308428  0.133658  0.357782  0.0328914  0.109326  
0.327839  0.139883  0.0322776  0.327839  0.139883  0.0322776  68.3551  24.2103  5.94018  
0.320516  0.0560905  0.123394  0.320516  0.0560905  0.123394  6.50207  1.57537  3.03447  
0.313471  0.104924  0.0816051  0.313471  0.104924  0.0816051  8.66362  2.89984  2.62633  
0.306688  0.0120805  0.181231  0.306688  0.0120805  0.181231  1.22905  0.00219699  0.540641  
0.300132  0.193626  0.00624255  0.300132  0.193626  0.00624255  0.798362  0.46553  0.00800503  
0.293785  0.096664  0.109551  0.293785  0.096664  0.109551  0.322282  0.0813147  0.0964035  
0.287626  0.152645  0.0597296  0.287626  0.152645  0.0597296  0.287311  0.187326  0.0513254  
0.28164  0.0477658  0.170594  0.28164  0.0477658  0.170594  1.21204  0.122  0.724106  
0.275811  0.189159  0.0350296  0.275811  0.189159  0.0350296  0.275811  0.189159  0.0350296  
0.270143  0.0790108  0.150847  0.270143  0.0790108  0.150847  0.289527  0.0596259  0.150847  
0.264601  0.13977  0.095629  0.264601  0.13977  0.095629  44.6038  23.5609  16.1202  
0.259192  0.0225696  0.218238  0.259192  0.0225696  0.218238  0.244649  0.044227  0.211124  
0.253896  0.223033  0.0230708  0.253896  0.223033  0.0230708  0.70534  0.6196  0.0640922  
0.248716  0.102084  0.1492  0.248716  0.102084  0.1492  0.21692  0.154551  0.128529  
0.243638  0.168237  0.0881249  0.243638  0.168237  0.0881249  10.3989  6.25084  6.17289  
0.238662  0.0408349  0.220503  0.238662  0.0408349  0.220503  0.867494  0.148428  0.472692  
0.233792  0.207966  0.0582418  0.233792  0.207966  0.0582418  0.22655  0.175759  0.097691  
0.228978  0.0762202  0.194802  0.228978  0.0762202  0.194802  17.3831  7.37179  14.162  
0.224265  0.146483  0.129252  0.224265  0.146483  0.129252  0.186667  0.161248  0.152085  
0.219627  0.00875885  0.271615  0.219627  0.00875885  0.271615  12.5963  1.12229  43.3705  
0.215061  0.280489  0.00445006  0.215061  0.280489  0.00445006  14.3928  18.7715  0.073559  
0.210577  0.140188  0.149235  0.210577  0.140188  0.149235  9.18265  6.11317  8.08451  
0.206166  0.21579  0.0780436  0.206166  0.21579  0.0780436  24.5976  25.7459  9.31135  
0.201819  0.0698622  0.228319  0.201819  0.0698622  0.228319  81.3572  31.3295  76.1508  
0.19752  0.259946  0.042534  0.19752  0.259946  0.042534  36.9172  34.5316  5.0811  
0.193312  0.110175  0.196513  0.193312  0.110175  0.196513  0.171269  0.127316  0.201415  
0.189118  0.18945  0.121432  0.189118  0.18945  0.121432  66.1985  80.2994  45.0139  
0.185002  0.0344306  0.280567  0.185002  0.0344306  0.280567  25.6438  4.77255  38.8904  
0.180934  0.294143  0.0249234  0.180934  0.294143  0.0249234  0.163877  0.279418  0.0567055  
0.176927  0.136288  0.186785  0.176927  0.136288  0.186785  0.672823  0.611609  1.24151  
0.172954  0.219736  0.10731  0.172954  0.219736  0.10731  34.5237  37.1568  19.4103  
0.169092  0.056738  0.27417  0.169092  0.056738  0.27417  0.13822  0.0781767  0.283603  
0.165163  0.266822  0.0680143  0.165163  0.266822  0.0680143  0.169902  0.236269  0.0938296  
0.161347  0.100531  0.238123  0.161347  0.100531  0.238123  0.151583  0.0846249  0.263792  
0.15755  0.187279  0.155172  0.15755  0.187279  0.155172  0.154929  0.189899  0.155172  
0.153792  0.0162247  0.329983  0.153792  0.0162247  0.329983  0.865025  0.333336  4.02325  
0.150116  0.333501  0.0163838  0.150116  0.333501  0.0163838  4.42497  15.0431  0.490008  
0.146399  0.160217  0.193383  0.146399  0.160217  0.193383  5.26802  3.23291  6.46657  
0.142815  0.251148  0.106037  0.142815  0.251148  0.106037  0.594002  1.35922  0.398413  
0.139133  0.0733004  0.287567  0.139133  0.0733004  0.287567  0.126586  0.0611254  0.312289  
0.135676  0.301705  0.0626187  0.135676  0.301705  0.0626187  22.2951  49.5777  10.2898  
0.132173  0.120642  0.247185  0.132173  0.120642  0.247185  5.03568  2.47152  5.5482  
0.128564  0.214733  0.156703  0.128564  0.214733  0.156703  0.134223  0.186556  0.179221  
0.125229  0.0292805  0.345491  0.125229  0.0292805  0.345491  0.162646  0.104507  0.893767  
0.121792  0.336842  0.0413657  0.121792  0.336842  0.0413657  23.925  91.9882  6.47777  
0.118399  0.149065  0.232536  0.118399  0.149065  0.232536  0.119742  0.150755  0.229504  
0.115029  0.246622  0.138349  0.115029  0.246622  0.138349  0.115029  0.246622  0.138349  
0.111704  0.0545772  0.333719  0.111704  0.0545772  0.333719  0.111704  0.0545772  0.333719  
0.108399  0.299818  0.091783  0.108399  0.299818  0.091783  32.0633  111.998  40.0848  
0.105131  0.104889  0.289979  0.105131  0.104889  0.289979  0.251963  0.0200315  0.375549  
0.101867  0.205284  0.192849  0.101867  0.205284  0.192849  5.60495  6.66432  8.77784  
0.0986475  0.00627103  0.395081  0.0986475  0.00627103  0.395081  0.108135  0.00687415  0.384991  
0.0954497  0.4014  0.00315068  0.0954497  0.4014  0.00315068  13.4772  49.4506  5.08574  
0.0922698  0.200671  0.20706  0.0922698  0.200671  0.20706  3.44051  7.4825  7.72073  
0.089122  0.30496  0.105918  0.089122  0.30496  0.105918  0.425197  1.45495  0.505328  
0.0859813  0.10027  0.313749  0.0859813  0.10027  0.313749  6.98134  24.4948  58.414  
0.0829027  0.361703  0.0553938  0.0829027  0.361703  0.0553938  0.120841  0.315928  0.0632314  
0.0798302  0.15426  0.26591  0.0798302  0.15426  0.26591  11.1746  21.5932  37.2218  
0.0767593  0.261217  0.162024  0.0767593  0.261217  0.162024  26.3042  70.0226  46.1785  
0.0737363  0.0499432  0.37632  0.0737363  0.0499432  0.37632  0.0460762  0.0516305  0.402293  
0.0707229  0.399096  0.0301808  0.0707229  0.399096  0.0301808  0.315283  1.27697  0.13585  
0.0677321  0.185736  0.246532  0.0677321  0.185736  0.246532  17.7105  36.5472  52.7729  
0.0647573  0.295827  0.139416  0.0647573  0.295827  0.139416  0.0562463  0.256947  0.194032  
0.0617981  0.0787378  0.359464  0.0617981  0.0787378  0.359464  4.19228  5.34144  20.9435  
0.0588784  0.354968  0.0861537  0.0588784  0.354968  0.0861537  0.450255  1.81638  0.386696  
0.055967  0.135284  0.308749  0.055967  0.135284  0.308749  9.85378  26.0056  57.89  
0.0530699  0.247905  0.199025  0.0530699  0.247905  0.199025  0.0530699  0.247905  0.199025  
0.0502047  0.0245294  0.425266  0.0502047  0.0245294  0.425266  0.834844  0.407895  7.07166  
0.0473416  0.434979  0.0176797  0.0473416  0.434979  0.0176797  0.0362691  0.432536  0.0311948  
0.0443216  0.210035  0.245643  0.0443216  0.210035  0.245643  0.00281052  0.251546  0.245643  
0.0416775  0.325838  0.132485  0.0416775  0.325838  0.132485  0.0600767  0.265728  0.174196  
0.0388263  0.0972706  0.363903  0.0388263  0.0972706  0.363903  0.0477517  0.119631  0.332617  
0.0360865  0.387806  0.076108  0.0360865  0.387806  0.076108  0.00989047  0.45812  0.031989  
0.033316  0.156777  0.309907  0.033316  0.156777  0.309907  0.0326401  0.0715418  0.395818  
0.03052  0.275086  0.194394  0.03052  0.275086  0.194394  9.24534  106.751  66.1716  
0.0278354  0.0405735  0.431591  0.0278354  0.0405735  0.431591  0.0225392  0.0368343  0.440627  
0.025108  0.426664  0.0482276  0.025108  0.426664  0.0482276  0.0406033  0.373115  0.0862816  
0.0223178  0.190326  0.287356  0.0223178  0.190326  0.287356  0.0241285  0.15909  0.316781  
0.0197168  0.311432  0.168852  0.0197168  0.311432  0.168852  0.00634503  0.324803  0.168852  
0.0168772  0.0717131  0.41141  0.0168772  0.0717131  0.41141  0.0168772  0.0717131  0.41141  
0.0143715  0.375616  0.110013  0.0143715  0.375616  0.110013  0.0143715  0.375616  0.110013  
0.0117369  0.13345  0.354814  0.0117369  0.13345  0.354814  0.0337569  0.0696469  0.396596  
0.00909786  0.256955  0.233947  0.00909786  0.256955  0.233947  0.656072  8.73224  5.74344  
0.0064506  0.0115647  0.481985  0.0064506  0.0115647  0.481985  0.0073998  0.0190437  0.473557  
0.00387382  0.484502  0.0116238  0.00387382  0.484502  0.0116238  0.00382908  0.484547  0.0116238  
0.00125466  0.237682  0.261064  0.00125466  0.237682  0.261064  0.120837  48.9752  49.639  
