1.0485  0.0107267  1.0485  0.0107267  1.06759  0.0509288  
0.0154781  1.04396  0.0154781  1.04396  0.0247386  1.06898  
1.02115  0.0112268  1.02115  0.0112268  1.02115  0.0543417  
1.01123  0.0196821  1.01123  0.0196821  1.04492  0.0426497  
1.01123  0.0196821  1.01123  0.0196821  1.01123  0.0209534  
1.0055  0.0386484  1.0055  0.0386484  1.09276  0.0854323  
1.0055  0.0386484  1.0055  0.0386484  1.09436  0.0767662  
0.993759  0.0669934  0.993759  0.0669934  1.06989  0.109783  
0.993759  0.0669934  0.993759  0.0669934  1.05809  0.110277  
0.985898  0.0808035  0.985898  0.0808035  1.10819  0.0708549  
0.97711  0.101454  0.97711  0.101454  0.984857  0.101454  
0.972977  0.110184  0.972977  0.110184  1.00641  0.175049  
0.958242  0.11861  0.958242  0.11861  1.01414  0.17093  
0.958242  0.11861  0.958242  0.11861  0.959044  0.13037  
0.955958  0.140043  0.955958  0.140043  0.993281  0.188637  
0.944983  0.15923  0.944983  0.15923  0.985574  0.241994  
0.941783  0.161247  0.941783  0.161247  0.941825  0.18507  
0.931838  0.18281  0.931838  0.18281  0.939025  0.18281  
0.925573  0.192846  0.925573  0.192846  0.97678  0.224279  
0.921391  0.206339  0.921391  0.206339  0.921391  0.206389  
0.915988  0.219006  0.915988  0.219006  0.930829  0.227639  
0.913509  0.221441  0.913509  0.221441  0.914467  0.237274  
0.904365  0.245692  0.904365  0.245692  0.955412  0.304286  
0.892476  0.258092  0.892476  0.258092  0.909506  0.280476  
0.888516  0.258135  0.888516  0.258135  0.903103  0.260485  
0.87764  0.273189  0.87764  0.273189  0.98302  0.265905  
0.870594  0.294287  0.870594  0.294287  1.06088  0.276402  
0.861312  0.309073  0.861312  0.309073  0.894819  0.420614  
0.852461  0.321101  0.852461  0.321101  0.852461  0.335287  
0.847607  0.327711  0.847607  0.327711  0.919327  0.348079  
0.834521  0.348684  0.834521  0.348684  0.93678  0.384726  
0.830274  0.361248  0.830274  0.361248  0.854  0.411352  
0.823312  0.368834  0.823312  0.368834  0.824026  0.395554  
0.813523  0.387649  0.813523  0.387649  0.582701  0.885637  
0.807975  0.39433  0.807975  0.39433  0.813196  0.491041  
0.798859  0.416358  0.798859  0.416358  0.841941  0.496578  
0.787267  0.430413  0.787267  0.430413  0.797099  0.448911  
0.777934  0.442971  0.777934  0.442971  0.809089  0.460838  
0.771694  0.456756  0.771694  0.456756  0.808015  0.484676  
0.760288  0.472584  0.760288  0.472584  0.802125  0.765977  
0.748113  0.487623  0.748113  0.487623  0.78913  0.575479  
0.747998  0.491708  0.747998  0.491708  0.765062  0.505653  
0.732905  0.511961  0.732905  0.511961  0.738723  0.522795  
0.720643  0.531495  0.720643  0.531495  0.720643  0.531501  
0.710089  0.54278  0.710089  0.54278  0.786753  0.646921  
0.704473  0.55973  0.704473  0.55973  0.720428  0.576783  
0.683807  0.567069  0.683807  0.567069  0.702341  0.587455  
0.677681  0.579312  0.677681  0.579312  0.788577  0.626018  
0.670299  0.600789  0.670299  0.600789  0.670929  0.622455  
0.652956  0.615363  0.652956  0.615363  0.707406  0.717288  
0.643032  0.627517  0.643032  0.627517  0.684168  0.784639  
0.628152  0.636253  0.628152  0.636253  0.721911  0.680724  
0.623293  0.657474  0.623293  0.657474  0.735581  0.677992  
0.6093  0.668479  0.6093  0.668479  0.625738  0.682322  
0.597026  0.686799  0.597026  0.686799  0.645324  0.716362  
0.589962  0.699  0.589962  0.699  0.919977  0.42202  
0.57897  0.717438  0.57897  0.717438  0.589177  0.737612  
0.556829  0.72396  0.556829  0.72396  0.655609  0.795438  
0.551978  0.74503  0.551978  0.74503  0.585419  0.769031  
0.535002  0.749064  0.535002  0.749064  0.545618  0.769581  
0.524239  0.765991  0.524239  0.765991  0.541128  0.78209  
0.50454  0.781291  0.50454  0.781291  0.533411  0.818487  
0.496991  0.790493  0.496991  0.790493  0.573831  0.82271  
0.479745  0.808883  0.479745  0.808883  0.535287  0.8812  
0.471217  0.814113  0.471217  0.814113  0.489424  0.814113  
0.4555  0.820303  0.4555  0.820303  0.496216  0.85704  
0.444258  0.837755  0.444258  0.837755  0.490688  0.896664  
0.434089  0.855911  0.434089  0.855911  0.456598  0.855911  
0.414672  0.861556  0.414672  0.861556  0.518853  0.923187  
0.400082  0.877543  0.400082  0.877543  0.440296  0.877543  
0.386559  0.886282  0.386559  0.886282  0.430111  1.0017  
0.374121  0.891583  0.374121  0.891583  0.500983  0.942456  
0.351141  0.899293  0.351141  0.899293  0.370118  0.916586  
0.346409  0.908942  0.346409  0.908942  0.352466  0.922348  
0.33275  0.921443  0.33275  0.921443  0.419402  0.943637  
0.307644  0.928986  0.307644  0.928986  0.333934  1.05128  
0.302232  0.932963  0.302232  0.932963  0.320546  0.969294  
0.294066  0.941138  0.294066  0.941138  0.371788  0.968972  
0.280638  0.953322  0.280638  0.953322  0.297769  0.975927  
0.25787  0.96041  0.25787  0.96041  0.326051  1.0486  
0.235679  0.971807  0.235679  0.971807  0.235679  1.00345  
0.235679  0.971807  0.235679  0.971807  0.235679  0.996993  
0.214022  0.977284  0.214022  0.977284  0.236998  1.06564  
0.190982  0.98841  0.190982  0.98841  0.243584  1.09483  
0.190982  0.98841  0.190982  0.98841  0.190982  0.990158  
0.171433  0.995162  0.171433  0.995162  0.208113  1.0933  
0.171433  0.995162  0.171433  0.995162  0.22986  1.037  
0.128639  0.998996  0.128639  0.998996  0.146062  1.03785  
0.128639  0.998996  0.128639  0.998996  0.147053  1.11336  
0.128639  0.998996  0.128639  0.998996  0.149454  1.05707  
0.115093  1.00561  0.115093  1.00561  0.159477  1.13244  
0.0187029  1.01069  0.0187029  1.01069  0.0187029  1.01238  
0.0187029  1.01069  0.0187029  1.01069  0.0363878  1.02925  
0.0187029  1.01069  0.0187029  1.01069  0.0187029  1.0164  
0.0187029  1.01069  0.0187029  1.01069  0.418144  0.991593  
0.0187029  1.01069  0.0187029  1.01069  0.0552726  1.04189  
0.0187029  1.01069  0.0187029  1.01069  0.0291627  1.01069  
0.0187029  1.01069  0.0187029  1.01069  0.130031  1.17019  
0.0187029  1.01069  0.0187029  1.01069  0.0187029  1.01295  
0.0187029  1.01069  0.0187029  1.01069  0.0187029  1.01531  
