2  1.74556e-15  1.86803e-15  2  1.74556e-15  1.86803e-15  1.99942  0.0169492  0.14216  
1.98498e-15  4  2.35238e-15  1.98498e-15  4  2.35238e-15  3.1135e-15  4  3.4809e-15  
2.0821e-14  2.0821e-14  6  2.0821e-14  2.0821e-14  6  2.29731e-14  2.29731e-14  6  
1.99946  0.0773169  0.0773218  1.99946  0.0773169  0.0773218  2.00889  0.0437579  0.124646  
1.99704  0.212489  0.070873  1.99704  0.212489  0.070873  1.99609  0.208841  0.205712  
1.99715  0.0954554  0.286452  1.99715  0.0954554  0.286452  1.99734  0.0954644  0.274388  
1.98947  0.408107  0.0582644  1.98947  0.408107  0.0582644  1.96752  0.720253  0.115967  
1.99411  0.205248  0.342105  1.99411  0.205248  0.342105  1.99332  0.0934009  0.501253  
1.98903  0.388465  0.233086  1.98903  0.388465  0.233086  1.98591  0.40192  0.376627  
1.98923  0.0867733  0.607924  1.98923  0.0867733  0.607924  1.98056  0.0893402  0.893267  
1.96812  0.710655  0.0472984  1.96812  0.710655  0.0472984  1.96812  0.710656  0.0459446  
1.98548  0.365237  0.469615  1.98548  0.365237  0.469615  1.89029  1.20011  0.775442  
1.97378  0.617909  0.280722  1.97378  0.617909  0.280722  1.96781  0.695446  0.247843  
1.98054  0.182021  0.789022  1.98054  0.182021  0.789022  1.96903  0.314528  0.947963  
1.955  0.833896  0.19246  1.955  0.833896  0.19246  1.95179  0.914575  0.015684  
1.9763  0.345813  0.760884  1.9763  0.345813  0.760884  1.97049  0.369402  1.06169  
1.96538  0.657851  0.511658  1.96538  0.657851  0.511658  1.96765  0.663065  0.515801  
1.96193  0.0772837  1.15937  1.96193  0.0772837  1.15937  1.97994  0.0652159  1.01962  
1.9034  1.22782  0.0395612  1.9034  1.22782  0.0395612  1.90482  1.23336  0.0416597  
1.9588  0.644426  0.730433  1.9588  0.644426  0.730433  1.94079  0.620835  1.11025  
1.9288  1.02353  0.400536  1.9288  1.02353  0.400536  1.91255  1.16403  0.175627  
1.95371  0.331298  1.18335  1.95371  0.331298  1.18335  1.951  0.490267  1.23102  
1.89036  1.29638  0.240051  1.89036  1.29638  0.240051  1.57981  2.40077  0.755051  
1.94622  0.569206  1.08671  1.94622  0.569206  1.08671  1.95719  0.442099  1.09323  
1.92072  1.0145  0.694121  1.92072  1.0145  0.694121  1.82776  1.60639  0.691529  
1.92391  0.167563  1.61987  1.92391  0.167563  1.61987  1.92239  0.171166  1.67154  
1.83046  1.60793  0.166306  1.83046  1.60793  0.166306  1.90739  1.19368  0.289655  
1.92265  0.789121  1.15316  1.92265  0.789121  1.15316  1.86579  1.20588  1.18227  
1.87834  1.29703  0.679365  1.87834  1.29703  0.679365  1.87811  1.29688  0.685606  
1.90505  0.325882  1.76011  1.90505  0.325882  1.76011  1.9067  0.328863  1.76567  
1.82213  1.62109  0.453648  1.82213  1.62109  0.453648  1.82567  1.62094  0.455494  
1.89993  0.632443  1.61632  1.89993  0.632443  1.61632  1.92398  0.639008  1.32885  
1.87025  1.22158  1.0779  1.87025  1.22158  1.0779  1.87055  1.22277  1.07901  
1.8488  0.0731211  2.28637  1.8488  0.0731211  2.28637  1.84871  0.0731147  2.28703  
1.67528  2.18479  0.0346512  1.67528  2.18479  0.0346512  1.67779  2.18407  0.036325  
1.85171  1.23267  1.3122  1.85171  1.23267  1.3122  1.90709  1.06032  0.858826  
1.76108  1.84329  0.666694  1.76108  1.84329  0.666694  1.72564  1.95998  0.764758  
1.84751  0.639564  2.09004  1.84751  0.639564  2.09004  1.85358  0.645155  2.0951  
1.66774  2.19482  0.359146  1.66774  2.19482  0.359146  1.80322  1.74273  0.196513  
1.82871  1.04282  1.85893  1.82871  1.04282  1.85893  1.74341  0.999784  2.55122  
1.75636  1.75939  1.1278  1.75636  1.75939  1.1278  1.81007  1.53909  1.13456  
1.77878  0.331257  2.69753  1.77878  0.331257  2.69753  1.78215  0.16665  2.7159  
1.55098  2.52141  0.213626  1.55098  2.52141  0.213626  1.53314  2.59054  0.118856  
1.77319  1.36603  1.87181  1.77319  1.36603  1.87181  1.60402  1.31486  3.00714  
1.66307  2.11288  1.03147  1.66307  2.11288  1.03147  1.68103  2.1357  0.552316  
1.74058  0.585706  2.82218  1.74058  0.585706  2.82218  1.75707  0.12541  2.86045  
1.54707  2.49919  0.637036  1.54707  2.49919  0.637036  1.58615  2.40013  0.64211  
1.72835  1.07701  2.55059  1.72835  1.07701  2.55059  1.66361  0.956612  3.02603  
1.65474  1.96685  1.62948  1.65474  1.96685  1.62948  1.65632  1.96878  1.61003  
1.62566  0.154499  3.48737  1.62566  0.154499  3.48737  1.62644  0.158507  3.50189  
1.33779  2.97207  0.146138  1.33779  2.97207  0.146138  1.07315  3.35145  0.604773  
1.63693  1.79068  2.1612  1.63693  1.79068  2.1612  1.6379  1.79355  2.16439  
1.47723  2.59763  1.09673  1.47723  2.59763  1.09673  1.47719  2.6021  1.09998  
1.61014  0.847438  3.32435  1.61014  0.847438  3.32435  1.62588  0.966731  3.17897  
1.3304  2.95848  0.61401  1.3304  2.95848  0.61401  1.33649  2.95867  0.720274  
1.58258  1.44534  2.95949  1.58258  1.44534  2.95949  1.57461  1.52265  2.91028  
1.46632  2.44641  1.78525  1.46632  2.44641  1.78525  1.42312  2.45549  2.06471  
1.46647  0.342979  4.04728  1.46647  0.342979  4.04728  1.66407  0.470508  3.25265  
1.16936  3.23423  0.397114  1.16936  3.23423  0.397114  1.17012  3.23761  0.338153  
1.48057  1.86398  2.90752  1.48057  1.86398  2.90752  1.42533  1.77375  3.2622  
1.31619  2.82231  1.58325  1.31619  2.82231  1.58325  1.31875  2.47843  2.57905  
1.39642  0.682591  4.17153  1.39642  0.682591  4.17153  1.39254  0.715098  4.17097  
1.15623  3.19792  0.978847  1.15623  3.19792  0.978847  1.15705  3.201  0.954524  
1.382  1.37894  3.81213  1.382  1.37894  3.81213  1.34536  0.768094  4.2875  
1.2874  2.5944  2.43717  1.2874  2.5944  2.43717  1.32807  2.40105  2.67504  
1.19885  0.0750859  4.80127  1.19885  0.0750859  4.80127  1.19885  0.0750859  4.80127  
0.858969  3.61225  0.0283364  0.858969  3.61225  0.0283364  0.981374  3.49254  0.0634724  
1.20789  2.62686  2.71026  1.20789  2.62686  2.71026  1.18891  2.58554  2.8706  
0.989754  3.3863  1.17624  0.989754  3.3863  1.17624  1.08908  3.24303  1.28926  
1.1913  1.38889  4.3459  1.1913  1.38889  4.3459  0.990802  1.60093  4.63821  
0.82987  3.62063  0.554308  0.82987  3.62063  0.554308  1.04969  3.39021  0.472323  
1.12405  2.17248  3.74399  1.12405  2.17248  3.74399  1.08127  2.09008  3.96336  
0.954593  3.24823  2.01472  0.954593  3.24823  2.01472  0.888067  3.22562  2.35338  
0.998898  0.676712  5.09799  0.998898  0.676712  5.09799  1.09233  0.322975  5.02028  
0.667236  3.76605  0.284794  0.667236  3.76605  0.284794  0.798602  3.66355  0.269755  
0.959338  2.63076  3.49176  0.959338  2.63076  3.49176  0.996093  2.8162  3.14892  
0.770825  3.52128  1.65945  0.770825  3.52128  1.65945  0.688778  3.59013  1.65286  
0.880318  1.12135  5.11944  0.880318  1.12135  5.11944  1.34561  0.868034  4.24539  
0.622423  3.75255  0.910802  0.622423  3.75255  0.910802  0.48267  3.80507  1.17711  
0.828019  2.0015  4.56772  0.828019  2.0015  4.56772  0.391503  2.26616  4.81595  
0.706336  3.29941  2.64879  0.706336  3.29941  2.64879  0.608885  3.24809  3.00101  
0.665135  0.325993  5.63731  0.665135  0.325993  5.63731  0.922434  0.531331  5.26373  
0.425266  3.90709  0.158814  0.425266  3.90709  0.158814  0.341207  3.93616  0.303551  
0.634033  2.9923  3.49947  0.634033  2.9923  3.49947  0.478212  3.14677  3.42078  
0.479574  3.7485  1.52412  0.479574  3.7485  1.52412  0.31948  3.74217  1.89217  
0.569183  1.42715  5.33868  0.569183  1.42715  5.33868  0.569183  1.42715  5.33868  
0.362879  3.90037  0.765451  0.362879  3.90037  0.765451  0.341092  3.90825  0.765139  
0.498451  2.34494  4.63534  0.498451  2.34494  4.63534  0.498067  2.34532  4.63528  
0.394028  3.54763  2.50698  0.394028  3.54763  2.50698  0.389037  3.48068  2.72443  
0.374625  0.548672  5.83606  0.374625  0.548672  5.83606  0.386106  0.565486  5.8257  
0.233193  3.96148  0.447807  0.233193  3.96148  0.447807  0.250228  3.96147  0.453006  
0.327467  2.78113  4.19904  0.327467  2.78113  4.19904  0.380263  2.76015  4.20319  
0.23545  3.73566  2.02536  0.23545  3.73566  2.02536  0.544234  3.35634  2.83283  
0.238273  1.0046  5.76353  0.238273  1.0046  5.76353  0.0332315  1.25414  5.69659  
0.149795  3.91482  1.14669  0.149795  3.91482  1.14669  0.216941  3.8842  1.306  
0.153257  1.96059  5.20959  0.153257  1.96059  5.20959  0.659456  1.73521  5.03164  
0.120867  3.41323  3.10735  0.120867  3.41323  3.10735  0.123759  3.41655  3.10646  
0.0805791  0.143785  5.99125  0.0805791  0.143785  5.99125  0.227886  0.870323  5.81621  
0.0320307  3.99898  0.0959618  0.0320307  3.99898  0.0959618  0.302142  3.95737  0.0691533  
0.00885792  3.22907  3.54669  0.00885792  3.22907  3.54669  0.00898506  3.19448  3.61714  
