1  6.43889e-23  1  6.43889e-23  0.998998  0.0447647  
6.12323e-17  1  6.12323e-17  1  6.1265e-17  1.00053  
0.999987  0.00512756  0.999987  0.00512756  1.00014  0.00512835  
0.999879  0.0155419  0.999879  0.0155419  0.998901  0.0468609  
0.999658  0.0261686  0.999658  0.0261686  1.00428  0.0262895  
0.999315  0.0370114  0.999315  0.0370114  0.999321  0.0370117  
0.998844  0.0480722  0.998844  0.0480722  0.999922  0.0209616  
0.998237  0.0593539  0.998237  0.0593539  0.993924  0.110069  
0.997486  0.070858  0.997486  0.070858  0.99548  0.0950299  
0.996584  0.0825885  0.996584  0.0825885  0.9968  0.0826064  
0.995521  0.0945454  0.995521  0.0945454  0.990675  0.136302  
0.994288  0.106731  0.994288  0.106731  0.990295  0.138985  
0.992877  0.119145  0.992877  0.119145  0.997573  0.0696336  
0.991278  0.131787  0.991278  0.131787  0.992985  0.11825  
0.989482  0.144659  0.989482  0.144659  0.989482  0.144659  
0.987477  0.157762  0.987477  0.157762  0.987477  0.157762  
0.985255  0.171092  0.985255  0.171092  0.987482  0.157894  
0.982805  0.184646  0.982805  0.184646  0.980036  0.19882  
0.980116  0.198426  0.980116  0.198426  0.982879  0.184251  
0.977177  0.212429  0.977177  0.212429  0.970919  0.239534  
0.973976  0.226649  0.973976  0.226649  0.977993  0.219807  
0.970505  0.241081  0.970505  0.241081  0.973074  0.24172  
0.96675  0.255722  0.96675  0.255722  0.980924  0.240136  
0.962702  0.270564  0.962702  0.270564  0.979357  0.20214  
0.958349  0.285601  0.958349  0.285601  0.967171  0.25472  
0.953679  0.300825  0.953679  0.300825  0.951795  0.308301  
0.948684  0.316226  0.948684  0.316226  0.949269  0.316421  
0.943351  0.331797  0.943351  0.331797  0.946892  0.323764  
0.93767  0.347527  0.93767  0.347527  0.943136  0.332428  
0.931632  0.363402  0.931632  0.363402  0.931632  0.363402  
0.925229  0.37941  0.925229  0.37941  0.921924  0.387372  
0.918451  0.395535  0.918451  0.395535  0.918451  0.395535  
0.911289  0.411767  0.911289  0.411767  0.904429  0.428009  
0.903739  0.428085  0.903739  0.428085  0.904368  0.428383  
0.895791  0.444476  0.895791  0.444476  0.887782  0.460442  
0.887442  0.460919  0.887442  0.460919  0.89611  0.443831  
0.878687  0.477398  0.878687  0.477398  0.878687  0.477398  
0.869526  0.493887  0.869526  0.493887  0.874701  0.486214  
0.859952  0.510375  0.859952  0.510375  0.859952  0.510375  
0.849966  0.526837  0.849966  0.526837  0.869966  0.493348  
0.83957  0.543251  0.83957  0.543251  0.827036  0.568139  
0.828767  0.559593  0.828767  0.559593  0.849911  0.527214  
0.817561  0.575843  0.817561  0.575843  0.794138  0.608391  
0.805952  0.591981  0.805952  0.591981  0.806116  0.592102  
0.793952  0.60798  0.793952  0.60798  0.795472  0.609144  
0.781567  0.623821  0.781567  0.623821  0.781691  0.62392  
0.768809  0.639478  0.768809  0.639478  0.72033  0.70531  
0.755686  0.654934  0.755686  0.654934  0.278084  0.963884  
0.742218  0.670159  0.742218  0.670159  0.742427  0.670348  
0.728412  0.68514  0.728412  0.68514  0.670287  0.742158  
0.714285  0.699855  0.714285  0.699855  0.735357  0.67768  
0.699855  0.714285  0.699855  0.714285  0.735336  0.677807  
0.68514  0.728412  0.68514  0.728412  0.728672  0.685473  
0.670156  0.74222  0.670156  0.74222  0.662599  0.748974  
0.654931  0.755689  0.654931  0.755689  0.356606  0.934804  
0.639478  0.768809  0.639478  0.768809  0.640356  0.769864  
0.623823  0.781565  0.623823  0.781565  0.584223  0.812878  
0.607978  0.793954  0.607978  0.793954  0.566704  0.823922  
0.59198  0.805953  0.59198  0.805953  0.593077  0.807446  
0.575845  0.817559  0.575845  0.817559  0.531475  0.859355  
0.559594  0.828767  0.559594  0.828767  0.62241  0.782709  
0.543251  0.83957  0.543251  0.83957  0.543291  0.839632  
0.526838  0.849966  0.526838  0.849966  0.521634  0.853169  
0.510375  0.859952  0.510375  0.859952  0.477761  0.87849  
0.493888  0.869525  0.493888  0.869525  0.494362  0.87036  
0.477397  0.878688  0.477397  0.878688  0.435012  0.900425  
0.460918  0.887443  0.460918  0.887443  0.444187  0.895934  
0.444475  0.895791  0.444475  0.895791  0.444475  0.895791  
0.428086  0.903738  0.428086  0.903738  0.428086  0.903738  
0.411766  0.91129  0.411766  0.91129  0.371688  0.928778  
0.395536  0.91845  0.395536  0.91845  0.353879  0.935291  
0.379409  0.925229  0.379409  0.925229  0.441915  0.897434  
0.3634  0.931633  0.3634  0.931633  0.363524  0.931951  
0.347527  0.93767  0.347527  0.93767  0.347556  0.937746  
0.331799  0.94335  0.331799  0.94335  0.339173  0.940724  
0.316228  0.948683  0.316228  0.948683  0.316337  0.949011  
0.300825  0.953679  0.300825  0.953679  0.301233  0.954972  
0.285601  0.958349  0.285601  0.958349  0.285606  0.958366  
0.270564  0.962702  0.270564  0.962702  0.319244  0.956463  
0.255721  0.966751  0.255721  0.966751  0.255721  0.966751  
0.241081  0.970505  0.241081  0.970505  0.227042  0.973885  
0.226647  0.973977  0.226647  0.973977  0.197199  0.982221  
0.212429  0.977177  0.212429  0.977177  0.176732  0.984516  
0.198427  0.980116  0.198427  0.980116  0.206275  0.981367  
0.184648  0.982805  0.184648  0.982805  0.171026  0.985651  
0.171091  0.985255  0.171091  0.985255  0.158707  0.987454  
0.157762  0.987477  0.157762  0.987477  0.157764  0.987487  
0.14466  0.989481  0.14466  0.989481  0.0977405  0.995653  
0.131788  0.991278  0.131788  0.991278  0.151855  0.988404  
0.119144  0.992877  0.119144  0.992877  0.119347  0.994568  
0.106731  0.994288  0.106731  0.994288  0.106731  0.994288  
0.0945459  0.995521  0.0945459  0.995521  0.0832892  1.00357  
0.0825888  0.996584  0.0825888  0.996584  0.0827678  0.998744  
0.0708589  0.997486  0.0708589  0.997486  0.251043  0.967976  
0.05935  0.998237  0.05935  0.998237  0.0413684  0.999234  
0.0480726  0.998844  0.0480726  0.998844  0.0257181  0.999786  
0.0370114  0.999315  0.0370114  0.999315  0.00412669  1.00046  
0.0261689  0.999658  0.0261689  0.999658  0.0314813  0.999504  
0.015542  0.999879  0.015542  0.999879  0.0388309  0.999246  
0.00512809  0.999987  0.00512809  0.999987  0.049887  0.998755  
