1.99999  6.02987e-11  2.87161e-14  1.99999  6.02987e-11  2.87161e-14  1.99401  0.00115607  0.00113074  
2.64095e-15  4  2.64095e-15  2.64095e-15  4  2.64095e-15  0.00819066  3.739  0.00380337  
4.19511e-10  3.90641e-10  5.99988  4.19511e-10  3.90641e-10  5.99988  0.0166611  0.0157164  5.95731  
1.63231  0.0631209  0.0630756  1.63231  0.0631209  0.0630756  1.64  0.0708094  0.0707641  
1.44014  0.153382  0.051053  1.44014  0.153382  0.051053  1.45165  0.155746  0.0567349  
1.58277  0.0756666  0.227017  1.58277  0.0756666  0.227017  1.60206  0.0681885  0.227017  
1.27886  0.262379  0.0374697  1.27886  0.262379  0.0374697  1.29707  0.256902  0.122583  
1.43194  0.147411  0.245636  1.43194  0.147411  0.245636  1.33221  0.209864  0.245907  
1.28211  0.250427  0.150103  1.28211  0.250427  0.150103  1.27872  0.246305  0.27023  
1.58303  0.0691138  0.483457  1.58303  0.0691138  0.483457  1.58192  0.0760984  0.720348  
1.11793  0.403669  0.0268809  1.11793  0.403669  0.0268809  1.39868  0.180582  0.0268809  
1.28898  0.237131  0.30473  1.28898  0.237131  0.30473  1.29789  0.244589  0.364105  
1.1494  0.359939  0.16355  1.1494  0.359939  0.16355  1.07405  0.418813  0.393027  
1.44019  0.132405  0.573466  1.44019  0.132405  0.573466  1.21481  0.299261  0.356751  
1.06035  0.452412  0.104154  1.06035  0.452412  0.104154  0.806386  0.76981  0.104154  
1.29329  0.226329  0.497909  1.29329  0.226329  0.497909  1.26544  0.246922  0.491204  
1.12341  0.376016  0.292347  1.12341  0.376016  0.292347  0.779794  0.83042  0.131923  
1.58007  0.0622452  0.933689  1.58007  0.0622452  0.933689  1.48124  0.105927  0.93526  
0.937691  0.60493  0.0194836  0.937691  0.60493  0.0194836  0.918811  0.613258  0.130409  
1.1233  0.36961  0.418552  1.1233  0.36961  0.418552  1.1233  0.36961  0.418552  
0.987363  0.52397  0.205007  0.987363  0.52397  0.205007  0.991282  0.528471  0.238313  
1.29095  0.21894  0.781725  1.29095  0.21894  0.781725  1.28472  0.217884  0.978769  
0.910986  0.624763  0.115606  0.910986  0.624763  0.115606  0.615678  1.07397  0.237024  
1.14954  0.336197  0.641514  1.14954  0.336197  0.641514  1.21246  0.282729  0.641514  
0.982862  0.519146  0.355057  0.982862  0.519146  0.355057  0.822388  0.710558  0.590723  
0.980146  0.123341  1.19242  0.980146  0.123341  1.19242  1.04398  0.0850628  1.19575  
0.83441  0.732982  0.075804  0.83441  0.732982  0.075804  0.379414  0.876168  1.19518  
1.05095  0.431351  0.630091  1.05095  0.431351  0.630091  0.989007  0.512764  0.57048  
0.900163  0.621488  0.325585  0.900163  0.621488  0.325585  0.969384  0.535912  0.336021  
1.27674  0.218437  1.17757  1.27674  0.218437  1.17757  1.23252  0.264999  1.18555  
0.82441  0.733303  0.205369  0.82441  0.733303  0.205369  0.945625  0.603974  0.179827  
1.10389  0.367491  0.938828  1.10389  0.367491  0.938828  1.04607  0.413186  1.35799  
0.911477  0.595398  0.525274  0.911477  0.595398  0.525274  0.911477  0.595398  0.525274  
1.10907  0.044243  1.37074  1.10907  0.044243  1.37074  0.948048  0.128184  1.37338  
0.71388  0.930969  0.014697  0.71388  0.930969  0.014697  0.71388  0.930969  0.014697  
0.902633  0.600775  0.639482  0.902633  0.600775  0.639482  0.908879  0.607021  0.645728  
0.770263  0.806243  0.291364  0.770263  0.806243  0.291364  0.739414  0.870774  0.263987  
0.768117  0.293375  1.19242  0.768117  0.293375  1.19242  0.618151  0.236097  5.90928  
0.703621  0.925994  0.151527  0.703621  0.925994  0.151527  0.713167  0.894198  0.325984  
0.942877  0.537619  0.958465  0.942877  0.537619  0.958465  0.954694  0.511232  1.30149  
0.778438  0.779711  0.499829  0.778438  0.779711  0.499829  0.711374  0.886004  0.731968  
0.888853  0.165516  1.34792  0.888853  0.165516  1.34792  0.72403  0.326552  1.22628  
0.641609  1.04306  0.0883936  0.641609  1.04306  0.0883936  0.626767  1.06301  0.144769  
0.851294  0.655847  0.898711  0.851294  0.655847  0.898711  1.00259  0.462752  1.28505  
0.706359  0.897444  0.436928  0.706359  0.897444  0.436928  0.784398  0.78864  0.243916  
0.781192  0.262905  1.26676  0.781192  0.262905  1.26676  0.786172  0.266092  1.2424  
0.637813  1.03042  0.262464  0.637813  1.03042  0.262464  0.636164  1.07423  0.0717978  
0.768117  0.293375  1.19242  0.768117  0.293375  1.19242  1.05604  0.106702  1.20932  
0.721071  0.85702  0.70999  0.721071  0.85702  0.70999  0.722772  0.857752  1.00393  
0.949214  0.100129  2.03475  0.949214  0.100129  2.03475  0.864016  0.147643  2.33199  
0.551276  1.22472  0.0602049  0.551276  1.22472  0.0602049  0.571927  1.2455  0.0783541  
0.741513  0.811238  0.97908  0.741513  0.811238  0.97908  0.762215  0.77945  0.97908  
0.6085  1.06992  0.451715  0.6085  1.06992  0.451715  0.905239  0.651812  0.47119  
0.678711  0.35722  1.40055  0.678711  0.35722  1.40055  0.786005  0.257281  1.37779  
0.545256  1.2125  0.251551  0.545256  1.2125  0.251551  0.547761  1.21807  0.153247  
0.637609  0.442029  1.19242  0.637609  0.442029  1.19242  0.485243  0.348475  5.94042  
0.618559  1.03197  0.752829  0.618559  1.03197  0.752829  0.602454  1.06004  0.87423  
0.810728  0.189576  2.2364  0.810728  0.189576  2.2364  0.941224  0.250786  3.88479  
0.4875  1.34829  0.165496  0.4875  1.34829  0.165496  0.428416  1.4851  0.205069  
0.607065  0.482487  1.19242  0.607065  0.482487  1.19242  0.604358  0.480488  1.20147  
0.548167  1.17517  0.659116  0.548167  1.17517  0.659116  0.565908  1.16802  0.668686  
0.673412  0.32917  2.01092  0.673412  0.32917  2.01092  0.831868  0.192622  2.01798  
0.482723  1.33514  0.408668  0.482723  1.33514  0.408668  0.520859  1.31006  0.27613  
0.537462  0.536212  1.48236  0.537462  0.536212  1.48236  0.459265  0.635503  2.03256  
0.559995  1.12842  1.05969  0.559995  1.12842  1.05969  0.366024  1.19369  5.47419  
0.626041  0.0397959  2.50704  0.626041  0.0397959  2.50704  0.883589  0.0201791  5.44753  
0.387166  1.62808  0.0128107  0.387166  1.62808  0.0128107  0.563298  1.20142  0.0520149  
0.53143  0.593216  1.19242  0.53143  0.593216  1.19242  0.676328  0.394285  1.19256  
0.42694  1.46061  0.507187  0.42694  1.46061  0.507187  0.429612  1.46975  0.322265  
0.495811  0.577937  1.80772  0.495811  0.577937  1.80772  0.519913  0.75015  2.99621  
0.372823  1.62658  0.248563  0.372823  1.62658  0.248563  0.429852  1.49741  0.155322  
0.40383  0.780492  1.34507  0.40383  0.780492  1.34507  0.243783  0.777666  5.92473  
0.423815  1.44211  0.893831  0.423815  1.44211  0.893831  0.362262  1.23266  5.78087  
0.460448  0.175889  2.38991  0.460448  0.175889  2.38991  0.313085  0.372099  2.3985  
0.318793  1.79885  0.135801  0.318793  1.79885  0.135801  0.318793  1.79885  0.135801  
0.34041  0.933482  1.23863  0.34041  0.933482  1.23863  0.355087  0.961023  1.21151  
0.356526  1.62854  0.767347  0.356526  1.62854  0.767347  0.570149  1.16752  0.224604  
0.410959  0.229636  2.38991  0.410959  0.229636  2.38991  0.834618  0.0536874  5.95325  
0.301559  1.81803  0.440967  0.301559  1.81803  0.440967  0.290501  1.86317  0.443252  
0.349003  0.843636  1.92464  0.349003  0.843636  1.92464  0.349003  0.843636  1.92464  
0.317988  1.00975  1.19242  0.317988  1.00975  1.19242  0.378479  0.719694  3.10254  
0.386004  0.188747  3.26952  0.386004  0.188747  3.26952  0.376178  0.360549  3.19096  
0.229753  2.11082  0.0857645  0.229753  2.11082  0.0857645  0.19304  2.29481  0.0929945  
0.244947  1.1556  1.35145  0.244947  1.1556  1.35145  0.261378  0.754469  5.98851  
0.25069  1.95953  0.79645  0.25069  1.95953  0.79645  0.0733947  2.80888  0.976651  
0.255398  0.465531  2.38991  0.255398  0.465531  2.38991  0.344119  0.621392  6.00043  
0.202286  2.17328  0.426095  0.202286  2.17328  0.426095  0.208104  2.1791  0.431912  
0.235432  1.10752  2.18925  0.235432  1.10752  2.18925  0.189222  1.26192  2.06  
0.187541  1.38474  1.19242  0.187541  1.38474  1.19242  0.0995866  1.7459  1.19242  
0.216269  0.0826136  3.58496  0.216269  0.0826136  3.58496  0.0311123  0.0349377  4.98679  
0.144136  2.44869  0.276746  0.144136  2.44869  0.276746  0.151562  2.46262  0.217621  
0.160136  1.35985  2.05149  0.160136  1.35985  2.05149  0.116281  1.14036  5.77937  
0.139243  1.56647  1.19242  0.139243  1.56647  1.19242  0.140236  1.56746  1.19341  
0.14368  0.604357  3.46719  0.14368  0.604357  3.46719  0.257978  0.719646  5.24043  
0.100819  2.63307  0.771181  0.100819  2.63307  0.771181  0.126386  2.56764  0.594475  
0.0808214  0.919613  2.44356  0.0808214  0.919613  2.44356  0.102573  1.37394  5.91635  
0.0650308  1.83596  1.67155  0.0650308  1.83596  1.67155  0.0692997  1.84023  1.67582  
0.0593816  0.0226827  4.77078  0.0593816  0.0226827  4.77078  0.0673849  0.0420999  5.01611  
0.0265709  3.31788  0.0795238  0.0265709  3.31788  0.0795238  0.0322931  3.3236  0.0852461  
0.0118122  1.38635  2.38991  0.0118122  1.38635  2.38991  0.00768032  0.642368  3.59567  
