0.859592  0.708949  3.32296  0.859592  0.708949  3.32296  0.859592  0.708949  3.32296  
0.708959  0.85793  3.32297  0.708959  0.85793  3.32297  0.708959  0.85793  3.32402  
2.00494e-214  4.73108e-255  6  2.00494e-214  4.73108e-255  6  2.00494e-214  4.73108e-255  6.07117  
0.859129  0.708949  3.32296  0.859129  0.708949  3.32296  0.859129  0.697514  3.40955  
0.857405  0.774837  2.87229  0.857405  0.774837  2.87229  0.857898  0.73773  3.2118  
0.859401  0.251411  3.8802  0.859401  0.251411  3.8802  0.859401  0.251411  3.8802  
0.858503  0.804169  2.72889  0.858503  0.804169  2.72889  0.8595  0.528829  4.2876  
0.858695  0.65709  3.70916  0.858695  0.65709  3.70916  0.858695  0.65709  3.70916  
0.858398  0.744952  3.06098  0.858398  0.744952  3.06098  0.857962  0.82723  2.65399  
0.859382  0.188554  3.93389  0.859382  0.188554  3.93389  0.846748  0.188554  3.94015  
0.857824  0.821647  2.66879  0.857824  0.821647  2.66879  0.857431  0.825317  2.66834  
0.859383  0.686078  3.49611  0.859383  0.686078  3.49611  0.859383  0.686078  3.49611  
0.858397  0.760293  2.9596  0.858397  0.760293  2.9596  0.858939  0.705022  3.35264  
0.859401  0.251411  3.8802  0.859401  0.251411  3.8802  0.85941  0.282839  3.89459  
0.858173  0.789166  2.79612  0.858173  0.789166  2.79612  0.85798  0.763389  2.94025  
0.859401  0.251411  3.8802  0.859401  0.251411  3.8802  0.859368  0.476564  4.35036  
0.858691  0.728126  3.18033  0.858691  0.728126  3.18033  0.858691  0.728126  3.18033  
0.8594  0.100696  4.12446  0.8594  0.100696  4.12446  0.8594  0.100696  4.12446  
0.858368  0.833083  2.64088  0.858368  0.833083  2.64088  0.858654  0.802406  2.73606  
0.858959  0.698091  3.40518  0.858959  0.698091  3.40518  0.857728  0.723451  3.2147  
0.857612  0.767633  2.91439  0.857612  0.767633  2.91439  0.856593  0.786987  2.80723  
0.8594  0.251411  3.8802  0.8594  0.251411  3.8802  0.85918  0.474751  4.29363  
0.858785  0.796505  2.76151  0.858785  0.796505  2.76151  0.858785  0.796505  2.77529  
0.859317  0.638861  3.83365  0.859317  0.638861  3.83365  0.859317  0.638861  3.86198  
0.856921  0.736799  3.11813  0.856921  0.736799  3.11813  0.85599  0.706946  3.33854  
0.8594  0.145364  4.0192  0.8594  0.145364  4.0192  0.8594  0.121085  4.07584  
0.858126  0.812394  2.69805  0.858126  0.812394  2.69805  0.841572  0.811897  2.74381  
0.859233  0.672574  3.597  0.859233  0.672574  3.597  0.859149  0.883156  2.63628  
0.858608  0.752762  3.00831  0.858608  0.752762  3.00831  0.858608  0.752762  3.00831  
0.8594  0.235183  3.88399  0.8594  0.235183  3.88399  0.8594  0.235183  3.9147  
0.858207  0.781971  2.83296  0.858207  0.781971  2.83296  0.858051  0.730805  3.16092  
0.8594  0.25141  3.8802  0.8594  0.25141  3.8802  0.8594  0.25141  3.8802  
0.857816  0.718911  3.24834  0.857816  0.718911  3.24834  0.900515  0.362119  4.10845  
0.8594  0.0521373  4.23027  0.8594  0.0521373  4.23027  0.8594  0.00990383  4.29618  
0.83829  0.85862  2.63136  0.83829  0.85862  2.63136  0.83829  0.85862  2.64017  
0.858376  0.703651  3.36306  0.858376  0.703651  3.36306  0.858376  0.703651  3.36306  
0.780536  0.816956  2.90939  0.780536  0.816956  2.90939  0.780865  0.809011  2.93495  
0.8594  0.25141  3.8802  0.8594  0.25141  3.8802  0.839277  0.25141  3.89596  
0.791567  0.858104  2.78448  0.791567  0.858104  2.78448  0.791567  0.858104  2.78448  
0.859342  0.64838  3.76982  0.859342  0.64838  3.76982  0.785051  0.712948  3.52407  
0.775763  0.777126  3.11216  0.775763  0.777126  3.11216  0.775367  0.7602  3.23209  
0.8594  0.166915  3.97317  0.8594  0.166915  3.97317  0.8594  0.166915  3.97317  
0.805182  0.857625  2.72494  0.805182  0.857625  2.72494  0.805182  0.857512  2.72495  
0.859297  0.679539  3.54523  0.859297  0.679539  3.54523  0.75205  0.745639  3.45522  
0.742943  0.857267  3.07498  0.742943  0.857267  3.07498  0.742943  0.857267  3.18571  
0.819154  0.251382  3.94219  0.819154  0.251382  3.94219  0.856936  0.0375055  4.26093  
0.765211  0.857399  2.92911  0.765211  0.857399  2.92911  0.76988  0.857452  2.90101  
0.857969  0.25141  3.88028  0.857969  0.25141  3.88028  0.857969  0.25141  3.88028  
0.711128  0.845259  3.31435  0.711128  0.845259  3.31435  0.752895  0.796465  3.15507  
0.79477  0.0838492  4.31895  0.79477  0.0838492  4.31895  0.802756  0.0509064  4.35319  
0.811077  0.8594  2.70263  0.811077  0.8594  2.70263  0.811077  0.8594  2.71647  
0.71076  0.777517  3.55239  0.71076  0.777517  3.55239  0.820368  0.688052  3.53959  
0.73134  0.858966  3.15699  0.73134  0.858966  3.15699  0.731893  0.859429  3.15299  
0.765363  0.248252  4.19436  0.765363  0.248252  4.19436  0.981679  0.244119  4.42362  
0.759527  0.857532  2.96455  0.759527  0.857532  2.96455  0.717937  0.85815  3.25556  
0.743591  0.679135  4.00456  0.743591  0.679135  4.00456  0.45971  0.955106  4.61998  
0.691422  0.857887  3.45582  0.691422  0.857887  3.45582  0.655898  0.864492  3.71858  
0.719602  0.168271  4.59958  0.719602  0.168271  4.59958  0.704787  0.168271  4.73294  
0.774002  0.858947  2.8769  0.774002  0.858947  2.8769  0.774002  0.858526  2.95747  
0.644803  0.811738  3.8804  0.644803  0.811738  3.8804  0.430763  0.902447  4.29138  
0.692597  0.857742  3.44693  0.692597  0.857742  3.44693  0.646968  0.857742  3.77957  
0.695464  0.247285  4.69153  0.695464  0.247285  4.69153  0.421509  0.548485  5.87161  
0.722001  0.858861  3.22532  0.722001  0.858861  3.22532  0.757754  0.858226  2.9758  
0.679492  0.677982  4.48842  0.679492  0.677982  4.48842  0.895808  0.677982  3.63022  
0.640081  0.858469  3.82567  0.640081  0.858469  3.82567  0.836777  0.834638  2.65767  
0.665835  0.042327  5.28061  0.665835  0.042327  5.28061  0.70697  0.243142  4.60508  
0.832751  0.858081  2.64158  0.832751  0.858081  2.64158  0.821981  0.858744  2.66776  
0.25141  0.8594  3.8802  0.25141  0.8594  3.8802  0.25141  0.818458  3.94431  
0.693704  0.858669  3.43845  0.693704  0.858669  3.43845  0.683089  0.859112  3.51861  
0.246861  0.68625  4.7613  0.246861  0.68625  4.7613  0.246861  0.68625  4.79822  
0.738297  0.858417  3.10733  0.738297  0.858417  3.10733  0.738297  0.858417  3.12894  
0.251392  0.803324  3.99846  0.251392  0.803324  3.99846  0.251392  0.803324  3.99846  
0.251411  0.8594  3.8802  0.251411  0.8594  3.8802  0.251411  0.8594  3.8802  
0.251409  0.251409  5.14639  0.251409  0.251409  5.14639  0.0188699  0.35346  5.69119  
0.76345  0.858374  2.93984  0.76345  0.858374  2.93984  0.713308  0.858594  3.29017  
0.25141  0.8594  3.8802  0.25141  0.8594  3.8802  0.25141  0.859866  3.88021  
0.251411  0.859401  3.8802  0.251411  0.859401  3.8802  0.251411  0.859401  3.88339  
0.251409  0.251409  5.14639  0.251409  0.251409  5.14639  0.251409  0.251409  5.14639  
0.672442  0.859352  3.59798  0.672442  0.859352  3.59798  0.451295  0.859718  4.33192  
0.24858  0.7464  4.31733  0.24858  0.7464  4.31733  0.316688  0.640729  5.14818  
0.25141  0.8594  3.8802  0.25141  0.8594  3.8802  0.25141  0.8594  3.8802  
0.251409  0.1535  5.26737  0.251409  0.1535  5.26737  0.232813  0.138168  5.33266  
0.769773  0.859067  2.9015  0.769773  0.859067  2.9015  0.538519  0.85934  4.27191  
0.230633  0.8594  3.8864  0.230633  0.8594  3.8864  0.325266  0.8594  3.95703  
0.251411  0.859401  3.8802  0.251411  0.859401  3.8802  0.251411  0.85967  3.8802  
0.251349  0.648057  5.03822  0.251349  0.648057  5.03822  0.30257  0.648057  5.07595  
0.251411  0.859401  3.8802  0.251411  0.859401  3.8802  0.317292  0.859506  3.94275  
0.167175  0.786403  4.16853  0.167175  0.786403  4.16853  0.233899  0.729903  4.43799  
0.204076  0.8594  3.91141  0.204076  0.8594  3.91141  0.204076  0.8594  3.91637  
0.169079  0.246428  5.23544  0.169079  0.246428  5.23544  0.169079  0.0583235  5.57309  
0.638012  0.858856  3.83922  0.638012  0.858856  3.83922  0.688154  0.858637  3.58263  
0.115132  0.859399  4.09006  0.115132  0.859399  4.09006  0.0469922  0.859399  4.23987  
0.160305  0.8594  3.98668  0.160305  0.8594  3.98668  0.136638  0.8594  4.03916  
0.113774  0.251409  5.35949  0.113774  0.251409  5.35949  0.113774  0.251409  5.39094  
0.175503  0.859401  3.95661  0.175503  0.859401  3.95661  0.123264  0.859425  4.07098  
0.0660041  0.750892  4.60923  0.0660041  0.750892  4.60923  0.0660041  0.750892  4.60923  
0.0621265  0.8594  4.21054  0.0621265  0.8594  4.21054  0.0621265  0.8594  4.21054  
0.0430393  0.0767614  5.8124  0.0430393  0.0767614  5.8124  0.0255841  0.375457  5.746  
0.251412  0.859401  3.8802  0.251412  0.859401  3.8802  0.00294237  0.859425  4.30398  
0.00832401  0.8594  4.29803  0.00832401  0.8594  4.29803  0.00177725  0.8594  4.39386  
