2.00015  0.000149695  0.000149695  2.00015  0.000149695  0.000149695  1.99963  0.166986  0.0155272  
0.000246457  4.00025  0.000246457  0.000246457  4.00025  0.000246457  0.0435986  4.00068  0.277031  
0.000672084  0.000672084  6.00067  0.000672084  0.000672084  6.00067  0.323591  0.428881  6.08476  
1.99985  0.0571051  0.0728787  1.99985  0.0571051  0.0728787  2.09214  0.144367  0.891791  
1.99726  0.21267  0.0666625  1.99726  0.21267  0.0666625  2.04398  0.25939  0.113383  
1.99739  0.089168  0.285218  1.99739  0.089168  0.285218  1.99627  0.166952  0.282186  
1.98984  0.406832  0.00893372  1.98984  0.406832  0.00893372  1.9963  0.244996  0.108688  
1.99442  0.202051  0.339916  1.99442  0.202051  0.339916  2.01747  0.310617  0.504907  
1.98922  0.388014  0.233115  1.98922  0.388014  0.233115  2.05717  0.601243  0.251666  
1.98964  0.0836252  0.60664  1.98964  0.0836252  0.60664  2.07592  0.133048  0.232124  
1.96854  0.710335  0.0341679  1.96854  0.710335  0.0341679  1.94259  1.0019  0.0184167  
1.98599  0.364884  0.465913  1.98599  0.364884  0.465913  2.05136  0.430252  0.531281  
1.97417  0.617067  0.27442  1.97417  0.617067  0.27442  1.9753  0.618659  0.317452  
1.9808  0.182056  0.7884  1.9808  0.182056  0.7884  1.98391  0.182271  0.791447  
1.95542  0.833417  0.186471  1.95542  0.833417  0.186471  1.95247  0.878247  0.188227  
1.97658  0.345932  0.760601  1.97658  0.345932  0.760601  2.04803  0.722352  0.955453  
1.96582  0.656271  0.510129  1.96582  0.656271  0.510129  1.97683  0.775131  0.790929  
1.96254  0.027759  1.1585  1.96254  0.027759  1.1585  1.92731  0.0429033  1.78327  
1.9038  1.22776  0.000290287  1.9038  1.22776  0.000290287  1.98828  0.98337  0.0441886  
1.95928  0.64333  0.727542  1.95928  0.64333  0.727542  2.11814  0.801608  0.863718  
1.92941  1.0224  0.398764  1.92941  1.0224  0.398764  1.96918  1.22422  0.481391  
1.95419  0.328575  1.18167  1.95419  0.328575  1.18167  1.9487  0.635963  0.967286  
1.89071  1.29664  0.23019  1.89071  1.29664  0.23019  1.89756  1.30349  0.237046  
1.94667  0.568884  1.08417  1.94667  0.568884  1.08417  1.99225  0.6135  0.908222  
1.92115  1.01335  0.692871  1.92115  1.01335  0.692871  1.96068  0.669813  0.907286  
1.9248  0.149077  1.61722  1.9248  0.149077  1.61722  1.95013  0.446584  1.61245  
1.83157  1.60769  0.0874474  1.83157  1.60769  0.0874474  1.81077  2.04185  0.157786  
1.92371  0.785546  1.15135  1.92371  0.785546  1.15135  1.92825  0.823727  1.04414  
1.87919  1.29412  0.677398  1.87919  1.29412  0.677398  1.89415  1.35284  0.698874  
1.90563  0.324198  1.76028  1.90563  0.324198  1.76028  1.84871  0.632847  2.23244  
1.82264  1.62162  0.451343  1.82264  1.62162  0.451343  1.93467  1.05517  0.685758  
1.90063  0.631554  1.61646  1.90063  0.631554  1.61646  1.94874  0.797824  1.71  
1.87108  1.22158  1.07778  1.87108  1.22158  1.07778  1.86005  1.38565  1.09275  
1.84972  0.000643469  2.28705  1.84972  0.000643469  2.28705  1.85412  0.00504218  2.29145  
1.67658  2.18431  0.00102019  1.67658  2.18431  0.00102019  1.87612  1.43562  0.0184088  
1.85357  1.22945  1.30904  1.85357  1.22945  1.30904  1.86353  1.23915  1.3072  
1.76169  1.84439  0.662809  1.76169  1.84439  0.662809  1.78762  1.92994  0.753905  
1.84809  0.638519  2.08986  1.84809  0.638519  2.08986  1.78246  0.53388  2.62576  
1.66921  2.19386  0.353669  1.66921  2.19386  0.353669  1.72051  2.02071  0.481811  
1.8301  1.04115  1.85864  1.8301  1.04115  1.85864  2.21104  0.487895  1.75692  
1.75739  1.75829  1.12689  1.75739  1.75829  1.12689  1.77471  1.77561  1.14421  
1.77972  0.331133  2.6969  1.77972  0.331133  2.6969  1.78738  0.309003  3.00022  
1.55297  2.52261  0.0984928  1.55297  2.52261  0.0984928  1.2972  3.04088  0.595336  
1.77597  1.36079  1.87448  1.77597  1.36079  1.87448  1.95455  0.67483  1.21859  
1.66421  2.11479  1.02663  1.66421  2.11479  1.02663  1.60576  2.51611  1.08892  
1.74179  0.5832  2.82005  1.74179  0.5832  2.82005  1.84652  0.833076  3.00845  
1.54863  2.49977  0.633801  1.54863  2.49977  0.633801  1.49116  2.66601  0.932195  
1.72944  1.07511  2.54989  1.72944  1.07511  2.54989  1.72177  0.962081  3.20099  
1.6565  1.96884  1.62747  1.6565  1.96884  1.62747  1.65687  1.96921  1.62784  
1.62648  0.127024  3.48898  1.62648  0.127024  3.48898  1.63611  0.136659  3.49862  
1.3386  2.97564  0.0677993  1.3386  2.97564  0.0677993  1.46137  2.76869  0.0943067  
1.63894  1.79206  2.16107  1.63894  1.79206  2.16107  1.64303  1.79615  2.16516  
1.47808  2.59792  1.09199  1.47808  2.59792  1.09199  1.48114  2.60098  1.09505  
1.61092  0.84591  3.32346  1.61092  0.84591  3.32346  1.81337  0.800039  2.74581  
1.33092  2.96145  0.612555  1.33092  2.96145  0.612555  1.33738  2.9679  0.61901  
1.58387  1.44461  2.95968  1.58387  1.44461  2.95968  1.54148  1.11856  3.73268  
1.46742  2.44797  1.78367  1.46742  2.44797  1.78367  1.49148  2.47203  1.80773  
1.46731  0.317162  4.05052  1.46731  0.317162  4.05052  1.69216  0.574227  4.66527  
1.16947  3.23753  0.393158  1.16947  3.23753  0.393158  1.04582  3.40815  0.659915  
1.4824  1.86441  2.91007  1.4824  1.86441  2.91007  1.52911  1.76977  2.924  
1.31676  2.82361  1.58271  1.31676  2.82361  1.58271  1.30039  2.76038  2.15938  
1.39773  0.66844  4.17467  1.39773  0.66844  4.17467  1.39678  1.44635  3.97871  
1.15622  3.2006  0.978054  1.15622  3.2006  0.978054  1.20311  3.17608  0.755765  
1.38429  1.37229  3.81919  1.38429  1.37229  3.81919  1.25902  1.7409  3.92772  
1.28878  2.59612  2.43616  1.28878  2.59612  2.43616  1.32322  2.63057  2.4706  
1.19907  0.0179727  4.80678  1.19907  0.0179727  4.80678  1.17002  0.18112  5.38072  
0.85911  3.61453  0.00735863  0.85911  3.61453  0.00735863  0.523682  3.88902  0.176432  
1.20596  2.63444  2.71833  1.20596  2.63444  2.71833  1.25903  2.68751  2.7714  
0.988768  3.38932  1.17672  0.988768  3.38932  1.17672  1.07399  3.49589  1.03929  
1.19204  1.38454  4.35419  1.19204  1.38454  4.35419  1.59164  2.22751  5.62079  
0.829362  3.62291  0.549384  0.829362  3.62291  0.549384  1.00983  3.46813  0.764032  
1.12779  2.1655  3.76356  1.12779  2.1655  3.76356  1.63222  2.55665  3.94013  
0.955512  3.25154  2.01544  0.955512  3.25154  2.01544  1.2884  3.16498  2.16859  
0.998567  0.664234  5.10523  0.998567  0.664234  5.10523  1.41362  1.49155  6.22363  
0.6667  3.77044  0.280394  0.6667  3.77044  0.280394  1.32559  3.98022  0.699155  
0.950097  2.63966  3.50074  0.950097  2.63966  3.50074  0.829754  2.93652  3.29389  
0.770828  3.52708  1.66043  0.770828  3.52708  1.66043  1.01266  3.43606  1.36582  
0.88013  1.11946  5.12103  0.88013  1.11946  5.12103  0.953418  1.20531  5.04418  
0.620471  3.75581  0.911392  0.620471  3.75581  0.911392  1.0608  3.79316  1.12761  
0.826455  2.00073  4.56895  0.826455  2.00073  4.56895  1.07527  2.5217  4.6741  
0.706172  3.30344  2.64993  0.706172  3.30344  2.64993  2.37731  2.63315  4.56682  
0.665684  0.129566  5.6598  0.665684  0.129566  5.6598  0.712335  0.175993  5.70644  
0.42431  3.9107  0.0896334  0.42431  3.9107  0.0896334  0.320141  3.9985  0.110219  
0.634269  2.99233  3.50095  0.634269  2.99233  3.50095  0.628437  2.54427  4.30631  
0.479363  3.75263  1.52553  0.479363  3.75263  1.52553  0.623966  3.87807  2.57431  
0.571322  1.42638  5.35642  0.571322  1.42638  5.35642  0.659155  1.15496  5.62104  
0.276364  3.92874  0.765996  0.276364  3.92874  0.765996  0.416726  4.04877  1.13185  
0.479711  2.34901  4.64272  0.479711  2.34901  4.64272  0.594606  2.46391  4.75761  
0.393435  3.54883  2.50769  0.393435  3.54883  2.50769  0.685387  3.24972  3.04656  
0.37641  0.497988  5.84653  0.37641  0.497988  5.84653  0.221352  0.27511  6.15904  
0.171303  3.97439  0.44498  0.171303  3.97439  0.44498  0.486908  4.19372  0.856113  
0.327744  2.78682  4.20934  0.327744  2.78682  4.20934  0.234841  2.8558  4.21479  
0.235724  3.74121  2.02681  0.235724  3.74121  2.02681  0.44155  3.97598  2.09541  
0.211902  1.01277  5.83294  0.211902  1.01277  5.83294  0.213225  1.01382  5.84946  
0.148876  3.9159  1.14705  0.148876  3.9159  1.14705  0.212521  3.97954  1.21069  
0.0846348  1.99273  5.29534  0.0846348  1.99273  5.29534  0.103234  2.01133  5.31394  
0.119491  3.41583  3.10669  0.119491  3.41583  3.10669  0.203414  3.27231  3.44393  
0.0798336  0.0712402  5.99486  0.0798336  0.0712402  5.99486  0.693688  0.65562  6.23032  
0.0292542  3.99932  0.0846028  0.0292542  3.99932  0.0846028  0.0430059  4.01429  0.0979825  
0.0164414  3.23863  3.55735  0.0164414  3.23863  3.55735  0.0880279  3.31022  3.62894  
