1  3.90939e-16  1  3.90939e-16  1  3.90939e-16  
5.40203e-14  1  5.40203e-14  1  5.40203e-14  1  
1  3.90939e-16  1  3.90939e-16  1.55136  0.514528  
1  3.90939e-16  1  3.90939e-16  1.43414  0.484096  
1  3.90939e-16  1  3.90939e-16  1.43414  0.484096  
1  3.90939e-16  1  3.90939e-16  1  0.0521113  
1  3.90939e-16  1  3.90939e-16  1.04578  0.0256591  
0.95  0.0500003  0.95  0.0500003  2.04062  1.23869  
0.95  0.0500003  0.95  0.0500003  1.44785  0.908126  
0.95  0.0500003  0.95  0.0500003  1.03288  0.164331  
0.95  0.0500003  0.95  0.0500003  1.16862  0.304823  
0.9  0.1  0.9  0.1  1.15319  0.205919  
0.9  0.1  0.9  0.1  0.900164  0.145953  
0.9  0.1  0.9  0.1  0.904412  0.137703  
0.9  0.1  0.9  0.1  3.96945  3.18794  
0.9  0.1  0.9  0.1  0.9  0.101302  
0.85  0.15  0.85  0.15  1.89777  1.3724  
0.85  0.15  0.85  0.15  1.83235  0.766949  
0.85  0.15  0.85  0.15  1.91898  0.85501  
0.85  0.15  0.85  0.15  0.85028  0.15  
0.85  0.15  0.85  0.15  1.2339  0.359589  
0.8  0.2  0.8  0.2  0.811768  1.3129  
0.8  0.2  0.8  0.2  0.8  0.2  
0.8  0.2  0.8  0.2  1.94442  1.41412  
0.8  0.2  0.8  0.2  3.15788  2.56744  
0.75  0.25  0.75  0.25  2.44794  1.99794  
0.75  0.25  0.75  0.25  2.20113  1.66029  
0.75  0.25  0.75  0.25  0.75  0.25  
0.75  0.25  0.75  0.25  2.49794  1.94794  
0.75  0.25  0.75  0.25  1.8406  1.30224  
0.7  0.3  0.7  0.3  0.89084  0.308752  
0.7  0.3  0.7  0.3  0.7  0.300087  
0.7  0.3  0.7  0.3  2.64616  2.06942  
0.7  0.3  0.7  0.3  4.78138  4.18454  
0.7  0.3  0.7  0.3  0.7  0.3  
0.65  0.35  0.65  0.35  0.909428  0.754065  
0.65  0.35  0.65  0.35  0.65  0.35  
0.65  0.35  0.65  0.35  1.53896  1.70085  
0.65  0.35  0.65  0.35  1.52797  0.838966  
0.6  0.4  0.6  0.4  2.83979  2.53985  
0.6  0.4  0.6  0.4  1.59067  1.34072  
0.6  0.4  0.6  0.4  0.6  0.4  
0.6  0.4  0.6  0.4  0.6  0.4  
0.6  0.4  0.6  0.4  0.622756  0.473537  
0.55  0.45  0.55  0.45  0.570415  0.470948  
0.55  0.45  0.55  0.45  2.30364  2.11379  
0.55  0.45  0.55  0.45  0.604657  0.858095  
0.55  0.45  0.55  0.45  0.731532  0.890735  
0.55  0.45  0.55  0.45  0.55  0.465015  
0.5  0.5  0.5  0.5  0.516414  0.5  
0.5  0.5  0.5  0.5  0.633461  0.5  
0.5  0.5  0.5  0.5  0.575525  0.460763  
0.5  0.5  0.5  0.5  1.79121  1.46106  
0.45  0.55  0.45  0.55  0.908083  1.01308  
0.45  0.55  0.45  0.55  0.45  0.55  
0.45  0.55  0.45  0.55  1.29125  1.11617  
0.45  0.55  0.45  0.55  3.71403  4.05766  
0.45  0.55  0.45  0.55  0.45  0.573504  
0.4  0.6  0.4  0.6  1.01361  1.09989  
0.4  0.6  0.4  0.6  3.60876  3.58574  
0.4  0.6  0.4  0.6  1.84093  1.20519  
0.4  0.6  0.4  0.6  1.34067  1.63778  
0.4  0.6  0.4  0.6  0.551701  0.697725  
0.35  0.65  0.35  0.65  0.35  0.65  
0.35  0.65  0.35  0.65  1.09781  1.13896  
0.35  0.65  0.35  0.65  2.15251  1.91175  
0.35  0.65  0.35  0.65  1.38422  1.59053  
0.3  0.7  0.3  0.7  0.3  0.7  
0.3  0.7  0.3  0.7  0.346494  0.715039  
0.3  0.7  0.3  0.7  10.5446  11.3275  
0.3  0.7  0.3  0.7  15.9416  15.5126  
0.3  0.7  0.3  0.7  0.580035  1.22891  
0.25  0.75  0.25  0.75  0.255615  0.75  
0.25  0.75  0.25  0.75  1.99794  2.44794  
0.25  0.75  0.25  0.75  1.71109  2.15113  
0.25  0.75  0.25  0.75  0.25  0.75  
0.25  0.75  0.25  0.75  1.99794  2.44794  
0.2  0.8  0.2  0.8  4.33174  4.96588  
0.2  0.8  0.2  0.8  0.572238  1.38643  
0.2  0.8  0.2  0.8  4.37545  5.07545  
0.2  0.8  0.2  0.8  0.843019  1.39178  
0.15  0.85  0.15  0.85  0.325051  1.01136  
0.15  0.85  0.15  0.85  0.268696  0.85  
0.15  0.85  0.15  0.85  0.235008  0.958331  
0.15  0.85  0.15  0.85  1.09067  1.84067  
0.15  0.85  0.15  0.85  2.85184  3.46697  
0.1  0.9  0.1  0.9  0.1  0.9  
0.1  0.9  0.1  0.9  0.1  0.903465  
0.1  0.9  0.1  0.9  0.17763  0.932607  
0.1  0.9  0.1  0.9  4.42785  5.17542  
0.1  0.9  0.1  0.9  0.707138  1.18333  
0.0500003  0.95  0.0500003  0.95  0.463525  1.20732  
0.0500003  0.95  0.0500003  0.95  0.783157  1.12437  
0.0500003  0.95  0.0500003  0.95  4.24283  5.1841  
0.0500003  0.95  0.0500003  0.95  0.0500003  0.95  
5.40203e-14  1  5.40203e-14  1  0.0133815  1.0013  
5.40203e-14  1  5.40203e-14  1  2.03824  2.31749  
5.40203e-14  1  5.40203e-14  1  0.928451  1.38595  
5.40203e-14  1  5.40203e-14  1  0.413511  1.5146  
5.40203e-14  1  5.40203e-14  1  0.413571  1.38599  
