1.01971  3.54178e-08  1.01971  3.54178e-08  1.22225  0.0832371  
1.58762e-12  1  1.58762e-12  1  0.0313818  0.968914  
0.995496  0.00509557  0.995496  0.00509557  1.54629  0.555607  
0.986748  0.0143101  0.986748  0.0143101  3.30214  2.20138  
0.978344  0.0245976  0.978344  0.0245976  1.13329  0.11732  
0.964882  0.0355985  0.964882  0.0355985  1.35336  0.457635  
0.95645  0.0458893  0.95645  0.0458893  5.30612  4.25721  
0.944978  0.0561258  0.944978  0.0561258  0.989769  0.0594867  
0.934862  0.0663852  0.934862  0.0663852  3.09883  2.09088  
0.923864  0.0765599  0.923864  0.0765599  0.946125  0.0776809  
0.914135  0.0866965  0.914135  0.0866965  1.20794  0.215474  
0.903879  0.0969278  0.903879  0.0969278  3.49961  3.06229  
0.894015  0.107147  0.894015  0.107147  0.947046  0.147499  
0.883622  0.117158  0.883622  0.117158  1.2582  0.364085  
0.872683  0.127585  0.872683  0.127585  0.874476  0.243107  
0.862565  0.137739  0.862565  0.137739  0.879451  0.144573  
0.853051  0.148122  0.853051  0.148122  0.937088  0.151559  
0.842019  0.158197  0.842019  0.158197  1.36614  0.936391  
0.832035  0.168387  0.832035  0.168387  1.44701  0.70432  
0.821632  0.178615  0.821632  0.178615  0.984075  0.178743  
0.81131  0.188791  0.81131  0.188791  0.831907  0.221319  
0.801132  0.199006  0.801132  0.199006  0.865015  0.240901  
0.790996  0.209231  0.790996  0.209231  0.864194  0.331837  
0.781079  0.219495  0.781079  0.219495  0.901536  0.255485  
0.770694  0.22964  0.770694  0.22964  0.813313  0.250864  
0.760841  0.239925  0.760841  0.239925  1.41937  1.06716  
0.750417  0.250123  0.750417  0.250123  0.817109  0.305814  
0.740109  0.260284  0.740109  0.260284  0.865834  0.379858  
0.729707  0.270448  0.729707  0.270448  0.973083  0.449453  
0.719643  0.280706  0.719643  0.280706  0.897326  0.550233  
0.709307  0.290867  0.709307  0.290867  0.794253  0.388562  
0.699122  0.301084  0.699122  0.301084  0.704315  0.296299  
0.688898  0.311281  0.688898  0.311281  0.751176  0.306186  
0.678728  0.321499  0.678728  0.321499  0.686304  0.321499  
0.668441  0.33167  0.668441  0.33167  0.964193  0.590698  
0.658246  0.341881  0.658246  0.341881  0.654911  0.360201  
0.647989  0.352057  0.647989  0.352057  0.683011  0.336042  
0.637782  0.362257  0.637782  0.362257  0.623743  0.377384  
0.627614  0.372482  0.627614  0.372482  0.648411  0.422577  
0.61738  0.382672  0.61738  0.382672  0.60874  0.393392  
0.607196  0.392896  0.607196  0.392896  0.63728  0.363348  
0.596977  0.403086  0.596977  0.403086  0.598608  0.404482  
0.586763  0.413284  0.586763  0.413284  0.624604  0.460395  
0.576548  0.423481  0.576548  0.423481  0.544848  0.45626  
0.566365  0.433702  0.566365  0.433702  0.555877  0.445724  
0.556156  0.443904  0.556156  0.443904  0.648401  0.4618  
0.545943  0.454103  0.545943  0.454103  0.572938  0.430029  
0.535755  0.464323  0.535755  0.464323  0.551977  0.491559  
0.525552  0.474526  0.525552  0.474526  0.534081  0.466161  
0.515322  0.484709  0.515322  0.484709  0.516389  0.485029  
0.505133  0.49494  0.505133  0.49494  0.504357  0.49586  
0.494931  0.505135  0.494931  0.505135  0.496134  0.505763  
0.484722  0.515336  0.484722  0.515336  0.475034  0.526335  
0.474506  0.525527  0.474506  0.525527  0.481783  0.518402  
0.464297  0.535727  0.464297  0.535727  0.464999  0.53898  
0.4541  0.54594  0.4541  0.54594  0.441361  0.566114  
0.44389  0.556137  0.44389  0.556137  0.452898  0.547228  
0.433695  0.566356  0.433695  0.566356  0.446435  0.553722  
0.423475  0.576542  0.423475  0.576542  0.451414  0.549105  
0.413278  0.586747  0.413278  0.586747  0.406321  0.593722  
0.403068  0.596952  0.403068  0.596952  0.403579  0.59794  
0.392857  0.607154  0.392857  0.607154  0.387387  0.612686  
0.382652  0.617361  0.382652  0.617361  0.390023  0.610306  
0.372458  0.62757  0.372458  0.62757  0.412693  0.587327  
0.362253  0.637769  0.362253  0.637769  0.362292  0.637835  
0.352046  0.647976  0.352046  0.647976  0.352159  0.648123  
0.341839  0.658168  0.341839  0.658168  0.358378  0.641638  
0.331636  0.668382  0.331636  0.668382  0.307932  0.692097  
0.321432  0.678578  0.321432  0.678578  0.339792  0.660222  
0.311225  0.688779  0.311225  0.688779  0.296222  0.704438  
0.301019  0.698993  0.301019  0.698993  0.361705  0.645579  
0.290817  0.70919  0.290817  0.70919  0.281343  0.718952  
0.280612  0.719391  0.280612  0.719391  0.280657  0.719449  
0.270404  0.729601  0.270404  0.729601  0.270669  0.729609  
0.260199  0.739803  0.260199  0.739803  0.328861  0.836642  
0.249999  0.750005  0.249999  0.750005  0.25001  0.750024  
0.239788  0.760215  0.239788  0.760215  1.27321  0.639468  
0.229578  0.770425  0.229578  0.770425  0.193225  0.80682  
0.219384  0.780617  0.219384  0.780617  0.242417  0.757733  
0.209182  0.790819  0.209182  0.790819  0.147644  0.852378  
0.198955  0.801046  0.198955  0.801046  0.198957  0.801049  
0.188768  0.811234  0.188768  0.811234  0.179112  0.82089  
0.178571  0.82143  0.178571  0.82143  0.199076  0.80093  
0.168359  0.831641  0.168359  0.831641  0.168452  0.831641  
0.158153  0.841848  0.158153  0.841848  0.164281  0.836688  
0.14795  0.85205  0.14795  0.85205  0.147951  0.852358  
0.13775  0.86225  0.13775  0.86225  0.138412  0.86225  
0.127542  0.872458  0.127542  0.872458  0.127542  0.872458  
0.117343  0.882657  0.117343  0.882657  0.140911  0.859579  
0.107141  0.892859  0.107141  0.892859  0.107234  0.892859  
0.0969376  0.903063  0.0969376  0.903063  0.104666  0.895334  
0.0867334  0.913267  0.0867334  0.913267  0.0867334  0.913378  
0.0765302  0.92347  0.0765302  0.92347  0.10653  0.895777  
0.0663262  0.933674  0.0663262  0.933674  0.0761517  0.939357  
0.0561202  0.94388  0.0561202  0.94388  0.0786548  0.921345  
0.0459183  0.954082  0.0459183  0.954082  0.0459183  0.954085  
0.0357142  0.964286  0.0357142  0.964286  0.299577  1.38164  
0.02551  0.97449  0.02551  0.97449  0.02551  0.97457  
0.0153061  0.984694  0.0153061  0.984694  0.0153061  0.984694  
0.00507932  0.994921  0.00507932  0.994921  0.00450779  0.995493  
