2  1.27646e-15  1.39893e-15  2  1.27646e-15  1.39893e-15  2.0006  0.190323  0.00279958  
2.20276e-15  4  2.57015e-15  2.20276e-15  4  2.57015e-15  0.295817  3.96843  0.137856  
4.78372e-15  4.78372e-15  6  4.78372e-15  4.78372e-15  6  0.000353937  0.000353937  6.00035  
1.99946  0.0773265  0.077327  1.99946  0.0773265  0.077327  1.99883  0.13566  0.0263574  
1.99703  0.212696  0.0708947  1.99703  0.212696  0.0708947  1.99768  0.12692  0.218274  
1.99715  0.0954818  0.28644  1.99715  0.0954818  0.28644  2.00158  0.0523154  0.117179  
1.98946  0.408207  0.0582912  1.98946  0.408207  0.0582912  1.98466  0.491167  0.122233  
1.99411  0.205276  0.342098  1.99411  0.205276  0.342098  1.99432  0.205731  0.349207  
1.98903  0.388522  0.233118  1.98903  0.388522  0.233118  1.98903  0.388522  0.233118  
1.98923  0.0868461  0.607934  1.98923  0.0868461  0.607934  1.97863  0.0830518  0.884631  
1.96812  0.710615  0.0472841  1.96812  0.710615  0.0472841  1.9779  0.607653  0.0485407  
1.98548  0.365265  0.469584  1.98548  0.365265  0.469584  1.98512  0.369275  0.598902  
1.97376  0.618037  0.280948  1.97376  0.618037  0.280948  1.95498  0.737668  0.61487  
1.98055  0.18208  0.788894  1.98055  0.18208  0.788894  1.98318  0.2665  0.775712  
1.95498  0.834138  0.192466  1.95498  0.834138  0.192466  1.90219  1.23295  0.120831  
1.9763  0.345852  0.76082  1.9763  0.345852  0.76082  1.9793  0.382925  0.734495  
1.96539  0.657767  0.511658  1.96539  0.657767  0.511658  1.95918  0.787635  0.356585  
1.96193  0.0771908  1.15927  1.96193  0.0771908  1.15927  1.9638  0.0795027  1.16434  
1.90338  1.22794  0.0395463  1.90338  1.22794  0.0395463  1.83612  1.61896  0.181895  
1.9588  0.644474  0.730432  1.9588  0.644474  0.730432  1.954  0.6377  0.849765  
1.9288  1.02357  0.400514  1.9288  1.02357  0.400514  1.94555  0.887474  0.642524  
1.95372  0.331304  1.18321  1.95372  0.331304  1.18321  1.92841  0.604505  1.36593  
1.89039  1.29618  0.240067  1.89039  1.29618  0.240067  1.88682  1.29426  0.445993  
1.94623  0.569123  1.08676  1.94623  0.569123  1.08676  1.95277  0.516746  1.08305  
1.92071  1.01453  0.694123  1.92071  1.01453  0.694123  1.92327  0.998958  0.68116  
1.92391  0.167475  1.61984  1.92391  0.167475  1.61984  1.91984  0.324636  1.60963  
1.83047  1.60786  0.166309  1.83047  1.60786  0.166309  1.70117  2.10195  0.114563  
1.92266  0.788881  1.15334  1.92266  0.788881  1.15334  1.86651  1.15242  1.30097  
1.87835  1.29694  0.679382  1.87835  1.29694  0.679382  1.85816  1.47758  0.113254  
1.90505  0.325896  1.76012  1.90505  0.325896  1.76012  1.91839  0.337387  1.69834  
1.82216  1.62091  0.453877  1.82216  1.62091  0.453877  1.79911  1.71655  0.497131  
1.89994  0.632304  1.61633  1.89994  0.632304  1.61633  1.8785  0.620304  1.83722  
1.87025  1.22163  1.07774  1.87025  1.22163  1.07774  1.83387  1.45567  1.1066  
1.84888  0.0552849  2.28647  1.84888  0.0552849  2.28647  1.80426  0.342679  2.53725  
1.67529  2.18475  0.0346601  1.67529  2.18475  0.0346601  1.94865  0.90789  0.0373346  
1.85172  1.23268  1.31201  1.85172  1.23268  1.31201  1.87407  1.09558  1.29997  
1.76106  1.8432  0.66629  1.76106  1.8432  0.66629  1.84975  1.48678  0.481794  
1.84733  0.639588  2.08947  1.84733  0.639588  2.08947  1.84367  0.685905  2.08556  
1.66775  2.1948  0.359123  1.66775  2.1948  0.359123  1.73008  1.98864  0.515698  
1.82879  1.04288  1.85906  1.82879  1.04288  1.85906  1.81164  1.03157  2.05517  
1.75699  1.76047  1.1285  1.75699  1.76047  1.1285  1.71559  1.98636  0.813962  
1.77878  0.331113  2.69754  1.77878  0.331113  2.69754  1.85228  0.333425  2.22396  
1.55098  2.52142  0.213675  1.55098  2.52142  0.213675  1.53734  2.54098  0.449499  
1.77322  1.36607  1.87145  1.77322  1.36607  1.87145  1.63021  1.97747  1.81196  
1.66306  2.11277  1.03181  1.66306  2.11277  1.03181  1.73003  1.96931  0.847252  
1.74056  0.585707  2.82215  1.74056  0.585707  2.82215  1.76731  0.584292  2.68632  
1.54705  2.49922  0.637057  1.54705  2.49922  0.637057  1.48095  2.63491  0.831894  
1.72836  1.07661  2.55087  1.72836  1.07661  2.55087  1.7375  1.08135  2.50546  
1.65467  1.96678  1.62946  1.65467  1.96678  1.62946  1.62972  1.87283  2.05045  
1.62546  0.171434  3.48694  1.62546  0.171434  3.48694  1.60282  0.727493  3.42071  
1.33774  2.97196  0.146146  1.33774  2.97196  0.146146  1.18964  3.21535  0.269199  
1.63694  1.79063  2.16092  1.63694  1.79063  2.16092  1.64911  1.74235  2.16645  
1.47672  2.59672  1.09633  1.47672  2.59672  1.09633  1.48546  2.61264  0.905857  
1.6101  0.847444  3.3245  1.6101  0.847444  3.3245  1.61628  0.854832  3.33241  
1.3304  2.95848  0.613941  1.3304  2.95848  0.613941  1.3304  2.95848  0.613941  
1.58259  1.44534  2.95944  1.58259  1.44534  2.95944  1.47004  1.63732  3.24345  
1.46623  2.44631  1.7851  1.46623  2.44631  1.7851  1.46803  2.27966  2.37729  
1.46661  0.342926  4.04683  1.46661  0.342926  4.04683  1.74988  0.409175  2.83989  
1.16942  3.23417  0.396811  1.16942  3.23417  0.396811  1.16985  3.23538  0.361454  
1.48055  1.86389  2.90774  1.48055  1.86389  2.90774  1.44302  1.89024  3.05947  
1.31601  2.82125  1.58244  1.31601  2.82125  1.58244  1.53298  2.33934  1.60627  
1.39644  0.682547  4.17151  1.39644  0.682547  4.17151  1.40258  0.685166  4.1757  
1.15618  3.19797  0.978952  1.15618  3.19797  0.978952  1.4704  2.62828  0.99935  
1.38317  1.38013  3.81566  1.38317  1.38013  3.81566  1.3542  1.86686  3.42901  
1.28742  2.59446  2.43722  1.28742  2.59446  2.43722  1.279  2.57897  2.52289  
1.19913  0.00974247  4.8024  1.19913  0.00974247  4.8024  1.3398  0.0575224  4.45805  
0.859014  3.61231  0.0283449  0.859014  3.61231  0.0283449  0.940586  3.53424  0.0150296  
1.20869  2.62866  2.71211  1.20869  2.62866  2.71211  0.962461  2.14927  4.16222  
0.989657  3.38635  1.1763  0.989657  3.38635  1.1763  0.971004  3.32252  1.63594  
1.19256  1.39014  4.35025  1.19256  1.39014  4.35025  1.04903  1.87333  4.28014  
0.82985  3.6206  0.554421  0.82985  3.6206  0.554421  0.82985  3.6206  0.554421  
1.1239  2.17227  3.7437  1.1239  2.17227  3.7437  1.12197  2.16478  3.7697  
0.954595  3.24826  2.01458  0.954595  3.24826  2.01458  0.957424  3.32537  1.70417  
0.998961  0.676631  5.09819  0.998961  0.676631  5.09819  0.90479  0.648561  5.26483  
0.667365  3.76596  0.284753  0.667365  3.76596  0.284753  0.630328  3.77568  0.859956  
0.959113  2.63002  3.49094  0.959113  2.63002  3.49094  0.945888  2.65091  3.4938  
0.770814  3.52129  1.65945  0.770814  3.52129  1.65945  1.16986  3.05807  1.64294  
0.879317  1.12143  5.11972  0.879317  1.12143  5.11972  0.673362  1.15771  5.38137  
0.622417  3.75256  0.910788  0.622417  3.75256  0.910788  0.486919  3.80359  1.14664  
0.827509  2.00032  4.56491  0.827509  2.00032  4.56491  1.08362  1.97855  4.09192  
0.706637  3.30054  2.64978  0.706637  3.30054  2.64978  0.935067  3.07114  2.66877  
0.664339  0.32617  5.63813  0.664339  0.32617  5.63813  0.665938  0.327317  5.63869  
0.425238  3.90711  0.158746  0.425238  3.90711  0.158746  0.219942  3.97513  0.223834  
0.634211  2.99172  3.49889  0.634211  2.99172  3.49889  0.633815  2.99308  3.50328  
0.479509  3.74809  1.5239  0.479509  3.74809  1.5239  0.881491  3.44295  1.57729  
0.56879  1.42725  5.33904  0.56879  1.42725  5.33904  0.380047  1.03513  5.68256  
0.362997  3.90032  0.765474  0.362997  3.90032  0.765474  0.49425  3.85184  0.64721  
0.496897  2.34215  4.6299  0.496897  2.34215  4.6299  0.355463  2.51762  4.54605  
0.39449  3.54898  2.50791  0.39449  3.54898  2.50791  0.396197  3.55081  2.50627  
0.374977  0.548643  5.83586  0.374977  0.548643  5.83586  0.580054  0.467451  5.71558  
0.233143  3.9615  0.447783  0.233143  3.9615  0.447783  0.232688  3.96671  0.35178  
0.327448  2.78152  4.19955  0.327448  2.78152  4.19955  0.645742  1.80283  4.9983  
0.236453  3.73543  2.02523  0.236453  3.73543  2.02523  0.235163  3.71525  2.10988  
0.236372  1.00476  5.76417  0.236372  1.00476  5.76417  0.233841  1.00937  5.766  
0.149731  3.91483  1.14673  0.149731  3.91483  1.14673  0.150057  3.91587  1.1501  
0.165879  1.95961  5.20694  0.165879  1.95961  5.20694  0.281775  2.25745  4.88101  
0.119607  3.41345  3.10777  0.119607  3.41345  3.10777  0.474321  3.17305  3.36723  
0.0804671  0.14378  5.99126  0.0804671  0.14378  5.99126  0.178102  0.358142  5.95197  
0.0320172  3.99898  0.0959498  0.0320172  3.99898  0.0959498  0.090235  3.98739  0.400329  
0.015983  3.22918  3.54681  0.015983  3.22918  3.54681  0.328507  3.15261  3.5886  
