0.57735  0.57735  0.57735  0.57735  0.57735  0.57735  0.662275  0.662259  0.350479  
0.57735  0.57735  0.57735  0.57735  0.57735  0.57735  0.64823  0.649282  0.400375  
4.32978e-17  4.32978e-17  1  4.32978e-17  4.32978e-17  1  0.0321492  0.0321492  0.998966  
0.57735  0.57735  0.57735  0.57735  0.57735  0.57735  0.421044  0.42053  0.80473  
0.688247  0.688247  0.229414  0.688247  0.688247  0.229414  0.701646  0.701646  0.124039  
0.301511  0.301511  0.904534  0.301511  0.301511  0.904534  0.20235  0.20235  0.95818  
0.703526  0.703526  0.100503  0.703526  0.703526  0.100503  0.706885  0.706885  0.0250511  
0.457496  0.457496  0.762493  0.457496  0.457496  0.762493  0.26676  0.26676  0.926109  
0.650945  0.650945  0.390566  0.650945  0.650945  0.390566  0.519251  0.519041  0.679334  
0.140026  0.140026  0.980197  0.140026  0.140026  0.980197  0.180325  0.180458  0.969127  
0.706323  0.706323  0.0470842  0.706323  0.706323  0.0470842  0.706323  0.706323  0.0470842  
0.523206  0.523206  0.672689  0.523206  0.523206  0.672689  0.498385  0.498385  0.709384  
0.67319  0.67319  0.305993  0.67319  0.67319  0.305993  0.560445  0.560445  0.609756  
0.219379  0.219379  0.950655  0.219379  0.219379  0.950655  0.0856059  0.0856059  0.992645  
0.697877  0.697877  0.161046  0.697877  0.697877  0.161046  0.697877  0.697877  0.161046  
0.382357  0.382357  0.841193  0.382357  0.382357  0.841193  0.382436  0.382435  0.841367  
0.619586  0.619586  0.481899  0.619586  0.619586  0.481899  0.676863  0.676863  0.289332  
0.0663722  0.0663722  0.995585  0.0663722  0.0663722  0.995585  0.244572  0.244578  0.938533  
0.706923  0.706923  0.0228012  0.706923  0.706923  0.0228012  0.707012  0.707012  0.0163366  
0.551783  0.551783  0.625357  0.551783  0.551783  0.625357  0.641468  0.641468  0.420758  
0.6815  0.6815  0.266673  0.6815  0.6815  0.266673  0.701514  0.701514  0.125519  
0.260332  0.260332  0.929761  0.260332  0.260332  0.929761  0.203299  0.203285  0.957974  
0.701122  0.701122  0.129834  0.701122  0.701122  0.129834  0.706751  0.706751  0.0317352  
0.420903  0.420903  0.803543  0.420903  0.420903  0.803543  0.401858  0.401855  0.822833  
0.636525  0.636525  0.435514  0.636525  0.636525  0.435514  0.680403  0.680403  0.272221  
0.102355  0.102355  0.989468  0.102355  0.102355  0.989468  0.0995368  0.0995368  0.990043  
0.705223  0.705223  0.0729536  0.705223  0.705223  0.0729536  0.547718  0.547709  0.632495  
0.491704  0.491704  0.718647  0.491704  0.491704  0.718647  0.491741  0.49181  0.718752  
0.663087  0.663087  0.34732  0.663087  0.663087  0.34732  0.624888  0.622146  0.48018  
0.179143  0.179143  0.967375  0.179143  0.179143  0.967375  0.197809  0.197809  0.960074  
0.693642  0.693642  0.194219  0.693642  0.693642  0.194219  0.694996  0.69392  0.194448  
0.342374  0.342374  0.874963  0.342374  0.342374  0.874963  0.497144  0.497146  0.711131  
0.599917  0.599917  0.529337  0.599917  0.599917  0.529337  0.599917  0.599917  0.529337  
0.0322242  0.0322242  0.998961  0.0322242  0.0322242  0.998961  0.235639  0.235639  0.942841  
0.707031  0.707031  0.0146346  0.707031  0.707031  0.0146346  0.707226  0.708561  0.0146525  
0.564945  0.564945  0.601393  0.564945  0.564945  0.601393  0.564945  0.564945  0.601393  
0.683055  0.683055  0.258593  0.683055  0.683055  0.258593  0.678833  0.678833  0.279947  
0.280926  0.280926  0.917693  0.280926  0.280926  0.917693  0.291228  0.291228  0.911248  
0.699049  0.699049  0.15054  0.699049  0.699049  0.15054  0.703157  0.703157  0.10555  
0.439472  0.439472  0.783408  0.439472  0.439472  0.783408  0.439472  0.439472  0.783408  
0.643844  0.643844  0.413436  0.643844  0.643844  0.413436  0.618122  0.618151  0.485687  
0.120996  0.120996  0.985251  0.120996  0.120996  0.985251  0.141178  0.141183  0.979912  
0.703775  0.703775  0.0969546  0.703775  0.703775  0.0969546  0.697857  0.697992  0.162548  
0.50781  0.50781  0.695886  0.50781  0.50781  0.695886  0.600017  0.600017  0.529111  
0.647528  0.647528  0.401764  0.647528  0.647528  0.401764  0.647531  0.647545  0.40177  
0.199145  0.199145  0.959522  0.199145  0.199145  0.959522  0.177246  0.177249  0.968087  
0.678912  0.678912  0.279566  0.678912  0.678912  0.279566  0.615556  0.615556  0.492118  
0.362512  0.362512  0.858586  0.362512  0.362512  0.858586  0.363964  0.362697  0.860527  
0.580265  0.580265  0.571477  0.580265  0.580265  0.571477  0.538608  0.539017  0.649328  
0.0490608  0.0490608  0.99759  0.0490608  0.0490608  0.99759  0.145821  0.145821  0.978505  
0.705006  0.705006  0.0770261  0.705006  0.705006  0.0770261  0.685293  0.685554  0.246729  
0.516872  0.516872  0.682412  0.516872  0.516872  0.682412  0.55137  0.55137  0.626084  
0.626073  0.626073  0.464828  0.626073  0.626073  0.464828  0.626082  0.626119  0.464848  
0.239797  0.239797  0.940742  0.239797  0.239797  0.940742  0.24015  0.240363  0.942545  
0.672216  0.672216  0.310246  0.672216  0.672216  0.310246  0.702654  0.702654  0.112047  
0.401845  0.401845  0.822825  0.401845  0.401845  0.822825  0.396449  0.396422  0.82811  
0.535879  0.535879  0.652432  0.535879  0.535879  0.652432  0.535879  0.535879  0.652432  
0.0841436  0.0841436  0.992895  0.0841436  0.0841436  0.992895  0.0841457  0.0841462  0.992922  
0.687556  0.687556  0.233522  0.687556  0.687556  0.233522  0.707361  0.708206  0.0145361  
0.413192  0.413192  0.811508  0.413192  0.413192  0.811508  0.442828  0.442828  0.779619  
0.538671  0.538671  0.647818  0.538671  0.538671  0.647818  0.515971  0.515971  0.683774  
0.159423  0.159423  0.974253  0.159423  0.159423  0.974253  0.159426  0.159424  0.974266  
0.606688  0.606688  0.513673  0.606688  0.606688  0.513673  0.53161  0.53161  0.65938  
0.322018  0.322018  0.890286  0.322018  0.322018  0.890286  0.300552  0.300698  0.909747  
0.423206  0.423206  0.80112  0.423206  0.423206  0.80112  0.529603  0.530695  0.665734  
0.0158683  0.0158683  0.999748  0.0158683  0.0158683  0.999748  0.0869629  0.0869629  0.992409  
0.706913  0.706913  0.0234047  0.706913  0.706913  0.0234047  0.707101  0.707101  0.00401142  
0.377042  0.377042  0.845978  0.377042  0.377042  0.845978  0.377042  0.377042  0.845978  
0.541335  0.541335  0.643361  0.541335  0.541335  0.643361  0.472266  0.472264  0.744585  
0.255596  0.255596  0.932385  0.255596  0.255596  0.932385  0.289306  0.289267  0.912847  
0.639338  0.639338  0.427193  0.639338  0.639338  0.427193  0.695253  0.695253  0.182334  
0.276345  0.276345  0.920471  0.276345  0.276345  0.920471  0.432766  0.432772  0.790847  
0.39363  0.39363  0.830729  0.39363  0.39363  0.830729  0.39363  0.39363  0.830729  
0.130464  0.130464  0.982832  0.130464  0.130464  0.982832  0.130464  0.130464  0.982832  
0.676954  0.676954  0.288904  0.676954  0.676954  0.288904  0.707107  0.707107  0.000309989  
0.256092  0.256092  0.932112  0.256092  0.256092  0.932112  0.256714  0.256999  0.934894  
0.388245  0.388245  0.835782  0.388245  0.388245  0.835782  0.180173  0.180173  0.966996  
0.167086  0.167086  0.971681  0.167086  0.167086  0.971681  0.167086  0.167086  0.971681  
0.491401  0.491401  0.719063  0.491401  0.491401  0.719063  0.613966  0.613966  0.496077  
0.175598  0.175598  0.968675  0.175598  0.175598  0.968675  0.249624  0.249631  0.935649  
0.249517  0.249517  0.935672  0.249517  0.249517  0.935672  0.25043  0.250418  0.939075  
0.0576571  0.0576571  0.99667  0.0576571  0.0576571  0.99667  0.0253822  0.0253817  0.999386  
0.68367  0.68367  0.255326  0.68367  0.68367  0.255326  0.698016  0.698509  0.160695  
0.175583  0.175583  0.96868  0.175583  0.175583  0.96868  0.184036  0.1842  0.967229  
0.287475  0.287475  0.913628  0.287475  0.287475  0.913628  0.0887931  0.0887931  0.992084  
0.105664  0.105664  0.988772  0.105664  0.105664  0.988772  0.0732736  0.0732661  0.994692  
0.393883  0.393883  0.830489  0.393883  0.393883  0.830489  0.328747  0.328619  0.886844  
0.106318  0.106318  0.988632  0.106318  0.106318  0.988632  0.106318  0.106318  0.988632  
0.153543  0.153543  0.97614  0.153543  0.153543  0.97614  0.153573  0.15379  0.977023  
0.0642318  0.0642318  0.995866  0.0642318  0.0642318  0.995866  0.0848119  0.0848119  0.992781  
0.419301  0.419301  0.805216  0.419301  0.419301  0.805216  0.565784  0.565784  0.599814  
0.0775277  0.0775277  0.993971  0.0775277  0.0775277  0.993971  0.197539  0.197539  0.960186  
0.11522  0.11522  0.986635  0.11522  0.11522  0.986635  0.251146  0.251193  0.935464  
0.0413686  0.0413686  0.998287  0.0413686  0.0413686  0.998287  0.0172965  0.0172965  0.999701  
0.128541  0.128541  0.983338  0.128541  0.128541  0.983338  0.0663942  0.0663942  0.995582  
0.0330442  0.0330442  0.998907  0.0330442  0.0330442  0.998907  0.0388245  0.0388245  0.998492  
0.0388526  0.0388526  0.998489  0.0388526  0.0388526  0.998489  0.0388801  0.0389163  0.99966  
0.0134533  0.0134533  0.999819  0.0134533  0.0134533  0.999819  0.00672698  0.00672707  0.999969  
0.301836  0.301836  0.904317  0.301836  0.301836  0.904317  0.206514  0.206683  0.959017  
0.00494264  0.00494264  0.999976  0.00494264  0.00494264  0.999976  0.0550088  0.055008  0.997059  
