0.5  2.34349e-11  0.5  2.34349e-11  143.044  5.29795  
4.56463e-11  0.5  4.56463e-11  0.5  6.46393e-11  0.708046  
0.497449  0.00255102  0.497449  0.00255102  0.479592  0.0204082  
0.492347  0.00765305  0.492347  0.00765305  0.492347  0.00765305  
0.487245  0.0127551  0.487245  0.0127551  0.487245  0.0127551  
0.482143  0.0178571  0.482143  0.0178571  16.4598  0.0664851  
0.477041  0.0229592  0.477041  0.0229592  123.719  5.9544  
0.471939  0.0280612  0.471939  0.0280612  0.471939  0.0280612  
0.466837  0.0331633  0.466837  0.0331633  0.484694  0.0153061  
0.461735  0.0382653  0.461735  0.0382653  0.461735  0.0382653  
0.456633  0.0433674  0.456633  0.0433674  0.479592  0.0204082  
0.451531  0.0484694  0.451531  0.0484694  0.451531  0.0484694  
0.446429  0.0535715  0.446429  0.0535715  7.05489  0.801693  
0.441327  0.0586735  0.441327  0.0586735  0.441327  0.0586735  
0.436225  0.0637755  0.436225  0.0637755  0.441327  0.0586735  
0.431123  0.0688775  0.431123  0.0688775  0.410476  0.0895237  
0.426021  0.0739795  0.426021  0.0739795  102.234  20.6976  
0.420919  0.0790815  0.420919  0.0790815  96.5718  10.3664  
0.415817  0.0841835  0.415817  0.0841835  0.405613  0.0943875  
0.410714  0.0892855  0.410714  0.0892855  8.3148  1.87082  
0.405612  0.094388  0.405612  0.094388  0.418367  0.0816327  
0.40051  0.09949  0.40051  0.09949  6.24146  1.48943  
0.395408  0.104592  0.395408  0.104592  0.392857  0.107143  
0.390306  0.109694  0.390306  0.109694  55.5535  13.8  
0.385204  0.114796  0.385204  0.114796  33.7474  10.0572  
0.380102  0.119898  0.380102  0.119898  51.1052  16.1204  
0.375  0.125  0.375  0.125  16.4699  5.48996  
0.369898  0.130102  0.369898  0.130102  50.1847  18.1222  
0.364796  0.135204  0.364796  0.135204  0.364796  0.135204  
0.359694  0.140306  0.359694  0.140306  116.041  47.5852  
0.354592  0.145408  0.354592  0.145408  0.375  0.125  
0.34949  0.15051  0.34949  0.15051  3.38058  1.60133  
0.344388  0.155612  0.344388  0.155612  52.3272  23.6441  
0.339286  0.160714  0.339286  0.160714  100.829  47.7612  
0.334184  0.165816  0.334184  0.165816  0.357143  0.142857  
0.329082  0.170918  0.329082  0.170918  0.204081  0.295919  
0.32398  0.17602  0.32398  0.17602  0.308674  0.191326  
0.318878  0.181122  0.318878  0.181122  45.4388  24.6872  
0.313775  0.186225  0.313775  0.186225  25.06  13.9222  
0.308673  0.191327  0.308673  0.191327  0.327566  0.172434  
0.303571  0.196429  0.303571  0.196429  3.45177  2.13952  
0.298469  0.201531  0.298469  0.201531  59.5521  41.0704  
0.293368  0.206632  0.293368  0.206632  85.4635  60.196  
0.288266  0.211734  0.288266  0.211734  0.267857  0.232143  
0.283164  0.216836  0.283164  0.216836  10.3932  7.95873  
0.278061  0.221939  0.278061  0.221939  0.304852  0.247972  
0.272959  0.227041  0.272959  0.227041  0.27579  0.22421  
0.267857  0.232143  0.267857  0.232143  11.7406  7.97118  
0.262755  0.237245  0.262755  0.237245  0.262755  0.237245  
0.257653  0.242347  0.257653  0.242347  0.257653  0.242347  
0.252551  0.247449  0.252551  0.247449  7.55445  11.6751  
0.247449  0.252551  0.247449  0.252551  0.242347  0.257653  
0.242347  0.257653  0.242347  0.257653  21.5813  22.9443  
0.237245  0.262755  0.237245  0.262755  0.239796  0.260204  
0.232143  0.267857  0.232143  0.267857  1.98313  2.02402  
0.227041  0.272959  0.227041  0.272959  0.202675  0.297325  
0.221939  0.278061  0.221939  0.278061  0.237245  0.262755  
0.216836  0.283164  0.216836  0.283164  0.0280611  0.471939  
0.211734  0.288266  0.211734  0.288266  0.458047  0.623608  
0.206632  0.293368  0.206632  0.293368  0.210879  0.289121  
0.201531  0.298469  0.201531  0.298469  0.204082  0.295918  
0.196429  0.303571  0.196429  0.303571  0.196429  0.303571  
0.191327  0.308673  0.191327  0.308673  47.61  67.5946  
0.186224  0.313775  0.186224  0.313775  0.183673  0.316327  
0.181122  0.318878  0.181122  0.318878  5.71253  9.21622  
0.17602  0.323979  0.17602  0.323979  30.5121  51.4108  
0.170918  0.329082  0.170918  0.329082  1.8959  3.82097  
0.165817  0.334183  0.165817  0.334183  0.430247  0.908297  
0.160715  0.339286  0.160715  0.339286  0.160715  0.339286  
0.155612  0.344388  0.155612  0.344388  0.15051  0.34949  
0.15051  0.34949  0.15051  0.34949  0.165185  0.334815  
0.145408  0.354592  0.145408  0.354592  28.1478  70.3697  
0.140306  0.359694  0.140306  0.359694  26.9557  69.1047  
0.135204  0.364796  0.135204  0.364796  25.8986  69.8773  
0.130102  0.369898  0.130102  0.369898  0.163265  0.336735  
0.125  0.375  0.125  0.375  0.125  0.375  
0.119898  0.380102  0.119898  0.380102  0.119898  0.380102  
0.114796  0.385204  0.114796  0.385204  2.50004  8.6365  
0.109694  0.390306  0.109694  0.390306  0.091837  0.408163  
0.104592  0.395408  0.104592  0.395408  14.4126  54.4867  
0.09949  0.40051  0.09949  0.40051  0.09949  0.40051  
0.094388  0.405612  0.094388  0.405612  0.313521  1.34729  
0.0892855  0.410714  0.0892855  0.410714  0.0780007  0.421999  
0.0841835  0.415817  0.0841835  0.415817  0.0841835  0.415817  
0.0790815  0.420918  0.0790815  0.420918  0.0765305  0.423469  
0.0739795  0.426021  0.0739795  0.426021  9.89467  43.9764  
0.0688775  0.431123  0.0688775  0.431123  0.146636  0.917836  
0.0637755  0.436225  0.0637755  0.436225  0.0637755  0.436225  
0.0586735  0.441327  0.0586735  0.441327  0.178435  1.34214  
0.0535715  0.446429  0.0535715  0.446429  0.168311  1.56795  
0.0484694  0.451531  0.0484694  0.451531  0.899275  12.659  
0.0433674  0.456633  0.0433674  0.456633  0.0408164  0.459184  
0.0382653  0.461735  0.0382653  0.461735  5.40267  65.1922  
0.0331633  0.466837  0.0331633  0.466837  0.0306122  0.469388  
0.0280612  0.471939  0.0280612  0.471939  0.510451  4.81119  
0.0229592  0.477041  0.0229592  0.477041  1.50611  5.05384  
0.0178571  0.482143  0.0178571  0.482143  0.00765306  0.492347  
0.0127551  0.487245  0.0127551  0.487245  0.0257648  0.984216  
0.00765305  0.492347  0.00765305  0.492347  0.0139103  0.894898  
0.00255102  0.497449  0.00255102  0.497449  0.138876  27.0809  
