1.07119  4.68925e-06  8.95962e-06  1.07119  4.68925e-06  8.95962e-06  1.07904  0.00066502  0.000628495  
2.72093e-05  1.05365  2.54464e-05  2.72093e-05  1.05365  2.54464e-05  0.104069  1.05251  0.00294622  
1.69648e-05  1.67431e-05  1.32159  1.69648e-05  1.67431e-05  1.32159  0.0149608  0.00105343  1.32364  
0.998586  0.0382038  0.0376205  0.998586  0.0382038  0.0376205  1.00012  0.038961  0.0221267  
0.994031  0.104108  0.0347933  0.994031  0.104108  0.0347933  0.994822  0.104097  0.0350163  
0.989079  0.046525  0.140325  0.989079  0.046525  0.140325  0.988603  0.0466936  0.145199  
0.979516  0.200593  0.0268526  0.979516  0.200593  0.0268526  0.999669  0.140265  0.0408919  
0.980823  0.0999192  0.168093  0.980823  0.0999192  0.168093  0.978883  0.125619  0.168976  
0.975605  0.190379  0.11252  0.975605  0.190379  0.11252  0.981925  0.0859354  0.192525  
0.955743  0.0413581  0.29154  0.955743  0.0413581  0.29154  0.929557  0.0387263  0.378977  
0.941131  0.338808  0.00519058  0.941131  0.338808  0.00519058  0.92464  0.401638  0.0143629  
0.958839  0.174635  0.22451  0.958839  0.174635  0.22451  0.940505  0.111716  0.337806  
0.946739  0.295303  0.133672  0.946739  0.295303  0.133672  0.949742  0.296169  0.133896  
0.926526  0.0815022  0.368131  0.926526  0.0815022  0.368131  0.934535  0.0859995  0.368479  
0.91799  0.390297  0.0815849  0.91799  0.390297  0.0815849  0.917897  0.392858  0.118975  
0.922342  0.160822  0.353745  0.922342  0.160822  0.353745  0.882276  0.21634  0.50014  
0.92271  0.307003  0.239464  0.92271  0.307003  0.239464  0.927104  0.313704  0.248086  
0.860959  0.0168229  0.508824  0.860959  0.0168229  0.508824  0.867936  0.062726  0.506872  
0.84096  0.542317  0.015598  0.84096  0.542317  0.015598  0.84096  0.553437  0.0448422  
0.8973  0.291252  0.334463  0.8973  0.291252  0.334463  0.915992  0.315052  0.268208  
0.870489  0.461812  0.178418  0.870489  0.461812  0.178418  0.747247  0.663199  0.27852  
0.847228  0.142016  0.513169  0.847228  0.142016  0.513169  0.78918  0.145273  0.625582  
0.822473  0.564052  0.0960328  0.822473  0.564052  0.0960328  0.828703  0.566403  0.0636269  
0.847317  0.24738  0.472633  0.847317  0.24738  0.472633  0.867894  0.24738  0.490055  
0.845041  0.446302  0.300799  0.845041  0.446302  0.300799  0.846427  0.457001  0.300965  
0.764977  0.0648097  0.642162  0.764977  0.0648097  0.642162  0.82801  0.167843  0.552436  
0.751491  0.659645  0.0493706  0.751491  0.659645  0.0493706  0.787174  0.615635  0.170164  
0.811694  0.330059  0.486842  0.811694  0.330059  0.486842  0.862671  0.335665  0.608108  
0.791528  0.546518  0.279336  0.791528  0.546518  0.279336  0.872357  0.613712  0.396934  
0.729673  0.122961  0.674401  0.729673  0.122961  0.674401  0.737009  0.123817  0.684915  
0.740257  0.658393  0.164009  0.740257  0.658393  0.164009  0.663361  0.804033  0.10056  
0.73967  0.246004  0.628283  0.73967  0.246004  0.628283  0.743255  0.25605  0.628647  
0.761237  0.490383  0.438753  0.761237  0.490383  0.438753  0.767259  0.535289  0.454491  
0.628952  0.00562002  0.778358  0.628952  0.00562002  0.778358  0.595096  0.049821  0.875451  
0.60955  0.794591  0.00415334  0.60955  0.794591  0.00415334  0.666351  0.759121  0.0186256  
0.718729  0.478584  0.50928  0.718729  0.478584  0.50928  0.718729  0.500861  0.588142  
0.671547  0.703312  0.248287  0.671547  0.703312  0.248287  0.696518  0.812379  0.249204  
0.647558  0.220891  0.732824  0.647558  0.220891  0.732824  0.746962  0.168259  0.730718  
0.603408  0.79462  0.0836601  0.603408  0.79462  0.0836601  0.915332  0.808172  0.0690474  
0.653375  0.369786  0.664196  0.653375  0.369786  0.664196  0.523004  0.372226  0.840665  
0.645068  0.648834  0.412086  0.645068  0.648834  0.412086  0.668155  0.668665  0.437932  
0.548225  0.101645  0.831481  0.548225  0.101645  0.831481  0.560341  0.116319  0.842151  
0.52342  0.851164  0.0659618  0.52342  0.851164  0.0659618  0.584938  0.911911  0.107432  
0.616283  0.472768  0.652049  0.616283  0.472768  0.652049  0.560233  0.520398  0.741003  
0.576205  0.73678  0.360291  0.576205  0.73678  0.360291  0.609296  0.746511  0.38427  
0.520025  0.151893  0.84399  0.520025  0.151893  0.84399  0.563524  0.279617  0.937704  
0.516245  0.83423  0.206325  0.516245  0.83423  0.206325  0.571755  0.823061  0.198209  
0.532354  0.331174  0.785539  0.532354  0.331174  0.785539  0.690608  0.380219  0.942467  
0.549101  0.65085  0.538485  0.549101  0.65085  0.538485  1.38481  1.43206  0.864791  
0.421425  0.00267278  0.907055  0.421425  0.00267278  0.907055  0.39935  0.150325  1.06089  
0.410792  0.912592  0.0425722  0.410792  0.912592  0.0425722  0.554708  0.8356  0.0780407  
0.504208  0.553214  0.669699  0.504208  0.553214  0.669699  0.517687  0.564433  0.692779  
0.462871  0.824542  0.347862  0.462871  0.824542  0.347862  0.477345  0.906141  0.398741  
0.426538  0.214156  0.882596  0.426538  0.214156  0.882596  0.428844  0.32725  0.858339  
0.404055  0.903059  0.165313  0.404055  0.903059  0.165313  0.424036  0.914616  0.180605  
0.427956  0.398496  0.816143  0.427956  0.398496  0.816143  0.526309  0.574701  0.834396  
0.436894  0.732977  0.529739  0.436894  0.732977  0.529739  0.631307  0.796383  0.895184  
0.33954  0.0760468  0.938174  0.33954  0.0760468  0.938174  0.359209  0.0837978  0.938174  
0.339121  0.938298  0.0815787  0.339121  0.938298  0.0815787  0.535141  1.02841  0.238051  
0.3997  0.47991  0.791351  0.3997  0.47991  0.791351  0.471365  0.404448  0.787842  
0.376303  0.810888  0.454752  0.376303  0.810888  0.454752  0.538495  0.925161  0.620821  
0.313002  0.149914  0.939486  0.313002  0.149914  0.939486  0.352048  0.213122  0.915333  
0.323909  0.907159  0.277427  0.323909  0.907159  0.277427  0.953795  1.24032  0.820891  
0.322378  0.321211  0.902578  0.322378  0.321211  0.902578  0.227022  0.348086  0.935883  
0.336902  0.689846  0.647607  0.336902  0.689846  0.647607  0.440926  0.631101  0.844777  
0.240775  0.00201663  0.970618  0.240775  0.00201663  0.970618  0.454495  0.159496  1.0833  
0.2284  0.974331  0.00518251  0.2284  0.974331  0.00518251  0.231282  0.992466  0.0709883  
0.30553  0.666969  0.688091  0.30553  0.666969  0.688091  0.475382  0.683981  0.67381  
0.269921  0.923039  0.285621  0.269921  0.923039  0.285621  0.299034  0.97926  0.292392  
0.246439  0.287174  0.929393  0.246439  0.287174  0.929393  0.356276  0.438417  0.961002  
0.22102  0.966171  0.146858  0.22102  0.966171  0.146858  0.613957  1.3602  0.500571  
0.254985  0.476498  0.849341  0.254985  0.476498  0.849341  0.460854  0.741246  0.86705  
0.24444  0.831813  0.514731  0.24444  0.831813  0.514731  0.180951  0.9563  0.575714  
0.190669  0.122028  0.976548  0.190669  0.122028  0.976548  0.44108  0.136713  1.1451  
0.174083  0.984099  0.0591342  0.174083  0.984099  0.0591342  0.182948  0.990371  0.0619465  
0.207682  0.593024  0.787879  0.207682  0.593024  0.787879  0.203827  0.617164  0.804965  
0.181768  0.89198  0.42043  0.181768  0.89198  0.42043  0.436418  1.07893  0.400712  
0.163991  0.204312  0.967654  0.163991  0.204312  0.967654  0.20392  0.248359  0.951379  
0.15574  0.961628  0.232195  0.15574  0.961628  0.232195  0.0804049  1.01032  0.35434  
0.157579  0.39682  0.910052  0.157579  0.39682  0.910052  0.157579  0.461527  0.937666  
0.0782383  0.780068  0.626213  0.0782383  0.780068  0.626213  0.11312  0.823492  0.671362  
0.115801  0.00208933  0.993311  0.115801  0.00208933  0.993311  0.142103  0.0742735  1.00142  
0.10708  0.994195  0.0226205  0.10708  0.994195  0.0226205  0.752497  1.73468  0.89535  
0.120866  0.648136  0.758822  0.120866  0.648136  0.758822  0.126186  0.831312  0.951259  
0.0168842  0.927189  0.376805  0.0168842  0.927189  0.376805  0.141115  0.94328  0.422626  
0.0972665  0.256928  0.964447  0.0972665  0.256928  0.964447  0.60035  0.378345  1.39321  
0.0848833  0.979383  0.188146  0.0848833  0.979383  0.188146  0.17361  1.00185  0.110322  
0.0642466  0.451858  0.895747  0.0642466  0.451858  0.895747  0.279647  0.702757  0.976889  
0.0123346  0.817333  0.577606  0.0123346  0.817333  0.577606  0.015397  0.819834  0.584846  
0.0566426  0.0903618  0.995941  0.0566426  0.0903618  0.995941  0.303529  0.247137  1.02351  
0.0508177  0.993936  0.105179  0.0508177  0.993936  0.105179  2.38124  2.61798  1.78073  
0.00640458  0.552091  0.83542  0.00640458  0.552091  0.83542  0.306472  1.01404  0.962634  
0.0374539  0.882069  0.477835  0.0374539  0.882069  0.477835  1.14355  0.90787  0.525959  
0.0163309  0.157142  0.988354  0.0163309  0.157142  0.988354  0.827178  0.955183  1.7864  
0.0351649  0.963207  0.277152  0.0351649  0.963207  0.277152  6.03555  7.80419  5.67518  
0.00672543  0.352762  0.937826  0.00672543  0.352762  0.937826  0.10489  0.374661  0.974577  
0.00420041  0.740303  0.673793  0.00420041  0.740303  0.673793  0.350864  1.00362  0.987143  
0.00547304  0.0234948  0.999756  0.00547304  0.0234948  0.999756  0.0383055  0.0412409  1.01332  
0.00049117  1  0.000493868  0.00049117  1  0.000493868  0.0116241  1.00777  0.0928232  
0.00360259  0.674169  0.74046  0.00360259  0.674169  0.74046  0.700809  1.32863  1.1089  
