1.00371  3.16279e-07  1.00371  3.16279e-07  1.02819  0.0381502  
3.49073e-12  1  3.49073e-12  1  0.0706576  1.12014  
0.995232  0.00506076  0.995232  0.00506076  1.24525  0.0870327  
0.987346  0.0149198  0.987346  0.0149198  4.14239  3.20317  
0.975391  0.025422  0.975391  0.025422  4.0254  2.87342  
0.965701  0.0355629  0.965701  0.0355629  0.994241  0.0727152  
0.956614  0.0455886  0.956614  0.0455886  0.95664  0.0464603  
0.945367  0.056193  0.945367  0.056193  1.19451  0.327348  
0.934004  0.0663397  0.934004  0.0663397  0.975526  0.261586  
0.923572  0.0765352  0.923572  0.0765352  0.943447  0.0892176  
0.913711  0.0867424  0.913711  0.0867424  1.75594  1.11451  
0.903905  0.0969909  0.903905  0.0969909  0.966408  0.11581  
0.893831  0.106876  0.893831  0.106876  0.911232  0.107679  
0.884063  0.117521  0.884063  0.117521  0.902663  0.132913  
0.872815  0.127604  0.872815  0.127604  1.32527  0.542922  
0.862833  0.137842  0.862833  0.137842  0.900438  0.189566  
0.853623  0.148131  0.853623  0.148131  0.885106  0.42724  
0.842069  0.158167  0.842069  0.158167  0.926765  0.444049  
0.831862  0.168411  0.831862  0.168411  0.987064  0.307084  
0.821561  0.178572  0.821561  0.178572  0.854557  0.209162  
0.811357  0.188807  0.811357  0.188807  0.821638  0.202744  
0.801156  0.198972  0.801156  0.198972  1.51173  0.726077  
0.791063  0.209232  0.791063  0.209232  0.812621  0.197151  
0.781277  0.219521  0.781277  0.219521  0.790033  0.222888  
0.770648  0.229647  0.770648  0.229647  0.772307  0.23294  
0.760407  0.23979  0.760407  0.23979  0.895935  0.43975  
0.750106  0.25003  0.750106  0.25003  0.872212  0.331463  
0.740092  0.260308  0.740092  0.260308  0.74212  0.271604  
0.729827  0.270499  0.729827  0.270499  0.877957  0.361054  
0.719564  0.28064  0.719564  0.28064  0.7208  0.303452  
0.709272  0.290851  0.709272  0.290851  1.89039  1.41067  
0.699111  0.301075  0.699111  0.301075  0.725029  0.320474  
0.688939  0.311297  0.688939  0.311297  0.751992  0.328815  
0.678677  0.321485  0.678677  0.321485  2.39388  2.17231  
0.668476  0.331685  0.668476  0.331685  0.762337  0.366713  
0.658257  0.341879  0.658257  0.341879  0.663554  0.337331  
0.648063  0.352098  0.648063  0.352098  0.649596  0.356359  
0.637834  0.362289  0.637834  0.362289  0.643533  0.36234  
0.627637  0.372498  0.627637  0.372498  0.637808  0.366436  
0.617406  0.382689  0.617406  0.382689  0.617774  0.38594  
0.607218  0.392908  0.607218  0.392908  0.598472  0.402833  
0.596973  0.403085  0.596973  0.403085  0.607311  0.413265  
0.586798  0.413295  0.586798  0.413295  0.644818  0.43192  
0.576574  0.423484  0.576574  0.423484  0.589908  0.413059  
0.566388  0.43372  0.566388  0.43372  0.58533  0.442642  
0.55616  0.443907  0.55616  0.443907  0.586017  0.414361  
0.545946  0.454099  0.545946  0.454099  0.862475  0.869875  
0.535742  0.464307  0.535742  0.464307  0.539368  0.460839  
0.525552  0.474524  0.525552  0.474524  0.526779  0.476431  
0.515333  0.484719  0.515333  0.484719  0.522683  0.491281  
0.505119  0.494915  0.505119  0.494915  0.537546  0.463186  
0.49492  0.505126  0.49492  0.505126  0.472543  0.527855  
0.484714  0.515325  0.484714  0.515325  0.523186  0.476989  
0.474513  0.525534  0.474513  0.525534  0.476184  0.527957  
0.464313  0.535743  0.464313  0.535743  0.465651  0.537243  
0.454097  0.545936  0.454097  0.545936  0.417966  0.582457  
0.443892  0.556147  0.443892  0.556147  4.88514  4.23845  
0.433693  0.566354  0.433693  0.566354  0.45593  0.544123  
0.423478  0.57656  0.423478  0.57656  0.424366  0.576937  
0.41328  0.586769  0.41328  0.586769  0.40592  0.594155  
0.403071  0.596948  0.403071  0.596948  0.378417  0.621867  
0.392864  0.607156  0.392864  0.607156  0.393199  0.60791  
0.382659  0.617356  0.382659  0.617356  0.401296  0.598733  
0.372452  0.627567  0.372452  0.627567  0.351937  0.648089  
0.362253  0.637772  0.362253  0.637772  0.36243  0.642073  
0.35204  0.647972  0.35204  0.647972  0.352441  0.648469  
0.341838  0.658168  0.341838  0.658168  0.334759  0.665262  
0.331637  0.668372  0.331637  0.668372  0.332088  0.668647  
0.321424  0.678582  0.321424  0.678582  0.327371  0.672714  
0.311222  0.688785  0.311222  0.688785  0.33927  0.820744  
0.301022  0.69899  0.301022  0.69899  0.301146  0.699325  
0.290817  0.709187  0.290817  0.709187  0.29199  0.709201  
0.280617  0.719405  0.280617  0.719405  0.290492  0.729949  
0.270407  0.729598  0.270407  0.729598  0.403777  0.779793  
0.260205  0.739805  0.260205  0.739805  3.45938  3.2208  
0.249999  0.750003  0.249999  0.750003  0.262844  0.73721  
0.239782  0.760223  0.239782  0.760223  0.25082  0.749185  
0.229589  0.770413  0.229589  0.770413  0.251617  0.748497  
0.219385  0.780616  0.219385  0.780616  0.185614  0.814874  
0.209184  0.790817  0.209184  0.790817  0.184549  0.815452  
0.198979  0.801022  0.198979  0.801022  0.185922  0.814629  
0.188776  0.811226  0.188776  0.811226  0.188782  0.811231  
0.178556  0.821445  0.178556  0.821445  0.178556  0.821445  
0.168359  0.831642  0.168359  0.831642  0.147287  0.852714  
0.15815  0.84185  0.15815  0.84185  0.182405  0.817596  
0.147959  0.852041  0.147959  0.852041  0.147959  0.852491  
0.137749  0.862251  0.137749  0.862251  0.137749  0.862251  
0.127548  0.872452  0.127548  0.872452  0.12758  0.872452  
0.117347  0.882653  0.117347  0.882653  0.140335  0.860099  
0.107142  0.892858  0.107142  0.892858  0.107142  0.895583  
0.0969384  0.903062  0.0969384  0.903062  0.11811  0.881901  
0.0867331  0.913267  0.0867331  0.913267  0.084221  0.916222  
0.0765302  0.92347  0.0765302  0.92347  0.0765302  0.92347  
0.0663263  0.933674  0.0663263  0.933674  0.066442  0.933734  
0.0561219  0.943878  0.0561219  0.943878  0.0540258  0.945979  
0.0459183  0.954082  0.0459183  0.954082  0.0610194  0.939004  
0.0357142  0.964286  0.0357142  0.964286  0.0357142  0.964286  
0.0255099  0.97449  0.0255099  0.97449  0.0235243  0.976476  
0.0153042  0.984696  0.0153042  0.984696  0.0138562  0.986272  
0.0051005  0.994899  0.0051005  0.994899  0.0663259  0.933803  
