1  1.67667e-130  1  1.67667e-130  1  1.67667e-130  
6.12323e-17  1  6.12323e-17  1  6.12323e-17  1  
0.999987  0.00512702  0.999987  0.00512702  1.61534  0.0166948  
0.999879  0.0155419  0.999879  0.0155419  1.68833  0.0656082  
0.999658  0.0261689  0.999658  0.0261689  0.999658  0.0261689  
0.999315  0.0370096  0.999315  0.0370096  0.999799  0.0200663  
0.998844  0.0480723  0.998844  0.0480723  1.55543  0.0358659  
0.998237  0.0593545  0.998237  0.0593545  1.64266  0.0976716  
0.997486  0.0708595  0.997486  0.0708595  1.55267  0.0558594  
0.996584  0.0825898  0.996584  0.0825898  1.62884  0.145238  
0.995521  0.094545  0.995521  0.094545  2.29485  0.153592  
0.994288  0.106731  0.994288  0.106731  0.991087  0.133213  
0.992877  0.119145  0.992877  0.119145  2.31414  0.249839  
0.991278  0.131787  0.991278  0.131787  1.69238  0.178151  
0.989481  0.144661  0.989481  0.144661  0.993588  0.113059  
0.987477  0.157762  0.987477  0.157762  0.980347  0.197283  
0.985255  0.17109  0.985255  0.17109  0.979582  0.201045  
0.982805  0.184647  0.982805  0.184647  0.96947  0.245211  
0.980116  0.198427  0.980116  0.198427  0.991324  0.131442  
0.977177  0.212429  0.977177  0.212429  0.968954  0.247241  
0.973976  0.226649  0.973976  0.226649  2.21184  0.392747  
0.970505  0.241081  0.970505  0.241081  1.50788  0.36335  
0.96675  0.255722  0.96675  0.255722  0.970343  0.241734  
0.962702  0.270563  0.962702  0.270563  0.949947  0.312412  
0.958349  0.2856  0.958349  0.2856  0.999704  0.0243154  
0.95368  0.300824  0.95368  0.300824  1.34058  0.887863  
0.948683  0.316227  0.948683  0.316227  2.08133  0.693777  
0.94335  0.331799  0.94335  0.331799  0.946216  0.323535  
0.93767  0.347527  0.93767  0.347527  0.594555  0.804055  
0.931633  0.363401  0.931633  0.363401  0.987629  0.156811  
0.925229  0.37941  0.925229  0.37941  0.893069  0.449919  
0.918451  0.395535  0.918451  0.395535  1.52366  0.687779  
0.91129  0.411765  0.91129  0.411765  1.26973  0.587341  
0.903737  0.428088  0.903737  0.428088  1.49274  0.739097  
0.89579  0.444477  0.89579  0.444477  0.882717  0.469904  
0.887441  0.460921  0.887441  0.460921  0.908176  0.418588  
0.878687  0.477398  0.878687  0.477398  0.877925  0.478799  
0.869524  0.49389  0.869524  0.49389  1.35897  0.789294  
0.859951  0.510377  0.859951  0.510377  1.42452  0.845448  
0.849966  0.526837  0.849966  0.526837  0.849966  0.526837  
0.839571  0.54325  0.839571  0.54325  0.855168  0.518352  
0.828767  0.559593  0.828767  0.559593  0.614155  0.789186  
0.817558  0.575846  0.817558  0.575846  0.788176  0.61545  
0.805951  0.591982  0.805951  0.591982  0.805951  0.591982  
0.793953  0.60798  0.793953  0.60798  0.793953  0.60798  
0.781567  0.623821  0.781567  0.623821  0.781567  0.623821  
0.768809  0.639478  0.768809  0.639478  1.27494  1.04952  
0.755689  0.654931  0.755689  0.654931  0.81222  0.583351  
0.742219  0.670157  0.742219  0.670157  1.51576  1.36859  
0.728412  0.68514  0.728412  0.68514  1.15864  1.13521  
0.714285  0.699855  0.714285  0.699855  0.714285  0.699855  
0.699856  0.714284  0.699856  0.714284  0.699856  0.714284  
0.68514  0.728412  0.68514  0.728412  0.714132  0.700012  
0.670159  0.742218  0.670159  0.742218  1.69918  1.68635  
0.654931  0.755689  0.654931  0.755689  0.623571  0.781767  
0.639478  0.768809  0.639478  0.768809  0.639478  0.768809  
0.623821  0.781568  0.623821  0.781568  1.00987  1.31912  
0.60798  0.793952  0.60798  0.793952  1.42564  1.86172  
0.591981  0.805952  0.591981  0.805952  0.932865  1.27005  
0.575845  0.817559  0.575845  0.817559  0.91195  1.26797  
0.559591  0.828769  0.559591  0.828769  0.559591  0.828769  
0.54325  0.839571  0.54325  0.839571  0.882808  1.36434  
0.526838  0.849966  0.526838  0.849966  0.566717  0.823913  
0.510377  0.859951  0.510377  0.859951  0.510377  0.859951  
0.493889  0.869525  0.493889  0.869525  0.493889  0.869525  
0.477397  0.878688  0.477397  0.878688  0.779252  1.43428  
0.460914  0.887445  0.460914  0.887445  1.27754  2.7001  
0.444476  0.895791  0.444476  0.895791  0.394604  0.918851  
0.428087  0.903738  0.428087  0.903738  0.370445  0.928854  
0.411764  0.911291  0.411764  0.911291  0.967369  2.04288  
0.395536  0.91845  0.395536  0.91845  0.40378  0.914856  
0.37941  0.925229  0.37941  0.925229  0.425673  0.904877  
0.363402  0.931632  0.363402  0.931632  0.330836  0.943688  
0.347528  0.93767  0.347528  0.93767  0.347528  0.93767  
0.331799  0.94335  0.331799  0.94335  0.53068  1.5088  
0.316227  0.948683  0.316227  0.948683  0.299947  0.953956  
0.300825  0.953679  0.300825  0.953679  0.640388  2.03017  
0.285601  0.958349  0.285601  0.958349  0.285601  0.958349  
0.270563  0.962702  0.270563  0.962702  0.562507  1.61037  
0.255722  0.96675  0.255722  0.96675  0.490226  1.64498  
0.241081  0.970505  0.241081  0.970505  0.370189  1.49024  
0.226649  0.973976  0.226649  0.973976  0.270176  0.962811  
0.212429  0.977177  0.212429  0.977177  0.212429  0.977177  
0.198428  0.980116  0.198428  0.980116  0.198428  0.980116  
0.184646  0.982805  0.184646  0.982805  0.280681  1.49397  
0.17109  0.985255  0.17109  0.985255  0.190266  0.981733  
0.157762  0.987477  0.157762  0.987477  0.157762  0.987477  
0.14466  0.989481  0.14466  0.989481  0.14466  0.989481  
0.131788  0.991278  0.131788  0.991278  0.119515  0.992832  
0.119145  0.992877  0.119145  0.992877  0.125595  0.992082  
0.106731  0.994288  0.106731  0.994288  0.106731  0.994288  
0.0945446  0.995521  0.0945446  0.995521  0.0827076  0.996574  
0.0825896  0.996584  0.0825896  0.996584  0.0868081  1.61046  
0.0708589  0.997486  0.0708589  0.997486  0.035953  0.999353  
0.0593544  0.998237  0.0593544  0.998237  0.10398  0.994579  
0.0480726  0.998844  0.0480726  0.998844  0.0720741  0.997399  
0.0370111  0.999315  0.0370111  0.999315  0.0155372  0.999879  
0.0261685  0.999658  0.0261685  0.999658  0.00361932  1.70243  
0.015542  0.999879  0.015542  0.999879  0.0314833  0.999504  
0.00512762  0.999987  0.00512762  0.999987  0.00139919  0.999999  
