1.02607  1.11097e-06  1.02607  1.11097e-06  1.46241  0.35184  
4.0371e-09  1.00042  4.0371e-09  1.00042  0.000203309  1.00051  
0.993575  0.00455748  0.993575  0.00455748  1.09248  0.0895948  
0.97372  0.0146192  0.97372  0.0146192  1.04217  0.161175  
0.965513  0.0234505  0.965513  0.0234505  1.24264  0.389341  
0.935668  0.0344274  0.935668  0.0344274  1.32623  0.304501  
0.916958  0.0434986  0.916958  0.0434986  1.38897  0.947834  
0.901515  0.0527123  0.901515  0.0527123  0.944581  0.12504  
0.883435  0.0619768  0.883435  0.0619768  1.15564  0.25536  
0.865915  0.0705324  0.865915  0.0705324  0.92308  0.199306  
0.848305  0.080546  0.848305  0.080546  0.860587  0.106303  
0.83732  0.0878738  0.83732  0.0878738  0.837462  0.0909479  
0.817082  0.0975811  0.817082  0.0975811  0.818948  0.0979164  
0.801772  0.106355  0.801772  0.106355  0.861033  0.237476  
0.786169  0.114886  0.786169  0.114886  0.860137  0.247873  
0.775231  0.121544  0.775231  0.121544  0.913104  0.201267  
0.757073  0.131435  0.757073  0.131435  0.762444  0.136229  
0.742645  0.139412  0.742645  0.139412  0.741385  0.152733  
0.727917  0.147317  0.727917  0.147317  0.885557  0.227145  
0.715779  0.155248  0.715779  0.155248  0.793064  0.272044  
0.702287  0.163328  0.702287  0.163328  0.702769  0.172042  
0.689071  0.17034  0.689071  0.17034  0.714649  0.199298  
0.677571  0.178252  0.677571  0.178252  1.02553  0.748351  
0.664121  0.186406  0.664121  0.186406  0.792376  0.274755  
0.650263  0.193856  0.650263  0.193856  0.735266  0.203582  
0.639046  0.201317  0.639046  0.201317  0.692145  0.213418  
0.627461  0.208877  0.627461  0.208877  0.635358  0.213987  
0.615638  0.216534  0.615638  0.216534  0.640713  0.31896  
0.603753  0.223609  0.603753  0.223609  0.613881  0.232261  
0.592898  0.231221  0.592898  0.231221  0.587449  0.234254  
0.582044  0.238447  0.582044  0.238447  0.891471  0.405834  
0.571422  0.245229  0.571422  0.245229  0.579895  0.279542  
0.560488  0.252698  0.560488  0.252698  0.568032  0.255846  
0.549136  0.259724  0.549136  0.259724  0.568315  0.250748  
0.538271  0.266646  0.538271  0.266646  0.531706  0.280086  
0.527589  0.274009  0.527589  0.274009  0.532138  0.279905  
0.517197  0.280966  0.517197  0.280966  0.522558  0.285954  
0.507164  0.288038  0.507164  0.288038  0.568275  0.289337  
0.497286  0.295101  0.497286  0.295101  0.541475  0.279836  
0.487461  0.302108  0.487461  0.302108  0.487964  0.306062  
0.477611  0.309035  0.477611  0.309035  0.464121  0.320256  
0.468188  0.31598  0.468188  0.31598  0.447762  0.353683  
0.458745  0.322943  0.458745  0.322943  0.461341  0.325771  
0.449214  0.329946  0.449214  0.329946  0.440452  0.368361  
0.440051  0.336938  0.440051  0.336938  0.441302  0.346465  
0.430917  0.343794  0.430917  0.343794  0.435907  0.340761  
0.421849  0.350741  0.421849  0.350741  0.421994  0.350763  
0.412834  0.357614  0.412834  0.357614  0.387584  0.379963  
0.403928  0.364706  0.403928  0.364706  0.40402  0.366319  
0.395156  0.371676  0.395156  0.371676  0.398916  0.374803  
0.386398  0.37856  0.386398  0.37856  0.386617  0.379389  
0.377692  0.385476  0.377692  0.385476  0.344653  0.423464  
0.369169  0.392483  0.369169  0.392483  0.369316  0.392632  
0.36068  0.399502  0.36068  0.399502  0.341635  0.419436  
0.352318  0.406506  0.352318  0.406506  0.378412  0.386292  
0.344011  0.41356  0.344011  0.41356  0.345883  0.416823  
0.335738  0.420602  0.335738  0.420602  0.335823  0.421571  
0.327563  0.427732  0.327563  0.427732  0.327604  0.427897  
0.31942  0.434878  0.31942  0.434878  0.295768  0.457456  
0.311358  0.442094  0.311358  0.442094  0.330855  0.431712  
0.303345  0.449277  0.303345  0.449277  0.327149  0.437132  
0.295392  0.456555  0.295392  0.456555  0.269949  0.484921  
0.287492  0.463838  0.287492  0.463838  0.287616  0.464258  
0.279658  0.471208  0.279658  0.471208  0.280579  0.47182  
0.27184  0.478641  0.27184  0.478641  0.22302  0.548496  
0.264104  0.486114  0.264104  0.486114  0.272406  0.478883  
0.256377  0.493685  0.256377  0.493685  0.256439  0.493965  
0.248728  0.501288  0.248728  0.501288  0.248893  0.501597  
0.241106  0.509008  0.241106  0.509008  0.252691  0.49752  
0.233513  0.516794  0.233513  0.516794  0.215191  0.538176  
0.225955  0.524679  0.225955  0.524679  0.218555  0.533044  
0.218427  0.532663  0.218427  0.532663  0.230845  0.521523  
0.210929  0.540752  0.210929  0.540752  0.207277  0.544846  
0.203457  0.548949  0.203457  0.548949  0.203514  0.55145  
0.196008  0.55729  0.196008  0.55729  0.197999  0.55729  
0.188582  0.565749  0.188582  0.565749  0.191979  0.566694  
0.181168  0.57437  0.181168  0.57437  0.181688  0.575358  
0.173783  0.583138  0.173783  0.583138  0.16655  0.592326  
0.166404  0.592093  0.166404  0.592093  0.162766  0.596667  
0.159032  0.60122  0.159032  0.60122  0.159311  0.601376  
0.151668  0.610562  0.151668  0.610562  0.137808  0.629955  
0.144305  0.62013  0.144305  0.62013  0.155715  0.606177  
0.136943  0.62995  0.136943  0.62995  0.136955  0.63003  
0.129579  0.640045  0.129579  0.640045  0.117307  0.66781  
0.1222  0.650442  0.1222  0.650442  0.122208  0.650442  
0.114813  0.66117  0.114813  0.66117  0.114851  0.661177  
0.107402  0.672289  0.107402  0.672289  0.100017  0.683798  
0.0999737  0.683824  0.0999737  0.683824  0.103674  0.678049  
0.0925094  0.695874  0.0925094  0.695874  0.111557  0.667131  
0.0850131  0.708461  0.0850131  0.708461  0.0811931  0.715108  
0.0774636  0.721709  0.0774636  0.721709  0.104235  0.677509  
0.0698615  0.735727  0.0698615  0.735727  0.0550895  0.766003  
0.0622032  0.750635  0.0622032  0.750635  0.0622415  0.750675  
0.0544288  0.76673  0.0544288  0.76673  0.0544579  0.76677  
0.0466193  0.784139  0.0466193  0.784139  0.232048  0.716582  
0.0386652  0.803375  0.0386652  0.803375  0.0504301  0.775452  
0.0305488  0.825334  0.0305488  0.825334  0.0073115  0.915224  
0.0222505  0.850946  0.0222505  0.850946  0.0263247  0.837896  
0.0137219  0.882965  0.0137219  0.882965  0.0267031  0.901753  
0.00475667  0.9313  0.00475667  0.9313  0.0049345  0.931398  
