2  8.70695e-16  2  8.70695e-16  2  0.00131001  
0.000181014  4.00018  0.000181014  4.00018  0.359558  3.93507  
1.99999  0.0102553  1.99999  0.0102553  2.00591  0.0804206  
1.99994  0.0310842  1.99994  0.0310842  2.00812  0.0689096  
1.99983  0.0523459  1.99983  0.0523459  1.99983  0.0516856  
1.99966  0.0740542  1.99966  0.0740542  1.99996  0.0244594  
1.99942  0.0962187  1.99942  0.0962187  1.99978  0.0595558  
1.99912  0.118854  1.99912  0.118854  1.99912  0.118854  
1.99874  0.141974  1.99874  0.141974  1.99873  0.142316  
1.99829  0.165587  1.99829  0.165587  2.00217  0.157005  
1.99775  0.189711  1.99775  0.189711  1.08702  3.35762  
1.99713  0.21436  1.99713  0.21436  1.9981  0.174151  
1.99641  0.239548  1.99641  0.239548  1.99575  0.330457  
1.9956  0.265286  1.9956  0.265286  2.00649  0.274911  
1.99468  0.291591  1.99468  0.291591  1.99521  0.276615  
1.99365  0.318483  1.99365  0.318483  1.99999  0.324494  
1.9925  0.345971  1.9925  0.345971  1.985  0.598107  
1.99124  0.374071  1.99124  0.374071  1.98984  0.40262  
1.98983  0.402809  1.98983  0.402809  1.98425  0.665837  
1.98829  0.432197  1.98829  0.432197  1.99062  0.545199  
1.9866  0.46224  1.9866  0.46224  1.98129  0.552617  
1.98475  0.492974  1.98475  0.492974  1.98475  0.492974  
1.98274  0.52441  1.98274  0.52441  1.99074  0.384501  
1.98054  0.556567  1.98054  0.556567  1.98889  0.564911  
1.97817  0.589448  1.97817  0.589448  1.96345  0.840329  
1.97558  0.623112  1.97558  0.623112  1.96857  0.707262  
1.97279  0.657525  1.97279  0.657525  1.97128  0.775022  
1.96978  0.692743  1.96978  0.692743  1.97263  0.659499  
1.96652  0.728784  1.96652  0.728784  1.98314  0.609624  
1.96302  0.765642  1.96302  0.765642  1.97966  0.569081  
1.95925  0.803347  1.95925  0.803347  1.97222  0.664404  
1.95519  0.841935  1.95519  0.841935  1.96167  0.779313  
1.95084  0.881407  1.95084  0.881407  1.97255  0.685998  
1.94617  0.921786  1.94617  0.921786  1.93516  1.03616  
1.94116  0.963084  1.94116  0.963084  1.92355  1.09539  
1.9358  1.00532  1.9358  1.00532  1.95574  0.91716  
1.93007  1.04852  1.93007  1.04852  1.93007  1.04852  
1.92393  1.09269  1.92393  1.09269  1.91966  1.1223  
1.91738  1.13785  1.91738  1.13785  1.94932  0.894745  
1.91038  1.184  1.91038  1.184  1.91038  1.184  
1.90291  1.23117  1.90291  1.23117  1.87392  1.40933  
1.89494  1.27937  1.89494  1.27937  1.90321  1.28764  
1.88645  1.32859  1.88645  1.32859  1.85172  1.51391  
1.87742  1.37885  1.87742  1.37885  1.83706  1.58142  
1.8678  1.43015  1.8678  1.43015  1.84115  1.56226  
1.85757  1.48249  1.85757  1.48249  1.65209  2.2544  
1.84669  1.53588  1.84669  1.53588  1.85457  1.54376  
1.83514  1.5903  1.83514  1.5903  1.8379  1.59866  
1.82288  1.64573  1.82288  1.64573  1.79194  1.81932  
1.80987  1.70218  1.80987  1.70218  1.53148  2.57356  
1.79609  1.75963  1.79609  1.75963  1.51044  2.62616  
1.78149  1.81803  1.78149  1.81803  1.73051  2.01366  
1.76603  1.87737  1.76603  1.87737  1.70023  2.10732  
1.74969  1.93762  1.74969  1.93762  1.62322  2.34636  
1.73242  1.99873  1.73242  1.99873  1.81892  1.74846  
1.71419  2.06065  1.71419  2.06065  1.62015  2.34532  
1.69495  2.12333  1.69495  2.12333  1.6918  2.13335  
1.67469  2.18671  1.67469  2.18671  1.69845  2.11213  
1.65335  2.25071  1.65335  2.25071  1.60623  2.38329  
1.63093  2.31524  1.63093  2.31524  1.67844  2.17517  
1.60736  2.38025  1.60736  2.38025  1.59064  2.45209  
1.58264  2.44562  1.58264  2.44562  1.58924  2.45222  
1.55673  2.51125  1.55673  2.51125  1.56483  2.51935  
1.52963  2.57701  1.52963  2.57701  1.56022  2.50258  
1.5013  2.64281  1.5013  2.64281  1.44178  2.77219  
1.47173  2.70851  1.47173  2.70851  1.40109  2.87557  
1.44093  2.77397  1.44093  2.77397  1.51884  2.62564  
1.40887  2.83907  1.40887  2.83907  1.15584  3.26437  
1.37559  2.90363  1.37559  2.90363  1.54723  2.56931  
1.34106  2.96753  1.34106  2.96753  1.68133  2.16623  
1.30533  3.03059  1.30533  3.03059  1.31365  3.03891  
1.26839  3.09269  1.26839  3.09269  1.25308  3.12781  
1.23031  3.15363  1.23031  3.15363  1.50521  2.63388  
1.1911  3.21327  1.1911  3.21327  1.19413  3.21629  
1.15083  3.27145  1.15083  3.27145  1.10908  3.32863  
1.10952  3.32805  1.10952  3.32805  1.10032  3.35493  
1.06727  3.38286  1.06727  3.38286  1.2939  3.05013  
1.0241  3.43583  1.0241  3.43583  1.0602  3.39174  
0.980115  3.48676  0.980115  3.48676  1.04513  3.4104  
0.935375  3.53558  0.935375  3.53558  0.459496  3.90529  
0.890002  3.58214  0.890002  3.58214  1.16715  3.26613  
0.843995  3.62639  0.843995  3.62639  0.843995  3.62639  
0.797561  3.66819  0.797561  3.66819  1.00597  3.47398  
0.750778  3.70747  0.750778  3.70747  0.632835  3.79448  
0.703648  3.74426  0.703648  3.74426  0.818576  3.66548  
0.656307  3.7785  0.656307  3.7785  0.762026  3.70167  
0.608862  3.81014  0.608862  3.81014  0.608926  3.8102  
0.561435  3.83916  0.561435  3.83916  0.839746  3.66278  
0.514079  3.8656  0.514079  3.8656  0.909491  3.57524  
0.466918  3.88947  0.466918  3.88947  0.407512  3.91609  
0.419967  3.91082  0.419967  3.91082  0.425473  3.91633  
0.373383  3.92967  0.373383  3.92967  0.624033  3.80031  
0.327204  3.94611  0.327204  3.94611  0.390418  3.92305  
0.281422  3.9602  0.281422  3.9602  0.226582  3.98018  
0.236334  3.97198  0.236334  3.97198  0.442703  3.94871  
0.191782  3.98157  0.191782  3.98157  0.218341  3.97609  
0.147886  3.98905  0.147886  3.98905  0.301804  4.00781  
0.104624  3.99452  0.104624  3.99452  0.287881  3.95835  
0.0621668  3.99807  0.0621668  3.99807  0.224685  3.97468  
0.0205813  3.99997  0.0205813  3.99997  0.160023  4.00734  
