0.857445  0.708966  3.32298  0.857445  0.708966  3.32298  0.857445  0.955744  3.0029  
0.708962  0.857731  3.32297  0.708962  0.857731  3.32297  0.460489  0.858357  4.27549  
1.72235e-258  2.48141e-10  6  1.72235e-258  2.48141e-10  6  1.72235e-258  2.48141e-10  6  
0.857444  0.708966  3.32298  0.857444  0.708966  3.32298  0.857816  0.708966  3.32292  
0.857387  0.774838  2.87229  0.857387  0.774838  2.87229  0.857759  0.763397  2.97381  
0.859401  0.251411  3.8802  0.859401  0.251411  3.8802  0.859401  0.251411  3.88978  
0.857939  0.804181  2.72889  0.857939  0.804181  2.72889  0.857939  0.812898  2.79685  
0.857318  0.657108  3.70919  0.857318  0.657108  3.70919  0.856327  0.903886  2.69972  
0.857417  0.744967  3.06099  0.857417  0.744967  3.06099  0.857203  0.752235  3.01196  
0.859401  0.188554  3.93389  0.859401  0.188554  3.93389  0.860392  0.149624  4.00972  
0.858972  0.821616  2.66878  0.858972  0.821616  2.66878  0.858455  0.812898  2.69627  
0.858188  0.686085  3.49611  0.858188  0.686085  3.49611  0.857753  0.686085  3.499  
0.857814  0.760302  2.9596  0.857814  0.760302  2.9596  0.857411  0.766314  2.92239  
0.859401  0.251411  3.8802  0.859401  0.251411  3.8802  0.85949  0.266427  3.89607  
0.858533  0.78916  2.79612  0.858533  0.78916  2.79612  0.858533  0.78916  2.79612  
0.859401  0.251411  3.8802  0.859401  0.251411  3.8802  0.859714  0.230384  3.88655  
0.857561  0.72814  3.18034  0.857561  0.72814  3.18034  0.85765  0.731801  3.15377  
0.8594  0.100696  4.12446  0.8594  0.100696  4.12446  0.860091  0.017178  4.28708  
0.858958  0.833066  2.64088  0.858958  0.833066  2.64088  0.859315  0.843404  2.62399  
0.857382  0.698109  3.4052  0.857382  0.698109  3.4052  0.972147  0.641895  4.28219  
0.857993  0.767625  2.91438  0.857993  0.767625  2.91438  0.883086  0.767437  3.01724  
0.8594  0.251411  3.8802  0.8594  0.251411  3.8802  0.858551  0.462  4.27772  
0.858347  0.796511  2.76151  0.858347  0.796511  2.76151  0.89721  0.794232  2.84967  
0.85802  0.63887  3.83367  0.85802  0.63887  3.83367  0.857091  0.63887  3.87183  
0.857542  0.736785  3.11812  0.857542  0.736785  3.11812  0.857542  0.706922  3.34734  
0.8594  0.145364  4.0192  0.8594  0.145364  4.0192  0.975316  0.136522  4.55508  
0.858245  0.812391  2.69805  0.858245  0.812391  2.69805  0.857695  0.786847  2.82992  
0.857701  0.672589  3.597  0.857701  0.672589  3.597  0.857701  0.663305  3.66483  
0.859161  0.752759  3.00831  0.859161  0.752759  3.00831  0.859405  0.760025  2.98513  
0.8594  0.235183  3.88399  0.8594  0.235183  3.88399  0.859367  0.441781  4.26822  
0.857859  0.781978  2.83296  0.857859  0.781978  2.83296  0.852338  0.761173  3.01082  
0.8594  0.251411  3.8802  0.8594  0.251411  3.8802  0.8594  0.259524  3.88116  
0.858528  0.718903  3.24833  0.858528  0.718903  3.24833  0.858766  0.669945  3.67758  
0.8594  0.0521373  4.23027  0.8594  0.0521373  4.23027  0.8594  0.355695  4.02572  
0.838324  0.857987  2.63136  0.838324  0.857987  2.63136  0.884897  0.857987  2.63974  
0.857909  0.703657  3.36306  0.857909  0.703657  3.36306  0.826523  0.707131  3.37833  
0.780518  0.816949  2.9095  0.780518  0.816949  2.9095  0.774998  0.796145  3.02033  
0.8594  0.25141  3.8802  0.8594  0.25141  3.8802  0.858718  0.0529253  4.22878  
0.791559  0.858559  2.78447  0.791559  0.858559  2.78447  0.830959  0.858559  2.64532  
0.859334  0.64838  3.76982  0.859334  0.64838  3.76982  0.859334  0.632846  3.87248  
0.775779  0.777133  3.11203  0.775779  0.777133  3.11203  0.775779  0.777133  3.11203  
0.8594  0.166915  3.97317  0.8594  0.166915  3.97317  0.8594  0.166915  3.97338  
0.805169  0.858079  2.72494  0.805169  0.858079  2.72494  0.831163  0.858554  2.64488  
0.859301  0.679539  3.54523  0.859301  0.679539  3.54523  0.932685  0.608735  4.22443  
0.742938  0.857484  3.07498  0.742938  0.857484  3.07498  0.742938  0.863618  3.07553  
0.819157  0.250518  3.94219  0.819157  0.250518  3.94219  0.819157  0.250518  3.95093  
0.7652  0.857902  2.92911  0.7652  0.857902  2.92911  0.77881  0.857994  2.85005  
0.857969  0.25141  3.88028  0.857969  0.25141  3.88028  0.857969  0.25141  3.89391  
0.711142  0.845264  3.31423  0.711142  0.845264  3.31423  0.695051  0.805287  3.62939  
0.794771  0.0838472  4.31895  0.794771  0.0838472  4.31895  0.84443  0.0838472  4.17233  
0.811105  0.857803  2.70263  0.811105  0.857803  2.70263  0.811105  0.857449  2.70268  
0.710756  0.77753  3.55235  0.710756  0.77753  3.55235  0.710756  0.77753  3.55235  
0.731356  0.857533  3.15701  0.731356  0.857533  3.15701  0.772394  0.816588  2.95612  
0.765361  0.248417  4.19435  0.765361  0.248417  4.19435  0.79099  0.213037  4.07413  
0.759524  0.857673  2.96455  0.759524  0.857673  2.96455  0.759524  0.857673  2.96455  
0.743601  0.679136  4.00447  0.743601  0.679136  4.00447  0.817208  0.416076  4.2515  
0.691415  0.858526  3.45581  0.691415  0.858526  3.45581  0.677641  0.81833  3.6239  
0.719603  0.168253  4.5996  0.719603  0.168253  4.5996  0.704898  0.250538  4.68655  
0.77401  0.85823  2.8769  0.77401  0.85823  2.8769  0.77401  0.85823  2.8984  
0.644793  0.811765  3.88038  0.644793  0.811765  3.88038  0.644793  0.839803  3.82282  
0.692585  0.859131  3.44692  0.692585  0.859131  3.44692  0.998088  0.827704  3.32969  
0.695453  0.248335  4.6915  0.695453  0.248335  4.6915  0.9095  0.461616  4.37557  
0.722021  0.85728  3.22534  0.722021  0.85728  3.22534  0.71388  0.856959  3.28608  
0.679502  0.677972  4.48843  0.679502  0.677972  4.48843  0.927336  0.674421  3.85435  
0.640077  0.859351  3.82566  0.640077  0.859351  3.82566  0.445744  0.859351  4.24999  
0.665835  0.042327  5.28061  0.665835  0.042327  5.28061  0.665835  0.042327  5.28061  
0.832727  0.858727  2.64158  0.832727  0.858727  2.64158  0.876265  0.85849  2.62526  
0.25141  0.8594  3.8802  0.25141  0.8594  3.8802  0.25141  0.8594  3.8802  
0.693703  0.859024  3.43845  0.693703  0.859024  3.43845  0.726614  0.859024  3.19136  
0.247933  0.686238  4.76127  0.247933  0.686238  4.76127  0.288391  0.666239  4.92952  
0.738303  0.857921  3.10733  0.738303  0.857921  3.10733  0.701702  0.817173  3.4878  
0.250896  0.803325  3.99846  0.250896  0.803325  3.99846  0.293014  0.839823  3.92022  
0.251411  0.8594  3.8802  0.251411  0.8594  3.8802  0.275078  0.8594  3.92078  
0.251409  0.251409  5.14639  0.251409  0.251409  5.14639  0.017286  0.244033  5.6598  
0.763449  0.858488  2.93983  0.763449  0.858488  2.93983  0.763449  0.858488  3.0104  
0.25141  0.8594  3.8802  0.25141  0.8594  3.8802  0.25141  0.8594  3.8802  
0.251411  0.859401  3.8802  0.251411  0.859401  3.8802  0.251411  0.8594  3.8802  
0.251409  0.251409  5.14639  0.251409  0.251409  5.14639  0.0293873  0.252947  5.5541  
0.672449  0.858148  3.59799  0.672449  0.858148  3.59799  0.672449  0.867494  3.60051  
0.248091  0.746405  4.31735  0.248091  0.746405  4.31735  0.243232  0.938417  4.12115  
0.25141  0.8594  3.8802  0.25141  0.8594  3.8802  0.346052  0.8594  4.00234  
0.251356  0.1535  5.26737  0.251356  0.1535  5.26737  0.458596  0.0731072  5.84594  
0.769784  0.858034  2.9015  0.769784  0.858034  2.9015  0.769784  0.857825  3.00788  
0.230633  0.8594  3.8864  0.230633  0.8594  3.8864  0.257535  0.8594  3.92865  
0.251411  0.859401  3.8802  0.251411  0.859401  3.8802  0.251411  0.859401  3.8802  
0.245496  0.648105  5.0384  0.245496  0.648105  5.0384  0.154452  0.650349  5.14139  
0.251411  0.859401  3.8802  0.251411  0.859401  3.8802  0.251411  0.859401  3.8802  
0.167175  0.786403  4.16853  0.167175  0.786403  4.16853  0.167254  0.816486  4.07329  
0.204076  0.8594  3.91141  0.204076  0.8594  3.91141  0.204076  0.790148  4.08865  
0.169079  0.246459  5.23544  0.169079  0.246459  5.23544  0.145194  0.246459  5.31388  
0.638031  0.857395  3.83924  0.638031  0.857395  3.83924  0.540683  0.856728  4.26803  
0.115132  0.8594  4.09006  0.115132  0.8594  4.09006  0.0224283  0.805146  4.39082  
0.160305  0.8594  3.98668  0.160305  0.8594  3.98668  0.160305  0.8594  3.98668  
0.113774  0.251409  5.35949  0.113774  0.251409  5.35949  0.17066  0.377114  5.45085  
0.175503  0.859401  3.95661  0.175503  0.859401  3.95661  0.10522  0.86014  4.11829  
0.0660037  0.750892  4.60923  0.0660037  0.750892  4.60923  0.000142411  0.552544  5.97731  
0.0621265  0.8594  4.21054  0.0621265  0.8594  4.21054  0.282129  0.858963  3.89395  
0.0430393  0.0767614  5.8124  0.0430393  0.0767614  5.8124  0.135742  0.0495548  5.72013  
0.251412  0.859401  3.8802  0.251412  0.859401  3.8802  0.251412  0.859401  3.98335  
0.00832401  0.8594  4.29803  0.00832401  0.8594  4.29803  0.0216027  0.8594  4.36712  
