1  1.14551e-189  1  1.14551e-189  1  1.14551e-189  
6.12323e-17  1  6.12323e-17  1  6.12323e-17  1  
0.999987  0.00512812  0.999987  0.00512812  0.999987  0.00512812  
0.999879  0.0155419  0.999879  0.0155419  2.36321  0.0896478  
0.999658  0.0261664  0.999658  0.0261664  0.999294  0.0375743  
0.999315  0.0370116  0.999315  0.0370116  0.999678  0.02537  
0.998844  0.0480718  0.998844  0.0480718  0.999494  0.031811  
0.998237  0.0593544  0.998237  0.0593544  0.998997  0.0447683  
0.997486  0.0708583  0.997486  0.0708583  1.71553  0.131224  
0.996584  0.0825897  0.996584  0.0825897  1.71446  0.163459  
0.99552  0.0945465  0.99552  0.0945465  0.992877  0.119148  
0.994288  0.106731  0.994288  0.106731  0.987786  0.155814  
0.992877  0.119145  0.992877  0.119145  1.63173  0.195807  
0.991278  0.131787  0.991278  0.131787  0.990664  0.136325  
0.989481  0.144661  0.989481  0.144661  0.991752  0.128172  
0.987477  0.157762  0.987477  0.157762  0.993632  0.112672  
0.985255  0.171091  0.985255  0.171091  2.52574  0.438599  
0.982805  0.184648  0.982805  0.184648  0.986475  0.163909  
0.980116  0.198427  0.980116  0.198427  1.63853  0.320435  
0.977177  0.212429  0.977177  0.212429  0.977177  0.212429  
0.973976  0.226649  0.973976  0.226649  2.31815  0.577159  
0.970505  0.241081  0.970505  0.241081  1.53407  0.444433  
0.96675  0.255721  0.96675  0.255721  0.96675  0.255721  
0.962702  0.270564  0.962702  0.270564  1.55588  0.542203  
0.958349  0.2856  0.958349  0.2856  0.951007  0.30917  
0.953679  0.300825  0.953679  0.300825  0.953679  0.300825  
0.948684  0.316226  0.948684  0.316226  0.940861  0.338793  
0.94335  0.331799  0.94335  0.331799  2.13656  0.869214  
0.93767  0.347528  0.93767  0.347528  1.57534  0.540729  
0.931632  0.363402  0.931632  0.363402  0.918453  0.395531  
0.925229  0.37941  0.925229  0.37941  0.882788  0.469771  
0.918451  0.395535  0.918451  0.395535  2.17662  0.960966  
0.91129  0.411766  0.91129  0.411766  0.920981  0.389607  
0.903738  0.428085  0.903738  0.428085  1.40607  0.812973  
0.895791  0.444476  0.895791  0.444476  1.15908  1.8771  
0.887442  0.46092  0.887442  0.46092  0.855895  0.51715  
0.878688  0.477397  0.878688  0.477397  2.33864  1.48304  
0.869524  0.49389  0.869524  0.49389  0.869524  0.49389  
0.859951  0.510377  0.859951  0.510377  0.824048  0.56652  
0.849966  0.526838  0.849966  0.526838  0.834402  0.551156  
0.83957  0.543251  0.83957  0.543251  0.807003  0.590547  
0.828767  0.559594  0.828767  0.559594  0.693201  0.720745  
0.817559  0.575845  0.817559  0.575845  0.833987  0.551783  
0.805952  0.591981  0.805952  0.591981  0.823122  0.567865  
0.793953  0.607979  0.793953  0.607979  1.37981  1.05661  
0.781567  0.623821  0.781567  0.623821  0.762188  0.647356  
0.76881  0.639477  0.76881  0.639477  0.917756  0.397145  
0.75569  0.654929  0.75569  0.654929  0.748993  0.662578  
0.742218  0.670159  0.742218  0.670159  1.26959  1.03397  
0.728411  0.68514  0.728411  0.68514  0.692569  0.721351  
0.714285  0.699855  0.714285  0.699855  1.06989  1.04828  
0.699855  0.714285  0.699855  0.714285  0.647185  0.762333  
0.68514  0.728411  0.68514  0.728411  1.08975  1.25761  
0.670159  0.742218  0.670159  0.742218  0.662564  0.749006  
0.654929  0.75569  0.654929  0.75569  1.08926  1.25685  
0.639478  0.76881  0.639478  0.76881  1.10555  1.32914  
0.623821  0.781568  0.623821  0.781568  1.0411  1.30437  
0.607981  0.793951  0.607981  0.793951  0.639465  0.76882  
0.591981  0.805952  0.591981  0.805952  0.591981  0.805952  
0.575845  0.817559  0.575845  0.817559  0.551783  0.833988  
0.559595  0.828766  0.559595  0.828766  0.591488  0.806314  
0.543251  0.83957  0.543251  0.83957  0.517986  0.855389  
0.526837  0.849966  0.526837  0.849966  0.711638  0.702547  
0.510378  0.85995  0.510378  0.85995  0.527058  0.849829  
0.49389  0.869524  0.49389  0.869524  0.44368  0.896185  
0.477397  0.878688  0.477397  0.878688  0.477397  0.878688  
0.460919  0.887442  0.460919  0.887442  0.407916  0.91302  
0.444477  0.89579  0.444477  0.89579  0.840802  1.47931  
0.428086  0.903738  0.428086  0.903738  0.428086  0.903738  
0.411766  0.91129  0.411766  0.91129  0.369872  0.929083  
0.395535  0.918451  0.395535  0.918451  0.395535  0.918451  
0.37941  0.925229  0.37941  0.925229  0.354322  0.935124  
0.363401  0.931633  0.363401  0.931633  0.585315  0.810806  
0.347528  0.93767  0.347528  0.93767  0.325033  0.945703  
0.331797  0.943351  0.331797  0.943351  0.293992  0.955808  
0.316228  0.948683  0.316228  0.948683  0.300953  0.953639  
0.300825  0.953679  0.300825  0.953679  0.331292  0.943528  
0.285601  0.958349  0.285601  0.958349  0.238348  0.97118  
0.270564  0.962702  0.270564  0.962702  0.262503  0.964931  
0.255721  0.966751  0.255721  0.966751  0.196312  0.980542  
0.241081  0.970505  0.241081  0.970505  0.268076  1.45272  
0.226649  0.973976  0.226649  0.973976  0.226649  0.973976  
0.212429  0.977176  0.212429  0.977176  0.0662222  0.997805  
0.198427  0.980116  0.198427  0.980116  0.171089  0.985255  
0.184648  0.982805  0.184648  0.982805  0.344954  1.63788  
0.171091  0.985255  0.171091  0.985255  0.28944  1.66679  
0.157762  0.987477  0.157762  0.987477  0.157762  0.987477  
0.144661  0.989481  0.144661  0.989481  0.164688  0.986346  
0.131787  0.991278  0.131787  0.991278  0.200671  1.6851  
0.119145  0.992877  0.119145  0.992877  0.119145  0.992877  
0.10673  0.994288  0.10673  0.994288  0.179112  1.6686  
0.0945462  0.99552  0.0945462  0.99552  0.132683  0.991159  
0.0825885  0.996584  0.0825885  0.996584  0.242031  2.23389  
0.0708595  0.997486  0.0708595  0.997486  0.0708595  0.997486  
0.0593539  0.998237  0.0593539  0.998237  0.114677  1.77282  
0.0480721  0.998844  0.0480721  0.998844  0.0361984  0.999345  
0.0370115  0.999315  0.0370115  0.999315  0.0477408  0.99886  
0.0261687  0.999658  0.0261687  0.999658  0.159346  2.24206  
0.0155412  0.999879  0.0155412  0.999879  0.0542928  0.998525  
0.00512745  0.999987  0.00512745  0.999987  0.00857342  3.03423  
