1  1.23914e-30  0  1  1.23914e-30  0  1  2.9254e-30  0  
6.12323e-17  1  5.47243e-261  6.12323e-17  1  5.47243e-261  6.13722e-17  1.00228  2.44404e-251  
6.12311e-17  3.90157e-19  1  6.12311e-17  3.90157e-19  1  0.106335  0.0164113  0.994195  
0.998511  0.0385814  0.0385668  0.998511  0.0385814  0.0385668  0.998511  0.0385814  0.0385668  
0.993763  0.105821  0.0351843  0.993763  0.105821  0.0351843  0.995141  0.0919587  0.0351843  
0.988793  0.0470867  0.141674  0.988793  0.0470867  0.141674  0.988797  0.0470869  0.141675  
0.979214  0.200793  0.0286748  0.979214  0.200793  0.0286748  0.979214  0.200793  0.0286748  
0.980606  0.100692  0.168146  0.980606  0.100692  0.168146  0.980606  0.100692  0.168146  
0.975061  0.190352  0.114111  0.975061  0.190352  0.114111  0.961284  0.260097  0.0939211  
0.955531  0.0416439  0.291934  0.955531  0.0416439  0.291934  0.946422  0.0605944  0.317198  
0.940318  0.33955  0.0225323  0.940318  0.33955  0.0225323  0.975902  0.221305  0.00883622  
0.957944  0.176213  0.226479  0.957944  0.176213  0.226479  0.958741  0.176359  0.226667  
0.945615  0.296137  0.134593  0.945615  0.296137  0.134593  0.946545  0.281516  0.157725  
0.925688  0.0850491  0.368603  0.925688  0.0850491  0.368603  0.90922  0.227714  0.355514  
0.916137  0.390599  0.090144  0.916137  0.390599  0.090144  0.907469  0.35952  0.217359  
0.921273  0.161123  0.353971  0.921273  0.161123  0.353971  0.885493  0.151008  0.439431  
0.920813  0.307937  0.239327  0.920813  0.307937  0.239327  0.659509  0.753416  0.0224187  
0.860451  0.0338849  0.508405  0.860451  0.0338849  0.508405  0.729285  0.028789  0.683605  
0.84019  0.542011  0.0174807  0.84019  0.542011  0.0174807  0.789678  0.613442  0.0174825  
0.895436  0.294402  0.333948  0.895436  0.294402  0.333948  0.935795  0.229479  0.275982  
0.868872  0.461071  0.180206  0.868872  0.461071  0.180206  0.6623  0.31923  0.678081  
0.846484  0.143532  0.512701  0.846484  0.143532  0.512701  0.849752  0.18878  0.492223  
0.820271  0.562414  0.104145  0.820271  0.562414  0.104145  0.818868  0.561452  0.119798  
0.846009  0.24724  0.472379  0.846009  0.24724  0.472379  0.295678  0.475658  0.828447  
0.842374  0.444652  0.304451  0.842374  0.444652  0.304451  0.844235  0.444178  0.304907  
0.763536  0.0608817  0.642889  0.763536  0.0608817  0.642889  0.764849  0.0609864  0.643994  
0.749501  0.658499  0.0680258  0.749501  0.658499  0.0680258  0.670931  0.738982  0.0680556  
0.809152  0.331109  0.485428  0.809152  0.331109  0.485428  0.809152  0.331109  0.485428  
0.788696  0.544653  0.285151  0.788696  0.544653  0.285151  0.788777  0.544709  0.28518  
0.728858  0.123587  0.673418  0.728858  0.123587  0.673418  0.728858  0.123587  0.673418  
0.734489  0.653505  0.182913  0.734489  0.653505  0.182913  0.630708  0.771237  0.0860919  
0.738627  0.244078  0.628375  0.738627  0.244078  0.628375  0.695062  0.474742  0.53999  
0.753996  0.492525  0.434637  0.753996  0.492525  0.434637  0.792575  0.517725  0.32536  
0.628689  0.0162879  0.777486  0.628689  0.0162879  0.777486  0.628689  0.0162879  0.777486  
0.608452  0.793491  0.0125649  0.608452  0.793491  0.0125649  0.425537  0.904931  0.00428688  
0.717506  0.476063  0.508477  0.717506  0.476063  0.508477  0.717561  0.4761  0.508516  
0.668101  0.699707  0.253084  0.668101  0.699707  0.253084  0.647846  0.678495  0.346324  
0.645774  0.221969  0.730552  0.645774  0.221969  0.730552  1.00074  1.24241e-13  2.62752e-29  
0.599964  0.789529  0.129177  0.599964  0.789529  0.129177  0.600049  0.789641  0.128097  
0.651256  0.370959  0.662009  0.651256  0.370959  0.662009  0.65126  0.370961  0.662014  
0.643487  0.644603  0.412808  0.643487  0.644603  0.412808  0.399199  0.75962  0.513535  
0.547681  0.100876  0.830584  0.547681  0.100876  0.830584  0.607928  0.165513  0.78238  
0.522583  0.849561  0.0717797  0.522583  0.849561  0.0717797  0.26828  0.960982  0.0718019  
0.607502  0.468318  0.641576  0.607502  0.468318  0.641576  0.629583  0.526207  0.575242  
0.577301  0.734001  0.357723  0.577301  0.734001  0.357723  0.608977  0.621109  0.493326  
0.517193  0.170856  0.838642  0.517193  0.170856  0.838642  0.54127  0.383265  0.7485  
0.514321  0.83103  0.21181  0.514321  0.83103  0.21181  0.514321  0.83103  0.21181  
0.529762  0.326963  0.78259  0.529762  0.326963  0.78259  0.407043  0.363708  0.839072  
0.543497  0.646367  0.535557  0.543497  0.646367  0.535557  0.511411  0.608208  0.607442  
0.422205  0.0371097  0.905741  0.422205  0.0371097  0.905741  0.511603  0.0102459  0.859161  
0.410044  0.910967  0.0447609  0.410044  0.910967  0.0447609  0.410046  0.910971  0.0447611  
0.50321  0.551327  0.665445  0.50321  0.551327  0.665445  0.504324  0.552548  0.666919  
0.464118  0.816001  0.344583  0.464118  0.816001  0.344583  0.491499  0.827746  0.270678  
0.424894  0.222471  0.87748  0.424894  0.222471  0.87748  0.327576  0.171516  0.929151  
0.402977  0.896114  0.18598  0.402977  0.896114  0.18598  0.402977  0.896114  0.18598  
0.433124  0.395164  0.810092  0.433124  0.395164  0.810092  0.243284  0.439605  0.864616  
0.435034  0.727319  0.530803  0.435034  0.727319  0.530803  0.4082  0.792627  0.455301  
0.339732  0.0757385  0.937468  0.339732  0.0757385  0.937468  0.395514  0.0858995  0.915051  
0.337671  0.934246  0.114729  0.337671  0.934246  0.114729  0.285007  0.953506  0.0979692  
0.393501  0.496005  0.774039  0.393501  0.496005  0.774039  0.242409  0.895009  0.389328  
0.376822  0.808172  0.452619  0.376822  0.808172  0.452619  0.492614  0.805663  0.33314  
0.31376  0.150695  0.937468  0.31376  0.150695  0.937468  0.668088  0.745791  1.23117e-30  
0.326649  0.903749  0.276656  0.326649  0.903749  0.276656  0.308071  0.932608  0.188954  
0.322669  0.321216  0.89034  0.322669  0.321216  0.89034  0.324672  0.32321  0.895866  
0.336819  0.686257  0.644673  0.336819  0.686257  0.644673  0.385852  0.706597  0.593529  
0.242232  0.0139765  0.970118  0.242232  0.0139765  0.970118  0.986661  0.144781  0.0745691  
0.231308  0.97285  0.00765919  0.231308  0.97285  0.00765919  1.00435  0.0199826  0.00769423  
0.304156  0.662991  0.684056  0.304156  0.662991  0.684056  0.304275  0.663249  0.684322  
0.26612  0.910578  0.316272  0.26612  0.910578  0.316272  0.00937359  0.901512  0.434778  
0.252106  0.294585  0.921771  0.252106  0.294585  0.921771  0.26475  0.30936  0.913347  
0.220974  0.964086  0.147336  0.220974  0.964086  0.147336  0.760217  0.367057  0.536112  
0.251302  0.485741  0.8372  0.251302  0.485741  0.8372  0.0108253  0.123125  0.994146  
0.242156  0.824548  0.511352  0.242156  0.824548  0.511352  0.137302  0.67169  0.727997  
0.19069  0.128318  0.973228  0.19069  0.128318  0.973228  0.209268  0.0950543  0.973228  
0.173816  0.981976  0.0742384  0.173816  0.981976  0.0742384  0.335046  0.944488  0.0357361  
0.213186  0.587901  0.780336  0.213186  0.587901  0.780336  0.258377  0.616272  0.743942  
0.194213  0.887526  0.417826  0.194213  0.887526  0.417826  0.147511  0.896472  0.417826  
0.165008  0.211015  0.963455  0.165008  0.211015  0.963455  0.0659129  0.0280773  0.997721  
0.157998  0.959578  0.23291  0.157998  0.959578  0.23291  0.158715  0.96393  0.213654  
0.160043  0.396132  0.904138  0.160043  0.396132  0.904138  0.12918  0.3495  0.927988  
0.164166  0.769226  0.617529  0.164166  0.769226  0.617529  0.164197  0.769372  0.617646  
0.117053  0.055673  0.991564  0.117053  0.055673  0.991564  0.0332126  0.0156229  0.999484  
0.108101  0.993321  0.040347  0.108101  0.993321  0.040347  0.108178  0.994032  0.0140701  
0.13644  0.643844  0.752894  0.13644  0.643844  0.752894  0.346576  0.768494  0.537868  
0.117575  0.919969  0.373943  0.117575  0.919969  0.373943  0.189283  0.870627  0.454071  
0.101313  0.256928  0.961106  0.101313  0.256928  0.961106  0.112161  0.342072  0.932956  
0.0909615  0.977226  0.191718  0.0909615  0.977226  0.191718  0.18034  0.985126  0.0513162  
0.0948208  0.449364  0.888302  0.0948208  0.449364  0.888302  0.204178  0.967616  0.148427  
0.090406  0.813399  0.574639  0.090406  0.813399  0.574639  0.140529  0.853931  0.501052  
0.0633245  0.0933937  0.993613  0.0633245  0.0933937  0.993613  0.0710674  0.148709  0.986324  
0.0577867  0.992014  0.112114  0.0577867  0.992014  0.112114  0.0580214  0.996043  0.0847679  
0.0624154  0.551121  0.832088  0.0624154  0.551121  0.832088  0.0624204  0.551164  0.832154  
0.0555079  0.877773  0.47585  0.0555079  0.877773  0.47585  0.0629863  0.996033  0.0628571  
0.0373459  0.171602  0.984458  0.0373459  0.171602  0.984458  0.0373512  0.171627  0.9846  
0.0346992  0.959096  0.280948  0.0346992  0.959096  0.280948  0.0621011  0.957716  0.280949  
0.02746  0.352094  0.935562  0.02746  0.352094  0.935562  0.02746  0.352094  0.935562  
0.0211203  0.739275  0.673072  0.0211203  0.739275  0.673072  0.0211213  0.73931  0.673104  
0.0128693  0.0239772  0.99963  0.0128693  0.0239772  0.99963  0.00591132  0.00783689  0.999952  
0.0080002  0.999681  0.0239687  0.0080002  0.999681  0.0239687  0.00096725  1.00095  0.00977973  
4.122e-17  0.673174  0.739484  4.122e-17  0.673174  0.739484  4.122e-17  0.673174  0.739484  
