2.06926  0.069464  0.069464  2.06926  0.069464  0.069464  2.0516  0.0694693  0.0695629  
0.069464  4.06892  0.069464  0.069464  4.06892  0.069464  0.294868  2.22122  0.0694643  
0.122389  0.122389  6.12239  0.122389  0.122389  6.12239  0.541023  0.370518  2.69181  
1.61018  0.12905  0.12905  1.61018  0.12905  0.12905  1.56123  0.140669  0.159933  
1.43387  0.214787  0.117897  1.43387  0.214787  0.117897  1.39969  0.211825  0.191348  
1.51849  0.138743  0.2773  1.51849  0.138743  0.2773  1.51849  0.138743  0.2773  
1.28715  0.319316  0.105157  1.28715  0.319316  0.105157  1.29266  0.315128  0.105157  
1.37713  0.204079  0.29382  1.37713  0.204079  0.29382  1.42961  0.239277  0.341297  
1.25703  0.30144  0.208643  1.25703  0.30144  0.208643  1.31832  0.36273  0.269933  
1.47663  0.130901  0.499504  1.47663  0.130901  0.499504  1.48084  0.131084  0.480675  
1.13907  0.45569  0.0952117  1.13907  0.45569  0.0952117  1.1478  0.459681  0.084061  
1.23785  0.28441  0.345823  1.23785  0.28441  0.345823  1.43875  0.267036  0.42177  
1.13175  0.402124  0.220671  1.13175  0.402124  0.220671  1.30757  0.367221  0.315604  
1.33819  0.186107  0.574886  1.33819  0.186107  0.574886  1.34066  0.186335  0.562243  
1.06019  0.4922  0.167011  1.06019  0.4922  0.167011  1.29092  0.531582  0.30029  
1.21745  0.270365  0.511405  1.21745  0.270365  0.511405  1.20804  0.270299  0.554259  
1.0893  0.410816  0.334961  1.0893  0.410816  0.334961  1.13114  0.452897  0.424997  
1.41248  0.122374  0.8631  1.41248  0.122374  0.8631  1.35607  0.127823  1.01812  
0.970401  0.650692  0.088213  0.970401  0.650692  0.088213  1.0757  0.634342  0.184705  
1.07474  0.400233  0.444328  1.07474  0.400233  0.444328  1.07218  0.398391  0.464906  
0.976196  0.550673  0.25775  0.976196  0.550673  0.25775  0.9905  0.57591  0.277129  
1.18378  0.258449  0.744412  1.18378  0.258449  0.744412  1.64191  0.0749093  0.744412  
0.918692  0.651857  0.177313  0.918692  0.651857  0.177313  1.70619  0.0896194  0.208618  
1.07538  0.363684  0.631159  1.07538  0.363684  0.631159  1.76426  0.0959371  0.0853453  
0.955175  0.537315  0.38957  0.955175  0.537315  0.38957  0.912109  0.569898  0.462199  
1.2462  0.17196  1.06026  1.2462  0.17196  1.06026  1.4671  0.190446  0.134783  
0.854331  0.758919  0.140784  0.854331  0.758919  0.140784  0.797725  0.842619  0.140784  
0.990153  0.44736  0.62176  0.990153  0.44736  0.62176  1.00499  0.462798  0.561995  
0.883385  0.631497  0.363812  0.883385  0.631497  0.363812  0.850649  0.641567  0.485492  
1.12408  0.249909  1.04386  1.12408  0.249909  1.04386  1.36628  0.292611  0.0743147  
0.826459  0.742964  0.258044  0.826459  0.742964  0.258044  0.816746  0.751141  0.273679  
1.00722  0.38164  0.867239  1.00722  0.38164  0.867239  1.09456  0.471639  1.00091  
0.876312  0.596487  0.534482  0.876312  0.596487  0.534482  0.976958  0.689291  0.62783  
1.09814  0.1105  1.34162  1.09814  0.1105  1.34162  1.57917  0.133575  0.160646  
0.757627  0.966922  0.0837081  0.757627  0.966922  0.0837081  0.820359  1.02965  0.146439  
0.859467  0.595376  0.6293  0.859467  0.595376  0.6293  0.932722  0.678289  0.106702  
0.768835  0.801358  0.334237  0.768835  0.801358  0.334237  0.789166  0.821606  0.370198  
0.96016  0.37792  1.07708  0.96016  0.37792  1.07708  1.1252  0.520233  0.897713  
0.721075  0.927007  0.20978  0.721075  0.927007  0.20978  0.820935  1.01567  0.16834  
0.868763  0.525272  0.881994  0.868763  0.525272  0.881994  1.77314  0.190148  0.18069  
0.7603  0.761427  0.513082  0.7603  0.761427  0.513082  0.708894  0.811857  0.621264  
0.898698  0.223901  1.32703  0.898698  0.223901  1.32703  0.932305  0.200335  1.32703  
0.671113  1.04757  0.152321  0.671113  1.04757  0.152321  0.743345  1.11981  0.224554  
0.795687  0.628951  0.836171  0.795687  0.628951  0.836171  0.856439  0.689703  0.896923  
0.700299  0.870922  0.460873  0.700299  0.870922  0.460873  0.763944  0.83  0.274596  
0.818204  0.32146  1.28363  0.818204  0.32146  1.28363  0.84769  0.344944  1.29675  
0.65065  1.00835  0.308763  0.65065  1.00835  0.308763  0.737821  0.738808  0.728365  
0.80163  0.525714  1.15006  0.80163  0.525714  1.15006  0.805601  0.597764  1.30218  
0.696265  0.81447  0.686773  0.696265  0.81447  0.686773  0.859124  0.554655  0.806968  
0.874581  0.154407  1.79663  0.874581  0.154407  1.79663  0.838495  0.189218  1.95094  
0.590274  1.22642  0.126361  0.590274  1.22642  0.126361  0.844987  1.08397  0.192034  
0.696722  0.755648  0.897588  0.696722  0.755648  0.897588  0.696722  0.755648  0.897588  
0.612129  1.02371  0.472363  0.612129  1.02371  0.472363  0.612129  1.02371  0.472363  
0.694838  0.398618  1.36076  0.694838  0.398618  1.36076  0.703351  0.43726  1.28907  
0.567004  1.17586  0.299091  0.567004  1.17586  0.299091  0.567004  1.17586  0.299091  
0.687691  0.633775  1.22561  0.687691  0.633775  1.22561  1.41135  0.0871633  1.20803  
0.604993  0.962577  0.721473  0.604993  0.962577  0.721473  0.647087  1.00474  0.762137  
0.74317  0.227003  1.92845  0.74317  0.227003  1.92845  0.867587  0.229903  1.5072  
0.519935  1.315  0.222466  0.519935  1.315  0.222466  0.577818  1.37288  0.280349  
0.626507  0.769489  1.16357  0.626507  0.769489  1.16357  0.74703  0.900071  0.428862  
0.548356  1.09607  0.645385  0.548356  1.09607  0.645385  0.573927  1.15089  0.325128  
0.64215  0.349356  1.78022  0.64215  0.349356  1.78022  0.676839  0.384046  1.81491  
0.501936  1.26562  0.435622  0.501936  1.26562  0.435622  0.52259  1.26978  0.592709  
0.557265  0.556145  1.41509  0.557265  0.556145  1.41509  1.31921  0.244911  0.263363  
0.538928  1.01528  0.958148  0.538928  1.01528  0.958148  0.645136  1.12741  0.989734  
0.666518  0.107663  2.48091  0.666518  0.107663  2.48091  0.666518  0.107663  2.48091  
0.443239  1.64153  0.0818424  0.443239  1.64153  0.0818424  0.475054  1.67335  0.113657  
0.511591  1.03093  1.06143  0.511591  1.03093  1.06143  0.621718  1.1391  1.18926  
0.448048  1.36477  0.51941  0.448048  1.36477  0.51941  0.684704  0.948309  0.409467  
0.500334  0.571843  1.64153  0.500334  0.571843  1.64153  0.585707  0.656365  1.78567  
0.409785  1.55467  0.296926  0.409785  1.55467  0.296926  0.467564  1.61245  0.354705  
0.446536  0.797975  1.32545  0.446536  0.797975  1.32545  0.446519  0.797942  1.32553  
0.431177  1.3002  0.832833  0.431177  1.3002  0.832833  0.441315  1.30844  0.842426  
0.514787  0.37118  2.34238  0.514787  0.37118  2.34238  0.67554  0.535541  2.56578  
0.36557  1.73959  0.195836  0.36557  1.73959  0.195836  0.433789  1.80781  0.264056  
0.400353  0.976927  1.27392  0.400353  0.976927  1.27392  0.40695  0.974859  1.27166  
0.377641  1.4772  0.732885  0.377641  1.4772  0.732885  0.416536  1.56352  0.784075  
0.435112  0.535284  2.19631  0.435112  0.535284  2.19631  0.539084  0.639256  2.30029  
0.338696  1.69266  0.463402  0.338696  1.69266  0.463402  0.577861  0.944372  1.26153  
0.368954  0.793441  1.72162  0.368954  0.793441  1.72162  0.384467  0.800304  1.75905  
0.351309  1.38588  1.12634  0.351309  1.38588  1.12634  0.441725  1.46145  1.26664  
0.406354  0.234083  2.92294  0.406354  0.234083  2.92294  0.518979  0.326885  2.68261  
0.28503  2.05007  0.149966  0.28503  2.05007  0.149966  0.457453  2.21228  0.309327  
0.297799  1.14657  1.32917  0.297799  1.14657  1.32917  0.474177  0.854503  1.36504  
0.285548  1.75834  0.756202  0.285548  1.75834  0.756202  0.279951  1.76236  0.797043  
0.316317  0.686888  2.37965  0.316317  0.686888  2.37965  0.368963  0.778523  1.87633  
0.249847  2.01466  0.451228  0.249847  2.01466  0.451228  0.481311  1.44035  0.512194  
0.266073  0.994323  1.8976  0.266073  0.994323  1.8976  0.319072  1.03538  1.94748  
0.24726  1.66846  1.19979  0.24726  1.66846  1.19979  0.45364  1.46298  1.342  
0.271415  0.363679  3.20055  0.271415  0.363679  3.20055  0.316863  0.409128  3.246  
0.200569  2.29668  0.321234  0.200569  2.29668  0.321234  0.200569  2.29668  0.321234  
0.208235  1.25154  1.85419  0.208235  1.25154  1.85419  0.29999  1.39615  1.72273  
0.189886  1.98322  1.107  0.189886  1.98322  1.107  0.212244  2.00558  1.12936  
0.187862  0.568843  2.93459  0.187862  0.568843  2.93459  0.322792  0.446387  2.75691  
0.156574  2.34469  0.735939  0.156574  2.34469  0.735939  0.756374  1.15613  0.309318  
0.149758  0.98489  2.50188  0.149758  0.98489  2.50188  0.213439  1.86163  1.2337  
0.126923  1.69132  1.54608  0.126923  1.69132  1.54608  0.335536  0.923372  1.55971  
0.134942  0.1858  4.94344  0.134942  0.1858  4.94344  0.1443  0.195158  4.9528  
0.0942971  3.18893  0.144293  0.0942971  3.18893  0.144293  0.0942971  3.18893  0.144293  
0.076316  1.90972  2.09071  0.076316  1.90972  2.09071  0.133897  1.97049  2.14847  
