2.05  0.0501868  0.050674  2.05  0.0501868  0.050674  2.03415  0.378853  0.620053  
0.204371  4.03396  0.19513  0.204371  4.03396  0.19513  0.222363  4.0324  0.196352  
0.192103  0.183119  6.0315  0.192103  0.183119  6.0315  1.37705  2.20243  4.89539  
2.04696  0.125245  0.124824  2.04696  0.125245  0.124824  2.04427  0.12514  0.367956  
2.04454  0.259666  0.118533  2.04454  0.259666  0.118533  1.64083  2.37151  1.04726  
2.04466  0.143324  0.33297  2.04466  0.143324  0.33297  2.03286  0.281599  0.685624  
2.03703  0.454431  0.106118  2.03703  0.454431  0.106118  2.04325  0.305096  0.108201  
2.04163  0.252571  0.388569  2.04163  0.252571  0.388569  2.04496  0.216396  0.212952  
2.03659  0.434781  0.280086  2.03659  0.434781  0.280086  2.03519  0.531634  0.265867  
2.03684  0.132154  0.653106  2.03684  0.132154  0.653106  2.03684  0.132154  0.653106  
2.01586  0.755449  0.0951834  2.01586  0.755449  0.0951834  2.03258  0.518706  0.236365  
2.03309  0.411493  0.515193  2.03309  0.411493  0.515193  2.03331  0.406665  0.515193  
2.02146  0.663215  0.32751  2.02146  0.663215  0.32751  2.04195  0.313388  0.248673  
2.02819  0.229429  0.83327  2.02819  0.229429  0.83327  2.03739  0.238636  0.842477  
2.00284  0.878289  0.239428  2.00284  0.878289  0.239428  2.00135  0.877656  0.350171  
2.02398  0.392329  0.8053  2.02398  0.392329  0.8053  2.00728  0.461427  1.07117  
2.01314  0.702912  0.557168  2.01314  0.702912  0.557168  2.01314  0.702912  0.557168  
2.00975  0.125158  1.20188  2.00975  0.125158  1.20188  1.96988  0.153633  1.701  
1.95169  1.27045  0.0874415  1.95169  1.27045  0.0874415  1.47618  2.82054  0.635005  
2.00661  0.689636  0.775035  2.00661  0.689636  0.775035  1.87844  1.57403  0.83871  
1.97686  1.06703  0.446622  1.97686  1.06703  0.446622  1.96544  1.09799  0.68825  
2.00159  0.37803  1.22558  2.00159  0.37803  1.22558  1.40934  2.82937  1.42452  
1.93878  1.33856  0.286785  1.93878  1.33856  0.286785  1.95318  1.25087  0.286785  
1.99417  0.614669  1.12946  1.99417  0.614669  1.12946  1.92877  1.04582  1.42774  
1.96886  1.05803  0.73878  1.96886  1.05803  0.73878  1.96886  1.05803  0.73878  
1.97209  0.215038  1.66013  1.97209  0.215038  1.66013  1.96102  0.492497  1.66013  
1.87944  1.64868  0.213604  1.87944  1.64868  0.213604  1.63894  2.46634  0.2513  
1.97077  0.833653  1.19589  1.97077  0.833653  1.19589  1.869  0.871266  2.19519  
1.92684  1.3393  0.724279  1.92684  1.3393  0.724279  1.64354  2.42816  0.614993  
1.95336  0.372705  1.79998  1.95336  0.372705  1.79998  1.94973  0.930172  1.38975  
1.87111  1.66207  0.499887  1.87111  1.66207  0.499887  1.89391  1.84923  0.290262  
1.94833  0.677464  1.65648  1.94833  0.677464  1.65648  1.09011  3.02789  2.54362  
1.91888  1.26386  1.12099  1.91888  1.26386  1.12099  1.81026  1.14667  2.35308  
1.89764  0.114054  2.32407  1.89764  0.114054  2.32407  1.90991  0.145529  2.23371  
1.72549  2.22392  0.082612  1.72549  2.22392  0.082612  1.34331  1.72821  3.85962  
1.90047  1.27523  1.35407  1.90047  1.27523  1.35407  1.75515  1.46213  2.33937  
1.81066  1.88297  0.711803  1.81066  1.88297  0.711803  1.72133  2.13703  1.08688  
1.8961  0.684998  2.1283  1.8961  0.684998  2.1283  1.991  0.717725  1.04475  
1.71802  2.23394  0.405604  1.71802  2.23394  0.405604  1.96856  1.50095  0.324059  
1.87766  1.08631  1.89861  1.87766  1.08631  1.89861  1.88158  0.783596  2.17632  
1.80591  1.80002  1.17072  1.80591  1.80002  1.17072  1.75325  1.17961  2.68  
1.82823  0.377996  2.73364  1.82823  0.377996  2.73364  1.49637  0.194603  4.19141  
1.60217  2.55982  0.260945  1.60217  2.55982  0.260945  1.50246  2.79518  0.259893  
1.8226  1.40817  1.91173  1.8226  1.40817  1.91173  2.27675  1.12364  2.25522  
1.71335  2.15229  1.07549  1.71335  2.15229  1.07549  1.50155  2.66121  1.31636  
1.79023  0.631491  2.85793  1.79023  0.631491  2.85793  1.79072  0.631978  2.85842  
1.59826  2.53775  0.682492  1.59826  2.53775  0.682492  1.92716  1.35198  0.683248  
1.77817  1.12024  2.58795  1.77817  1.12024  2.58795  1.77817  1.12024  2.58795  
1.70513  2.00648  1.67097  1.70513  2.00648  1.67097  1.58439  2.3671  1.67097  
1.67627  0.20732  3.5212  1.67627  0.20732  3.5212  1.23688  0.850541  5.90977  
1.39042  3.01007  0.193516  1.39042  3.01007  0.193516  1.39042  3.01007  0.193516  
1.68742  1.83158  2.20023  1.68742  1.83158  2.20023  1.69072  1.83487  2.20352  
1.52845  2.6353  1.14004  1.52845  2.6353  1.14004  1.46583  2.52589  2.06605  
1.66116  0.888986  3.35987  1.66116  0.888986  3.35987  1.66816  0.83206  3.36052  
1.38314  2.99666  0.660032  1.38314  2.99666  0.660032  1.35882  3.0093  0.93427  
1.63352  1.48779  2.99594  1.63352  1.48779  2.99594  1.60925  1.46592  3.14588  
1.51806  2.48542  1.82634  1.51806  2.48542  1.82634  1.72321  1.96807  1.71823  
1.51868  0.38412  4.08058  1.51868  0.38412  4.08058  1.78328  1.29613  2.36607  
1.2231  3.2727  0.444083  1.2231  3.2727  0.444083  1.58139  2.63855  0.319806  
1.53441  1.90785  2.94874  1.53441  1.90785  2.94874  1.54524  2.76182  2.5998  
1.36882  2.85994  1.62544  1.36882  2.85994  1.62544  1.46606  2.79533  0.996458  
1.4488  0.728006  4.20506  1.4488  0.728006  4.20506  1.48294  0.744585  4.09254  
1.21  3.23662  1.02411  1.21  3.23662  1.02411  0.862651  3.69138  0.427816  
1.43662  1.42123  3.85328  1.43662  1.42123  3.85328  1.43082  1.40714  3.88351  
1.34057  2.63362  2.47727  1.34057  2.63362  2.47727  1.34057  2.63362  2.47727  
1.25267  0.0789226  4.83559  1.25267  0.0789226  4.83559  1.25104  0.176717  4.83559  
0.915239  3.65626  0.076363  0.915239  3.65626  0.076363  1.11061  3.44008  0.182581  
1.26335  2.66933  2.75429  1.26335  2.66933  2.75429  1.97239  1.49167  3.10815  
1.04444  3.42575  1.22081  1.04444  3.42575  1.22081  0.977952  3.56944  0.594516  
1.2449  1.43269  4.38097  1.2449  1.43269  4.38097  1.75452  2.9702  1.92963  
0.885268  3.66084  0.601379  0.885268  3.66084  0.601379  0.849634  3.68255  1.49967  
1.17967  2.21554  3.78673  1.17967  2.21554  3.78673  0.612758  1.12553  5.58528  
1.00948  3.28829  2.05755  1.00948  3.28829  2.05755  1.267  3.12991  1.17772  
1.05366  0.721964  5.13329  1.05366  0.721964  5.13329  1.21041  1.73785  4.90172  
0.723398  3.80737  0.332177  0.723398  3.80737  0.332177  0.517431  3.92919  0.379986  
1.01373  2.66965  3.52992  1.01373  2.66965  3.52992  1.51085  1.55072  4.11447  
0.826218  3.56241  1.70418  0.826218  3.56241  1.70418  0.781868  3.70291  1.57026  
0.936484  1.16611  5.16121  0.936484  1.16611  5.16121  0.765481  0.943049  5.49043  
0.678623  3.79435  0.957255  0.678623  3.79435  0.957255  1.25212  3.18242  0.957255  
0.883812  2.04612  4.60825  0.883812  2.04612  4.60825  0.790847  2.18777  4.60825  
0.760916  3.34217  2.69248  0.760916  3.34217  2.69248  1.15653  4.08952  2.38105  
0.721781  0.359136  5.67685  0.721781  0.359136  5.67685  0.862877  0.424347  5.49699  
0.481896  3.95057  0.206527  0.481896  3.95057  0.206527  0.717122  3.8069  0.453731  
0.689935  3.03506  3.54079  0.689935  3.03506  3.54079  0.761041  2.64944  4.09438  
0.536578  3.79494  1.57116  0.536578  3.79494  1.57116  0.584668  3.78116  1.50338  
0.627378  1.47362  5.38288  0.627378  1.47362  5.38288  0.493602  1.72452  5.41722  
0.419855  3.94431  0.812743  0.419855  3.94431  0.812743  0.419855  3.94431  0.812743  
0.554863  2.38918  4.67542  0.554863  2.38918  4.67542  0.75134  2.91109  3.67697  
0.451516  3.59514  2.55421  0.451516  3.59514  2.55421  0.451516  3.59514  2.55421  
0.433562  0.588461  5.88297  0.433562  0.588461  5.88297  0.353284  2.31359  4.91246  
0.290268  4.00669  0.495242  0.290268  4.00669  0.495242  0.595251  3.8845  0.464548  
0.382017  2.82983  4.24776  0.382017  2.82983  4.24776  0.224421  2.93529  4.19497  
0.293495  3.78078  2.07142  0.293495  3.78078  2.07142  0.319735  3.82005  2.10802  
0.294651  1.05297  5.81177  0.294651  1.05297  5.81177  0.294651  1.05297  5.81177  
0.206971  3.96085  1.19375  0.206971  3.96085  1.19375  0.205218  3.93013  1.41617  
0.225046  2.00809  5.25552  0.225046  2.00809  5.25552  1.31087  1.29351  5.72304  
0.180698  3.43239  3.21941  0.180698  3.43239  3.21941  0.494508  3.81095  3.0854  
0.170683  0.250588  6.0315  0.170683  0.250588  6.0315  0.175726  0.23779  6.0315  
0.203995  4.02442  0.487712  0.203995  4.02442  0.487712  0.209898  4.03033  0.493615  
0.0861262  0.968053  5.88883  0.0861262  0.968053  5.88883  0.19154  0.96678  6.03564  
