2.00411  0.109799  0.109501  2.00411  0.109799  0.109501  1.90675  0.198761  1.98337  
0.161491  3.99601  0.166121  0.161491  3.99601  0.166121  0.194332  4.04916  0.827843  
0.100308  0.0941276  5.99726  0.100308  0.0941276  5.99726  1.11672  1.49936  4.52423  
2.00411  0.109799  0.109501  2.00411  0.109799  0.109501  1.94675  0.638956  1.08499  
2.00205  0.215735  0.075145  2.00205  0.215735  0.075145  1.40397  2.03156  3.18634  
2.00032  0.108094  0.304366  2.00032  0.108094  0.304366  1.89849  0.145804  2.05726  
1.99525  0.405125  0.0632213  1.99525  0.405125  0.0632213  1.83346  1.45549  1.27379  
1.99775  0.203883  0.346059  1.99775  0.203883  0.346059  2.00627  0.162427  0.295971  
1.99295  0.38462  0.232297  1.99295  0.38462  0.232297  1.88962  0.541594  1.99904  
1.98884  0.107499  0.712171  1.98884  0.107499  0.712171  1.96095  0.209019  1.19669  
1.97478  0.714866  0.0488296  1.97478  0.714866  0.0488296  1.75082  0.637897  2.80162  
1.98846  0.368426  0.470358  1.98846  0.368426  0.470358  1.98892  0.275421  0.599977  
1.97772  0.620477  0.280542  1.97772  0.620477  0.280542  1.99356  0.597474  0.269117  
1.98426  0.180318  0.790828  1.98426  0.180318  0.790828  1.97615  0.366826  0.963524  
1.95943  0.83571  0.193761  1.95943  0.83571  0.193761  1.89281  1.30352  0.331241  
1.98006  0.346302  0.762672  1.98006  0.346302  0.762672  2.0118  0.329299  0.715943  
1.96972  0.660162  0.512524  1.96972  0.660162  0.512524  2.0045  0.25538  0.298581  
1.94158  0.105033  1.47752  1.94158  0.105033  1.47752  1.92996  0.418865  1.54103  
1.92284  1.20462  0.0432732  1.92284  1.20462  0.0432732  1.91992  1.23045  0.243199  
1.96234  0.646808  0.728773  1.96234  0.646808  0.728773  1.94379  0.990887  0.73234  
1.93355  1.02306  0.395023  1.93355  1.02306  0.395023  1.94332  1.00603  1.03294  
1.95768  0.334492  1.18261  1.95768  0.334492  1.18261  1.92814  0.50351  1.49245  
1.89496  1.29635  0.230088  1.89496  1.29635  0.230088  1.79384  1.79293  0.391479  
1.95018  0.572079  1.0854  1.95018  0.572079  1.0854  1.95672  0.585713  1.07086  
1.92546  1.0161  0.69689  1.92546  1.0161  0.69689  1.93399  1.05151  0.640234  
1.92815  0.168806  1.61805  1.92815  0.168806  1.61805  1.95143  0.233087  1.35189  
1.83994  1.60875  0.16561  1.83994  1.60875  0.16561  1.56635  2.70499  0.299125  
1.92723  0.791451  1.15023  1.92723  0.791451  1.15023  1.90923  0.78498  1.40135  
1.88253  1.29639  0.675771  1.88253  1.29639  0.675771  1.84448  1.59043  0.521495  
1.90972  0.330313  1.75675  1.90972  0.330313  1.75675  1.85683  0.334244  2.23324  
1.82703  1.61949  0.452622  1.82703  1.61949  0.452622  1.82557  1.6248  0.461272  
1.90453  0.634868  1.61472  1.90453  0.634868  1.61472  1.90117  0.241089  1.92349  
1.87485  1.22208  1.0788  1.87485  1.22208  1.0788  1.82279  1.56521  0.91192  
1.77839  0.0965431  2.76599  1.77839  0.0965431  2.76599  1.78265  0.309757  2.75825  
1.72798  2.11412  0.0404053  1.72798  2.11412  0.0404053  1.42387  2.00196  3.35719  
1.85663  1.23286  1.31021  1.85663  1.23286  1.31021  1.8566  1.23362  1.30884  
1.76614  1.84215  0.669844  1.76614  1.84215  0.669844  1.68866  2.05418  1.09693  
1.85415  0.642925  2.08767  1.85415  0.642925  2.08767  1.85421  0.637807  2.09235  
1.67478  2.19275  0.3484  1.67478  2.19275  0.3484  1.95617  0.942671  0.53542  
1.83381  1.04433  1.8551  1.83381  1.04433  1.8551  1.85087  1.1043  1.93571  
1.76175  1.75759  1.12608  1.76175  1.75759  1.12608  1.16976  1.97505  3.97649  
1.78526  0.315253  2.69315  1.78526  0.315253  2.69315  1.76169  0.339823  2.98953  
1.56116  2.52303  0.19069  1.56116  2.52303  0.19069  1.53323  2.5938  0.179798  
1.7795  1.36664  1.86547  1.7795  1.36664  1.86547  1.78224  1.37731  1.90451  
1.66911  2.10921  1.03294  1.66911  2.10921  1.03294  1.93979  0.600292  1.27914  
1.74655  0.58563  2.81626  1.74655  0.58563  2.81626  1.7983  0.558451  2.72052  
1.55566  2.49888  0.636539  1.55566  2.49888  0.636539  1.59441  2.46725  0.825351  
1.73478  1.07879  2.54462  1.73478  1.07879  2.54462  1.95407  0.631737  1.23891  
1.66022  1.96656  1.63022  1.66022  1.96656  1.63022  1.91482  0.590961  2.35311  
1.63195  0.176704  3.4784  1.63195  0.176704  3.4784  1.65  0.177711  3.41656  
1.35992  2.99819  0.113604  1.35992  2.99819  0.113604  1.4652  2.24007  2.91294  
1.64433  1.79036  2.15759  1.64433  1.79036  2.15759  1.68751  1.38136  2.50614  
1.48336  2.59416  1.098  1.48336  2.59416  1.098  1.29363  2.90485  1.93564  
1.6177  0.844469  3.31886  1.6177  0.844469  3.31886  1.82206  1.11745  2.34759  
1.33998  2.95856  0.609038  1.33998  2.95856  0.609038  1.97557  0.82361  0.694243  
1.59313  1.44915  2.95857  1.59313  1.44915  2.95857  1.63749  1.02186  3.18931  
1.47555  2.44856  1.78795  1.47555  2.44856  1.78795  1.45581  2.72347  1.07573  
1.4752  0.312662  4.04164  1.4752  0.312662  4.04164  1.50098  0.110742  4.03369  
1.17968  3.23356  0.401683  1.17968  3.23356  0.401683  1.21438  3.23192  0.462755  
1.48776  1.86439  2.90438  1.48776  1.86439  2.90438  0.814697  3.42319  2.49078  
1.32547  2.82158  1.58107  1.32547  2.82158  1.58107  1.33159  2.82994  1.59545  
1.40462  0.68487  4.16264  1.40462  0.68487  4.16264  1.41118  0.689034  4.18145  
1.16698  3.19731  0.978162  1.16698  3.19731  0.978162  1.17318  3.2101  0.968036  
1.39403  1.38366  3.80914  1.39403  1.38366  3.80914  1.11871  2.2073  3.75968  
1.29746  2.59754  2.44016  1.29746  2.59754  2.44016  1.72804  1.4159  2.31939  
1.2099  0.0740758  4.79884  1.2099  0.0740758  4.79884  1.43245  1.10465  3.98839  
1.20791  3.24898  0.0430003  1.20791  3.24898  0.0430003  1.75328  0.358137  3.04565  
1.21871  2.62565  2.70838  1.21871  2.62565  2.70838  1.03944  2.23849  3.89894  
1.00008  3.38912  1.17992  1.00008  3.38912  1.17992  1.79588  1.68106  1.39498  
1.20295  1.3983  4.35988  1.20295  1.3983  4.35988  1.2972  2.21019  3.26477  
0.840658  3.62332  0.552988  0.840658  3.62332  0.552988  1.07  1.12467  4.89898  
1.13547  2.17619  3.74459  1.13547  2.17619  3.74459  1.16521  2.17803  3.77784  
0.96552  3.24766  2.01487  0.96552  3.24766  2.01487  1.90729  0.967158  1.44902  
1.01048  0.681215  5.09748  1.01048  0.681215  5.09748  1.09731  0.753393  4.93013  
0.677459  3.76709  0.274419  0.677459  3.76709  0.274419  0.703126  3.78456  0.453329  
0.971627  2.64021  3.49851  0.971627  2.64021  3.49851  1.50634  0.740884  3.9713  
0.78245  3.52481  1.64464  0.78245  3.52481  1.64464  1.1694  3.20689  1.12186  
0.892665  1.12708  5.12871  0.892665  1.12708  5.12871  0.912148  0.897719  5.25894  
0.632123  3.75641  0.915202  0.632123  3.75641  0.915202  0.564053  3.80172  1.04512  
0.840799  2.00644  4.57253  0.840799  2.00644  4.57253  1.11223  0.41633  5.07318  
0.716347  3.30466  2.65377  0.716347  3.30466  2.65377  0.749299  3.45152  2.13006  
0.677622  0.325712  5.63448  0.677622  0.325712  5.63448  0.716625  0.366792  5.65539  
0.351841  3.94644  0.165529  0.351841  3.94644  0.165529  0.316826  4.03135  0.25911  
0.646504  3.00099  3.50715  0.646504  3.00099  3.50715  1.02076  2.25947  4.12573  
0.491192  3.7512  1.52191  0.491192  3.7512  1.52191  0.681261  3.73388  1.18768  
0.583857  1.43286  5.34805  0.583857  1.43286  5.34805  0.881437  0.673673  5.5382  
0.373077  3.90626  0.768378  0.373077  3.90626  0.768378  0.412334  3.93883  0.597633  
0.508996  2.35134  4.64142  0.508996  2.35134  4.64142  0.468215  3.56586  2.62345  
0.406825  3.55139  2.51006  0.406825  3.55139  2.51006  0.424556  3.68524  2.01233  
0.388629  0.552665  5.83888  0.388629  0.552665  5.83888  0.404686  0.567635  5.85364  
0.243558  3.96405  0.448524  0.243558  3.96405  0.448524  0.149856  4.00977  0.246512  
0.338385  2.7899  4.20766  0.338385  2.7899  4.20766  0.184251  3.56832  2.89097  
0.246554  3.73843  2.02825  0.246554  3.73843  2.02825  0.267487  3.83211  1.72684  
0.251527  1.0069  5.77729  0.251527  1.0069  5.77729  0.223216  3.21533  3.64161  
0.159318  3.92529  1.14937  0.159318  3.92529  1.14937  0.366879  3.94608  0.277958  
0.174843  1.96696  5.2149  0.174843  1.96696  5.2149  0.22804  1.93459  5.30522  
0.0960139  3.42227  3.115  0.0960139  3.42227  3.115  0.220353  2.52005  4.99739  
0.0919732  0.123043  5.99717  0.0919732  0.123043  5.99717  0.147294  0.100801  6.03802  
0.109489  3.99503  0.28731  0.109489  3.99503  0.28731  0.118028  3.99456  0.5098  
0.0403597  1.25769  5.70285  0.0403597  1.25769  5.70285  0.655083  3.68734  1.55339  
