2.06925  0.069464  2.06925  0.069464  2.14173  0.141945  
0.0810413  4.08104  0.0810413  4.08104  1.04332  1.73308  
1.99141  0.0792607  1.99141  0.0792607  1.98305  0.0826655  
1.95595  0.0986076  1.95595  0.0986076  1.99692  0.172921  
1.93372  0.117963  1.93372  0.117963  1.93372  0.117963  
1.9163  0.137436  1.9163  0.137436  1.96831  0.230514  
1.90147  0.157078  1.90147  0.157078  1.98361  0.239216  
1.88827  0.176921  1.88827  0.176921  1.8889  0.175917  
1.87619  0.196988  1.87619  0.196988  1.9365  0.359921  
1.86493  0.2173  1.86493  0.2173  2.07775  0.285068  
1.85426  0.237871  1.85426  0.237871  1.83685  0.274067  
1.84406  0.258715  1.84406  0.258715  1.84265  0.261679  
1.8342  0.279843  1.8342  0.279843  1.88666  0.332301  
1.82461  0.301268  1.82461  0.301268  1.8627  0.309332  
1.81521  0.322998  1.81521  0.322998  1.82886  0.345349  
1.80596  0.345042  1.80596  0.345042  1.95875  0.2372  
1.79679  0.367408  1.79679  0.367408  1.86172  0.443863  
1.78767  0.390102  1.78767  0.390102  1.87463  0.245619  
1.77855  0.413131  1.77855  0.413131  1.78913  0.386449  
1.76941  0.436499  1.76941  0.436499  1.76941  0.436499  
1.76019  0.460209  1.76019  0.460209  1.76018  0.460213  
1.75086  0.48426  1.75086  0.48426  1.83666  0.42375  
1.74138  0.50865  1.74138  0.50865  1.76551  0.512517  
1.7317  0.533375  1.7317  0.533375  1.85114  0.244136  
1.72178  0.558426  1.72178  0.558426  1.70463  0.600673  
1.71156  0.583789  1.71156  0.583789  1.81776  0.557605  
1.70098  0.609443  1.70098  0.609443  1.79709  0.54926  
1.68995  0.635356  1.68995  0.635356  1.6858  0.644855  
1.67838  0.661485  1.67838  0.661485  1.66615  0.687771  
1.66615  0.687769  1.66615  0.687769  1.77385  0.425126  
1.6531  0.71412  1.6531  0.71412  1.82152  0.417552  
1.639  0.740407  1.639  0.740407  1.73047  0.666225  
1.62353  0.766439  1.62353  0.766439  1.77849  0.519924  
1.60622  0.79192  1.60622  0.79192  1.63891  0.825594  
1.58629  0.816345  1.58629  0.816345  1.87747  0.631369  
1.56233  0.838816  1.56233  0.838816  1.56513  0.866007  
1.53146  0.857488  1.53146  0.857488  1.53146  0.857488  
1.48749  0.868326  1.48749  0.868326  1.60722  1.01416  
1.42943  0.869727  1.42943  0.869727  1.87746  0.194794  
1.38388  0.87701  1.38388  0.87701  1.7384  0.832775  
1.35289  0.892423  1.35289  0.892423  1.39639  0.935929  
1.32923  0.912257  1.32923  0.912257  1.3303  0.911192  
1.3096  0.934792  1.3096  0.934792  1.5442  0.851084  
1.29244  0.959248  1.29244  0.959248  1.31945  1.07575  
1.27692  0.985222  1.27692  0.985222  1.87166  0.430938  
1.26253  1.01249  1.26253  1.01249  1.28098  1.03094  
1.24896  1.04091  1.24896  1.04091  1.31885  1.14455  
1.23596  1.07039  1.23596  1.07039  1.32361  1.15805  
1.22336  1.10088  1.22336  1.10088  1.24319  1.11997  
1.21104  1.13233  1.21104  1.13233  1.25951  1.1808  
1.19887  1.16471  1.19887  1.16471  1.19763  1.16805  
1.18675  1.19797  1.18675  1.19797  1.29181  1.2151  
1.17461  1.2321  1.17461  1.2321  1.22159  1.31393  
1.16234  1.26703  1.16234  1.26703  1.29273  1.18061  
1.14985  1.30271  1.14985  1.30271  1.20192  1.37004  
1.13706  1.33906  1.13706  1.33906  1.17342  1.37597  
1.12386  1.37598  1.12386  1.37598  1.1458  1.40989  
1.11011  1.41331  1.11011  1.41331  1.11011  1.41331  
1.09567  1.45083  1.09567  1.45083  1.09567  1.45083  
1.08035  1.48824  1.08035  1.48824  1.14226  1.55015  
1.06391  1.5251  1.06391  1.5251  1.06391  1.5251  
1.04599  1.56076  1.04599  1.56076  1.09627  1.68886  
1.02615  1.59424  1.02615  1.59424  1.34096  0.901465  
1.00372  1.62411  1.00372  1.62411  1.0068  1.62051  
0.97776  1.64819  0.97776  1.64819  0.954805  1.661  
0.947213  1.66372  0.947213  1.66372  0.929446  1.66772  
0.91193  1.66923  0.91193  1.66923  0.91193  1.66923  
0.87507  1.66973  0.87507  1.66973  0.87507  1.66973  
0.84168  1.67525  0.84168  1.67525  1.02449  1.72264  
0.813474  1.69043  0.813474  1.69043  0.834255  1.67808  
0.789488  1.71451  0.789488  1.71451  1.13537  1.34385  
0.76844  1.74575  0.76844  1.74575  0.769574  1.74382  
0.749371  1.78282  0.749371  1.78282  1.49068  0.867999  
0.731619  1.8248  0.731619  1.8248  0.789949  1.90409  
0.714711  1.87108  0.714711  1.87108  1.20453  1.44839  
0.698293  1.92122  0.698293  1.92122  0.900632  1.66945  
0.682076  1.97487  0.682076  1.97487  0.718888  2.01168  
0.665805  2.03166  0.665805  2.03166  0.892971  1.66946  
0.649233  2.09117  0.649233  2.09117  0.649233  2.09117  
0.632106  2.15275  0.632106  2.15275  0.632106  2.15275  
0.614132  2.21549  0.614132  2.21549  0.856811  1.81529  
0.594965  2.27794  0.594965  2.27794  0.703665  2.38654  
0.574165  2.33784  0.574165  2.33784  0.559534  2.37379  
0.55119  2.39172  0.55119  2.39172  0.658032  2.05946  
0.525402  2.43461  0.525402  2.43461  0.592123  2.48108  
0.496326  2.46093  0.496326  2.46093  0.554999  2.51961  
0.464437  2.46924  0.464437  2.46924  0.464437  2.46924  
0.432033  2.47025  0.432033  2.47025  0.457159  2.46944  
0.401899  2.48287  0.401899  2.48287  0.571346  2.3452  
0.374957  2.51876  0.374957  2.51876  0.449298  2.59257  
0.350548  2.58013  0.350548  2.58013  0.345553  2.59647  
0.327611  2.6657  0.327611  2.6657  0.309297  2.75186  
0.30512  2.77335  0.30512  2.77335  0.404487  2.87547  
0.282093  2.89966  0.282093  2.89966  0.354786  2.5673  
0.257479  3.03683  0.257479  3.03683  0.474826  2.50985  
0.230087  3.16629  0.230087  3.16629  0.230096  3.16626  
0.198822  3.2521  0.198822  3.2521  0.434709  2.54067  
0.165168  3.28311  0.165168  3.28311  0.19017  3.30845  
0.132452  3.37688  0.132452  3.37688  0.189542  3.43397  
0.100054  3.77706  0.100054  3.77706  0.238517  3.18992  
