2.05  0.0503646  0.0507986  2.05  0.0503646  0.0507986  2.04785  0.257173  0.0513188  
0.14386  4.04521  0.133468  0.14386  4.04521  0.133468  2.13987  0.561049  0.859492  
0.192452  0.181617  6.0315  0.192452  0.181617  6.0315  0.315489  0.339176  6.13552  
2.04947  0.126657  0.127502  2.04947  0.126657  0.127502  2.12005  0.34136  0.200692  
2.04706  0.261644  0.121141  2.04706  0.261644  0.121141  2.0434  0.306257  0.34931  
2.04717  0.145023  0.335346  2.04717  0.145023  0.335346  2.04952  0.147375  0.337698  
2.03958  0.455873  0.108632  2.03958  0.455873  0.108632  2.20705  0.856485  0.502236  
2.04416  0.254227  0.390901  2.04416  0.254227  0.390901  2.02174  0.680305  0.390901  
2.03915  0.436095  0.282433  2.03915  0.436095  0.282433  2.18553  0.582474  0.428812  
2.03933  0.136418  0.655238  2.03933  0.136418  0.655238  2.03933  0.136418  0.655238  
2.01846  0.756865  0.0976289  2.01846  0.756865  0.0976289  2.04514  1.1475  0.751179  
2.03563  0.413255  0.517561  2.03563  0.413255  0.517561  2.19827  0.666659  1.13584  
2.02404  0.664672  0.329737  2.02404  0.664672  0.329737  1.9926  0.98296  0.329737  
2.03076  0.230482  0.834828  2.03076  0.230482  0.834828  2.10639  0.610611  2.59078  
2.00547  0.879561  0.241817  2.00547  0.879561  0.241817  2.11896  2.65438  0.773853  
2.02655  0.393585  0.807429  2.02655  0.393585  0.807429  2.09974  0.466774  0.880618  
2.01575  0.704419  0.558672  2.01575  0.704419  0.558672  1.68576  0.618972  3.60034  
2.0123  0.126631  1.20377  2.0123  0.126631  1.20377  2.28071  0.645643  1.75533  
1.95441  1.27158  0.0896432  1.95441  1.27158  0.0896432  2.01388  1.1847  0.266261  
2.00921  0.691185  0.77693  2.00921  0.691185  0.77693  1.55669  1.98233  4.07607  
1.97962  1.06756  0.449037  1.97962  1.06756  0.449037  1.91149  1.45424  0.664017  
2.00424  0.378902  1.22698  2.00424  0.378902  1.22698  2.34811  1.01929  0.8203  
1.94164  1.33896  0.288889  1.94164  1.33896  0.288889  1.84603  2.01065  0.331624  
1.99683  0.615823  1.13089  1.99683  0.615823  1.13089  2.03342  0.652418  1.16748  
1.97155  1.05927  0.740695  1.97155  1.05927  0.740695  1.98396  1.46516  1.00989  
1.97468  0.216272  1.66187  1.97468  0.216272  1.66187  2.01533  0.252945  1.70243  
1.88239  1.6491  0.215651  1.88239  1.6491  0.215651  2.02877  1.79548  0.36203  
1.97356  0.833941  1.19731  1.97356  0.833941  1.19731  2.06282  0.913679  0.980159  
1.9297  1.33976  0.726598  1.9297  1.33976  0.726598  2.15245  1.53129  0.991449  
1.95604  0.374081  1.80124  1.95604  0.374081  1.80124  1.95799  0.376036  1.8032  
1.87412  1.66227  0.502322  1.87412  1.66227  0.502322  1.98449  1.5554  0.575511  
1.95102  0.678479  1.65825  1.95102  0.678479  1.65825  2.16203  0.913235  0.460349  
1.92163  1.26532  1.12228  1.92163  1.26532  1.12228  1.25572  1.95406  4.09571  
1.90048  0.12337  2.32366  1.90048  0.12337  2.32366  2.4594  0.780677  2.43391  
1.72844  2.22505  0.0831707  1.72844  2.22505  0.0831707  1.66593  2.67215  0.161256  
1.90328  1.27621  1.35574  1.90328  1.27621  1.35574  2.02799  1.26296  0.842448  
1.81372  1.88333  0.714211  1.81372  1.88333  0.714211  1.65403  2.42067  0.64724  
1.89899  0.686246  2.12851  1.89899  0.686246  2.12851  2.08947  1.2672  2.92651  
1.72083  2.2355  0.407776  1.72083  2.2355  0.407776  2.30256  1.0256  0.962028  
1.8806  1.08649  1.90014  1.8806  1.08649  1.90014  1.63838  2.05567  2.10971  
1.80898  1.8003  1.17294  1.80898  1.8003  1.17294  1.5196  2.8872  1.24613  
1.83099  0.379064  2.73495  1.83099  0.379064  2.73495  1.9452  0.489665  2.81794  
1.60581  2.55952  0.263212  1.60581  2.55952  0.263212  1.83435  3.12438  0.411148  
1.82565  1.40827  1.91349  1.82565  1.40827  1.91349  1.97046  0.832937  2.16151  
1.71656  2.1526  1.07771  1.71656  2.1526  1.07771  1.55955  2.807  1.77179  
1.79309  0.632527  2.85913  1.79309  0.632527  2.85913  0.874031  0.743362  5.78153  
1.60115  2.53933  0.684553  1.60115  2.53933  0.684553  2.11244  2.36929  0.673452  
1.78145  1.12031  2.58795  1.78145  1.12031  2.58795  2.0645  1.32179  3.0193  
1.70834  2.00664  1.67329  1.70834  2.00664  1.67329  1.83942  2.14814  0.637873  
1.67908  0.220806  3.52122  1.67908  0.220806  3.52122  1.74174  0.530556  3.59441  
1.39367  3.01123  0.195228  1.39367  3.01123  0.195228  1.50345  3.12101  0.305013  
1.6905  1.83289  2.20096  1.6905  1.83289  2.20096  1.73251  2.49473  2.93243  
1.53158  2.63687  1.13974  1.53158  2.63687  1.13974  2.02485  1.8826  2.2615  
1.66423  0.888975  3.36128  1.66423  0.888975  3.36128  1.07244  0.834222  5.07765  
1.38646  2.99767  0.662466  1.38646  2.99767  0.662466  1.37427  3.11988  0.699061  
1.6368  1.48919  2.99588  1.6368  1.48919  2.99588  1.70813  1.4162  3.87513  
1.52128  2.4864  1.82815  1.52128  2.4864  1.82815  1.68285  2.9709  2.02826  
1.52153  0.390052  4.08127  1.52153  0.390052  4.08127  1.87876  0.83868  3.72872  
1.22637  3.27408  0.446537  1.22637  3.27408  0.446537  1.22116  3.26188  0.716369  
1.5356  1.90646  2.94522  1.5356  1.90646  2.94522  1.41347  1.89982  4.03983  
1.37225  2.8611  1.62628  1.37225  2.8611  1.62628  1.48518  2.96687  1.73673  
1.45201  0.728392  4.20618  1.45201  0.728392  4.20618  1.56179  0.838176  4.31597  
1.21358  3.23765  1.02582  1.21358  3.23765  1.02582  1.33398  3.46753  1.45786  
1.43793  1.4211  3.8491  1.43793  1.4211  3.8491  1.27337  1.12278  4.52023  
1.34394  2.63511  2.47799  1.34394  2.63511  2.47799  1.34113  2.62949  2.50478  
1.25574  0.126012  4.83567  1.25574  0.126012  4.83567  1.00477  1.52468  4.83567  
0.917605  3.65398  0.0789709  0.917605  3.65398  0.0789709  0.855636  3.71255  0.0797605  
1.26483  2.66838  2.75037  1.26483  2.66838  2.75037  1.14625  2.85714  3.45699  
1.04784  3.42732  1.22247  1.04784  3.42732  1.22247  1.06448  3.48719  1.25906  
1.24932  1.42521  4.38583  1.24932  1.42521  4.38583  0.923557  1.80855  5.12299  
0.888683  3.66253  0.60338  0.888683  3.66253  0.60338  0.888557  3.66013  0.654324  
1.18141  2.21478  3.78298  1.18141  2.21478  3.78298  1.07464  1.87425  4.83458  
1.01262  3.29043  2.05858  1.01262  3.29043  2.05858  0.9671  2.79168  3.44375  
1.05712  0.722411  5.13468  1.05712  0.722411  5.13468  0.967764  1.31964  5.25733  
0.727021  3.80908  0.334134  0.727021  3.80908  0.334134  0.763616  3.84568  0.370729  
1.01721  2.67116  3.53165  1.01721  2.67116  3.53165  0.717034  3.24009  4.05691  
0.829794  3.56424  1.70534  0.829794  3.56424  1.70534  1.00527  3.46391  1.74193  
0.939212  1.16313  5.15841  0.939212  1.16313  5.15841  0.786865  0.603817  5.97357  
0.681591  3.7965  0.960048  0.681591  3.7965  0.960048  0.843583  3.96115  1.80971  
0.886981  2.04107  4.608  0.886981  2.04107  4.608  0.886981  2.04107  4.608  
0.766  3.34337  2.69235  0.766  3.34337  2.69235  0.824654  2.98916  3.39099  
0.725183  0.37133  5.67715  0.725183  0.37133  5.67715  0.541034  0.427124  5.84001  
0.485493  3.95258  0.209208  0.485493  3.95258  0.209208  1.41612  2.75283  1.71325  
0.693623  3.03654  3.54329  0.693623  3.03654  3.54329  0.726127  3.88204  3.08358  
0.539601  3.79323  1.5719  0.539601  3.79323  1.5719  0.576196  3.82982  1.6085  
0.630361  1.46764  5.38356  0.630361  1.46764  5.38356  1.15974  3.10529  3.74326  
0.423498  3.9464  0.814939  0.423498  3.9464  0.814939  1.43803  2.86786  2.63933  
0.557184  2.38873  4.67365  0.557184  2.38873  4.67365  0.818049  3.35165  2.99909  
0.450956  3.5949  2.55578  0.450956  3.5949  2.55578  0.524146  3.66809  2.62897  
0.436772  0.593531  5.88001  0.436772  0.593531  5.88001  0.896146  0.915858  5.88444  
0.293322  4.00908  0.497227  0.293322  4.00908  0.497227  0.364424  4.11395  0.825666  
0.384427  2.82937  4.24671  0.384427  2.82937  4.24671  0.408827  2.97478  4.35649  
0.297309  3.78312  2.07314  0.297309  3.78312  2.07314  1.11006  3.34813  2.92408  
0.298874  1.05404  5.80972  0.298874  1.05404  5.80972  0.410297  0.9121  5.81116  
0.210245  3.96314  1.19688  0.210245  3.96314  1.19688  0.460556  4.12711  2.01971  
0.223444  2.0089  5.25532  0.223444  2.0089  5.25532  0.294539  2.05843  5.34901  
0.177306  3.46232  3.15729  0.177306  3.46232  3.15729  0.1971  3.03136  4.1356  
0.171801  0.247867  6.0315  0.171801  0.247867  6.0315  0.13228  0.317233  6.0315  
0.143788  4.04216  0.298654  0.143788  4.04216  0.298654  0.143788  4.04216  0.298654  
0.0880487  1.66957  5.535  0.0880487  1.66957  5.535  0.856718  2.02347  4.67545  
