0.71966  0.415016  0.71966  0.415016  0.71966  0.415016  
0.41966  0.715016  0.41966  0.715016  0.41966  0.715016  
0.71966  0.415016  0.71966  0.415016  0.71966  0.415016  
0.71966  0.415016  0.71966  0.415016  0.72574  0.415016  
0.71966  0.415016  0.71966  0.415016  0.720424  0.429998  
0.71966  0.415016  0.71966  0.415016  1.74692  0.791048  
0.71966  0.415016  0.71966  0.415016  0.71966  0.415018  
0.71966  0.415016  0.71966  0.415016  0.71966  0.415016  
0.71966  0.415016  0.71966  0.415016  0.719661  0.558472  
0.71966  0.415016  0.71966  0.415016  10.7701  10.9983  
0.71966  0.415016  0.71966  0.415016  0.719708  0.415016  
0.71966  0.415016  0.71966  0.415016  0.781425  0.474933  
0.71966  0.415016  0.71966  0.415016  6.7083  6.10811  
0.71966  0.415016  0.71966  0.415016  0.71966  0.415348  
0.71966  0.415016  0.71966  0.415016  0.71966  0.446662  
0.71966  0.415016  0.71966  0.415016  2.1317  0.932063  
0.71966  0.415016  0.71966  0.415016  0.71966  0.415016  
0.71966  0.415016  0.71966  0.415016  0.72962  0.415016  
0.71966  0.415016  0.71966  0.415016  0.71966  0.415016  
0.71966  0.415016  0.71966  0.415016  0.71966  0.415016  
0.71966  0.415016  0.71966  0.415016  0.71966  0.415016  
0.71966  0.415016  0.71966  0.415016  0.71966  0.437522  
0.71966  0.415016  0.71966  0.415016  0.71966  0.415016  
0.71966  0.415016  0.71966  0.415016  0.728381  0.415016  
0.71966  0.415016  0.71966  0.415016  0.71966  0.415016  
0.71966  0.415016  0.71966  0.415016  0.720025  0.415016  
0.71966  0.415016  0.71966  0.415016  10.0914  10.2157  
0.71966  0.415016  0.71966  0.415016  0.71968  0.415016  
0.71966  0.415016  0.71966  0.415016  0.86811  0.415016  
0.71966  0.415016  0.71966  0.415016  10.271  10.633  
0.71966  0.415016  0.71966  0.415016  0.721086  0.461035  
0.56966  0.565016  0.56966  0.565016  5.32156  4.50583  
0.56966  0.565016  0.56966  0.565016  0.56966  0.565016  
0.56966  0.565016  0.56966  0.565016  0.574748  0.56535  
0.56966  0.565016  0.56966  0.565016  0.56966  0.565016  
0.56966  0.565016  0.56966  0.565016  0.56966  0.565017  
0.56966  0.565016  0.56966  0.565016  0.56966  0.565016  
0.56966  0.565016  0.56966  0.565016  0.584644  0.565016  
0.56966  0.565016  0.56966  0.565016  0.56966  0.565016  
0.56966  0.565016  0.56966  0.565016  0.56966  0.565016  
0.56966  0.565016  0.56966  0.565016  0.56966  0.565016  
0.56966  0.565016  0.56966  0.565016  0.72986  0.565016  
0.56966  0.565016  0.56966  0.565016  0.56966  0.625889  
0.56966  0.565016  0.56966  0.565016  0.908926  1.31708  
0.56966  0.565016  0.56966  0.565016  0.56966  0.567755  
0.56966  0.565016  0.56966  0.565016  6.09583  6.52019  
0.56966  0.565016  0.56966  0.565016  0.56966  0.565016  
0.56966  0.565016  0.56966  0.565016  0.56966  0.565016  
0.56966  0.565016  0.56966  0.565016  0.56966  0.63756  
0.56966  0.565016  0.56966  0.565016  0.56966  0.581317  
0.56966  0.565016  0.56966  0.565016  0.56966  0.565016  
0.56966  0.565016  0.56966  0.565016  0.571156  0.565016  
0.56966  0.565016  0.56966  0.565016  0.603248  0.56502  
0.56966  0.565016  0.56966  0.565016  0.56966  0.594734  
0.56966  0.565016  0.56966  0.565016  0.611935  0.565016  
0.56966  0.565016  0.56966  0.565016  0.56966  0.57506  
0.56966  0.565016  0.56966  0.565016  1.12616  1.49676  
0.56966  0.565016  0.56966  0.565016  6.09583  6.68422  
0.56966  0.565016  0.56966  0.565016  6.74848  6.05307  
0.56966  0.565016  0.56966  0.565016  0.56966  0.565016  
0.41966  0.715016  0.41966  0.715016  1.22544  2.10305  
0.41966  0.715016  0.41966  0.715016  0.822552  0.903033  
0.41966  0.715016  0.41966  0.715016  0.41966  0.764739  
0.41966  0.715016  0.41966  0.715016  1.42689  1.632  
0.41966  0.715016  0.41966  0.715016  0.41966  0.715016  
0.41966  0.715016  0.41966  0.715016  0.504162  0.715101  
0.41966  0.715016  0.41966  0.715016  0.420217  0.76194  
0.41966  0.715016  0.41966  0.715016  6.1097  6.69354  
0.41966  0.715016  0.41966  0.715016  0.430241  0.718115  
0.41966  0.715016  0.41966  0.715016  1.2461  2.00058  
0.41966  0.715016  0.41966  0.715016  0.445606  0.718221  
0.41966  0.715016  0.41966  0.715016  0.41966  0.72463  
0.41966  0.715016  0.41966  0.715016  0.41966  0.764767  
0.41966  0.715016  0.41966  0.715016  0.429291  0.718699  
0.41966  0.715016  0.41966  0.715016  0.41966  0.715431  
0.41966  0.715016  0.41966  0.715016  0.41966  0.719581  
0.41966  0.715016  0.41966  0.715016  0.41966  0.715016  
0.41966  0.715016  0.41966  0.715016  0.447427  0.715016  
0.41966  0.715016  0.41966  0.715016  0.420689  0.715016  
0.41966  0.715016  0.41966  0.715016  0.420161  0.968135  
0.41966  0.715016  0.41966  0.715016  0.41966  0.715016  
0.41966  0.715016  0.41966  0.715016  0.457941  0.715016  
0.41966  0.715016  0.41966  0.715016  0.41966  0.715223  
0.41966  0.715016  0.41966  0.715016  0.42199  0.715016  
0.41966  0.715016  0.41966  0.715016  0.41966  0.842214  
0.41966  0.715016  0.41966  0.715016  0.41966  0.717396  
0.41966  0.715016  0.41966  0.715016  0.41966  0.731302  
0.41966  0.715016  0.41966  0.715016  0.41966  0.715016  
0.41966  0.715016  0.41966  0.715016  0.43862  0.715016  
0.41966  0.715016  0.41966  0.715016  0.822552  2.59518  
0.41966  0.715016  0.41966  0.715016  0.41966  0.716495  
0.41966  0.715016  0.41966  0.715016  0.41966  0.715016  
0.41966  0.715016  0.41966  0.715016  0.41966  0.715016  
0.41966  0.715016  0.41966  0.715016  0.41966  0.715016  
0.41966  0.715016  0.41966  0.715016  0.41966  0.715016  
0.41966  0.715016  0.41966  0.715016  4.5997  4.44275  
0.41966  0.715016  0.41966  0.715016  0.424811  0.71509  
0.41966  0.715016  0.41966  0.715016  0.41966  0.715016  
0.41966  0.715016  0.41966  0.715016  0.41966  0.715016  
0.41966  0.715016  0.41966  0.715016  0.424028  0.721273  
