1.00946  2.89444e-07  1.00946  2.89444e-07  1.02586  0.010451  
1.82712e-12  1  1.82712e-12  1  2.46729e-06  1  
0.996916  0.00408585  0.996916  0.00408585  1.00087  0.0828703  
0.985778  0.0149209  0.985778  0.0149209  1.11408  0.233595  
0.974991  0.0252854  0.974991  0.0252854  1.07805  0.143046  
0.964789  0.0354151  0.964789  0.0354151  1.02335  0.0461707  
0.954667  0.0455535  0.954667  0.0455535  0.985486  0.0469866  
0.944465  0.0560042  0.944465  0.0560042  0.929038  0.0809955  
0.934466  0.0659331  0.934466  0.0659331  1.24778  0.635  
0.924241  0.0763708  0.924241  0.0763708  0.903808  0.105016  
0.914221  0.0867445  0.914221  0.0867445  0.918167  0.130729  
0.903998  0.0965928  0.903998  0.0965928  0.909765  0.0927608  
0.893765  0.107072  0.893765  0.107072  1.0792  0.187618  
0.88357  0.116813  0.88357  0.116813  0.857516  0.151328  
0.873206  0.127346  0.873206  0.127346  0.910677  0.131245  
0.862844  0.13756  0.862844  0.13756  1.30349  0.460819  
0.852617  0.14793  0.852617  0.14793  0.860592  0.218577  
0.842269  0.158152  0.842269  0.158152  0.874299  0.249309  
0.832063  0.168346  0.832063  0.168346  0.84659  0.172985  
0.821712  0.178365  0.821712  0.178365  0.822712  0.219409  
0.811483  0.188739  0.811483  0.188739  0.822175  0.178567  
0.801159  0.199  0.801159  0.199  0.8688  0.253806  
0.790972  0.209058  0.790972  0.209058  0.789289  0.217438  
0.780649  0.219353  0.780649  0.219353  0.780199  0.238733  
0.770495  0.229505  0.770495  0.229505  0.775528  0.232044  
0.760251  0.239754  0.760251  0.239754  0.816116  0.281296  
0.75  0.25  0.75  0.25  0.768799  0.287603  
0.75  0.25  0.75  0.25  0.834687  0.36428  
0.75  0.25  0.75  0.25  0.750697  0.252827  
0.75  0.25  0.75  0.25  0.750057  0.250001  
0.75  0.25  0.75  0.25  0.750001  0.25  
0.75  0.25  0.75  0.25  3.74359  4.2534  
0.75  0.25  0.75  0.25  0.750221  0.25  
0.75  0.25  0.75  0.25  0.75  0.25  
0.75  0.25  0.75  0.25  0.750106  0.25  
0.75  0.25  0.75  0.25  0.75  0.25018  
0.75  0.25  0.75  0.25  0.75  0.25  
0.75  0.25  0.75  0.25  0.75  0.250002  
0.75  0.25  0.75  0.25  3.75306  3.44776  
0.75  0.25  0.75  0.25  0.75  0.25  
0.75  0.25  0.75  0.25  0.75  0.25  
0.5  0.5  0.5  0.5  0.5  0.5  
0.5  0.5  0.5  0.5  0.5  0.5  
0.5  0.5  0.5  0.5  0.710076  0.579502  
0.5  0.5  0.5  0.5  0.5  0.5  
0.5  0.5  0.5  0.5  0.500011  0.500019  
0.5  0.5  0.5  0.5  0.5  0.500001  
0.5  0.5  0.5  0.5  0.5  0.5  
0.5  0.5  0.5  0.5  3.9377  3.89112  
0.5  0.5  0.5  0.5  0.732541  0.5  
0.5  0.5  0.5  0.5  0.571461  0.620831  
0.494905  0.505096  0.494905  0.505096  0.528729  0.522388  
0.484705  0.515301  0.484705  0.515301  0.46802  0.535239  
0.474448  0.525555  0.474448  0.525555  0.493132  0.514354  
0.464313  0.535727  0.464313  0.535727  0.470672  0.531126  
0.454127  0.545912  0.454127  0.545912  0.542898  0.579901  
0.443909  0.556206  0.443909  0.556206  0.595528  1.47554  
0.43369  0.566374  0.43369  0.566374  0.453688  0.613517  
0.423483  0.576627  0.423483  0.576627  0.57372  0.616466  
0.413257  0.586893  0.413257  0.586893  0.418515  0.581922  
0.40296  0.597199  0.40296  0.597199  0.565361  0.686919  
0.392936  0.607493  0.392936  0.607493  0.389736  0.614743  
0.38248  0.617806  0.38248  0.617806  0.372758  1.17442  
0.372782  0.62811  0.372782  0.62811  0.435136  0.607683  
0.362392  0.638324  0.362392  0.638324  0.393185  0.64539  
0.35197  0.648577  0.35197  0.648577  0.385681  0.697914  
0.341771  0.658721  0.341771  0.658721  0.391035  0.675144  
0.331364  0.668895  0.331364  0.668895  0.412162  0.692404  
0.321322  0.679037  0.321322  0.679037  0.411119  0.778878  
0.311223  0.68909  0.311223  0.68909  1.35158  1.74977  
0.30109  0.699245  0.30109  0.699245  2.77908  2.57765  
0.290751  0.709304  0.290751  0.709304  0.294143  0.710852  
0.28058  0.719447  0.28058  0.719447  0.283207  0.722816  
0.270314  0.729689  0.270314  0.729689  0.305598  0.702756  
0.260207  0.739793  0.260207  0.739793  0.260207  0.739793  
0.25  0.75  0.25  0.75  2.12536  2.58081  
0.25  0.75  0.25  0.75  0.267962  0.78773  
0.25  0.75  0.25  0.75  3.25751  3.9942  
0.25  0.75  0.25  0.75  2.12752  2.62034  
0.25  0.75  0.25  0.75  0.264327  0.773527  
1.82712e-12  1  1.82712e-12  1  0.122016  1.16231  
1.82712e-12  1  1.82712e-12  1  1.12211e-06  1.01222  
1.82712e-12  1  1.82712e-12  1  1.82712e-12  1  
1.82712e-12  1  1.82712e-12  1  1.82712e-12  1  
1.82712e-12  1  1.82712e-12  1  1.82712e-12  1.00031  
1.82712e-12  1  1.82712e-12  1  1.82712e-12  1.00147  
1.82712e-12  1  1.82712e-12  1  0.000523166  1  
1.82712e-12  1  1.82712e-12  1  1.82712e-12  1  
1.82712e-12  1  1.82712e-12  1  1.82712e-12  1  
1.82712e-12  1  1.82712e-12  1  0.000285973  1.00018  
1.82712e-12  1  1.82712e-12  1  2.37803e-05  1  
1.82712e-12  1  1.82712e-12  1  1.82712e-12  1  
1.82712e-12  1  1.82712e-12  1  1.82712e-12  1.00008  
1.82712e-12  1  1.82712e-12  1  1.82712e-12  1.00176  
1.82712e-12  1  1.82712e-12  1  0.000223948  1.00003  
1.82712e-12  1  1.82712e-12  1  1.61975e-05  1  
1.82712e-12  1  1.82712e-12  1  7.22297e-06  1  
1.82712e-12  1  1.82712e-12  1  1.82712e-12  1.00023  
1.82712e-12  1  1.82712e-12  1  1.82712e-12  1  
1.82712e-12  1  1.82712e-12  1  1.82712e-12  1  
