2  1.3094e-15  2  1.3094e-15  2.01231  0.0405243  
2.12223e-15  4  2.12223e-15  4  0.00468012  4.00468  
1.99999  0.0102564  1.99999  0.0102564  2.00368  0.00474645  
1.99994  0.0310871  1.99994  0.0310871  2.00062  0.0349027  
1.99983  0.0523515  1.99983  0.0523515  1.99961  0.100266  
1.99966  0.0740614  1.99966  0.0740614  2.00166  0.0762673  
1.99942  0.0962289  1.99942  0.0962289  1.99942  0.0962288  
1.99912  0.118866  1.99912  0.118866  1.99812  0.173173  
1.99874  0.141987  1.99874  0.141987  2.00023  0.143547  
1.99829  0.165604  1.99829  0.165604  1.99638  0.240506  
1.99775  0.189729  1.99775  0.189729  1.9982  0.190174  
1.99713  0.214381  1.99713  0.214381  1.99372  0.331693  
1.99641  0.23957  1.99641  0.23957  1.99812  0.241981  
1.9956  0.265311  1.9956  0.265311  1.99974  0.26843  
1.99468  0.291619  1.99468  0.291619  1.99914  0.386647  
1.99365  0.318512  1.99365  0.318512  1.99309  0.38387  
1.9925  0.346002  1.9925  0.346002  1.98869  0.424715  
1.99123  0.37411  1.99123  0.37411  1.99938  0.102655  
1.98983  0.402848  1.98983  0.402848  1.98983  0.402848  
1.98829  0.432235  1.98829  0.432235  1.98807  0.533299  
1.9866  0.462292  1.9866  0.462292  1.98478  0.492523  
1.98475  0.493028  1.98475  0.493028  1.98516  0.486305  
1.98273  0.524466  1.98273  0.524466  1.98651  0.463883  
1.98054  0.556623  1.98054  0.556623  1.99051  0.38928  
1.97816  0.589518  1.97816  0.589518  1.9781  0.590388  
1.97558  0.62317  1.97558  0.62317  1.97668  0.625437  
1.97279  0.657596  1.97279  0.657596  1.97279  0.657596  
1.96977  0.692816  1.96977  0.692816  1.96303  0.765585  
1.96652  0.728849  1.96652  0.728849  1.96991  0.693401  
1.96301  0.765713  1.96301  0.765713  1.98871  0.564297  
1.95924  0.803429  1.95924  0.803429  1.9597  0.804056  
1.95519  0.842013  1.95519  0.842013  1.93031  1.04673  
1.95083  0.881485  1.95083  0.881485  1.94432  0.937247  
1.94616  0.921867  1.94616  0.921867  1.94463  0.934685  
1.94115  0.963169  1.94115  0.963169  1.97597  0.618245  
1.93579  1.00541  1.93579  1.00541  1.91005  1.19567  
1.93005  1.04861  1.93005  1.04861  1.93657  1.01097  
1.92392  1.09279  1.92392  1.09279  1.92392  1.09279  
1.91736  1.13795  1.91736  1.13795  1.92205  1.14021  
1.91036  1.18411  1.91036  1.18411  1.91841  1.13087  
1.90289  1.23128  1.90289  1.23128  1.9086  1.19537  
1.89492  1.27948  1.89492  1.27948  1.89828  1.25941  
1.88643  1.3287  1.88643  1.3287  1.87181  1.40902  
1.87739  1.37897  1.87739  1.37897  1.8859  1.33173  
1.86777  1.43027  1.86777  1.43027  1.85229  1.51356  
1.85754  1.48263  1.85754  1.48263  1.81829  1.6659  
1.84666  1.53601  1.84666  1.53601  1.88048  1.37949  
1.83511  1.59043  1.83511  1.59043  1.84167  1.57486  
1.82285  1.64587  1.82285  1.64587  1.77491  1.84356  
1.80984  1.70233  1.80984  1.70233  1.70411  2.09383  
1.79605  1.75977  1.79605  1.75977  1.90205  1.2909  
1.78145  1.81818  1.78145  1.81818  1.77156  1.86101  
1.76599  1.87753  1.76599  1.87753  1.79774  1.75285  
1.74964  1.93778  1.74964  1.93778  1.62852  2.32201  
1.73237  1.99889  1.73237  1.99889  1.07299  3.37562  
1.71414  2.06081  1.71414  2.06081  1.72356  2.02962  
1.6949  2.12349  1.6949  2.12349  1.58844  2.4344  
1.67463  2.18688  1.67463  2.18688  1.75878  1.90606  
1.6533  2.25088  1.6533  2.25088  1.60845  2.37731  
1.63086  2.31542  1.63086  2.31542  1.60831  2.38211  
1.60729  2.38043  1.60729  2.38043  1.47574  2.70526  
1.58257  2.44579  1.58257  2.44579  1.57896  2.46644  
1.55666  2.51142  1.55666  2.51142  1.56727  2.50243  
1.52955  2.57719  1.52955  2.57719  1.44387  2.77372  
1.50122  2.64299  1.50122  2.64299  1.50122  2.64299  
1.47165  2.70869  1.47165  2.70869  1.47913  2.69233  
1.44084  2.77415  1.44084  2.77415  1.88345  1.34554  
1.40879  2.83924  1.40879  2.83924  1.40966  2.84525  
1.37549  2.90381  1.37549  2.90381  1.38603  2.88956  
1.34096  2.96771  1.34096  2.96771  1.3612  2.93062  
1.30522  3.03077  1.30522  3.03077  1.34446  2.96895  
1.26829  3.09285  1.26829  3.09285  1.20867  3.18872  
1.2302  3.15379  1.2302  3.15379  1.35007  2.95573  
1.19099  3.21343  1.19099  3.21343  1.24291  3.13768  
1.15071  3.27162  1.15071  3.27162  1.18359  3.22436  
1.1094  3.3282  1.1094  3.3282  1.2697  3.09414  
1.06713  3.38303  1.06713  3.38303  1.06713  3.38303  
1.02397  3.43598  1.02397  3.43598  0.882504  3.58953  
0.979982  3.48691  0.979982  3.48691  1.03191  3.42646  
0.935253  3.5357  0.935253  3.5357  0.959544  3.51235  
0.889863  3.58226  0.889863  3.58226  0.964175  3.50719  
0.8439  3.62648  0.8439  3.62648  0.800373  3.66574  
0.79745  3.66828  0.79745  3.66828  0.898604  3.58295  
0.750616  3.7076  0.750616  3.7076  0.637351  3.79146  
0.703489  3.74438  0.703489  3.74438  0.703489  3.74438  
0.656163  3.7786  0.656163  3.7786  0.80242  3.66546  
0.608733  3.81022  0.608733  3.81022  0.761819  3.69866  
0.561293  3.83924  0.561293  3.83924  0.561293  3.83924  
0.513935  3.86568  0.513935  3.86568  0.513935  3.86568  
0.466746  3.88955  0.466746  3.88955  0.570882  3.83466  
0.419813  3.91089  0.419813  3.91089  0.891288  3.58302  
0.373215  3.92974  0.373215  3.92974  0.373316  3.93012  
0.32703  3.94616  0.32703  3.94616  0.39263  3.92216  
0.281328  3.96023  0.281328  3.96023  0.422258  3.91047  
0.236173  3.97201  0.236173  3.97201  0.292072  3.95712  
0.191628  3.9816  0.191628  3.9816  0.369894  3.93718  
0.147743  3.98907  0.147743  3.98907  0.332869  3.94802  
0.104569  3.99453  0.104569  3.99453  0.104569  3.99453  
0.062146  3.99807  0.062146  3.99807  0.20124  3.98651  
0.0205117  3.99979  0.0205117  3.99979  0.320275  3.95579  
