1.02459  1.03378e-07  1.02459  1.03378e-07  2.03833  1.00049  
9.79692e-13  1  9.79692e-13  1  3.7894e-05  1  
0.995318  0.00502341  0.995318  0.00502341  0.995602  0.0719585  
0.986955  0.0149346  0.986955  0.0149346  1.00509  0.147249  
0.979428  0.0255298  0.979428  0.0255298  1.0185  0.0310345  
0.965454  0.0354361  0.965454  0.0354361  1.12198  0.199835  
0.955684  0.0456782  0.955684  0.0456782  1.10469  0.192713  
0.944666  0.0559579  0.944666  0.0559579  0.982509  0.0698332  
0.934004  0.06634  0.934004  0.06634  2.06396  1.16224  
0.923594  0.0765382  0.923594  0.0765382  1.95277  0.981408  
0.913583  0.0867619  0.913583  0.0867619  0.951637  0.0945758  
0.903936  0.0967394  0.903936  0.0967394  2.41238  1.55389  
0.893122  0.107164  0.893122  0.107164  0.894504  0.108655  
0.883631  0.117471  0.883631  0.117471  0.901018  0.151097  
0.872702  0.127545  0.872702  0.127545  0.872742  0.128076  
0.862375  0.137774  0.862375  0.137774  1.49873  0.747667  
0.852458  0.148019  0.852458  0.148019  0.871121  0.168618  
0.842062  0.158189  0.842062  0.158189  1.34262  0.600382  
0.831814  0.168401  0.831814  0.168401  0.986278  0.340899  
0.821561  0.178571  0.821561  0.178571  3.10946  2.82602  
0.811334  0.18879  0.811334  0.18879  0.883734  0.281577  
0.801105  0.199  0.801105  0.199  1.03944  0.274035  
0.791139  0.209269  0.791139  0.209269  0.942186  0.319057  
0.780715  0.219416  0.780715  0.219416  0.787292  0.219416  
0.770547  0.229633  0.770547  0.229633  0.780295  0.234284  
0.760473  0.239861  0.760473  0.239861  0.8862  0.400906  
0.750279  0.250091  0.750279  0.250091  1.04382  0.693479  
0.740001  0.260263  0.740001  0.260263  0.80277  0.393588  
0.729743  0.270464  0.729743  0.270464  0.789249  0.338076  
0.719505  0.280658  0.719505  0.280658  0.718155  0.297482  
0.709265  0.290846  0.709265  0.290846  0.771229  0.316637  
0.699045  0.301048  0.699045  0.301048  0.712264  0.328013  
0.688875  0.311269  0.688875  0.311269  0.690935  0.311699  
0.678657  0.32147  0.678657  0.32147  0.675251  0.327718  
0.668434  0.33166  0.668434  0.33166  1.01526  0.635137  
0.658234  0.341869  0.658234  0.341869  0.667917  0.478463  
0.647994  0.35206  0.647994  0.35206  0.681851  0.420038  
0.637795  0.362269  0.637795  0.362269  0.651287  0.362509  
0.627583  0.372462  0.627583  0.372462  0.683759  0.408684  
0.617386  0.382677  0.617386  0.382677  0.618025  0.398037  
0.607178  0.392881  0.607178  0.392881  0.660148  0.415529  
0.596988  0.403094  0.596988  0.403094  0.612105  0.388577  
0.586754  0.413279  0.586754  0.413279  0.582047  0.418276  
0.576546  0.42348  0.576546  0.42348  0.591574  0.43703  
0.566351  0.433689  0.566351  0.433689  0.591032  0.513722  
0.556157  0.443906  0.556157  0.443906  0.578143  0.426005  
0.545943  0.454102  0.545943  0.454102  0.548083  0.456492  
0.535743  0.464311  0.535743  0.464311  0.525927  0.474126  
0.525539  0.474516  0.525539  0.474516  0.565216  0.504772  
0.515329  0.484715  0.515329  0.484715  0.516888  0.48797  
0.505133  0.494929  0.505133  0.494929  0.727664  0.597282  
0.494927  0.505132  0.494927  0.505132  0.511152  0.488907  
0.484702  0.515326  0.484702  0.515326  0.491977  0.526612  
0.474504  0.525529  0.474504  0.525529  0.475042  0.530786  
0.464303  0.535734  0.464303  0.535734  0.45151  0.548597  
0.454101  0.545941  0.454101  0.545941  0.460305  0.540526  
0.443892  0.556141  0.443892  0.556141  0.479201  0.520829  
0.433694  0.566352  0.433694  0.566352  0.434593  0.56965  
0.423484  0.576553  0.423484  0.576553  0.414743  0.585286  
0.413268  0.58675  0.413268  0.58675  0.414256  0.58702  
0.40308  0.596966  0.40308  0.596966  0.403104  0.596996  
0.392873  0.607151  0.392873  0.607151  0.388425  0.611604  
0.382658  0.617355  0.382658  0.617355  0.40722  0.592829  
0.372455  0.627563  0.372455  0.627563  0.380845  0.622545  
0.362249  0.637766  0.362249  0.637766  0.337418  0.664663  
0.352046  0.647973  0.352046  0.647973  0.372225  0.6279  
0.34184  0.65817  0.34184  0.65817  0.312023  0.694142  
0.331635  0.668376  0.331635  0.668376  0.360512  0.669124  
0.321434  0.678585  0.321434  0.678585  0.321496  0.678622  
0.311221  0.688796  0.311221  0.688796  0.319725  0.68131  
0.301014  0.699  0.301014  0.699  0.324357  0.675654  
0.290808  0.709199  0.290808  0.709199  0.307786  0.692498  
0.280612  0.719389  0.280612  0.719389  0.280769  0.719476  
0.270407  0.729598  0.270407  0.729598  0.286182  0.713849  
0.260203  0.739804  0.260203  0.739804  0.260213  0.739816  
0.25  0.750004  0.25  0.750004  0.242017  0.758038  
0.239765  0.760238  0.239765  0.760238  2.1598  1.76014  
0.229596  0.770409  0.229596  0.770409  0.229602  0.77041  
0.219383  0.780622  0.219383  0.780622  0.19472  0.805429  
0.209184  0.790818  0.209184  0.790818  0.209281  0.790827  
0.198972  0.801029  0.198972  0.801029  1.00994  1.04711  
0.188776  0.811226  0.188776  0.811226  0.18878  0.81124  
0.178567  0.821436  0.178567  0.821436  0.17857  0.821437  
0.168361  0.831639  0.168361  0.831639  0.157163  0.84284  
0.158154  0.841846  0.158154  0.841846  0.158154  0.841846  
0.147959  0.852044  0.147959  0.852044  0.127736  0.872265  
0.13775  0.86225  0.13775  0.86225  0.135092  0.864909  
0.127549  0.872451  0.127549  0.872451  0.110602  0.889848  
0.117347  0.882653  0.117347  0.882653  0.135536  0.864464  
0.107139  0.892861  0.107139  0.892861  0.0983647  0.90172  
0.0969367  0.903063  0.0969367  0.903063  0.0969367  0.90347  
0.0867305  0.91327  0.0867305  0.91327  0.0867305  0.913309  
0.0765293  0.923471  0.0765293  0.923471  0.0650776  0.935719  
0.0663255  0.933674  0.0663255  0.933674  0.0536473  0.946353  
0.0561215  0.943879  0.0561215  0.943879  0.0644709  0.935732  
0.0459184  0.954082  0.0459184  0.954082  0.0686401  0.931472  
0.0357141  0.964286  0.0357141  0.964286  0.0278253  0.97251  
0.0255098  0.97449  0.0255098  0.97449  0.0256367  0.97459  
0.0153044  0.984696  0.0153044  0.984696  0.0138432  0.986157  
0.00506883  0.994931  0.00506883  0.994931  0.324232  0.67578  
