2.0001  9.94706e-05  2.0001  9.94706e-05  2.00248  0.0329324  
0.0486576  4.04866  0.0486576  4.04866  0.0574375  4.04805  
2.00009  0.00985179  2.00009  0.00985179  2.00143  0.00696562  
2.00002  0.0302416  2.00002  0.0302416  2.00013  0.121941  
1.99992  0.0511422  1.99992  0.0511422  2.00007  0.0199302  
1.99975  0.0722834  1.99975  0.0722834  1.99952  0.0951184  
1.99953  0.0939296  1.99953  0.0939296  1.99924  0.119507  
1.99924  0.116034  1.99924  0.116034  2.10283  0.129753  
1.99888  0.138639  1.99888  0.138639  1.99967  0.0821805  
1.99844  0.161682  1.99844  0.161682  2.06475  0.235519  
1.99793  0.185219  1.99793  0.185219  2.02902  0.285262  
1.99734  0.209271  1.99734  0.209271  2.0309  0.270981  
1.99665  0.233858  1.99665  0.233858  1.99723  0.229999  
1.99588  0.258961  1.99588  0.258961  2.20201  0.479472  
1.99501  0.284599  1.99501  0.284599  1.99733  0.299071  
1.99403  0.310873  1.99403  0.310873  2.02874  0.345578  
1.99295  0.337681  1.99295  0.337681  2.03614  0.37917  
1.99176  0.36513  1.99176  0.36513  1.99509  0.353473  
1.99042  0.393194  1.99042  0.393194  1.99194  0.392296  
1.98897  0.421857  1.98897  0.421857  2.00281  0.433468  
1.98735  0.451242  1.98735  0.451242  2.0003  0.575914  
1.9856  0.481221  1.9856  0.481221  1.98806  0.555566  
1.98367  0.511931  1.98367  0.511931  1.98478  0.554689  
1.98159  0.543332  1.98159  0.543332  1.98417  0.545911  
1.97932  0.575461  1.97932  0.575461  2.00577  0.593885  
1.97689  0.608327  1.97689  0.608327  1.97871  0.604204  
1.97424  0.641931  1.97424  0.641931  2.01433  0.574675  
1.97137  0.676361  1.97137  0.676361  1.97706  0.606665  
1.96828  0.711551  1.96828  0.711551  1.97712  0.711437  
1.96495  0.747575  1.96495  0.747575  1.97281  0.659591  
1.96138  0.784395  1.96138  0.784395  1.9635  0.764151  
1.9575  0.822161  1.9575  0.822161  1.95578  0.839326  
1.95337  0.860718  1.95337  0.860718  2.00398  0.924103  
1.94892  0.900217  1.94892  0.900217  1.94936  0.900659  
1.94415  0.940607  1.94415  0.940607  1.97474  0.939847  
1.93906  0.981894  1.93906  0.981894  1.97507  1.04002  
1.93358  1.02419  1.93358  1.02419  1.98736  0.984203  
1.92775  1.06736  1.92775  1.06736  1.95036  0.992867  
1.92152  1.11154  1.92152  1.11154  1.89405  1.53137  
1.91483  1.15675  1.91483  1.15675  1.91409  1.17725  
1.90772  1.20296  1.90772  1.20296  1.95869  1.33414  
1.90011  1.25017  1.90011  1.25017  1.90515  1.25406  
1.89204  1.29848  1.89204  1.29848  1.94697  1.15139  
1.88342  1.34774  1.88342  1.34774  1.88911  1.33451  
1.87423  1.39807  1.87423  1.39807  1.88069  1.40453  
1.86444  1.44937  1.86444  1.44937  1.87791  1.46285  
1.85408  1.50173  1.85408  1.50173  1.87094  1.44825  
1.843  1.55518  1.843  1.55518  1.854  1.64162  
1.83129  1.6096  1.83129  1.6096  1.86918  1.64752  
1.81884  1.6651  1.81884  1.6651  1.83439  1.79321  
1.80571  1.72167  1.80571  1.72167  1.81874  1.6709  
1.79177  1.77921  1.79177  1.77921  1.83872  1.82616  
1.77706  1.83771  1.77706  1.83771  1.81002  1.77434  
1.76137  1.89704  1.76137  1.89704  1.77118  1.90684  
1.74492  1.95719  1.74492  1.95719  1.72131  2.12968  
1.72741  2.01826  1.72741  2.01826  1.73658  2.02742  
1.70914  2.08013  1.70914  2.08013  1.77345  2.1518  
1.68952  2.14259  1.68952  2.14259  1.09601  4.02789  
1.66923  2.20587  1.66923  2.20587  1.70124  2.2139  
1.64749  2.26954  1.64749  2.26954  1.63858  2.30599  
1.62507  2.33456  1.62507  2.33456  1.63986  2.36767  
1.60143  2.40004  1.60143  2.40004  1.55339  2.56507  
1.57625  2.46491  1.57625  2.46491  1.48151  2.70323  
1.55053  2.53086  1.55053  2.53086  1.75267  2.73333  
1.5235  2.59695  1.5235  2.59695  1.5182  2.62963  
1.49534  2.66276  1.49534  2.66276  1.52867  2.69721  
1.46482  2.72753  1.46482  2.72753  1.93138  3.08977  
1.4387  2.80732  1.4387  2.80732  1.62702  3.30055  
1.4015  2.85612  1.4015  2.85612  1.38363  2.93266  
1.36781  2.91978  1.36781  2.91978  1.3949  2.90806  
1.33306  2.98278  1.33306  2.98278  1.27397  3.11778  
1.29731  3.04524  1.29731  3.04524  1.44049  2.83327  
1.26038  3.10674  1.26038  3.10674  1.4335  2.98953  
1.22238  3.16744  1.22238  3.16744  1.36059  2.95114  
1.18347  3.22676  1.18347  3.22676  1.24123  3.13809  
1.1433  3.28428  1.1433  3.28428  1.10356  3.34226  
1.10219  3.34022  1.10219  3.34022  1.11509  3.42995  
1.05997  3.39434  1.05997  3.39434  1.10353  3.34256  
1.01708  3.4463  1.01708  3.4463  1.03187  3.46352  
0.973084  3.49565  0.973084  3.49565  0.978898  3.50404  
0.928808  3.54534  0.928808  3.54534  0.955116  3.52599  
0.88417  3.59229  0.88417  3.59229  0.937339  3.60714  
0.839009  3.63602  0.839009  3.63602  0.916724  3.71373  
0.79291  3.67772  0.79291  3.67772  0.851441  3.73626  
0.74623  3.71414  0.74623  3.71414  0.666908  3.85012  
0.699892  3.75246  0.699892  3.75246  0.798807  3.85138  
0.652831  3.78283  0.652831  3.78283  0.884259  3.67283  
0.608231  3.82835  0.608231  3.82835  0.688298  3.87431  
0.542812  3.85447  0.542812  3.85447  0.533329  3.99853  
0.513748  3.8772  0.513748  3.8772  0.746791  3.95539  
0.468778  3.9146  0.468778  3.9146  0.499124  3.94494  
0.422986  3.94538  0.422986  3.94538  0.454593  3.99631  
0.374448  3.97224  0.374448  3.97224  0.633063  4.05418  
0.150822  3.98863  0.150822  3.98863  0.360802  4.19861  
0.150822  3.98863  0.150822  3.98863  0.476888  4.12925  
0.150822  3.98863  0.150822  3.98863  0.439477  4.16164  
0.150822  3.98863  0.150822  3.98863  0.433093  4.15526  
0.150822  3.98863  0.150822  3.98863  0.537753  4.16921  
0.108315  4.04217  0.108315  4.04217  0.332308  4.32475  
0.0661923  4.04733  0.0661923  4.04733  0.264979  4.24974  
