2.01036  0.0456331  2.01036  0.0456331  2.0016  0.566966  
0.0682424  4.00345  0.0682424  4.00345  0.143087  3.99595  
2.00939  0.0555634  2.00939  0.0555634  1.97793  0.739716  
2.00925  0.0758003  2.00925  0.0758003  2.00631  0.989217  
2.00904  0.0964365  2.00904  0.0964365  1.95007  1.29222  
2.00878  0.117456  2.00878  0.117456  1.97633  0.828269  
2.00846  0.138997  2.00846  0.138997  2.00563  0.260281  
2.00808  0.160973  2.00808  0.160973  1.99016  0.707161  
2.00762  0.183396  2.00762  0.183396  2.00416  0.565439  
1.99908  0.205557  1.99908  0.205557  1.96541  0.972901  
1.99845  0.228918  1.99845  0.228918  1.99804  0.242654  
1.99773  0.252704  1.99773  0.252704  1.96145  0.83967  
1.99693  0.277073  1.99693  0.277073  1.99552  0.315365  
1.99604  0.301913  1.99604  0.301913  1.99068  0.420695  
1.99504  0.327265  1.99504  0.327265  2.03721  1.27099  
1.99394  0.353277  1.99394  0.353277  1.99652  0.464487  
1.99272  0.379818  1.99272  0.379818  1.99272  0.379818  
1.99139  0.406901  1.99139  0.406901  1.98597  0.715311  
1.98992  0.434646  1.98992  0.434646  2.01251  0.433109  
1.98833  0.463042  1.98833  0.463042  1.98844  0.463206  
1.98659  0.492025  1.98659  0.492025  1.92902  1.0714  
1.98471  0.521597  1.98471  0.521597  1.89608  1.28538  
1.98266  0.552022  1.98266  0.552022  1.98267  0.551861  
1.98042  0.582951  1.98042  0.582951  1.96521  0.837411  
1.97802  0.614773  1.97802  0.614773  1.98739  0.61148  
1.97544  0.647119  1.97544  0.647119  1.99755  0.658879  
1.97265  0.680427  1.97265  0.680427  1.98797  0.673547  
1.96965  0.714401  1.96965  0.714401  1.96612  0.797544  
1.96643  0.749053  1.96643  0.749053  1.95228  0.884976  
1.96296  0.784692  1.96296  0.784692  1.97434  0.829714  
1.95924  0.821062  1.95924  0.821062  1.95897  0.823593  
1.95525  0.858277  1.95525  0.858277  1.95786  0.914253  
1.95098  0.896329  1.95098  0.896329  1.94119  1.03862  
1.94641  0.935288  1.94641  0.935288  1.97062  0.903009  
1.94153  0.975063  1.94153  0.975063  1.93063  1.05813  
1.9363  1.01584  1.9363  1.01584  1.91985  1.13404  
1.93074  1.05754  1.93074  1.05754  1.79831  1.76051  
1.92478  1.10016  1.92478  1.10016  1.25219  3.21483  
1.91843  1.14371  1.91843  1.14371  1.83044  1.66577  
1.91165  1.18824  1.91165  1.18824  1.91181  1.18884  
1.90442  1.23373  1.90442  1.23373  1.93264  1.0435  
1.89675  1.28027  1.89675  1.28027  1.85784  1.58376  
1.88856  1.32779  1.88856  1.32779  1.88141  1.36846  
1.87986  1.37627  1.87986  1.37627  1.8941  1.37526  
1.87061  1.42581  1.87061  1.42581  1.71746  2.05764  
1.86078  1.47638  1.86078  1.47638  1.85533  1.5036  
1.85035  1.52795  1.85035  1.52795  1.86556  1.45206  
1.83928  1.58053  1.83928  1.58053  1.73865  1.98451  
1.82753  1.63411  1.82753  1.63411  1.5219  2.7329  
1.81508  1.6887  1.81508  1.6887  1.83974  1.57839  
1.8019  1.74426  1.8019  1.74426  1.83773  1.60725  
1.78795  1.80079  1.78795  1.80079  1.80469  1.86676  
1.77318  1.85825  1.77318  1.85825  1.80751  1.73623  
1.75758  1.91662  1.75758  1.91662  1.76618  1.88473  
1.7411  1.97585  1.7411  1.97585  1.81873  1.78889  
1.72372  2.03592  1.72372  2.03592  1.79653  1.82718  
1.7054  2.09678  1.7054  2.09678  1.70716  2.09105  
1.68607  2.15832  1.68607  2.15832  1.6905  2.19004  
1.66577  2.22058  1.66577  2.22058  1.64421  2.28455  
1.64439  2.28336  1.64439  2.28336  1.63338  2.31473  
1.62195  2.34669  1.62195  2.34669  1.57878  2.51737  
1.5984  2.41043  1.5984  2.41043  1.59583  2.41724  
1.57373  2.47449  1.57373  2.47449  1.58454  2.44775  
1.54791  2.53878  1.54791  2.53878  1.54068  2.64326  
1.52093  2.60317  1.52093  2.60317  1.49834  2.65502  
1.49276  2.66757  1.49276  2.66757  1.40427  2.85319  
1.4634  2.73183  1.4634  2.73183  1.59037  2.46609  
1.43285  2.79583  1.43285  2.79583  1.45882  2.74312  
1.40109  2.85942  1.40109  2.85942  1.24907  3.12849  
1.36814  2.9225  1.36814  2.9225  1.37687  2.92434  
1.33404  2.98487  1.33404  2.98487  1.37275  2.94372  
1.29877  3.04641  1.29877  3.04641  1.4661  2.78431  
1.26237  3.10696  1.26237  3.10696  1.21886  3.24062  
1.22488  3.16638  1.22488  3.16638  1.0646  3.4306  
1.18634  3.22454  1.18634  3.22454  1.27216  3.10176  
1.14676  3.28119  1.14676  3.28119  1.15198  3.29151  
1.10625  3.33633  1.10625  3.33633  1.15794  3.28701  
1.06482  3.38975  1.06482  3.38975  1.11913  3.32704  
1.0226  3.44138  1.0226  3.44138  1.38229  2.93865  
0.979588  3.49096  0.979588  3.49096  0.925904  3.58029  
0.935884  3.53846  0.935884  3.53846  0.991636  3.47726  
0.891604  3.58387  0.891604  3.58387  0.846104  3.62766  
0.846793  3.62699  0.846793  3.62699  0.77499  3.72769  
0.801564  3.66781  0.801564  3.66781  0.880821  3.60579  
0.755978  3.70625  0.755978  3.70625  0.818757  3.74367  
0.710162  3.74226  0.710162  3.74226  0.772325  3.73716  
0.664186  3.77581  0.664186  3.77581  0.664206  3.77779  
0.618124  3.8069  0.618124  3.8069  0.572097  3.83551  
0.572097  3.83551  0.572097  3.83551  0.725173  3.76012  
0.526166  3.86165  0.526166  3.86165  0.544284  3.86225  
0.480416  3.88536  0.480416  3.88536  0.409492  3.91761  
0.434932  3.90667  0.434932  3.90667  0.376023  3.94204  
0.389785  3.92561  0.389785  3.92561  0.261439  3.96777  
0.345044  3.94226  0.345044  3.94226  0.382662  3.92841  
0.30077  3.95667  0.30077  3.95667  0.391967  3.99188  
0.257063  3.96891  0.257063  3.96891  0.309119  3.95545  
0.213903  3.97907  0.213903  3.97907  0.304691  3.97753  
0.171404  3.98723  0.171404  3.98723  0.295554  3.99063  
0.129635  3.9977  0.129635  3.9977  1.17259  3.2992  
0.0884999  4.00199  0.0884999  4.00199  0.111328  4.02461  
