2.06926  0.069464  0.069464  2.06926  0.069464  0.069464  2.08847  0.0946037  0.0945894  
0.069464  4.06892  0.069464  0.069464  4.06892  0.069464  0.069464  4.06911  0.069464  
0.114119  0.114119  6.11412  0.114119  0.114119  6.11412  0.307952  0.238315  5.03509  
1.61018  0.12905  0.129046  1.61018  0.12905  0.129046  1.61018  0.12905  0.129046  
1.43387  0.214788  0.117898  1.43387  0.214788  0.117898  1.43387  0.214788  0.117898  
1.51849  0.138743  0.277296  1.51849  0.138743  0.277296  1.4844  0.135721  0.420232  
1.28716  0.319316  0.105152  1.28716  0.319316  0.105152  1.22534  0.34531  0.151294  
1.37714  0.20408  0.293778  1.37714  0.20408  0.293778  1.41315  0.252335  0.498758  
1.25703  0.301441  0.208642  1.25703  0.301441  0.208642  1.2656  0.310009  0.217212  
1.47663  0.1309  0.499511  1.47663  0.1309  0.499511  1.55403  0.130756  0.235304  
1.13908  0.45569  0.0952088  1.13908  0.45569  0.0952088  1.2965  0.437983  0.168841  
1.23786  0.284411  0.345806  1.23786  0.284411  0.345806  1.38379  0.233664  0.372551  
1.13175  0.402124  0.220665  1.13175  0.402124  0.220665  1.203  0.473952  0.296108  
1.33819  0.186107  0.574884  1.33819  0.186107  0.574884  1.33819  0.186107  0.574884  
1.06021  0.492187  0.167013  1.06021  0.492187  0.167013  1.15868  0.601667  0.264299  
1.21745  0.270365  0.511384  1.21745  0.270365  0.511384  1.25216  0.321599  0.611899  
1.08931  0.410811  0.334949  1.08931  0.410811  0.334949  1.08185  0.417815  0.335316  
1.41248  0.122374  0.863109  1.41248  0.122374  0.863109  1.36911  0.117377  1.06613  
0.970403  0.650695  0.0882094  0.970403  0.650695  0.0882094  1.24553  0.4616  0.132498  
1.07473  0.400238  0.444328  1.07473  0.400238  0.444328  0.97302  0.496152  0.478046  
0.976182  0.550685  0.257761  0.976182  0.550685  0.257761  1.07687  0.522934  0.091748  
1.18378  0.25845  0.744394  1.18378  0.25845  0.744394  1.22321  0.297886  0.78383  
0.918693  0.65186  0.177305  0.918693  0.65186  0.177305  0.91863  0.651941  0.177305  
1.07538  0.363686  0.631149  1.07538  0.363686  0.631149  1.15373  0.478855  0.689303  
0.955189  0.537302  0.389557  0.955189  0.537302  0.389557  1.01677  0.61612  0.459138  
1.24622  0.171962  1.06017  1.24622  0.171962  1.06017  1.34267  0.253186  1.13773  
0.854334  0.75892  0.140777  0.854334  0.75892  0.140777  0.935055  0.645049  0.150046  
0.990156  0.447358  0.621755  0.990156  0.447358  0.621755  1.09209  0.400614  0.737875  
0.883379  0.631493  0.363855  0.883379  0.631493  0.363855  0.924998  0.676996  0.345404  
1.12409  0.249909  1.04384  1.12409  0.249909  1.04384  1.29151  0.41733  1.21126  
0.826491  0.742992  0.257848  0.826491  0.742992  0.257848  0.981117  0.579238  0.168823  
1.00722  0.381641  0.867198  1.00722  0.381641  0.867198  1.05624  0.397957  0.542328  
0.876352  0.596445  0.534453  0.876352  0.596445  0.534453  0.855669  0.622816  0.534453  
1.09814  0.110501  1.34162  1.09814  0.110501  1.34162  1.26034  0.143844  1.46891  
0.757601  0.966963  0.0837097  0.757601  0.966963  0.0837097  0.783012  1.01338  0.101571  
0.859558  0.595244  0.629374  0.859558  0.595244  0.629374  0.867883  0.579544  0.653574  
0.768795  0.801437  0.334186  0.768795  0.801437  0.334186  0.769448  0.802121  0.329142  
0.96016  0.37792  1.07708  0.96016  0.37792  1.07708  1.13909  0.305914  1.06052  
0.721071  0.92701  0.209788  0.721071  0.92701  0.209788  0.747655  0.934334  0.392596  
0.868797  0.525224  0.882028  0.868797  0.525224  0.882028  0.937865  0.599003  0.441854  
0.760272  0.76148  0.513041  0.760272  0.76148  0.513041  0.924304  0.944997  0.684837  
0.89872  0.223903  1.32699  0.89872  0.223903  1.32699  1.08058  0.216559  1.39244  
0.671118  1.04757  0.152315  0.671118  1.04757  0.152315  0.707439  1.08389  0.188637  
0.795702  0.628927  0.836188  0.795702  0.628927  0.836188  0.824624  0.660703  0.977566  
0.700302  0.870924  0.460848  0.700302  0.870924  0.460848  0.68779  0.863291  0.559331  
0.818268  0.321451  1.28359  0.818268  0.321451  1.28359  1.14829  0.141059  1.30874  
0.650649  1.00834  0.308787  0.650649  1.00834  0.308787  0.846725  0.92072  0.387561  
0.80166  0.525659  1.15011  0.80166  0.525659  1.15011  0.942617  0.48761  1.20765  
0.696272  0.814499  0.686617  0.696272  0.814499  0.686617  0.738998  0.855685  0.31209  
0.874603  0.154407  1.79652  0.874603  0.154407  1.79652  0.897239  0.18002  1.79344  
0.590256  1.22647  0.126357  0.590256  1.22647  0.126357  0.670716  1.07786  0.115865  
0.69672  0.755645  0.897613  0.69672  0.755645  0.897613  0.836178  0.689997  0.536722  
0.612135  1.02371  0.472331  0.612135  1.02371  0.472331  0.626729  1.02953  0.371993  
0.694839  0.398618  1.36076  0.694839  0.398618  1.36076  0.69452  0.398983  1.36076  
0.567008  1.17586  0.299065  0.567008  1.17586  0.299065  0.599627  1.20214  0.364831  
0.68761  0.63402  1.22546  0.68761  0.63402  1.22546  0.796395  0.728472  1.31565  
0.604912  0.962814  0.721176  0.604912  0.962814  0.721176  0.56517  0.935033  1.03677  
0.743173  0.227003  1.92843  0.743173  0.227003  1.92843  1.03083  0.342066  1.32466  
0.519871  1.31516  0.222437  0.519871  1.31516  0.222437  0.676909  1.4722  0.379475  
0.626179  0.770389  1.16291  0.626179  0.770389  1.16291  0.626179  0.770389  1.16291  
0.548369  1.09604  0.645386  0.548369  1.09604  0.645386  0.799532  0.656034  1.10347  
0.642127  0.349395  1.78015  0.642127  0.349395  1.78015  1.08432  0.0781374  1.78015  
0.501944  1.26561  0.435586  0.501944  1.26561  0.435586  0.871419  0.80713  0.511608  
0.557257  0.556167  1.41507  0.557257  0.556167  1.41507  1.18562  0.0982398  1.4536  
0.538885  1.01542  0.957975  0.538885  1.01542  0.957975  0.56283  1.06943  1.01167  
0.66998  0.107705  2.47868  0.66998  0.107705  2.47868  1.44343  0.22195  0.784613  
0.443273  1.64145  0.0818415  0.443273  1.64145  0.0818415  0.429659  1.56919  0.237845  
0.511584  1.03093  1.06145  0.511584  1.03093  1.06145  0.505717  1.06814  1.00018  
0.448017  1.36484  0.519415  0.448017  1.36484  0.519415  0.477211  1.39403  0.548609  
0.500412  0.57173  1.64148  0.500412  0.57173  1.64148  0.679583  0.706239  1.57109  
0.409665  1.55445  0.296861  0.409665  1.55445  0.296861  0.394548  1.59846  0.293629  
0.446501  0.798142  1.32533  0.446501  0.798142  1.32533  0.52128  0.872922  1.40011  
0.431133  1.30029  0.832885  0.431133  1.30029  0.832885  0.850244  0.694433  0.793052  
0.514815  0.371167  2.34231  0.514815  0.371167  2.34231  0.562738  0.422922  2.35874  
0.365331  1.74033  0.195828  0.365331  1.74033  0.195828  0.485485  1.84634  0.296645  
0.400361  0.976925  1.27391  0.400361  0.976925  1.27391  0.521166  0.894575  1.33082  
0.377641  1.47721  0.732873  0.377641  1.47721  0.732873  0.347872  1.34122  1.20154  
0.43515  0.535291  2.19608  0.43515  0.535291  2.19608  0.543443  0.643584  2.30437  
0.33868  1.69269  0.463434  0.33868  1.69269  0.463434  0.891533  0.826167  0.571366  
0.368956  0.793436  1.72162  0.368956  0.793436  1.72162  0.430682  0.878761  1.53903  
0.351405  1.38518  1.12705  0.351405  1.38518  1.12705  0.767224  0.647024  0.91527  
0.395069  0.228756  2.82736  0.395069  0.228756  2.82736  0.693468  0.154856  2.90173  
0.285025  2.05008  0.149974  0.285025  2.05008  0.149974  0.403786  1.67142  0.137953  
0.29794  1.14453  1.3309  0.29794  1.14453  1.3309  0.300814  1.13085  1.337  
0.285538  1.7584  0.756142  0.285538  1.7584  0.756142  0.280454  1.71851  0.901246  
0.316314  0.68699  2.37949  0.316314  0.68699  2.37949  0.36946  0.740137  2.43264  
0.250257  2.01315  0.450883  0.250257  2.01315  0.450883  0.699321  1.02286  0.530933  
0.266074  0.994293  1.89768  0.266074  0.994293  1.89768  0.485754  1.5926  0.929808  
0.246237  1.67093  1.20116  0.246237  1.67093  1.20116  0.243532  1.68263  1.20129  
0.266189  0.354346  3.12296  0.266189  0.354346  3.12296  0.354296  0.266917  2.88673  
0.199969  2.29947  0.321553  0.199969  2.29947  0.321553  0.286938  2.09993  0.406119  
0.208582  1.25061  1.8531  0.208582  1.25061  1.8531  0.592896  0.743648  1.6952  
0.190366  1.9815  1.10611  0.190366  1.9815  1.10611  0.988232  0.545309  1.2032  
0.191875  0.581279  3.02394  0.191875  0.581279  3.02394  0.586348  0.552452  2.50947  
0.156546  2.34488  0.735863  0.156546  2.34488  0.735863  0.156449  2.46482  0.466158  
0.148048  0.973241  2.47093  0.148048  0.973241  2.47093  0.154512  1.0477  2.46649  
0.124583  1.76702  1.61491  0.124583  1.76702  1.61491  0.381205  0.848261  1.59248  
0.134529  0.18475  4.9142  0.134529  0.18475  4.9142  0.52797  0.836896  1.36493  
0.0943078  3.18878  0.14431  0.0943078  3.18878  0.14431  0.432326  1.58591  0.14431  
0.0706996  1.99259  2.21727  0.0706996  1.99259  2.21727  0.099804  2.02169  2.24637  
