1  3.28693e-21  1.41271e-20  1  3.28693e-21  1.41271e-20  1.00057  3.28879e-21  1.41351e-20  
6.12323e-17  1  6.71158e-14  6.12323e-17  1  6.71158e-14  6.12323e-17  1  1.84235e-21  
6.12323e-17  6.77717e-28  1  6.12323e-17  6.77717e-28  1  6.12718e-17  6.78153e-28  1.00064  
0.998509  0.0385922  0.0386055  0.998509  0.0385922  0.0386055  0.999547  0.0222322  0.0432791  
0.993764  0.105835  0.0351087  0.993764  0.105835  0.0351087  0.982895  0.156857  0.0965069  
0.988785  0.0469642  0.141769  0.988785  0.0469642  0.141769  0.999732  0.0322176  0.143252  
0.979189  0.200914  0.028679  0.979189  0.200914  0.028679  0.984998  0.174559  0.0351944  
0.980583  0.100917  0.168146  0.980583  0.100917  0.168146  0.980583  0.100917  0.168146  
0.975067  0.190301  0.114148  0.975067  0.190301  0.114148  0.957839  0.182325  0.225052  
0.955664  0.0374468  0.29207  0.955664  0.0374468  0.29207  0.988772  0.0426578  0.152411  
0.940392  0.339343  0.022559  0.940392  0.339343  0.022559  0.940392  0.339343  0.022559  
0.957976  0.17605  0.226469  0.957976  0.17605  0.226469  0.993846  0.121888  0.0129427  
0.945632  0.29608  0.134598  0.945632  0.29608  0.134598  0.944088  0.295597  0.146129  
0.925917  0.0812418  0.368887  0.925917  0.0812418  0.368887  0.926002  0.0812493  0.36892  
0.916048  0.390807  0.0901408  0.916048  0.390807  0.0901408  0.950062  0.306289  0.0618343  
0.921175  0.161046  0.354261  0.921175  0.161046  0.354261  0.944911  0.14885  0.292488  
0.920697  0.307995  0.2397  0.920697  0.307995  0.2397  0.941501  0.237175  0.239716  
0.860421  0.0337149  0.508467  0.860421  0.0337149  0.508467  0.902688  0.0238574  0.429634  
0.840223  0.541959  0.0174763  0.840223  0.541959  0.0174763  0.840279  0.541995  0.0174775  
0.895376  0.294623  0.333914  0.895376  0.294623  0.333914  0.93945  0.184837  0.288583  
0.868838  0.461105  0.180284  0.868838  0.461105  0.180284  0.980376  0.0555704  0.18914  
0.846512  0.143537  0.512655  0.846512  0.143537  0.512655  0.198494  1.43627e-08  0.980102  
0.820214  0.562497  0.104147  0.820214  0.562497  0.104147  0.821017  0.563048  0.104249  
0.846116  0.247244  0.472185  0.846116  0.247244  0.472185  0.767532  0.458902  0.450761  
0.842389  0.44477  0.304237  0.842389  0.44477  0.304237  0.872399  0.367391  0.322401  
0.763525  0.0664358  0.642352  0.763525  0.0664358  0.642352  0.623886  2.96787e-08  0.781516  
0.749597  0.658387  0.0680516  0.749597  0.658387  0.0680516  0.600504  0.778439  0.182831  
0.808947  0.332022  0.485145  0.808947  0.332022  0.485145  0.816887  0.312596  0.485268  
0.788689  0.544607  0.285261  0.788689  0.544607  0.285261  0.700166  0.48348  0.529395  
0.729002  0.121944  0.673562  0.729002  0.121944  0.673562  0.430389  0.0556004  0.90129  
0.734417  0.65365  0.182682  0.734417  0.65365  0.182682  0.703406  0.677615  0.215148  
0.738414  0.245156  0.628206  0.738414  0.245156  0.628206  0.81042  0.231049  0.538364  
0.754209  0.492357  0.434458  0.754209  0.492357  0.434458  0.85612  7.91739e-05  0.519271  
0.628756  3.53979e-15  0.777602  0.628756  3.53979e-15  0.777602  0.628778  3.53991e-15  0.777629  
0.608437  0.793503  0.0125476  0.608437  0.793503  0.0125476  0.608582  0.793693  0.0101334  
0.716933  0.47725  0.508173  0.716933  0.47725  0.508173  0.554883  0.389556  0.735086  
0.668257  0.699575  0.253036  0.668257  0.699575  0.253036  0.287093  0.925255  0.25338  
0.645969  0.22062  0.730788  0.645969  0.22062  0.730788  0.72065  0.234906  0.653361  
0.599729  0.789702  0.129213  0.599729  0.789702  0.129213  0.85063  0.521523  0.0666516  
0.651268  0.37136  0.661772  0.651268  0.37136  0.661772  0.548739  0.501821  0.668627  
0.643552  0.644525  0.412829  0.643552  0.644525  0.412829  0.59747  0.650579  0.471735  
0.547705  0.100177  0.830653  0.547705  0.100177  0.830653  0.635383  0.363929  0.682175  
0.52258  0.849556  0.0718748  0.52258  0.849556  0.0718748  0.492275  0.863356  0.115039  
0.607638  0.468078  0.641622  0.607638  0.468078  0.641622  0.563058  0.581766  0.586953  
0.57711  0.733825  0.358392  0.57711  0.733825  0.358392  0.610943  0.658109  0.450188  
0.516951  0.173561  0.838235  0.516951  0.173561  0.838235  0.936059  0.32993  0.123038  
0.514426  0.831041  0.21151  0.514426  0.831041  0.21151  0.572  0.813072  0.132399  
0.529639  0.329515  0.781603  0.529639  0.329515  0.781603  0.511947  0.35638  0.781603  
0.54329  0.646456  0.535659  0.54329  0.646456  0.535659  0.583586  0.652004  0.484282  
0.422082  0.044243  0.905477  0.422082  0.044243  0.905477  0.422328  0.0442688  0.906006  
0.410042  0.910971  0.0446848  0.410042  0.910971  0.0446848  0.282192  0.958317  0.0446848  
0.50356  0.551222  0.665268  0.50356  0.551222  0.665268  0.528193  0.602444  0.598392  
0.464003  0.81606  0.344597  0.464003  0.81606  0.344597  0.90005  0.14013  0.412776  
0.424864  0.223321  0.877279  0.424864  0.223321  0.877279  0.51774  0.24793  0.819749  
0.402981  0.896118  0.185953  0.402981  0.896118  0.185953  0.35048  0.912572  0.210656  
0.433222  0.394814  0.81021  0.433222  0.394814  0.81021  0.587801  0.0160032  0.812808  
0.43438  0.727661  0.53087  0.43438  0.727661  0.53087  0.486943  0.593122  0.641166  
0.339699  0.0772864  0.937353  0.339699  0.0772864  0.937353  0.456643  0.0932749  0.885597  
0.337778  0.934209  0.114716  0.337778  0.934209  0.114716  0.446149  0.889092  0.102311  
0.393916  0.495787  0.773968  0.393916  0.495787  0.773968  0.45418  0.579587  0.676609  
0.376442  0.807992  0.453254  0.376442  0.807992  0.453254  0.363171  0.779508  0.510366  
0.313663  0.152836  0.937153  0.313663  0.152836  0.937153  0.386688  0.110309  0.915589  
0.326781  0.903837  0.276213  0.326781  0.903837  0.276213  0.372326  0.801022  0.46876  
0.322558  0.321258  0.890365  0.322558  0.321258  0.890365  0.265645  0.283417  0.921473  
0.33989  0.685436  0.643935  0.33989  0.685436  0.643935  0.2774  0.741249  0.611227  
0.24223  0.0147337  0.970107  0.24223  0.0147337  0.970107  0.213741  0.00103418  0.977621  
0.231349  0.972871  4.24397e-12  0.231349  0.972871  4.24397e-12  0.108514  0.994095  2.18442e-12  
0.30398  0.662982  0.684142  0.30398  0.662982  0.684142  0.283064  0.51091  0.811812  
0.266147  0.910625  0.316113  0.266147  0.910625  0.316113  0.262963  0.89973  0.349146  
0.250143  0.294729  0.92226  0.250143  0.294729  0.92226  0.250208  0.294805  0.9225  
0.220618  0.964119  0.147658  0.220618  0.964119  0.147658  0.220618  0.964119  0.147658  
0.250886  0.485802  0.837289  0.250886  0.485802  0.837289  0.118459  0.520107  0.845847  
0.242149  0.824564  0.511329  0.242149  0.824564  0.511329  0.0739982  0.856193  0.511329  
0.190662  0.129153  0.973123  0.190662  0.129153  0.973123  0.0513988  0.224479  0.973123  
0.174007  0.981946  0.0741826  0.174007  0.981946  0.0741826  0.0848024  0.993648  0.0741838  
0.213939  0.587802  0.780205  0.213939  0.587802  0.780205  0.151677  0.509491  0.85024  
0.192085  0.887732  0.418373  0.192085  0.887732  0.418373  0.0536996  0.838059  0.54293  
0.164663  0.211047  0.963507  0.164663  0.211047  0.963507  0.123528  0.125326  0.984395  
0.159132  0.959405  0.232848  0.159132  0.959405  0.232848  0.107475  0.786227  0.608715  
0.157812  0.396328  0.904445  0.157812  0.396328  0.904445  0.202739  0.485888  0.854199  
0.164193  0.769168  0.617593  0.164193  0.769168  0.617593  0.125546  0.726911  0.675203  
0.117037  0.0569389  0.991494  0.117037  0.0569389  0.991494  0.0337491  0.016419  0.999295  
0.10758  0.993377  0.0403565  0.10758  0.993377  0.0403565  0.166815  0.985834  0.0403832  
0.13541  0.643884  0.753046  0.13541  0.643884  0.753046  0.0245364  0.116672  0.995035  
0.117236  0.920127  0.373661  0.117236  0.920127  0.373661  0.117236  0.920127  0.373661  
0.102122  0.256908  0.961025  0.102122  0.256908  0.961025  0.103778  0.333247  0.937111  
0.0909611  0.977231  0.191693  0.0909611  0.977231  0.191693  0.126966  0.991907  0.00115685  
0.0936066  0.449425  0.8884  0.0936066  0.449425  0.8884  0.0247009  0.528085  0.849412  
0.0901679  0.813363  0.574726  0.0901679  0.813363  0.574726  0.0887883  0.800918  0.592276  
0.062581  0.0934174  0.993658  0.062581  0.0934174  0.993658  0.0627043  0.0936016  0.995617  
0.0575262  0.992027  0.112127  0.0575262  0.992027  0.112127  0.0747719  0.98888  0.147116  
0.064027  0.551062  0.832004  0.064027  0.551062  0.832004  0.124095  0.478398  0.869331  
0.0555517  0.877954  0.47551  0.0555517  0.877954  0.47551  0.11308  0.872613  0.475618  
0.0357518  0.171612  0.984516  0.0357518  0.171612  0.984516  0.147696  2.1783e-07  0.992677  
0.035241  0.959081  0.28093  0.035241  0.959081  0.28093  0.157727  0.941828  0.298165  
0.0264567  0.352103  0.935587  0.0264567  0.352103  0.935587  0.00988436  0.50461  0.863291  
0.0246371  0.739215  0.673018  0.0246371  0.739215  0.673018  0.0246371  0.739215  0.673018  
0.0129946  0.0239783  0.999628  0.0129946  0.0239783  0.999628  0.238872  0.440779  0.865266  
0.00764177  0.999683  0.0239911  0.00764177  0.999683  0.0239911  0.00764217  0.999736  0.0216871  
3.05273e-13  0.673184  0.739475  3.05273e-13  0.673184  0.739475  0.0450215  0.839232  0.54424  
