0.682261  0.257226  0.722678  0.682261  0.257226  0.722678  1.51817  0.347531  0.723199  
0.256977  0.997367  0.936028  0.256977  0.997367  0.936028  0.764166  0.99297  1.86223  
0.00737995  0.225259  9.96311  0.00737995  0.225259  9.96311  0.0429684  0.677902  10.3503  
0.682261  0.257226  0.722678  0.682261  0.257226  0.722678  0.691368  0.334633  0.705169  
0.663215  0.284753  0.701054  0.663215  0.284753  0.701054  1.67387  0.912963  1.94951  
0.605399  0.240616  0.765372  0.605399  0.240616  0.765372  0.815067  0.911821  1.17323  
0.659145  0.341551  0.698552  0.659145  0.341551  0.698552  0.723035  0.365393  0.747881  
0.586084  0.255295  0.779408  0.586084  0.255295  0.779408  1.25007  0.471366  0.953071  
0.614954  0.313884  0.750956  0.614954  0.313884  0.750956  0.615992  0.319726  0.751613  
0.518813  0.224005  0.837509  0.518813  0.224005  0.837509  2.88065  2.18842  3.10456  
0.659897  0.302295  0.694465  0.659897  0.302295  0.694465  1.74089  1.07261  1.5336  
0.548957  0.294535  0.808134  0.548957  0.294535  0.808134  0.541408  0.578003  0.812408  
0.601624  0.268425  0.764759  0.601624  0.268425  0.764759  0.812352  0.45688  1.08515  
0.460911  0.228825  0.862185  0.460911  0.228825  0.862185  0.672498  0.690758  1.47586  
0.62605  0.373898  0.740596  0.62605  0.373898  0.740596  0.665312  0.359269  1.26248  
0.466676  0.234013  0.858747  0.466676  0.234013  0.858747  0.477745  0.300037  0.900562  
0.534226  0.263438  0.817591  0.534226  0.263438  0.817591  0.637494  0.535878  0.920943  
0.37473  0.226034  0.900421  0.37473  0.226034  0.900421  0.750358  1.33012  1.48432  
0.660855  0.294879  0.692957  0.660855  0.294879  0.692957  0.65379  0.305879  1.01746  
0.473067  0.265247  0.85566  0.473067  0.265247  0.85566  0.529419  0.681013  0.982522  
0.566151  0.302666  0.795639  0.566151  0.302666  0.795639  0.581113  1.77144  0.864495  
0.369006  0.246064  0.902462  0.369006  0.246064  0.902462  1.20089  0.958445  1.5299  
0.612458  0.304565  0.756388  0.612458  0.304565  0.756388  4.40258  4.32826  4.37212  
0.388222  0.256335  0.895409  0.388222  0.256335  0.895409  0.388222  0.256335  1.33825  
0.478828  0.252449  0.852142  0.478828  0.252449  0.852142  3.41144  3.0834  3.34805  
0.294134  0.239401  0.926783  0.294134  0.239401  0.926783  3.66034  3.45818  3.94673  
0.631397  0.341739  0.735765  0.631397  0.341739  0.735765  0.83743  1.13878  0.974528  
0.371209  0.23962  0.901673  0.371209  0.23962  0.901673  0.553211  0.399567  1.0459  
0.478828  0.252449  0.852142  0.478828  0.252449  0.852142  1.05274  0.855476  1.4293  
0.273713  0.256825  0.932152  0.273713  0.256825  0.932152  0.8002  0.529683  1.94024  
0.542088  0.683275  0.813769  0.542088  0.683275  0.813769  1.36633  1.26557  0.95365  
0.291689  0.245871  0.927021  0.291689  0.245871  0.927021  0.895053  0.868657  1.80576  
0.379596  0.231248  0.898342  0.379596  0.231248  0.898342  2.8363  2.61334  3.10022  
0.346393  0.227525  0.998598  0.346393  0.227525  0.998598  0.709078  0.228171  0.994388  
0.662117  0.62757  0.691926  0.662117  0.62757  0.691926  0.746591  1.0747  0.91499  
0.330314  0.242535  0.916771  0.330314  0.242535  0.916771  1.75122  1.7264  2.43243  
0.469915  0.675914  0.856992  0.469915  0.675914  0.856992  2.52682  2.43261  2.98702  
0.229906  0.288347  0.941381  0.229906  0.288347  0.941381  1.59607  1.78262  2.26142  
0.561568  0.696696  0.800616  0.561568  0.696696  0.800616  0.790724  1.00243  1.19976  
0.252311  0.33621  0.936558  0.252311  0.33621  0.936558  1.22214  0.794557  1.00684  
0.354691  0.439204  0.90829  0.354691  0.439204  0.90829  3.58178  2.61172  5.52586  
0.00642664  0.251947  0.976715  0.00642664  0.251947  0.976715  1.78766  1.95658  2.43952  
0.606085  0.562163  0.762593  0.606085  0.562163  0.762593  2.809  1.97565  2.86383  
0.245368  0.252731  0.937801  0.245368  0.252731  0.937801  0.246183  0.253374  0.939261  
0.364164  0.368846  0.904724  0.364164  0.368846  0.904724  1.77722  0.368846  2.31755  
0.162119  0.264729  0.953136  0.162119  0.264729  0.953136  0.635176  0.495391  1.18825  
0.456745  0.223119  0.866858  0.456745  0.223119  0.866858  1.44672  0.494347  1.44604  
0.181581  0.30136  0.950168  0.181581  0.30136  0.950168  0.253186  0.467736  1.05351  
0.256297  0.331791  0.936192  0.256297  0.331791  0.936192  0.781895  1.11258  1.53721  
0.2827  0.241831  1.17516  0.2827  0.241831  1.17516  3.66005  3.52415  3.31455  
0.623501  1.38852  0.744759  0.623501  1.38852  0.744759  3.36502  2.68815  3.28872  
0.202412  0.398861  0.946757  0.202412  0.398861  0.946757  0.27839  0.39565  0.947167  
0.320684  0.415473  0.919413  0.320684  0.415473  0.919413  2.58711  2.11629  3.36153  
0.131513  0.280676  0.956443  0.131513  0.280676  0.956443  2.24592  2.66991  3.27763  
0.436044  0.717665  0.879766  0.436044  0.717665  0.879766  0.76622  0.601596  1.11376  
0.147335  0.304122  0.954953  0.147335  0.304122  0.954953  0.255378  0.929545  1.10561  
0.217147  0.344983  0.943606  0.217147  0.344983  0.943606  3.3318  3.65493  3.67549  
0.0181873  0.25049  1.02746  0.0181873  0.25049  1.02746  0.842395  0.747368  1.86483  
0.492628  0.651339  0.845807  0.492628  0.651339  0.845807  2.09404  0.849868  1.47449  
0.140794  0.386798  0.955321  0.140794  0.386798  0.955321  1.10909  1.6939  1.95278  
0.217147  0.344983  0.943606  0.217147  0.344983  0.943606  0.298577  0.748362  0.978526  
0.0305638  0.260728  0.965601  0.0305638  0.260728  0.965601  0.217471  0.438993  1.16977  
0.29249  0.249419  0.926744  0.29249  0.249419  0.926744  3.23741  2.69397  4.04066  
0.101322  0.289272  0.959904  0.101322  0.289272  0.959904  1.7019  2.94657  3.60465  
0.145768  0.275732  0.954958  0.145768  0.275732  0.954958  0.501445  1.15514  1.23548  
0.326697  0.233775  1.42725  0.326697  0.233775  1.42725  1.34832  1.72527  2.54899  
0.659145  0.341551  0.698552  0.659145  0.341551  0.698552  0.817778  0.341551  0.712399  
0.122918  0.316763  0.957516  0.122918  0.316763  0.957516  1.52623  1.07099  2.10878  
0.217147  0.344983  0.943606  0.217147  0.344983  0.943606  0.677582  0.344983  1.19583  
0.0778753  0.285811  0.961808  0.0778753  0.285811  0.961808  0.324454  0.642663  1.14184  
0.347891  0.237893  0.91267  0.347891  0.237893  0.91267  0.533668  0.340855  1.01704  
0.0850775  0.292656  0.961237  0.0850775  0.292656  0.961237  0.397961  0.563109  0.991812  
0.13174  0.263711  0.956375  0.13174  0.263711  0.956375  0.107455  0.329798  0.996539  
0.0422458  0.252402  0.968065  0.0422458  0.252402  0.968065  2.58423  2.54492  3.22744  
0.447505  0.314998  0.870128  0.447505  0.314998  0.870128  1.4458  2.06719  1.31159  
0.077974  0.300812  0.961805  0.077974  0.300812  0.961805  1.52254  1.29696  2.71379  
0.12926  0.267341  0.95668  0.12926  0.267341  0.95668  1.45555  1.61482  3.16028  
0.0492916  0.276233  0.964253  0.0492916  0.276233  0.964253  0.173003  0.621172  1.41594  
0.184752  0.263881  0.949727  0.184752  0.263881  0.949727  2.88513  2.81662  3.2741  
0.0518564  0.316402  0.964103  0.0518564  0.316402  0.964103  0.0486701  0.342101  0.964903  
0.0754265  0.291644  0.962096  0.0754265  0.291644  0.962096  0.163344  0.368323  1.09508  
0.0181873  0.25049  1.02746  0.0181873  0.25049  1.02746  0.135605  0.495004  1.20054  
0.472767  0.377296  0.855689  0.472767  0.377296  0.855689  1.31082  0.821294  1.22831  
0.0512103  0.289677  0.96422  0.0512103  0.289677  0.96422  0.165137  0.333026  1.00707  
0.0889695  0.264946  0.96098  0.0889695  0.264946  0.96098  0.263179  0.296492  0.987779  
0.0305728  0.286817  0.965571  0.0305728  0.286817  0.965571  2.65655  3.29474  3.60278  
0.131625  0.295629  0.956375  0.131625  0.295629  0.956375  2.95779  3.45366  4.33772  
0.0311402  0.290572  0.965531  0.0311402  0.290572  0.965531  0.250057  0.299935  0.969416  
0.0448512  0.315551  0.964643  0.0448512  0.315551  0.964643  0.565657  0.379734  1.0837  
0.0181873  0.25049  1.02746  0.0181873  0.25049  1.02746  0.0181873  0.326844  1.02746  
0.142789  0.306239  0.955137  0.142789  0.306239  0.955137  0.142789  1.94831  1.7938  
0.0227529  0.280366  0.966174  0.0227529  0.280366  0.966174  0.215236  0.794605  1.13409  
0.0336231  0.342684  0.965503  0.0336231  0.342684  0.965503  0.0371793  0.443824  0.966929  
0.0114185  0.259069  0.967021  0.0114185  0.259069  0.967021  0.461466  0.991724  1.75238  
0.0376709  0.270679  0.965119  0.0376709  0.270679  0.965119  0.482336  1.43075  1.7782  
0.00985109  0.259984  0.967094  0.00985109  0.259984  0.967094  0.0201005  0.269642  0.966457  
0.0114953  0.292834  0.967008  0.0114953  0.292834  0.967008  0.0178073  0.348093  0.967429  
0.0148862  0.249514  1.36752  0.0148862  0.249514  1.36752  0.194347  0.779283  1.96363  
0.0931916  0.286095  0.960588  0.0931916  0.286095  0.960588  0.755336  0.894999  1.78053  
0.00101982  0.324559  0.9678  0.00101982  0.324559  0.9678  2.31629  2.95536  3.11022  
