2  2.77678e-15  2.77678e-15  2  2.77678e-15  2.77678e-15  1.89294  0.00573456  2.85242e-15  
4.38884e-15  4  4.38884e-15  4.38884e-15  4  4.38884e-15  0.0268814  3.52047  0.0117399  
2.1811e-10  1.30305e-10  5.99992  2.1811e-10  1.30305e-10  5.99992  0.00454996  0.00427105  5.9129  
1.63238  0.0630942  0.063125  1.63238  0.0630942  0.063125  1.6712  0.0498759  0.063125  
1.44013  0.153385  0.0510762  1.44013  0.153385  0.0510762  1.43708  0.15306  0.0782269  
1.58276  0.0756709  0.226981  1.58276  0.0756709  0.226981  1.48297  0.116465  0.354453  
1.27885  0.262382  0.0374832  1.27885  0.262382  0.0374832  1.27885  0.262382  0.0374832  
1.43198  0.147392  0.245624  1.43198  0.147392  0.245624  1.36002  0.194275  0.177691  
1.28209  0.250434  0.150188  1.28209  0.250434  0.150188  1.14252  0.369988  0.116498  
1.58308  0.069088  0.483795  1.58308  0.069088  0.483795  1.54841  0.0909058  0.489368  
1.11792  0.403677  0.0268947  1.11792  0.403677  0.0268947  1.12899  0.414751  0.0379685  
1.28917  0.23699  0.304916  1.28917  0.23699  0.304916  1.35808  0.19663  0.167567  
1.14939  0.359941  0.163598  1.14939  0.359941  0.163598  1.08215  0.419474  0.248857  
1.44025  0.132372  0.573427  1.44025  0.132372  0.573427  1.35484  0.182611  0.565074  
1.06034  0.452413  0.104338  1.06034  0.452413  0.104338  0.748667  0.851891  0.157119  
1.29328  0.226352  0.4976  1.29328  0.226352  0.4976  1.37116  0.173105  0.664615  
1.12339  0.376027  0.292434  1.12339  0.376027  0.292434  1.12441  0.377042  0.29345  
1.5801  0.0622439  0.93305  1.5801  0.0622439  0.93305  1.68361  0.0336753  0.698638  
0.93768  0.604938  0.0195074  0.93768  0.604938  0.0195074  0.938267  0.605526  0.0200947  
1.12345  0.369462  0.418783  1.12345  0.369462  0.418783  1.02618  0.451205  0.778106  
0.987346  0.523987  0.205035  0.987346  0.523987  0.205035  0.99217  0.528811  0.209859  
1.29104  0.218902  0.780963  1.29104  0.218902  0.780963  0.995202  0.481799  1.15656  
0.911011  0.624723  0.115686  0.911011  0.624723  0.115686  0.673325  0.979048  0.144599  
1.14957  0.336174  0.641311  1.14957  0.336174  0.641311  1.14957  0.336174  0.641311  
0.982868  0.519147  0.354925  0.982868  0.519147  0.354925  1.00913  0.489541  0.354925  
0.980126  0.123353  1.19242  0.980126  0.123353  1.19242  1.0067  0.224423  4.71103  
0.834421  0.732972  0.0757489  0.834421  0.732972  0.0757489  0.90286  0.669179  0.0884014  
1.05097  0.431344  0.629813  1.05097  0.431344  0.629813  1.3448  0.191924  0.476354  
0.900117  0.621555  0.325481  0.900117  0.621555  0.325481  0.968546  0.536129  0.348543  
1.27668  0.21844  1.17925  1.27668  0.21844  1.17925  1.09232  0.352116  1.83271  
0.82434  0.733409  0.20529  0.82434  0.733409  0.20529  0.829719  0.738578  0.16145  
1.1039  0.367477  0.939123  1.1039  0.367477  0.939123  0.854342  0.409199  5.81443  
0.911504  0.595369  0.525203  0.911504  0.595369  0.525203  0.91187  0.595881  0.541366  
1.10908  0.0442162  1.3714  1.10908  0.0442162  1.3714  1.15931  0.0337723  1.24518  
0.713879  0.930952  0.0147568  0.713879  0.930952  0.0147568  0.782409  0.83243  0.0191876  
0.902581  0.600857  0.639172  0.902581  0.600857  0.639172  0.918081  0.615846  0.593688  
0.770258  0.806242  0.291468  0.770258  0.806242  0.291468  0.927656  0.592822  0.293139  
0.768088  0.293404  1.19242  0.768088  0.293404  1.19242  0.583943  0.298641  5.55236  
0.703659  0.92595  0.151356  0.703659  0.92595  0.151356  0.711463  0.933844  0.151364  
0.942847  0.537655  0.958454  0.942847  0.537655  0.958454  0.912161  0.566228  1.18024  
0.778429  0.779731  0.499718  0.778429  0.779731  0.499718  0.778429  0.779731  0.499718  
0.888911  0.165497  1.34756  0.888911  0.165497  1.34756  0.976597  0.177468  1.93763  
0.64161  1.04307  0.0883102  0.64161  1.04307  0.0883102  0.996065  0.526363  0.0852267  
0.851294  0.655846  0.898752  0.851294  0.655846  0.898752  0.797946  0.737529  0.852188  
0.706347  0.897378  0.438186  0.706347  0.897378  0.438186  0.708706  0.893475  0.438186  
0.781246  0.26287  1.26662  0.781246  0.26287  1.26662  0.787605  0.248359  1.35802  
0.637794  1.03046  0.262388  0.637794  1.03046  0.262388  0.757795  0.826819  0.274346  
0.768088  0.293404  1.19242  0.768088  0.293404  1.19242  0.772895  0.298211  1.19723  
0.721078  0.857054  0.709143  0.721078  0.857054  0.709143  0.727129  0.864247  0.425867  
0.949184  0.100118  2.03585  0.949184  0.100118  2.03585  0.949184  0.100118  2.03585  
0.551255  1.22476  0.0602169  0.551255  1.22476  0.0602169  0.58293  1.16121  0.0542929  
0.741539  0.8112  0.979034  0.741539  0.8112  0.979034  0.644121  0.978554  0.980854  
0.608478  1.06996  0.451636  0.608478  1.06996  0.451636  0.5668  1.14102  0.601389  
0.678703  0.357211  1.40078  0.678703  0.357211  1.40078  0.752478  0.094452  5.59515  
0.545249  1.21251  0.251626  0.545249  1.21251  0.251626  0.474122  1.37844  0.202726  
0.637619  0.442016  1.19242  0.637619  0.442016  1.19242  0.497771  0.660461  1.21113  
0.61855  1.03201  0.752468  0.61855  1.03201  0.752468  0.554093  1.1182  1.52815  
0.810692  0.189583  2.2371  0.810692  0.189583  2.2371  0.946562  0.0901423  2.70697  
0.487487  1.34831  0.165531  0.487487  1.34831  0.165531  0.491918  1.35274  0.169962  
0.607114  0.48242  1.19242  0.607114  0.48242  1.19242  1.20989  0.0722947  3.55006  
0.548185  1.17515  0.658756  0.548185  1.17515  0.658756  0.456453  1.37202  0.746502  
0.673406  0.329145  2.01165  0.673406  0.329145  2.01165  0.566814  0.24529  5.88528  
0.482724  1.33514  0.408713  0.482724  1.33514  0.408713  0.45369  1.41123  0.356819  
0.537496  0.536208  1.4818  0.537496  0.536208  1.4818  0.538605  0.537326  1.60362  
0.559986  1.12842  1.06004  0.559986  1.12842  1.06004  0.561502  1.12994  1.06155  
0.626048  0.039786  2.50717  0.626048  0.039786  2.50717  0.673032  0.0229697  2.47006  
0.387168  1.62807  0.0128096  0.387168  1.62807  0.0128096  0.386581  1.6256  0.0243554  
0.531439  0.593202  1.19242  0.531439  0.593202  1.19242  0.416866  0.830691  1.20459  
0.426925  1.46064  0.507341  0.426925  1.46064  0.507341  0.353898  1.70705  0.317207  
0.495787  0.577949  1.80814  0.495787  0.577949  1.80814  0.577804  0.673313  3.48629  
0.372824  1.62652  0.249116  0.372824  1.62652  0.249116  0.419286  1.50549  0.249754  
0.40384  0.780462  1.34515  0.40384  0.780462  1.34515  0.421311  0.794513  1.20015  
0.423818  1.44206  0.894445  0.423818  1.44206  0.894445  0.424527  1.44277  0.895154  
0.460465  0.175868  2.38991  0.460465  0.175868  2.38991  0.460465  0.175868  2.38991  
0.318768  1.7989  0.135949  0.318768  1.7989  0.135949  0.397075  1.58845  0.0595389  
0.340392  0.933443  1.23895  0.340392  0.933443  1.23895  0.369359  0.920322  1.26273  
0.356517  1.62856  0.767483  0.356517  1.62856  0.767483  0.429641  1.48384  0.189926  
0.41096  0.229631  2.38991  0.41096  0.229631  2.38991  0.21779  0.530666  2.40343  
0.301548  1.81804  0.441258  0.301548  1.81804  0.441258  0.331315  1.69645  1.31158  
0.348991  0.843631  1.9251  0.348991  0.843631  1.9251  0.252689  0.516771  2.59878  
0.31799  1.00975  1.19242  0.31799  1.00975  1.19242  0.357884  1.26672  5.93015  
0.385814  0.189047  3.26741  0.385814  0.189047  3.26741  0.503597  0.106551  2.81599  
0.229736  2.11088  0.0857873  0.229736  2.11088  0.0857873  0.400046  1.5684  0.128006  
0.244964  1.1556  1.35112  0.244964  1.1556  1.35112  0.261697  0.734198  5.91907  
0.250694  1.95952  0.796375  0.250694  1.95952  0.796375  0.175047  2.24183  0.98623  
0.255383  0.465554  2.38991  0.255383  0.465554  2.38991  0.107158  0.84854  2.38991  
0.202269  2.17332  0.426328  0.202269  2.17332  0.426328  0.209738  2.18079  0.433798  
0.235439  1.10751  2.18916  0.235439  1.10751  2.18916  0.292561  1.36247  4.93394  
0.187562  1.38466  1.19242  0.187562  1.38466  1.19242  0.187562  1.38466  1.19242  
0.216277  0.0825968  3.58496  0.216277  0.0825968  3.58496  0.216277  0.0825968  3.58496  
0.144073  2.44899  0.276829  0.144073  2.44899  0.276829  0.287232  1.9033  0.281311  
0.160119  1.3598  2.05287  0.160119  1.3598  2.05287  0.124914  1.11088  5.80231  
0.139254  1.56642  1.19242  0.139254  1.56642  1.19242  0.169811  1.59698  1.22298  
0.143686  0.60433  3.46732  0.143686  0.60433  3.46732  0.181859  0.401283  5.93496  
0.100778  2.63332  0.771152  0.100778  2.63332  0.771152  0.121454  2.52788  0.638141  
0.0808064  0.919657  2.44363  0.0808064  0.919657  2.44363  0.0808064  0.919657  2.44363  
0.0650423  1.83591  1.67143  0.0650423  1.83591  1.67143  0.125911  1.52803  1.67143  
0.0593787  0.0226802  4.77078  0.0593787  0.0226802  4.77078  0.0650168  0.0283183  4.77642  
0.0265672  3.3179  0.0796142  0.0265672  3.3179  0.0796142  0.0435765  3.33938  0.0969642  
0.0118104  1.38641  2.38991  0.0118104  1.38641  2.38991  0.02093  1.29487  2.38991  
