1  1.65278e-30  1.44392e-25  1  1.65278e-30  1.44392e-25  1  1.65278e-30  1.44392e-25  
6.12323e-17  1  2.73526e-13  6.12323e-17  1  2.73526e-13  6.14042e-17  1.00281  2.02273e-10  
9.24433e-13  1.52789e-42  1  9.24433e-13  1.52789e-42  1  9.28262e-13  6.36134e-43  1.00414  
0.998509  0.0386034  0.038607  0.998509  0.0386034  0.038607  0.998784  0.038614  0.0386176  
0.993761  0.105806  0.0352738  0.993761  0.105806  0.0352738  0.99671  0.0777935  0.0227458  
0.988771  0.0472635  0.141764  0.988771  0.0472635  0.141764  0.9922  0.035458  0.121947  
0.97921  0.200813  0.0286599  0.97921  0.200813  0.0286599  0.976355  0.200228  0.0909163  
0.980629  0.100762  0.167968  0.980629  0.100762  0.167968  0.981208  0.100821  0.168067  
0.975043  0.190349  0.114269  0.975043  0.190349  0.114269  0.977277  0.190785  0.0923622  
0.955635  0.0417154  0.291584  0.955635  0.0417154  0.291584  0.886341  0.0189622  0.462645  
0.940316  0.33956  0.0224521  0.940316  0.33956  0.0224521  0.965962  0.261991  0.0253988  
0.95799  0.176114  0.22636  0.95799  0.176114  0.22636  0.933976  0.166625  0.316351  
0.945756  0.295707  0.134545  0.945756  0.295707  0.134545  0.953763  0.298211  0.0374927  
0.925633  0.0850275  0.368747  0.925633  0.0850275  0.368747  0.950121  0.133915  0.281668  
0.916037  0.390836  0.0901334  0.916037  0.390836  0.0901334  0.916037  0.390836  0.0901334  
0.921031  0.16115  0.354587  0.921031  0.16115  0.354587  0.92801  0.126227  0.355168  
0.920663  0.308111  0.23968  0.920663  0.308111  0.23968  0.927785  0.332851  0.168602  
0.860441  0.0337681  0.508431  0.860441  0.0337681  0.508431  0.860441  0.0337681  0.508431  
0.840204  0.541989  0.0174694  0.840204  0.541989  0.0174694  0.840245  0.542015  0.0174702  
0.895481  0.294271  0.333943  0.895481  0.294271  0.333943  0.760115  0.24121  0.60336  
0.869062  0.460649  0.180368  0.869062  0.460649  0.180368  0.856816  0.454158  0.244464  
0.846449  0.143493  0.512771  0.846449  0.143493  0.512771  0.921106  0.114805  0.375867  
0.820249  0.562461  0.104063  0.820249  0.562461  0.104063  0.820971  0.562956  0.107764  
0.84605  0.246802  0.472535  0.84605  0.246802  0.472535  0.847363  0.247185  0.473268  
0.842306  0.444823  0.304388  0.842306  0.444823  0.304388  0.793235  0.608913  0.00171536  
0.763338  0.0649696  0.642724  0.763338  0.0649696  0.642724  0.629275  0.15819  0.760913  
0.749624  0.658353  0.0680851  0.749624  0.658353  0.0680851  0.777297  0.622006  0.0958911  
0.809143  0.331042  0.485488  0.809143  0.331042  0.485488  0.791899  0.370402  0.485488  
0.788755  0.544515  0.285253  0.788755  0.544515  0.285253  0.788068  0.617338  0.00929944  
0.728834  0.123724  0.673419  0.728834  0.123724  0.673419  0.728834  0.123724  0.673419  
0.734609  0.653402  0.1828  0.734609  0.653402  0.1828  0.794213  0.60248  0.0790147  
0.73835  0.245387  0.628191  0.73835  0.245387  0.628191  0.528169  0.751703  0.394942  
0.754509  0.491537  0.434866  0.754509  0.491537  0.434866  0.71267  0.614707  0.33799  
0.62861  0.0226508  0.77739  0.62861  0.0226508  0.77739  0.62861  0.0226508  0.77739  
0.608446  0.793495  0.0125746  0.608446  0.793495  0.0125746  0.399491  0.919507  0.0219287  
0.717057  0.477109  0.50813  0.717057  0.477109  0.50813  0.547423  0.364239  0.75343  
0.668272  0.699575  0.252997  0.668272  0.699575  0.252997  0.668272  0.699575  0.252997  
0.645708  0.222382  0.730484  0.645708  0.222382  0.730484  0.554079  0.412882  0.722859  
0.599619  0.789797  0.129139  0.599619  0.789797  0.129139  0.381661  0.915245  0.12914  
0.651239  0.37076  0.662136  0.651239  0.37076  0.662136  0.776187  0.318169  0.544336  
0.643338  0.644599  0.413049  0.643338  0.644599  0.413049  0.643371  0.644632  0.413071  
0.547706  0.100081  0.830663  0.547706  0.100081  0.830663  0.546266  0.107666  0.830663  
0.522574  0.84955  0.0719806  0.522574  0.84955  0.0719806  0.627031  0.772604  0.101556  
0.607724  0.468093  0.64153  0.607724  0.468093  0.64153  0.51609  0.56888  0.642365  
0.577469  0.733618  0.358238  0.577469  0.733618  0.358238  0.466375  0.785276  0.407807  
0.516975  0.173477  0.838238  0.516975  0.173477  0.838238  0.871598  0.292475  0.399082  
0.514403  0.831047  0.211541  0.514403  0.831047  0.211541  0.514482  0.831174  0.211574  
0.529252  0.329872  0.781714  0.529252  0.329872  0.781714  0.443272  0.390184  0.807462  
0.543363  0.646527  0.535499  0.543363  0.646527  0.535499  0.348287  0.769981  0.53585  
0.42215  0.0445298  0.905432  0.42215  0.0445298  0.905432  0.422817  0.0385988  0.90561  
0.410043  0.910969  0.0447252  0.410043  0.910969  0.0447252  0.469796  0.882343  0.0276045  
0.503723  0.551025  0.665308  0.503723  0.551025  0.665308  0.503723  0.551025  0.665308  
0.464099  0.816352  0.343774  0.464099  0.816352  0.343774  0.464099  0.816352  0.343774  
0.42495  0.22203  0.877565  0.42495  0.22203  0.877565  0.13709  0.128162  0.982892  
0.402977  0.896121  0.185951  0.402977  0.896121  0.185951  0.409963  0.911657  0.143358  
0.433244  0.3944  0.810401  0.433244  0.3944  0.810401  0.268549  0.544414  0.799106  
0.43579  0.72716  0.530401  0.43579  0.72716  0.530401  0.507722  0.671194  0.540109  
0.339776  0.0735936  0.937623  0.339776  0.0735936  0.937623  0.34389  0.0510725  0.937643  
0.337769  0.934232  0.114557  0.337769  0.934232  0.114557  0.255539  0.959988  0.114557  
0.393527  0.496097  0.773966  0.393527  0.496097  0.773966  0.167589  0.850494  0.498627  
0.37642  0.807993  0.453273  0.37642  0.807993  0.453273  0.527764  0.677295  0.512578  
0.313852  0.149533  0.937623  0.313852  0.149533  0.937623  0.267839  0.12761  0.954975  
0.326742  0.903733  0.276597  0.326742  0.903733  0.276597  0.266437  0.759729  0.593555  
0.322657  0.321793  0.890136  0.322657  0.321793  0.890136  0.322664  0.3218  0.890156  
0.33981  0.685481  0.64393  0.33981  0.685481  0.64393  0.0323033  0.764403  0.64393  
0.242237  0.0126623  0.970135  0.242237  0.0126623  0.970135  0.324416  0.00485783  0.949199  
0.231333  0.972845  0.00764219  0.231333  0.972845  0.00764219  0.231345  0.972894  0.00764258  
0.299904  0.663929  0.685023  0.299904  0.663929  0.685023  0.183473  0.70504  0.685023  
0.266084  0.910598  0.316244  0.266084  0.910598  0.316244  0.266276  0.911255  0.316473  
0.250856  0.294658  0.922089  0.250856  0.294658  0.922089  0.0231609  0.386351  0.922247  
0.220978  0.964103  0.147225  0.220978  0.964103  0.147225  0.14645  0.882945  0.446051  
0.250409  0.485875  0.837389  0.250409  0.485875  0.837389  0.289895  0.846527  0.446724  
0.242274  0.824506  0.511364  0.242274  0.824506  0.511364  0.220095  0.755155  0.618668  
0.190698  0.128122  0.973252  0.190698  0.128122  0.973252  0.952817  0.118629  0.279404  
0.173854  0.981967  0.074262  0.173854  0.981967  0.074262  0.173261  0.978618  0.117231  
0.210446  0.588256  0.780812  0.210446  0.588256  0.780812  0.125823  0.568926  0.812706  
0.190999  0.887922  0.418466  0.190999  0.887922  0.418466  0.191376  0.889675  0.419292  
0.165059  0.210999  0.96345  0.165059  0.210999  0.96345  0.233022  0.12578  0.964303  
0.159138  0.9594  0.232865  0.159138  0.9594  0.232865  0.159147  0.959454  0.232878  
0.162204  0.396014  0.903805  0.162204  0.396014  0.903805  0.119674  0.274806  0.954023  
0.16179  0.769515  0.617796  0.16179  0.769515  0.617796  0.121361  0.886858  0.445818  
0.117049  0.0555942  0.991569  0.117049  0.0555942  0.991569  0.00250368  1.36842e-12  0.999997  
0.107972  0.993334  0.0403666  0.107972  0.993334  0.0403666  0.0848145  1.01027  0.0188184  
0.13568  0.643868  0.753011  0.13568  0.643868  0.753011  0.202525  0.660493  0.725269  
0.116939  0.919997  0.374074  0.116939  0.919997  0.374074  0.840015  0.0821821  0.536826  
0.0996494  0.256918  0.961282  0.0996494  0.256918  0.961282  0.175546  0.266648  0.952171  
0.0908762  0.977231  0.191733  0.0908762  0.977231  0.191733  0.0908897  0.977376  0.191762  
0.0931975  0.449438  0.888437  0.0931975  0.449438  0.888437  0.171856  0.474333  0.863408  
0.0888781  0.81343  0.574833  0.0888781  0.81343  0.574833  0.0960773  0.879318  0.473562  
0.0635047  0.0934078  0.993601  0.0635047  0.0934078  0.993601  0.666155  0.667898  0.331887  
0.0580909  0.992003  0.112055  0.0580909  0.992003  0.112055  0.142756  0.982317  0.128587  
0.0633947  0.551087  0.832036  0.0633947  0.551087  0.832036  0.603993  0.38029  0.700495  
0.0545119  0.8778  0.475916  0.0545119  0.8778  0.475916  0.0545208  0.877943  0.475994  
0.0406632  0.171574  0.984332  0.0406632  0.171574  0.984332  0.115477  1.19263e-13  0.99331  
0.0365728  0.959032  0.280927  0.0365728  0.959032  0.280927  0.0365781  0.959171  0.280968  
0.0287324  0.352081  0.935529  0.0287324  0.352081  0.935529  0.0287335  0.352095  0.935565  
0.00609602  0.739426  0.67321  0.00609602  0.739426  0.67321  0.220027  0.705958  0.67321  
0.0129507  0.0239891  0.999628  0.0129507  0.0239891  0.999628  0.0129507  0.0239891  0.999628  
0.00738663  0.999686  0.0239589  0.00738663  0.999686  0.0239589  0.12347  0.992111  0.0243947  
1.05702e-13  0.67306  0.739588  1.05702e-13  0.67306  0.739588  0.0378203  0.721107  0.691791  
