1  5.65474e-15  1  5.65474e-15  0.983844  0.00958219  
1.66851e-14  1  1.66851e-14  1  1.66851e-14  1  
0.990084  0.0050681  0.990084  0.0050681  0.999337  0.0050681  
0.970336  0.0150056  0.970336  0.0150056  1.09052  0.0670248  
0.951066  0.024852  0.951066  0.024852  0.998455  0.0927305  
0.932374  0.0344861  0.932374  0.0344861  1.15626  0.25254  
0.914143  0.0439927  0.914143  0.0439927  0.991134  0.149151  
0.896448  0.0532868  0.896448  0.0532868  0.867037  0.0886121  
0.879212  0.0624483  0.879212  0.0624483  1.21889  0.332257  
0.862393  0.0714656  0.862393  0.0714656  1.11929  0.382895  
0.845978  0.0803415  0.845978  0.0803415  1.06987  0.334462  
0.829944  0.0890809  0.829944  0.0890809  0.830766  0.142241  
0.814308  0.0977104  0.814308  0.0977104  0.868102  0.179299  
0.79899  0.10622  0.79899  0.10622  0.824488  0.155453  
0.784041  0.114627  0.784041  0.114627  0.823482  0.169552  
0.769398  0.122922  0.769398  0.122922  0.740583  0.139639  
0.755104  0.131098  0.755104  0.131098  0.757144  0.14723  
0.741088  0.13922  0.741088  0.13922  0.763014  0.126698  
0.727336  0.14723  0.727336  0.14723  0.694338  0.16684  
0.713846  0.155183  0.713846  0.155183  0.75691  0.398919  
0.70062  0.163022  0.70062  0.163022  1.04662  0.416938  
0.687654  0.170805  0.687654  0.170805  1.04185  0.428554  
0.674912  0.178516  0.674912  0.178516  0.661736  0.186848  
0.662407  0.186166  0.662407  0.186166  0.718943  0.154465  
0.65013  0.193746  0.65013  0.193746  0.6814  0.175548  
0.638065  0.201267  0.638065  0.201267  0.608861  0.290134  
0.626202  0.208736  0.626202  0.208736  0.863315  0.498652  
0.614534  0.216133  0.614534  0.216133  0.640843  0.225349  
0.603058  0.223503  0.603058  0.223503  0.61175  0.343605  
0.591741  0.230815  0.591741  0.230815  0.874966  0.373993  
0.580614  0.238078  0.580614  0.238078  0.558839  0.252506  
0.569641  0.245317  0.569641  0.245317  0.598366  0.330839  
0.558839  0.252506  0.558839  0.252506  0.578623  0.260376  
0.548192  0.25967  0.548192  0.25967  0.537625  0.266856  
0.537694  0.26679  0.537694  0.26679  0.563774  0.250377  
0.527338  0.273885  0.527338  0.273885  0.537409  0.267082  
0.517119  0.280951  0.517119  0.280951  0.523934  0.286443  
0.507041  0.287999  0.507041  0.287999  0.561232  0.554706  
0.497089  0.295023  0.497089  0.295023  0.49964  0.298558  
0.487271  0.302027  0.487271  0.302027  0.497148  0.302857  
0.477572  0.309011  0.477572  0.309011  0.493744  0.378213  
0.46798  0.315986  0.46798  0.315986  0.573631  0.385514  
0.458508  0.322947  0.458508  0.322947  0.384637  0.735782  
0.449139  0.3299  0.449139  0.3299  0.913653  0.455755  
0.439878  0.336842  0.439878  0.336842  0.447688  0.339848  
0.430722  0.343785  0.430722  0.343785  0.614605  0.822167  
0.421655  0.350725  0.421655  0.350725  0.427251  0.357904  
0.412685  0.357669  0.412685  0.357669  0.408139  0.361254  
0.403811  0.364613  0.403811  0.364613  0.445812  0.41278  
0.395029  0.371557  0.395029  0.371557  0.424068  0.413008  
0.386324  0.378521  0.386324  0.378521  0.452835  0.371535  
0.377703  0.385481  0.377703  0.385481  0.411928  0.414158  
0.369158  0.392467  0.369158  0.392467  0.371274  0.397301  
0.36069  0.399473  0.36069  0.399473  0.335819  0.488064  
0.352295  0.406499  0.352295  0.406499  0.378928  0.399449  
0.343976  0.413548  0.343976  0.413548  0.420106  0.410013  
0.335725  0.420618  0.335725  0.420618  0.527307  0.505699  
0.327535  0.427732  0.327535  0.427732  0.343848  0.414161  
0.319414  0.434866  0.319414  0.434866  0.335725  0.452788  
0.311352  0.442046  0.311352  0.442046  0.315307  0.438572  
0.303341  0.449262  0.303341  0.449262  0.509478  0.686903  
0.295399  0.456524  0.295399  0.456524  0.304303  0.497298  
0.2875  0.463843  0.2875  0.463843  0.643431  0.810333  
0.279662  0.471213  0.279662  0.471213  0.408191  0.556497  
0.271868  0.478641  0.271868  0.478641  0.30246  0.480167  
0.26412  0.486133  0.26412  0.486133  0.461916  0.817001  
0.256407  0.493687  0.256407  0.493687  0.260236  0.489961  
0.248739  0.501312  0.248739  0.501312  0.281415  0.516246  
0.241112  0.509012  0.241112  0.509012  0.3819  0.694559  
0.233513  0.516801  0.233513  0.516801  0.245893  0.570492  
0.225958  0.524679  0.225958  0.524679  0.228043  0.524865  
0.218421  0.532668  0.218421  0.532668  0.219029  0.539629  
0.210931  0.540753  0.210931  0.540753  0.293942  0.53667  
0.203464  0.548969  0.203464  0.548969  0.271323  0.655406  
0.196021  0.557312  0.196021  0.557312  0.173998  0.583528  
0.1886  0.565798  0.1886  0.565798  0.166439  0.592415  
0.181198  0.574437  0.181198  0.574437  0.361141  1.0268  
0.173813  0.583238  0.173813  0.583238  0.403454  0.920905  
0.166439  0.592216  0.166439  0.592216  0.184991  0.57023  
0.159063  0.601383  0.159063  0.601383  0.212803  0.706868  
0.151713  0.610757  0.151713  0.610757  0.152823  0.69643  
0.14436  0.620378  0.14436  0.620378  0.151894  0.610993  
0.137003  0.630252  0.137003  0.630252  0.409234  0.827593  
0.129642  0.640403  0.129642  0.640403  0.133753  0.637749  
0.122268  0.650854  0.122268  0.650854  0.453279  1.06359  
0.114895  0.661641  0.114895  0.661641  0.369758  0.658715  
0.107489  0.672833  0.107489  0.672833  0.125407  0.699747  
0.100048  0.684436  0.100048  0.684436  0.13325  0.664528  
0.0925663  0.696561  0.0925663  0.696561  0.111157  0.667204  
0.08507  0.709224  0.08507  0.709224  0.0962826  0.690553  
0.0774978  0.72257  0.0774978  0.72257  0.062774  0.752912  
0.0699171  0.736652  0.0699171  0.736652  0.152422  0.972134  
0.0621455  0.751696  0.0621455  0.751696  0.103747  0.78542  
0.0543935  0.767822  0.0543935  0.767822  0.106916  0.764717  
0.0466349  0.785496  0.0466349  0.785496  0.281188  1.02908  
0.0385355  0.804763  0.0385355  0.804763  0.047346  0.79642  
0.0305571  0.826669  0.0305571  0.826669  0.330021  1.1685  
0.0221268  0.853729  0.0221268  0.853729  0.326607  1.31056  
0.0135907  0.889627  0.0135907  0.889627  0.0270578  0.932347  
0.00322536  0.949981  0.00322536  0.949981  0.0794147  1.08022  
