0.5  0  0  0.5  0  0  11.5687  0.172254  0  
4.30145e-11  0.5  2.82647e-11  4.30145e-11  0.5  2.82647e-11  0.036488  0.448421  0.0150912  
7.45967e-51  8.36787e-51  0.5  7.45967e-51  8.36787e-51  0.5  3.371e-51  1.0878e-50  0.5  
0.464122  0.017934  0.0179442  0.464122  0.017934  0.0179442  0.469899  0.0075273  0.0225737  
0.437848  0.0466155  0.0155367  0.437848  0.0466155  0.0155367  0.441457  0.0430064  0.0155367  
0.419732  0.0200638  0.0602042  0.419732  0.0200638  0.0602042  5.89407  0.0974341  0.602038  
0.405054  0.0831216  0.0118243  0.405054  0.0831216  0.0118243  8.37981  1.36385  0.369852  
0.392325  0.0403656  0.0673092  0.392325  0.0403656  0.0673092  1.31584  0.311909  0.122973  
0.380952  0.0744097  0.0446379  0.380952  0.0744097  0.0446379  0.371881  0.101457  0.0266616  
0.370574  0.0161716  0.113255  0.370574  0.0161716  0.113255  0.363233  0.00222979  0.134538  
0.360978  0.130337  0.00868521  0.360978  0.130337  0.00868521  0.365727  0.125587  0.00868521  
0.351994  0.0647496  0.0832565  0.351994  0.0647496  0.0832565  0.340177  0.0625758  0.0972475  
0.343542  0.107581  0.0488774  0.343542  0.107581  0.0488774  58.1374  18.2059  8.27152  
0.335561  0.0307494  0.133689  0.335561  0.0307494  0.133689  13.7446  0.401974  5.16296  
0.327846  0.139882  0.0322718  0.327846  0.139882  0.0322718  0.333278  0.1422  0.0245219  
0.320512  0.0560906  0.123397  0.320512  0.0560906  0.123397  0.319662  0.0545278  0.125811  
0.313491  0.104919  0.0815898  0.313491  0.104919  0.0815898  0.327586  0.109636  0.0683627  
0.306686  0.012075  0.181239  0.306686  0.012075  0.181239  0.27897  0.0276989  0.193331  
0.300125  0.193633  0.00624284  0.300125  0.193633  0.00624284  0.322036  0.174925  0.00303897  
0.293788  0.0966573  0.109555  0.293788  0.0966573  0.109555  0.270097  0.117438  0.112465  
0.287658  0.152613  0.0597289  0.287658  0.152613  0.0597289  0.298997  0.141274  0.0597289  
0.281675  0.0477115  0.170613  0.281675  0.0477115  0.170613  1.10526  0.327507  0.40711  
0.27582  0.189155  0.0350247  0.27582  0.189155  0.0350247  75.9282  52.071  5.80404  
0.270144  0.0790129  0.150843  0.270144  0.0790129  0.150843  22.9022  9.78594  12.7294  
0.26461  0.13976  0.09563  0.26461  0.13976  0.09563  2.32016  1.22545  0.838505  
0.25919  0.0225654  0.218245  0.25919  0.0225654  0.218245  0.740401  0.0644602  0.623436  
0.253912  0.223036  0.0230525  0.253912  0.223036  0.0230525  9.10883  7.13426  0.691869  
0.248716  0.102083  0.149201  0.248716  0.102083  0.149201  0.229514  0.102515  0.167971  
0.243641  0.168243  0.0881159  0.243641  0.168243  0.0881159  3.06826  2.34511  1.54934  
0.238661  0.0408289  0.22051  0.238661  0.0408289  0.22051  0.254075  0.042166  0.203759  
0.233773  0.20799  0.0582374  0.233773  0.20799  0.0582374  0.233773  0.20799  0.0582374  
0.228984  0.0762187  0.194797  0.228984  0.0762187  0.194797  45.8158  15.25  38.9754  
0.22427  0.146482  0.129248  0.22427  0.146482  0.129248  0.22427  0.146482  0.129248  
0.219634  0.00875563  0.27161  0.219634  0.00875563  0.27161  30.4361  2.16701  49.2513  
0.215074  0.280485  0.00444136  0.215074  0.280485  0.00444136  0.127898  0.369033  0.00306875  
0.210577  0.140189  0.149234  0.210577  0.140189  0.149234  0.188555  0.176115  0.13533  
0.20617  0.215777  0.0780531  0.20617  0.215777  0.0780531  31.7463  33.2255  12.0187  
0.201812  0.0698882  0.228299  0.201812  0.0698882  0.228299  0.170993  0.143125  0.185882  
0.197533  0.259943  0.0425237  0.197533  0.259943  0.0425237  0.0853703  0.372106  0.0425237  
0.193234  0.110242  0.196524  0.193234  0.110242  0.196524  8.23056  4.69563  8.37066  
0.189123  0.189451  0.121426  0.189123  0.189451  0.121426  15.3945  12.8628  71.9203  
0.185011  0.0344408  0.280548  0.185011  0.0344408  0.280548  0.159427  0.0243455  0.316228  
0.180933  0.294143  0.0249233  0.180933  0.294143  0.0249233  13.2486  20.4659  0.401352  
0.176919  0.136306  0.186775  0.176919  0.136306  0.186775  0.146584  0.144578  0.208838  
0.172949  0.219738  0.107312  0.172949  0.219738  0.107312  80.5193  114.967  53.422  
0.169036  0.0567913  0.274173  0.169036  0.0567913  0.274173  0.161822  0.0640054  0.274173  
0.165176  0.266812  0.0680125  0.165176  0.266812  0.0680125  1.06793  1.69386  0.693961  
0.161333  0.100539  0.238128  0.161333  0.100539  0.238128  2.3488  1.62916  3.61728  
0.157563  0.18728  0.155157  0.157563  0.18728  0.155157  6.23227  4.93536  7.17164  
0.153843  0.0160735  0.330084  0.153843  0.0160735  0.330084  31.6187  3.30353  70.7664  
0.150112  0.333495  0.0163931  0.150112  0.333495  0.0163931  0.208658  0.286832  0.00451039  
0.146439  0.1602  0.193361  0.146439  0.1602  0.193361  2.8948  3.16684  3.82236  
0.142823  0.251142  0.106035  0.142823  0.251142  0.106035  0.161004  0.207594  0.131402  
0.139221  0.0732826  0.287496  0.139221  0.0732826  0.287496  0.130296  0.103418  0.266286  
0.135675  0.301707  0.0626184  0.135675  0.301707  0.0626184  0.135675  0.301707  0.0626184  
0.132131  0.120687  0.247182  0.132131  0.120687  0.247182  43.8963  16.5407  61.0635  
0.128657  0.214682  0.156661  0.128657  0.214682  0.156661  6.0988  8.92219  6.85389  
0.125213  0.0292546  0.345533  0.125213  0.0292546  0.345533  0.166235  0.00802055  0.325744  
0.121791  0.336842  0.0413663  0.121791  0.336842  0.0413663  0.113592  0.318912  0.0674967  
0.118239  0.149147  0.232614  0.118239  0.149147  0.232614  2.46021  4.83942  7.85719  
0.114996  0.246635  0.138369  0.114996  0.246635  0.138369  3.26733  5.93355  3.85057  
0.111699  0.0545944  0.333706  0.111699  0.0545944  0.333706  8.31901  0.991538  18.6838  
0.1084  0.299823  0.0917779  0.1084  0.299823  0.0917779  31.9186  61.7566  11.1883  
0.105099  0.104886  0.290015  0.105099  0.104886  0.290015  0.121096  0.078911  0.299993  
0.101884  0.205295  0.192821  0.101884  0.205295  0.192821  11.3079  30.6399  17.25  
0.0986587  0.00621107  0.39513  0.0986587  0.00621107  0.39513  0.118109  0.0018768  0.380015  
0.0954536  0.401398  0.00314803  0.0954536  0.401398  0.00314803  0.0426716  0.453544  0.00378483  
0.092274  0.200657  0.207069  0.092274  0.200657  0.207069  0.092274  0.200657  0.207069  
0.0891292  0.304943  0.105928  0.0891292  0.304943  0.105928  0.0701369  0.309355  0.120508  
0.0860091  0.100241  0.31375  0.0860091  0.100241  0.31375  0.218694  0.353625  0.870902  
0.0828215  0.36177  0.0554089  0.0828215  0.36177  0.0554089  6.31541  23.9428  1.91063  
0.0798448  0.154197  0.265959  0.0798448  0.154197  0.265959  0.114259  0.105665  0.280076  
0.0766058  0.261307  0.162087  0.0766058  0.261307  0.162087  10.3302  28.6873  19.1182  
0.0737299  0.0499365  0.376334  0.0737299  0.0499365  0.376334  0.0922607  0.132081  0.515874  
0.0707048  0.399113  0.0301825  0.0707048  0.399113  0.0301825  0.0707048  0.399113  0.0301825  
0.0677333  0.185741  0.246525  0.0677333  0.185741  0.246525  0.0662151  0.181578  0.252207  
0.0645511  0.295969  0.13948  0.0645511  0.295969  0.13948  0.0695652  0.318958  0.111476  
0.0618124  0.0787167  0.359471  0.0618124  0.0787167  0.359471  1.22139  0.73211  4.99702  
0.0588775  0.354966  0.0861567  0.0588775  0.354966  0.0861567  1.95611  7.2121  2.31751  
0.0559586  0.135293  0.308749  0.0559586  0.135293  0.308749  0.0538607  0.13739  0.308749  
0.0530024  0.247941  0.199057  0.0530024  0.247941  0.199057  0.0530024  0.247941  0.199057  
0.0502008  0.0245868  0.425212  0.0502008  0.0245868  0.425212  0.0256803  0.0491073  0.425212  
0.0473437  0.43499  0.0176667  0.0473437  0.43499  0.0176667  5.00265  24.0976  0.726572  
0.0445  0.209963  0.245537  0.0445  0.209963  0.245537  1.57362  4.86723  6.41735  
0.0416675  0.32585  0.132482  0.0416675  0.32585  0.132482  6.14971  38.5758  13.4396  
0.0387827  0.0972795  0.363938  0.0387827  0.0972795  0.363938  0.0662318  0.0957682  0.338  
0.036082  0.387803  0.0761148  0.036082  0.387803  0.0761148  0.934199  10.0406  1.97069  
0.033292  0.156783  0.309925  0.033292  0.156783  0.309925  6.79369  15.6681  38.9493  
0.030566  0.275058  0.194376  0.030566  0.275058  0.194376  0.030566  0.275058  0.194376  
0.0277394  0.0405806  0.43168  0.0277394  0.0405806  0.43168  0.0382639  0.0193348  0.442401  
0.0251143  0.426656  0.0482295  0.0251143  0.426656  0.0482295  0.0230005  0.42258  0.0544194  
0.0223344  0.190317  0.287349  0.0223344  0.190317  0.287349  2.10444  23.4788  21.3591  
0.0197191  0.311458  0.168823  0.0197191  0.311458  0.168823  2.19826  34.7208  17.2289  
0.0170438  0.0716098  0.411346  0.0170438  0.0716098  0.411346  2.28503  9.60059  59.2018  
0.0143805  0.375599  0.11002  0.0143805  0.375599  0.11002  0.0403646  0.363606  0.0960292  
0.0115515  0.133558  0.354891  0.0115515  0.133558  0.354891  0.167952  9.64314  38.931  
0.00906302  0.256975  0.233962  0.00906302  0.256975  0.233962  1.72837  49.0064  45.4641  
0.00648293  0.0115467  0.48197  0.00648293  0.0115467  0.48197  0.0250753  0.0236001  2.00831  
0.00387939  0.484497  0.0116239  0.00387939  0.484497  0.0116239  0.0470135  46.0097  1.01976  
0.00114764  0.237734  0.261118  0.00114764  0.237734  0.261118  0.293474  14.8064  14.8057  
