1.01118  1.58458e-07  1.01118  1.58458e-07  1.2061  0.255062  
1.57147e-12  1  1.57147e-12  1  0.0326089  0.968909  
0.995274  0.00509575  0.995274  0.00509575  1.71061  0.718902  
0.9875  0.0149512  0.9875  0.0149512  1.05734  0.1036  
0.976332  0.0252058  0.976332  0.0252058  1.08174  0.163625  
0.966029  0.035608  0.966029  0.035608  1.04001  0.0882309  
0.959031  0.0455174  0.959031  0.0455174  0.961173  0.079403  
0.944719  0.05578  0.944719  0.05578  2.45542  1.41868  
0.934241  0.0663679  0.934241  0.0663679  0.952726  0.132342  
0.923591  0.0765409  0.923591  0.0765409  0.991492  0.191934  
0.913596  0.0867481  0.913596  0.0867481  1.2255  0.376895  
0.904611  0.0970551  0.904611  0.0970551  1.32817  0.539437  
0.893863  0.107122  0.893863  0.107122  2.26081  1.45249  
0.883441  0.117418  0.883441  0.117418  0.891696  0.117348  
0.873303  0.127594  0.873303  0.127594  1.52838  0.786209  
0.86245  0.137773  0.86245  0.137773  1.04451  0.371198  
0.853009  0.148092  0.853009  0.148092  0.887061  0.266121  
0.842122  0.158214  0.842122  0.158214  0.894999  0.218518  
0.832046  0.168447  0.832046  0.168447  1.24882  0.547714  
0.821669  0.178602  0.821669  0.178602  0.861658  0.209263  
0.811312  0.188796  0.811312  0.188796  2.16806  1.95702  
0.801068  0.198992  0.801068  0.198992  4.91535  3.87249  
0.791025  0.209246  0.791025  0.209246  0.84346  0.227396  
0.781077  0.219508  0.781077  0.219508  0.835799  0.438563  
0.771035  0.229755  0.771035  0.229755  1.32722  0.796895  
0.760534  0.239854  0.760534  0.239854  0.761283  0.239787  
0.750356  0.250104  0.750356  0.250104  0.791922  0.281437  
0.740162  0.260315  0.740162  0.260315  0.748103  0.300623  
0.729724  0.270454  0.729724  0.270454  0.84943  0.378893  
0.719528  0.280662  0.719528  0.280662  0.805045  0.389997  
0.709273  0.290845  0.709273  0.290845  0.816215  0.428897  
0.699039  0.301043  0.699039  0.301043  0.807515  0.329224  
0.688854  0.311259  0.688854  0.311259  0.803883  0.502489  
0.678633  0.321458  0.678633  0.321458  0.739187  0.332092  
0.66843  0.331659  0.66843  0.331659  0.667316  0.374319  
0.65822  0.341868  0.65822  0.341868  0.66483  0.348275  
0.64799  0.352058  0.64799  0.352058  0.696824  0.382749  
0.637824  0.362277  0.637824  0.362277  0.642293  0.3787  
0.627598  0.37247  0.627598  0.37247  3.99201  3.38781  
0.617379  0.382674  0.617379  0.382674  0.627096  0.374647  
0.607191  0.392891  0.607191  0.392891  0.598962  0.409582  
0.597002  0.403103  0.597002  0.403103  0.838838  0.569608  
0.586775  0.413293  0.586775  0.413293  0.597412  0.425967  
0.576569  0.423497  0.576569  0.423497  0.923381  0.939142  
0.566355  0.433694  0.566355  0.433694  0.539609  0.477742  
0.556149  0.443899  0.556149  0.443899  0.571681  0.443944  
0.545959  0.454105  0.545959  0.454105  0.562312  0.439816  
0.535749  0.464317  0.535749  0.464317  0.56907  0.433343  
0.525527  0.474503  0.525527  0.474503  0.54133  0.459798  
0.515338  0.484724  0.515338  0.484724  0.517036  0.71373  
0.505122  0.494917  0.505122  0.494917  0.505122  0.49665  
0.494922  0.505126  0.494922  0.505126  0.504765  0.495324  
0.484705  0.515317  0.484705  0.515317  0.485196  0.51537  
0.474509  0.525532  0.474509  0.525532  0.468563  0.531481  
0.464298  0.535728  0.464298  0.535728  0.467215  0.540095  
0.454095  0.545934  0.454095  0.545934  0.454869  0.54768  
0.443888  0.55614  0.443888  0.55614  0.327563  0.752276  
0.433681  0.566339  0.433681  0.566339  0.424402  0.57822  
0.423477  0.576542  0.423477  0.576542  0.424397  0.617585  
0.413277  0.586753  0.413277  0.586753  0.441019  0.559536  
0.403069  0.596955  0.403069  0.596955  0.399096  0.600962  
0.392861  0.607151  0.392861  0.607151  0.419884  0.580198  
0.382663  0.617368  0.382663  0.617368  0.387889  0.612149  
0.37246  0.62757  0.37246  0.62757  0.358841  0.641965  
0.362254  0.637784  0.362254  0.637784  0.383135  0.618775  
0.352043  0.647963  0.352043  0.647963  0.339784  0.660615  
0.34184  0.658169  0.34184  0.658169  0.446116  0.814095  
0.331635  0.668374  0.331635  0.668374  0.35071  0.649482  
0.32143  0.678574  0.32143  0.678574  0.327301  0.70451  
0.311226  0.68878  0.311226  0.68878  0.311229  0.688783  
0.300991  0.699017  0.300991  0.699017  0.292562  0.707503  
0.290816  0.709185  0.290816  0.709185  0.262001  0.738004  
0.280613  0.719393  0.280613  0.719393  0.514323  1.10647  
0.270404  0.729603  0.270404  0.729603  0.270498  0.729899  
0.260205  0.739801  0.260205  0.739801  0.260208  0.739863  
0.249997  0.750008  0.249997  0.750008  0.250001  0.750392  
0.239796  0.760207  0.239796  0.760207  0.239991  0.760311  
0.229592  0.770409  0.229592  0.770409  0.255121  0.744995  
0.219384  0.780618  0.219384  0.780618  0.219394  0.780839  
0.209184  0.790818  0.209184  0.790818  0.212266  0.787866  
0.19898  0.801021  0.19898  0.801021  0.170175  0.82984  
0.188763  0.811238  0.188763  0.811238  0.189716  0.811241  
0.178558  0.821442  0.178558  0.821442  0.138311  0.864377  
0.168365  0.831635  0.168365  0.831635  0.168367  0.831636  
0.158161  0.84184  0.158161  0.84184  0.158161  0.842631  
0.147946  0.852054  0.147946  0.852054  0.148166  0.852238  
0.137749  0.862251  0.137749  0.862251  0.167867  0.832137  
0.12755  0.87245  0.12755  0.87245  0.0599503  0.941477  
0.117346  0.882654  0.117346  0.882654  0.117346  0.882676  
0.107141  0.89286  0.107141  0.89286  0.128206  0.871795  
0.0969379  0.903062  0.0969379  0.903062  0.0969379  0.903062  
0.086734  0.913266  0.086734  0.913266  0.0592613  0.94075  
0.0765302  0.92347  0.0765302  0.92347  0.0910671  0.908933  
0.0663259  0.933674  0.0663259  0.933674  3.27308  2.97438  
0.0561212  0.943879  0.0561212  0.943879  0.13961  1.06712  
0.0459183  0.954082  0.0459183  0.954082  0.0252031  0.974797  
0.0357143  0.964286  0.0357143  0.964286  0.0740996  0.926211  
0.0255101  0.97449  0.0255101  0.97449  0.0262555  0.97449  
0.0153039  0.984696  0.0153039  0.984696  0.0153317  0.984696  
0.0050946  0.994905  0.0050946  0.994905  0.00270033  0.997306  
