2.00003  3.05539e-05  3.05539e-05  2.00003  3.05539e-05  3.05539e-05  2.0345  0.0345025  0.0345025  
0.000319205  4.00016  0.000160702  0.000319205  4.00016  0.000160702  1.39988  4.87823  1.25014  
0.000131627  0.000131627  6.00013  0.000131627  0.000131627  6.00013  0.0880406  0.0880406  6.08804  
1.99972  0.0654784  0.0696828  1.99972  0.0654784  0.0696828  1.99959  0.252008  0.0292897  
1.99725  0.21191  0.0187924  1.99725  0.21191  0.0187924  2.03982  0.227889  0.0496984  
1.99763  0.0519385  0.286076  1.99763  0.0519385  0.286076  2.01795  0.171832  0.307642  
1.98958  0.40823  0.0369156  1.98958  0.40823  0.0369156  2.00399  0.260277  0.0448599  
1.99423  0.205164  0.337767  1.99423  0.205164  0.337767  2.01412  0.305503  0.224536  
1.98936  0.388487  0.223025  1.98936  0.388487  0.223025  1.9937  0.392825  0.227362  
1.98977  0.0224466  0.60659  1.98977  0.0224466  0.60659  2.03902  0.0706846  0.655833  
1.96856  0.709991  0.0273768  1.96856  0.709991  0.0273768  2.28492  3.92372  2.27745  
1.98574  0.364203  0.467518  1.98574  0.364203  0.467518  1.88246  0.358546  2.69023  
1.97399  0.618081  0.277684  1.97399  0.618081  0.277684  2.36128  3.91931  1.32908  
1.98089  0.178572  0.785336  1.98089  0.178572  0.785336  1.98622  0.268855  0.779279  
1.95518  0.833672  0.192317  1.95518  0.833672  0.192317  1.93419  0.990001  0.377572  
1.9766  0.344994  0.759143  1.9766  0.344994  0.759143  2.00088  0.272804  0.772921  
1.96587  0.656852  0.510215  1.96587  0.656852  0.510215  2.04973  0.541409  0.7707  
1.96255  0.00921711  1.15855  1.96255  0.00921711  1.15855  2.01356  0.14007  1.2087  
1.90366  1.22749  0.013811  1.90366  1.22749  0.013811  1.88606  1.59884  0.0626991  
1.95903  0.643386  0.730038  1.95903  0.643386  0.730038  1.96917  0.632229  0.974324  
1.92924  1.02363  0.397423  1.92924  1.02363  0.397423  1.90309  1.24909  0.313027  
1.95404  0.328751  1.18323  1.95404  0.328751  1.18323  1.95408  0.334135  1.28208  
1.89056  1.29638  0.237375  1.89056  1.29638  0.237375  1.89779  1.28122  0.24135  
1.94663  0.56836  1.08443  1.94663  0.56836  1.08443  1.9843  0.602796  1.03937  
1.921  1.01446  0.693554  1.921  1.01446  0.693554  1.95045  1.08132  0.639617  
1.9246  0.159858  1.61831  1.9246  0.159858  1.61831  1.9178  1.30004  0.679901  
1.83088  1.60807  0.163127  1.83088  1.60807  0.163127  2.4702  1.24912  0.588168  
1.92359  0.788282  1.14895  1.92359  0.788282  1.14895  1.92172  0.789044  1.2194  
1.87886  1.29701  0.675112  1.87886  1.29701  0.675112  1.91348  1.1488  0.722677  
1.90594  0.321074  1.76019  1.90594  0.321074  1.76019  1.89916  0.250594  1.98617  
1.82263  1.62112  0.452507  1.82263  1.62112  0.452507  1.96188  1.06016  0.486735  
1.90057  0.632418  1.61523  1.90057  0.632418  1.61523  1.94724  0.297001  1.64058  
1.87182  1.22115  1.07216  1.87182  1.22115  1.07216  2.26088  1.5721  0.737526  
1.85023  0.0608048  2.27963  1.85023  0.0608048  2.27963  1.87088  0.20216  2.22304  
1.67571  2.1852  0.0176515  1.67571  2.1852  0.0176515  1.5731  2.52565  0.0319779  
1.85298  1.23236  1.3094  1.85298  1.23236  1.3094  1.85985  1.296  1.32451  
1.76211  1.8422  0.663999  1.76211  1.8422  0.663999  1.7772  1.86524  0.680741  
1.84817  0.63953  2.08966  1.84817  0.63953  2.08966  1.95571  0.761499  1.53612  
1.66827  2.1953  0.357904  1.66827  2.1953  0.357904  1.67815  2.20518  0.367784  
1.82999  1.0425  1.85946  1.82999  1.0425  1.85946  1.95326  0.622304  1.87967  
1.75772  1.75873  1.12776  1.75772  1.75873  1.12776  1.99979  1.98593  1.36686  
1.77925  0.32966  2.69863  1.77925  0.32966  2.69863  1.87943  0.341208  2.53362  
1.55158  2.52241  0.208418  1.55158  2.52241  0.208418  1.55197  2.53051  0.383559  
1.77444  1.36608  1.87362  1.77444  1.36608  1.87362  1.79261  1.38425  1.8918  
1.66398  2.11425  1.02779  1.66398  2.11425  1.02779  1.75542  2.19106  1.13494  
1.74266  0.561528  2.82543  1.74266  0.561528  2.82543  1.76264  0.712037  2.85612  
1.54796  2.5  0.625632  1.54796  2.5  0.625632  1.58345  2.58586  0.446811  
1.72995  1.07301  2.55351  1.72995  1.07301  2.55351  1.85144  0.588139  2.61314  
1.65591  1.968  1.63012  1.65591  1.968  1.63012  1.48382  2.4877  1.74001  
1.62649  0.0750721  3.49105  1.62649  0.0750721  3.49105  1.19652  0.4223  4.85922  
1.33859  2.97528  0.00412195  1.33859  2.97528  0.00412195  1.40404  2.93988  0.0340959  
1.63975  1.79232  2.15936  1.63975  1.79232  2.15936  1.63668  1.82214  2.1634  
1.47814  2.59991  1.09457  1.47814  2.59991  1.09457  1.34877  2.95941  1.35358  
1.61102  0.846117  3.32502  1.61102  0.846117  3.32502  1.48973  0.700253  3.93926  
1.33107  2.96112  0.611818  1.33107  2.96112  0.611818  1.47865  2.85489  0.694955  
1.58564  1.44408  2.95906  1.58564  1.44408  2.95906  1.52644  1.10427  3.60394  
1.46868  2.44923  1.7812  1.46868  2.44923  1.7812  1.47961  2.46016  1.79213  
1.46786  0.302144  4.05137  1.46786  0.302144  4.05137  1.69534  0.52084  4.23108  
1.16971  3.23587  0.39391  1.16971  3.23587  0.39391  1.4211  2.85654  0.156845  
1.48132  1.8669  2.91206  1.48132  1.8669  2.91206  1.54355  1.92913  2.9743  
1.31698  2.82388  1.58257  1.31698  2.82388  1.58257  1.61772  2.05687  1.81314  
1.39696  0.680312  4.17401  1.39696  0.680312  4.17401  1.42823  0.711577  4.20527  
1.15702  3.19956  0.977603  1.15702  3.19956  0.977603  1.16468  3.20723  0.98527  
1.38446  1.37597  3.81757  1.38446  1.37597  3.81757  1.84269  1.73699  4.10431  
1.28733  2.59821  2.44069  1.28733  2.59821  2.44069  1.30433  2.30188  2.99304  
1.19995  0.0356169  4.80834  1.19995  0.0356169  4.80834  1.04557  0.0825946  5.28489  
0.859712  3.61848  0.02607  0.859712  3.61848  0.02607  1.31679  4.03159  0.460748  
1.20194  2.63897  2.72731  1.20194  2.63897  2.72731  1.26131  2.732  2.49748  
0.987733  3.39075  1.17718  0.987733  3.39075  1.17718  1.59301  3.64213  1.19793  
1.19184  1.39073  4.35863  1.19184  1.39073  4.35863  1.28992  1.42559  4.32196  
0.830093  3.62266  0.552367  0.830093  3.62266  0.552367  0.747476  3.71054  0.764152  
1.12843  2.1835  3.76434  1.12843  2.1835  3.76434  1.64213  3.22556  4.80662  
0.954313  3.25398  2.01647  0.954313  3.25398  2.01647  1.1581  4.23847  3.06407  
1.00245  0.620929  5.11589  1.00245  0.620929  5.11589  1.06566  0.684135  5.1791  
0.666928  3.77318  0.064944  0.666928  3.77318  0.064944  1.37344  3.82542  0.608728  
0.959603  2.63198  3.49205  0.959603  2.63198  3.49205  0.847029  2.93751  3.29329  
0.766148  3.53069  1.66335  0.766148  3.53069  1.66335  0.873746  3.52184  1.70989  
0.882364  1.12399  5.13198  0.882364  1.12399  5.13198  0.50939  1.60714  5.76991  
0.621714  3.75964  0.910516  0.621714  3.75964  0.910516  0.842797  3.64287  1.16656  
0.827781  2.00013  4.56686  0.827781  2.00013  4.56686  2.1919  2.3734  5.29891  
0.706384  3.30012  2.64911  0.706384  3.30012  2.64911  0.580452  3.43022  2.62328  
0.666879  0.0242104  5.66022  0.666879  0.0242104  5.66022  1.73748  0.425107  4.85679  
0.419759  3.91473  0.0171961  0.419759  3.91473  0.0171961  0.460406  3.90918  0.0258448  
0.634829  2.99405  3.50173  0.634829  2.99405  3.50173  1.92672  3.04395  4.88263  
0.478442  3.74917  1.52444  0.478442  3.74917  1.52444  0.480439  3.75116  1.52643  
0.570735  1.42777  5.34481  0.570735  1.42777  5.34481  2.03797  1.91623  5.86937  
0.277557  3.92873  0.763018  0.277557  3.92873  0.763018  0.289409  3.92966  0.903624  
0.498845  2.35287  4.65143  0.498845  2.35287  4.65143  0.501004  2.00674  5.09813  
0.393954  3.54892  2.506  0.393954  3.54892  2.506  0.676358  3.21892  3.0764  
0.377182  0.471983  5.85112  0.377182  0.471983  5.85112  0.471034  0.567992  5.92942  
0.170052  3.97445  0.446734  0.170052  3.97445  0.446734  1.4738  4.82947  1.44941  
0.325862  2.78771  4.20999  0.325862  2.78771  4.20999  0.595738  2.92861  4.37733  
0.236276  3.73702  2.02544  0.236276  3.73702  2.02544  1.43797  4.3987  2.85141  
0.148451  1.0104  5.79708  0.148451  1.0104  5.79708  0.396957  1.06475  6.00787  
0.149801  3.92477  1.14855  0.149801  3.92477  1.14855  0.554555  4.17971  1.32057  
0.0171828  1.97557  5.24888  0.0171828  1.97557  5.24888  0.127722  1.95962  5.46151  
0.117702  3.41445  3.10849  0.117702  3.41445  3.10849  0.241443  3.38199  3.62812  
0.0802946  0.0365394  5.99505  0.0802946  0.0365394  5.99505  0.0911266  0.0447441  6.01193  
0.0301412  3.99929  0.0793665  0.0301412  3.99929  0.0793665  0.362257  4.06436  0.295113  
0.0137662  3.23763  3.55586  0.0137662  3.23763  3.55586  0.0687523  3.24766  3.56725  
