1.0001  1.97536e-07  1.0001  1.97536e-07  1.00945  0.0115  
3.76305e-12  1  3.76305e-12  1  3.76305e-12  1  
0.996272  0.00460384  0.996272  0.00460384  0.998349  0.00532818  
0.985266  0.0152636  0.985266  0.0152636  0.989151  0.0760305  
0.975138  0.0253253  0.975138  0.0253253  0.96197  0.062584  
0.964762  0.0356795  0.964762  0.0356795  0.974945  0.0577973  
0.954676  0.0459422  0.954676  0.0459422  0.969197  0.0671009  
0.944508  0.0561207  0.944508  0.0561207  1.0153  0.237686  
0.934518  0.0659659  0.934518  0.0659659  0.931664  0.0727201  
0.924345  0.0762126  0.924345  0.0762126  0.990599  0.0889037  
0.9142  0.0866059  0.9142  0.0866059  1.08002  0.144771  
0.903926  0.0966797  0.903926  0.0966797  1.02922  0.113099  
0.89372  0.10676  0.89372  0.10676  0.901082  0.138899  
0.883406  0.11673  0.883406  0.11673  0.888725  0.111732  
0.873122  0.127022  0.873122  0.127022  0.883616  0.138126  
0.862852  0.137707  0.862852  0.137707  0.863418  0.164982  
0.852485  0.147856  0.852485  0.147856  0.874114  0.167957  
0.842131  0.158118  0.842131  0.158118  0.844439  0.173788  
0.831861  0.168365  0.831861  0.168365  0.833297  0.169331  
0.821594  0.178521  0.821594  0.178521  0.828656  0.174896  
0.811396  0.188768  0.811396  0.188768  0.818319  0.185067  
0.80108  0.198981  0.80108  0.198981  0.864001  0.301469  
0.791033  0.209175  0.791033  0.209175  0.815292  0.192301  
0.780656  0.219353  0.780656  0.219353  0.799894  0.255402  
0.770567  0.229434  0.770567  0.229434  0.885905  0.28917  
0.760204  0.239797  0.760204  0.239797  0.768351  0.254002  
0.75  0.25  0.75  0.25  0.78713  0.256923  
0.75  0.25  0.75  0.25  0.766942  0.236365  
0.75  0.25  0.75  0.25  0.750936  0.251568  
0.75  0.25  0.75  0.25  0.750026  0.25  
0.75  0.25  0.75  0.25  4.0395  3.26112  
0.75  0.25  0.75  0.25  0.75  0.250426  
0.75  0.25  0.75  0.25  0.75  0.250095  
0.75  0.25  0.75  0.25  0.75  0.25  
0.75  0.25  0.75  0.25  0.752213  0.25  
0.75  0.25  0.75  0.25  0.750353  0.25  
0.75  0.25  0.75  0.25  0.75  0.25  
0.75  0.25  0.75  0.25  0.750695  0.25  
0.75  0.25  0.75  0.25  0.75176  0.264797  
0.75  0.25  0.75  0.25  0.75  0.250204  
0.75  0.25  0.75  0.25  3.75749  3.49353  
0.5  0.5  0.5  0.5  0.557742  0.535426  
0.5  0.5  0.5  0.5  0.5  0.500081  
0.5  0.5  0.5  0.5  0.585999  0.739829  
0.5  0.5  0.5  0.5  0.65551  0.537799  
0.5  0.5  0.5  0.5  0.500027  0.50023  
0.5  0.5  0.5  0.5  0.5  0.500005  
0.5  0.5  0.5  0.5  0.5  0.500099  
0.5  0.5  0.5  0.5  0.589838  0.551766  
0.5  0.5  0.5  0.5  0.485549  0.521096  
0.5  0.5  0.5  0.5  0.507681  0.506057  
0.494881  0.50512  0.494881  0.50512  0.551682  0.604905  
0.484662  0.515347  0.484662  0.515347  0.497582  0.527488  
0.474526  0.525478  0.474526  0.525478  0.523332  0.559421  
0.464305  0.535738  0.464305  0.535738  0.473633  0.554215  
0.454141  0.545972  0.454141  0.545972  0.502191  0.535585  
0.44389  0.556179  0.44389  0.556179  0.458343  0.550526  
0.43361  0.56643  0.43361  0.56643  0.439656  0.576902  
0.423455  0.576586  0.423455  0.576586  0.594177  0.680548  
0.413255  0.58684  0.413255  0.58684  0.575522  1.01106  
0.403002  0.59706  0.403002  0.59706  0.457591  0.589746  
0.392839  0.607385  0.392839  0.607385  0.550951  0.660011  
0.382571  0.617593  0.382571  0.617593  0.449965  0.735265  
0.372434  0.627847  0.372434  0.627847  0.372413  0.629825  
0.362281  0.638056  0.362281  0.638056  0.422049  0.786091  
0.352128  0.648232  0.352128  0.648232  0.392699  0.63835  
0.341886  0.658424  0.341886  0.658424  0.672795  0.867775  
0.331631  0.668533  0.331631  0.668533  0.337794  0.664312  
0.321387  0.678673  0.321387  0.678673  0.351577  0.759051  
0.311203  0.688872  0.311203  0.688872  0.343063  0.708688  
0.301005  0.699054  0.301005  0.699054  0.301  0.740413  
0.290814  0.709207  0.290814  0.709207  0.282819  0.721361  
0.280541  0.719463  0.280541  0.719463  0.458862  0.898741  
0.270397  0.729603  0.270397  0.729603  0.287358  0.78052  
0.260163  0.739837  0.260163  0.739837  0.264437  0.771147  
0.25  0.75  0.25  0.75  0.42026  0.859248  
0.25  0.75  0.25  0.75  0.251005  0.75  
0.25  0.75  0.25  0.75  0.25  0.75  
0.25  0.75  0.25  0.75  0.250017  0.751041  
0.25  0.75  0.25  0.75  3.25749  3.96517  
3.76305e-12  1  3.76305e-12  1  0.000320263  1.0066  
3.76305e-12  1  3.76305e-12  1  3.96434  4.6077  
3.76305e-12  1  3.76305e-12  1  3.76305e-12  1  
3.76305e-12  1  3.76305e-12  1  3.76305e-12  1  
3.76305e-12  1  3.76305e-12  1  3.76305e-12  1.00006  
3.76305e-12  1  3.76305e-12  1  0.000428202  1  
3.76305e-12  1  3.76305e-12  1  3.76305e-12  1  
3.76305e-12  1  3.76305e-12  1  3.76305e-12  1  
3.76305e-12  1  3.76305e-12  1  0.00945769  1  
3.76305e-12  1  3.76305e-12  1  3.76305e-12  1  
3.76305e-12  1  3.76305e-12  1  0.00576281  1.00527  
3.76305e-12  1  3.76305e-12  1  3.76305e-12  1  
3.76305e-12  1  3.76305e-12  1  0.454723  0.946764  
3.76305e-12  1  3.76305e-12  1  3.76305e-12  1  
3.76305e-12  1  3.76305e-12  1  3.76305e-12  1  
3.76305e-12  1  3.76305e-12  1  0.000190927  1.00006  
3.76305e-12  1  3.76305e-12  1  3.76305e-12  1  
3.76305e-12  1  3.76305e-12  1  2.92957e-06  1  
3.76305e-12  1  3.76305e-12  1  3.76305e-12  1  
3.76305e-12  1  3.76305e-12  1  0.143815  1.11664  
