2.00031  0.00031365  0.00031365  2.00031  0.00031365  0.00031365  2.0359  0.094275  0.0428329  
0.000336132  4.00032  0.000321748  0.000336132  4.00032  0.000321748  0.186798  4.00331  0.0176455  
0.00593119  0.00577541  6.0006  0.00593119  0.00577541  6.0006  0.980918  1.67708  4.78739  
1.99968  0.0775322  0.0775907  1.99968  0.0775322  0.0775907  2.00801  0.0858328  0.0798788  
1.99727  0.212487  0.0708693  1.99727  0.212487  0.0708693  1.99161  0.226796  0.914708  
1.99733  0.0956614  0.286371  1.99733  0.0956614  0.286371  2.06667  0.128794  0.193499  
1.9897  0.408111  0.0585459  1.9897  0.408111  0.0585459  1.99041  0.393855  0.0630695  
1.99444  0.205375  0.342123  1.99444  0.205375  0.342123  1.99784  0.58044  0.0988957  
1.98931  0.388481  0.233309  1.98931  0.388481  0.233309  2.01393  0.774476  0.314841  
1.98953  0.0869268  0.607549  1.98953  0.0869268  0.607549  1.99791  0.0957243  0.615938  
1.96843  0.71057  0.0453936  1.96843  0.71057  0.0453936  2.00034  0.742484  0.0773083  
1.98608  0.365596  0.469912  1.98608  0.365596  0.469912  2.00272  0.475122  0.491101  
1.97407  0.61835  0.278817  1.97407  0.61835  0.278817  1.99604  0.661706  0.2042  
1.98123  0.181516  0.789058  1.98123  0.181516  0.789058  1.15365  2.91723  2.59093  
1.95527  0.834326  0.192603  1.95527  0.834326  0.192603  1.97829  0.958032  0.18706  
1.97699  0.34271  0.759471  1.97699  0.34271  0.759471  2.04683  0.708031  0.240507  
1.96582  0.657965  0.511638  1.96582  0.657965  0.511638  1.94915  1.26013  0.562601  
1.96239  0.0758908  1.15971  1.96239  0.0758908  1.15971  1.99046  0.160946  1.3684  
1.90382  1.22784  0.0392528  1.90382  1.22784  0.0392528  1.95503  1.21181  0.0810225  
1.95933  0.644781  0.729538  1.95933  0.644781  0.729538  1.96551  0.797813  0.747979  
1.92922  1.02351  0.400552  1.92922  1.02351  0.400552  1.93028  1.02457  0.401613  
1.95423  0.331461  1.18267  1.95423  0.331461  1.18267  1.97612  0.423419  1.67503  
1.89105  1.29498  0.240027  1.89105  1.29498  0.240027  1.9549  1.19696  0.533379  
1.94695  0.569166  1.08566  1.94695  0.569166  1.08566  1.94497  0.601267  1.08606  
1.92106  1.01478  0.69414  1.92106  1.01478  0.69414  1.89688  1.5937  0.34918  
1.92455  0.161234  1.62042  1.92455  0.161234  1.62042  1.82293  0.661817  2.41659  
1.83122  1.60746  0.166625  1.83122  1.60746  0.166625  1.84834  1.62458  0.183743  
1.92408  0.782822  1.15375  1.92408  0.782822  1.15375  1.33803  2.88513  2.13226  
1.87923  1.2957  0.678853  1.87923  1.2957  0.678853  1.14995  3.3615  0.728969  
1.90597  0.325483  1.76011  1.90597  0.325483  1.76011  1.21906  2.04021  3.96124  
1.82274  1.62039  0.453539  1.82274  1.62039  0.453539  0.584928  2.39981  4.61282  
1.90063  0.631855  1.61623  1.90063  0.631855  1.61623  0.915341  1.78574  4.74029  
1.87316  1.2076  1.07763  1.87316  1.2076  1.07763  1.27181  3.03781  1.09034  
1.85001  0.0709189  2.28572  1.85001  0.0709189  2.28572  1.83069  0.0990846  2.64662  
1.67605  2.18478  0.0300144  1.67605  2.18478  0.0300144  1.68555  2.19427  0.041309  
1.85448  1.22054  1.31355  1.85448  1.22054  1.31355  1.88015  1.2462  1.33921  
1.76169  1.84356  0.665686  1.76169  1.84356  0.665686  1.7786  2.11943  0.647722  
1.84832  0.637203  2.08991  1.84832  0.637203  2.08991  0.608002  0.126654  5.85794  
1.66982  2.19076  0.358753  1.66982  2.19076  0.358753  1.75043  2.01681  0.379431  
1.83092  1.04008  1.85186  1.83092  1.04008  1.85186  1.24146  3.26933  1.32591  
1.75795  1.75643  1.12682  1.75795  1.75643  1.12682  1.18541  2.18022  3.75819  
1.77966  0.322457  2.69841  1.77966  0.322457  2.69841  1.81134  0.354142  2.73009  
1.55189  2.52144  0.212668  1.55189  2.52144  0.212668  1.56206  2.53161  0.222834  
1.77556  1.36513  1.86889  1.77556  1.36513  1.86889  1.7747  1.42274  1.87761  
1.66489  2.10949  1.0322  1.66489  2.10949  1.0322  0.315695  0.432647  5.95583  
1.74163  0.582423  2.82314  1.74163  0.582423  2.82314  1.45975  2.74051  1.69371  
1.54813  2.49912  0.635571  1.54813  2.49912  0.635571  0.823226  3.57605  1.64906  
1.73131  1.06428  2.55487  1.73131  1.06428  2.55487  1.80279  1.11311  2.13181  
1.65707  1.96262  1.628  1.65707  1.96262  1.628  1.46588  2.56519  1.76644  
1.62618  0.1633  3.4881  1.62618  0.1633  3.4881  1.65676  0.187935  3.51854  
1.33876  2.97161  0.144771  1.33876  2.97161  0.144771  1.36428  2.99713  0.170293  
1.63959  1.79109  2.1619  1.63959  1.79109  2.1619  1.5613  1.70353  2.91863  
1.47736  2.59854  1.08822  1.47736  2.59854  1.08822  1.31812  1.42888  4.1688  
1.61133  0.846878  3.32501  1.61133  0.846878  3.32501  1.62991  0.865461  3.34359  
1.33171  2.95716  0.614426  1.33171  2.95716  0.614426  1.74889  2.1348  1.25032  
1.58595  1.4363  2.96118  1.58595  1.4363  2.96118  1.29684  1.17957  4.44545  
1.46744  2.44745  1.78537  1.46744  2.44745  1.78537  1.12025  1.79195  4.54873  
1.46717  0.342009  4.0478  1.46717  0.342009  4.0478  1.47656  0.351399  4.05719  
1.16983  3.23493  0.396926  1.16983  3.23493  0.396926  1.18429  3.2428  0.639882  
1.48233  1.86359  2.91044  1.48233  1.86359  2.91044  0.53397  2.81727  4.26669  
1.31745  2.82144  1.58154  1.31745  2.82144  1.58154  1.361  2.89675  1.05017  
1.3967  0.68165  4.1747  1.3967  0.68165  4.1747  1.39971  0.830628  4.195  
1.15652  3.19843  0.979118  1.15652  3.19843  0.979118  1.26784  3.07738  0.931919  
1.38382  1.38016  3.80921  1.38382  1.38016  3.80921  1.3996  2.12993  2.95056  
1.28801  2.5952  2.43774  1.28801  2.5952  2.43774  1.24239  2.46149  3.18099  
1.19948  0.000457693  4.80265  1.19948  0.000457693  4.80265  0.583087  0.903953  5.7319  
0.858906  3.61329  0.0287017  0.858906  3.61329  0.0287017  0.438636  3.98321  0.0674171  
1.20826  2.62958  2.71311  1.20826  2.62958  2.71311  0.351251  1.9249  5.27718  
0.990897  3.38816  1.17667  0.990897  3.38816  1.17667  1.22278  3.26291  0.605351  
1.19203  1.39016  4.35175  1.19203  1.39016  4.35175  0.865742  2.17375  4.36149  
0.82971  3.62225  0.548477  0.82971  3.62225  0.548477  0.694788  3.74853  0.556818  
1.12453  2.17341  3.74518  1.12453  2.17341  3.74518  0.461624  2.98059  3.99259  
0.955587  3.24885  2.01447  0.955587  3.24885  2.01447  0.958845  3.25211  2.01773  
1.00059  0.654978  5.10527  1.00059  0.654978  5.10527  0.766338  2.57336  4.18486  
0.667829  3.76624  0.283588  0.667829  3.76624  0.283588  1.05507  2.23672  4.16293  
0.959032  2.63084  3.49144  0.959032  2.63084  3.49144  1.0935  2.69032  3.40445  
0.771376  3.52276  1.65534  0.771376  3.52276  1.65534  0.730328  3.25982  2.80387  
0.881034  1.11051  5.1256  0.881034  1.11051  5.1256  1.775  1.3418  2.66064  
0.621611  3.75379  0.911069  0.621611  3.75379  0.911069  0.49942  2.76443  4.10247  
0.828142  1.99867  4.56722  0.828142  1.99867  4.56722  0.289671  2.97999  4.17933  
0.704872  3.30308  2.65119  0.704872  3.30308  2.65119  0.705529  3.30401  2.65063  
0.665929  0.269988  5.64455  0.665929  0.269988  5.64455  0.675841  0.26262  5.65292  
0.425561  3.90762  0.157665  0.425561  3.90762  0.157665  0.289105  3.96911  1.05694  
0.633578  2.99373  3.50051  0.633578  2.99373  3.50051  0.633585  2.99374  3.50052  
0.479731  3.75027  1.51821  0.479731  3.75027  1.51821  0.822413  3.55752  1.54585  
0.570113  1.41645  5.34801  0.570113  1.41645  5.34801  0.984581  2.15795  4.50989  
0.362725  3.90147  0.764857  0.362725  3.90147  0.764857  0.371845  3.91059  0.773977  
0.487065  2.34521  4.63855  0.487065  2.34521  4.63855  0.229585  2.75075  4.49404  
0.393987  3.54915  2.50595  0.393987  3.54915  2.50595  0.452402  2.14303  5.06665  
0.376336  0.545638  5.83667  0.376336  0.545638  5.83667  0.189972  0.271708  5.97075  
0.232829  3.96225  0.446642  0.232829  3.96225  0.446642  0.742064  3.84971  0.153723  
0.322085  2.78071  4.20675  0.322085  2.78071  4.20675  0.456962  2.74792  4.23317  
0.235404  3.73743  2.02367  0.235404  3.73743  2.02367  0.377716  2.39349  4.97277  
0.237601  1.00259  5.76606  0.237601  1.00259  5.76606  0.443683  1.4209  5.62549  
0.148245  3.91667  1.14378  0.148245  3.91667  1.14378  0.825473  2.53226  4.1768  
0.164646  1.95861  5.21  0.164646  1.95861  5.21  0.192487  1.98645  5.23784  
0.116496  3.41483  3.11005  0.116496  3.41483  3.11005  0.158437  3.45677  3.15199  
0.0798804  0.138818  5.99221  0.0798804  0.138818  5.99221  0.175171  0.484956  6.05343  
0.032284  3.99944  0.0954398  0.032284  3.99944  0.0954398  0.129525  4.01987  0.120746  
0.00941803  3.22918  3.54543  0.00941803  3.22918  3.54543  0.16005  1.04094  5.86906  
