2.05  0.0501383  2.05  0.0501383  2.03058  0.640063  
0.168253  4.043  0.168253  4.043  0.182569  4.0412  
2.04749  0.059753  2.04749  0.059753  1.9452  1.37834  
2.04744  0.0793401  2.04744  0.0793401  2.08465  0.127469  
2.04733  0.0993259  2.04733  0.0993259  1.98395  1.19137  
2.04717  0.119716  2.04717  0.119716  2.04717  0.119716  
2.04696  0.140553  2.04696  0.140553  2.04746  0.0716551  
2.04668  0.161812  2.04668  0.161812  2.0475  0.253606  
2.04634  0.183554  2.04634  0.183554  2.04628  0.187307  
2.04593  0.205746  2.04593  0.205746  2.04363  0.296223  
2.04545  0.228414  2.04545  0.228414  2.0456  0.228558  
2.0449  0.251576  2.0449  0.251576  2.04604  0.200307  
2.04426  0.275255  2.04426  0.275255  2.04689  0.341887  
2.04353  0.29945  2.04353  0.29945  2.04253  0.329382  
2.04271  0.32418  2.04271  0.32418  2.0439  0.28725  
2.04179  0.349443  2.04179  0.349443  2.04179  0.349443  
2.04077  0.375291  2.04077  0.375291  2.0423  0.335731  
2.03964  0.401725  2.03964  0.401725  2.04018  0.402264  
2.03839  0.42875  2.03839  0.42875  2.04097  0.415478  
2.03702  0.456385  2.03702  0.456385  2.05454  0.446769  
2.03552  0.48466  2.03552  0.48466  2.03276  0.532247  
2.03388  0.513575  2.03388  0.513575  2.03248  0.544027  
2.03209  0.543153  2.03209  0.543153  2.03311  0.526428  
2.03014  0.573414  2.03014  0.573414  2.0298  0.588111  
2.02802  0.604375  2.02802  0.604375  2.01848  0.766466  
2.02573  0.636054  2.02573  0.636054  2.02573  0.636054  
2.02325  0.668471  2.02325  0.668471  2.08503  0.542623  
2.02057  0.701644  2.02057  0.701644  2.01568  0.758231  
2.01769  0.735591  2.01769  0.735591  2.00795  0.886033  
2.01457  0.770333  2.01457  0.770333  2.01719  0.745144  
2.01122  0.805886  2.01122  0.805886  1.99202  0.983094  
2.00762  0.842267  2.00762  0.842267  2.11036  0.531893  
2.00376  0.879511  2.00376  0.879511  1.91691  1.4762  
1.99961  0.917623  1.99961  0.917623  1.99495  0.958403  
1.99516  0.956619  1.99516  0.956619  1.95249  1.26575  
1.99039  0.99652  1.99039  0.99652  2.03363  0.557066  
1.9853  1.03735  1.9853  1.03735  1.98083  1.08573  
1.97984  1.07912  1.97984  1.07912  2.15669  0.964369  
1.97401  1.12185  1.97401  1.12185  2.04922  1.19705  
1.96779  1.16554  1.96779  1.16554  1.82414  1.9153  
1.96114  1.21023  1.96114  1.21023  1.93467  1.372  
1.95405  1.25593  1.95405  1.25593  1.97045  1.14708  
1.94649  1.30263  1.94649  1.30263  1.96779  1.16554  
1.93844  1.35035  1.93844  1.35035  1.71237  2.27398  
1.92986  1.39911  1.92986  1.39911  1.91594  1.47431  
1.92074  1.4489  1.92074  1.4489  1.92668  1.41672  
1.91103  1.49973  1.91103  1.49973  1.96564  1.21173  
1.90072  1.5516  1.90072  1.5516  1.88194  1.64103  
1.88976  1.60451  1.88976  1.60451  1.81741  1.91271  
1.87813  1.65844  1.87813  1.65844  1.87813  1.65844  
1.8658  1.71339  1.8658  1.71339  1.8774  1.66178  
1.85272  1.76932  1.85272  1.76932  1.52192  2.75016  
1.83887  1.82626  1.83887  1.82626  1.83529  1.84061  
1.82421  1.88413  1.82421  1.88413  1.53472  2.72195  
1.8087  1.94293  1.8087  1.94293  1.37751  3.03895  
1.79231  2.00265  1.79231  2.00265  1.6765  2.37002  
1.775  2.06319  1.775  2.06319  1.33882  3.102  
1.75674  2.12451  1.75674  2.12451  2.11115  1.33244  
1.7375  2.18658  1.7375  2.18658  1.72789  2.21664  
1.71724  2.24929  1.71724  2.24929  1.67354  2.37645  
1.69593  2.31261  1.69593  2.31261  1.75081  2.14391  
1.67354  2.37645  1.67354  2.37645  1.86287  1.97416  
1.65003  2.44073  1.65003  2.44073  1.74652  2.3612  
1.6254  2.50532  1.6254  2.50532  1.60152  2.56546  
1.59962  2.57014  1.59962  2.57014  1.55182  2.69484  
1.57267  2.63505  1.57267  2.63505  1.46567  2.868  
1.54453  2.69998  1.54453  2.69998  1.92516  1.64674  
1.5152  2.76475  1.5152  2.76475  1.50643  2.89619  
1.48468  2.82924  1.48468  2.82924  1.14026  3.39867  
1.45296  2.89333  1.45296  2.89333  1.67039  2.39192  
1.42006  2.95685  1.42006  2.95685  1.48763  3.0406  
1.38597  3.01971  1.38597  3.01971  1.52359  2.7465  
1.35075  3.08167  1.35075  3.08167  0.873765  3.69018  
1.31442  3.1426  1.31442  3.1426  1.23247  3.35899  
1.277  3.20239  1.277  3.20239  1.277  3.20239  
1.23849  3.26093  1.23849  3.26093  1.26052  3.2278  
1.19903  3.31796  1.19903  3.31796  2.03968  1.72507  
1.15863  3.37339  1.15863  3.37339  0.919041  3.65944  
1.11734  3.42711  1.11734  3.42711  1.11734  3.42711  
1.07524  3.47897  1.07524  3.47897  1.08004  3.47321  
1.03239  3.52887  1.03239  3.52887  1.1375  3.40124  
0.988893  3.57668  0.988893  3.57668  0.97665  3.59328  
0.944814  3.62232  0.944814  3.62232  0.964692  3.60208  
0.900229  3.66571  0.900229  3.66571  0.878329  3.68603  
0.855251  3.70676  0.855251  3.70676  0.786238  3.7653  
0.809946  3.74543  0.809946  3.74543  0.704943  3.82521  
0.764406  3.78169  0.764406  3.78169  0.764406  3.78169  
0.718682  3.81553  0.718682  3.81553  0.831189  3.72953  
0.673004  3.84684  0.673004  3.84684  0.624661  3.88248  
0.62732  3.87572  0.62732  3.87572  0.511864  3.93819  
0.581731  3.90216  0.581731  3.90216  0.696048  3.83135  
0.536337  3.92618  0.536337  3.92618  0.691705  3.83432  
0.49126  3.9478  0.49126  3.9478  0.49126  3.9478  
0.446493  3.96709  0.446493  3.96709  0.455121  3.96354  
0.402152  3.98411  0.402152  3.98411  0.289883  4.01802  
0.358294  3.99891  0.358294  3.99891  0.314669  4.01171  
0.314962  4.01157  0.314962  4.01157  0.317363  4.01308  
0.272224  4.02217  0.272224  4.02217  0.446295  3.96717  
0.230099  4.03079  0.230099  4.03079  0.255273  4.02619  
0.188663  4.04037  0.188663  4.04037  1.04676  3.74491  
