2  8.65142e-16  2  8.65142e-16  2.0132  0.0206113  
4.50128e-05  4.00004  4.50128e-05  4.00004  4.50128e-05  4.00004  
1.99999  0.0102561  1.99999  0.0102561  1.86287  1.45562  
1.99994  0.0310864  1.99994  0.0310864  2.00699  0.0425577  
1.99983  0.0523502  1.99983  0.0523502  2.00044  0.0529647  
1.99966  0.0740594  1.99966  0.0740594  1.99975  0.0632498  
1.99942  0.0962263  1.99942  0.0962263  1.97075  0.681621  
1.99912  0.118863  1.99912  0.118863  1.99912  0.118863  
1.99874  0.141984  1.99874  0.141984  1.9982  0.169756  
1.99829  0.1656  1.99829  0.1656  2.00308  0.275708  
1.99775  0.189726  1.99775  0.189726  2.01241  0.325463  
1.99713  0.214376  1.99713  0.214376  2.00086  0.326546  
1.99641  0.239564  1.99641  0.239564  2.00154  0.244691  
1.9956  0.265305  1.9956  0.265305  1.9956  0.265305  
1.99468  0.291613  1.99468  0.291613  2.00242  0.315855  
1.99365  0.318504  1.99365  0.318504  2.00265  0.327504  
1.9925  0.345995  1.9925  0.345995  1.99057  0.388023  
1.99123  0.374101  1.99123  0.374101  1.98909  0.417274  
1.98983  0.402839  1.98983  0.402839  1.98591  0.683773  
1.98829  0.432226  1.98829  0.432226  1.97671  0.608642  
1.9866  0.462277  1.9866  0.462277  1.96436  0.806943  
1.98475  0.493017  1.98475  0.493017  1.99763  0.470445  
1.98273  0.524453  1.98273  0.524453  1.99215  0.477852  
1.98054  0.556611  1.98054  0.556611  1.96008  0.795187  
1.97816  0.589505  1.97816  0.589505  1.96452  0.954946  
1.97558  0.623156  1.97558  0.623156  1.98745  0.653761  
1.97279  0.657581  1.97279  0.657581  1.96597  0.734738  
1.96977  0.692794  1.96977  0.692794  1.99048  0.38977  
1.96652  0.728832  1.96652  0.728832  1.98405  0.563842  
1.96301  0.765696  1.96301  0.765696  1.94141  0.961111  
1.95924  0.803399  1.95924  0.803399  1.95302  0.942798  
1.95519  0.841984  1.95519  0.841984  1.95773  0.844525  
1.95083  0.881465  1.95083  0.881465  1.94849  0.901995  
1.94616  0.921831  1.94616  0.921831  1.95853  0.810333  
1.94116  0.963148  1.94116  0.963148  1.55716  2.5665  
1.9358  1.00538  1.9358  1.00538  1.94885  0.943761  
1.93006  1.04859  1.93006  1.04859  1.94816  1.05707  
1.92392  1.09275  1.92392  1.09275  1.93141  1.0386  
1.91736  1.13792  1.91736  1.13792  1.92724  1.06912  
1.91036  1.18408  1.91036  1.18408  1.88051  1.41323  
1.90289  1.23125  1.90289  1.23125  1.94849  0.902009  
1.89493  1.27945  1.89493  1.27945  1.9425  1.07769  
1.88644  1.32868  1.88644  1.32868  1.88722  1.37958  
1.8774  1.37894  1.8774  1.37894  1.95722  0.822931  
1.86778  1.43024  1.86778  1.43024  1.82953  1.61596  
1.85755  1.48259  1.85755  1.48259  1.87235  1.52733  
1.84667  1.53598  1.84667  1.53598  1.85213  1.54144  
1.83512  1.5904  1.83512  1.5904  1.85097  1.52987  
1.82286  1.64584  1.82286  1.64584  1.82037  1.65682  
1.80985  1.70229  1.80985  1.70229  1.84091  1.56338  
1.79606  1.75973  1.79606  1.75973  1.67202  2.19487  
1.78146  1.81814  1.78146  1.81814  1.78146  1.81814  
1.766  1.87749  1.766  1.87749  1.55465  2.51664  
1.74966  1.93774  1.74966  1.93774  1.69498  2.13619  
1.73239  1.99883  1.73239  1.99883  1.70828  2.13124  
1.71415  2.06075  1.71415  2.06075  1.66574  2.21388  
1.69492  2.12344  1.69492  2.12344  1.75978  1.91899  
1.67465  2.18683  1.67465  2.18683  1.6851  2.19729  
1.65332  2.25082  1.65332  2.25082  1.77943  1.82608  
1.63088  2.31538  1.63088  2.31538  1.789  1.78828  
1.60731  2.38038  1.60731  2.38038  1.38416  2.88728  
1.58259  2.44574  1.58259  2.44574  1.54222  2.56026  
1.55668  2.51137  1.55668  2.51137  1.50087  2.64378  
1.52957  2.57715  1.52957  2.57715  1.47171  2.70856  
1.50124  2.64294  1.50124  2.64294  1.84027  1.56639  
1.47167  2.70865  1.47167  2.70865  1.51881  2.63006  
1.44086  2.7741  1.44086  2.7741  1.56454  2.49177  
1.40881  2.8392  1.40881  2.8392  1.19733  3.20766  
1.37551  2.90377  1.37551  2.90377  0.40902  3.91757  
1.34099  2.96766  1.34099  2.96766  1.40107  2.89328  
1.30525  3.03073  1.30525  3.03073  1.19137  3.21287  
1.26832  3.09281  1.26832  3.09281  1.12748  3.30393  
1.23023  3.15375  1.23023  3.15375  0.94928  3.52072  
1.19102  3.21339  1.19102  3.21339  1.199  3.22137  
1.15074  3.27157  1.15074  3.27157  1.15547  3.28155  
1.10943  3.32816  1.10943  3.32816  0.483342  3.88443  
1.06716  3.383  1.06716  3.383  1.12296  3.3102  
1.02399  3.43595  1.02399  3.43595  0.780278  3.70991  
0.980009  3.48688  0.980009  3.48688  0.612203  3.808  
0.935286  3.53567  0.935286  3.53567  0.942749  3.54313  
0.889892  3.58223  0.889892  3.58223  0.898149  3.59049  
0.84392  3.62646  0.84392  3.62646  0.659034  3.7766  
0.797487  3.66825  0.797487  3.66825  0.641529  3.78864  
0.750643  3.70758  0.750643  3.70758  0.770735  3.69105  
0.70353  3.74435  0.70353  3.74435  0.892237  3.5799  
0.656128  3.77862  0.656128  3.77862  0.629425  3.80954  
0.608698  3.81024  0.608698  3.81024  0.608698  3.81024  
0.561311  3.83923  0.561311  3.83923  0.308593  3.9521  
0.513978  3.86566  0.513978  3.86566  0.334902  3.94352  
0.466748  3.88955  0.466748  3.88955  0.409841  3.91511  
0.419856  3.91087  0.419856  3.91087  0.889041  3.58361  
0.373257  3.92972  0.373257  3.92972  0.850142  3.62064  
0.327066  3.94615  0.327066  3.94615  0.431331  3.90587  
0.281338  3.96023  0.281338  3.96023  0.107746  4.01886  
0.236205  3.97201  0.236205  3.97201  0.284859  3.95922  
0.19167  3.98159  0.19167  3.98159  0.579685  3.84076  
0.147775  3.98907  0.147775  3.98907  0.298281  3.95534  
0.104602  3.99453  0.104602  3.99453  0.285241  3.95911  
0.0621598  3.99807  0.0621598  3.99807  0.328389  3.94696  
0.0205388  3.99979  0.0205388  3.99979  0.049626  4.00651  
