1.99943  0.190095  1.99943  0.190095  1.99942  0.190539  
0.0646467  3.99985  0.0646467  3.99985  1.46198  2.78956  
1.99914  0.199994  1.99914  0.199994  1.99827  0.232488  
1.99862  0.220136  1.99862  0.220136  2.00301  0.208953  
1.99803  0.240689  1.99803  0.240689  1.99803  0.240689  
1.99737  0.261668  1.99737  0.261668  2.00336  0.225073  
1.99664  0.283068  1.99664  0.283068  1.99624  0.294499  
1.99584  0.304922  1.99584  0.304922  2.0118  0.302114  
1.99497  0.32722  1.99497  0.32722  2.01612  0.425283  
1.994  0.349984  1.994  0.349984  1.98918  0.447274  
1.99295  0.373226  1.99295  0.373226  1.99298  0.372643  
1.99181  0.396953  1.99181  0.396953  1.99491  0.348111  
1.99057  0.421207  1.99057  0.421207  1.99328  0.376769  
1.98922  0.445957  1.98922  0.445957  2.01034  0.521464  
1.98777  0.471224  1.98777  0.471224  1.9817  0.564543  
1.9862  0.497088  1.9862  0.497088  1.9847  0.585759  
1.98451  0.523453  1.98451  0.523453  1.98503  0.515512  
1.98269  0.550423  1.98269  0.550423  1.99903  0.542274  
1.98073  0.578005  1.98073  0.578005  1.98726  0.512148  
1.97863  0.606171  1.97863  0.606171  1.98884  0.544652  
1.97637  0.634957  1.97637  0.634957  1.99136  0.406181  
1.97396  0.664385  1.97396  0.664385  1.98498  0.798166  
1.97138  0.694458  1.97138  0.694458  1.98836  0.560124  
1.96861  0.725197  1.96861  0.725197  1.9763  0.70133  
1.96566  0.756622  1.96566  0.756622  1.98922  0.488707  
1.9625  0.788694  1.9625  0.788694  1.97504  0.800952  
1.95914  0.821589  1.95914  0.821589  1.96512  0.820083  
1.95554  0.855167  1.95554  0.855167  1.99705  0.482218  
1.95171  0.889494  1.95171  0.889494  1.96985  0.944585  
1.94763  0.924591  1.94763  0.924591  1.95431  0.894062  
1.94329  0.960472  1.94329  0.960472  1.94266  0.965698  
1.93867  0.997153  1.93867  0.997153  1.94258  1.09613  
1.93376  1.03465  1.93376  1.03465  1.93377  1.03468  
1.92853  1.07299  1.92853  1.07299  1.94252  1.12414  
1.92298  1.11217  1.92298  1.11217  1.90678  1.21865  
1.91708  1.15221  1.91708  1.15221  1.92895  1.16054  
1.91081  1.19313  1.91081  1.19313  1.87964  1.37719  
1.90417  1.23494  1.90417  1.23494  1.90928  1.21643  
1.89711  1.27766  1.89711  1.27766  1.9  1.26037  
1.88963  1.32128  1.88963  1.32128  1.89276  1.30322  
1.88169  1.36583  1.88169  1.36583  1.68512  2.25802  
1.87328  1.41131  1.87328  1.41131  1.87464  1.40424  
1.86438  1.45773  1.86438  1.45773  1.85539  1.56195  
1.85495  1.50509  1.85495  1.50509  1.85505  1.50499  
1.84497  1.5534  1.84497  1.5534  1.85416  1.60809  
1.83441  1.60266  1.83441  1.60266  1.84942  1.55503  
1.82324  1.65285  1.82324  1.65285  1.83706  1.59071  
1.81144  1.70399  1.81144  1.70399  1.41336  2.86209  
1.79897  1.75604  1.79897  1.75604  1.78418  1.81539  
1.7858  1.80901  1.7858  1.80901  1.75132  1.93924  
1.77191  1.86286  1.77191  1.86286  1.73487  2.02924  
1.75725  1.91759  1.75725  1.91759  1.92784  1.07833  
1.74179  1.97317  1.74179  1.97317  1.78186  1.82451  
1.72552  2.02953  1.72552  2.02953  1.72266  2.05442  
1.70839  2.08672  1.70839  2.08672  1.58295  2.50849  
1.69037  2.14461  1.69037  2.14461  1.8583  1.57407  
1.67143  2.20318  1.67143  2.20318  1.35263  2.95924  
1.65153  2.26238  1.65153  2.26238  1.75566  1.99247  
1.63066  2.32214  1.63066  2.32214  1.39297  2.89523  
1.60878  2.38239  1.60878  2.38239  1.84688  1.58708  
1.58586  2.44304  1.58586  2.44304  1.58591  2.44302  
1.56189  2.50403  1.56189  2.50403  1.56416  2.5094  
1.53685  2.56525  1.53685  2.56525  1.04889  3.42215  
1.5107  2.62661  1.5107  2.62661  1.39895  2.86341  
1.48345  2.68798  1.48345  2.68798  1.74921  1.94998  
1.45507  2.74929  1.45507  2.74929  1.45514  2.74935  
1.42558  2.81039  1.42558  2.81039  1.44637  2.79517  
1.39495  2.87117  1.39495  2.87117  1.46719  2.72501  
1.3632  2.93149  1.3632  2.93149  1.3272  3.02622  
1.33035  2.99125  1.33035  2.99125  1.55841  2.51285  
1.29639  3.05025  1.29639  3.05025  1.34527  2.96444  
1.26136  3.10841  1.26136  3.10841  1.26468  3.11592  
1.22528  3.16555  1.22528  3.16555  1.73753  2.08827  
1.1882  3.22156  1.1882  3.22156  1.1882  3.22156  
1.15014  3.2763  1.15014  3.2763  1.17215  3.24938  
1.11116  3.32963  1.11116  3.32963  1.11824  3.34206  
1.07131  3.38142  1.07131  3.38142  1.12527  3.33168  
1.03064  3.43155  1.03064  3.43155  1.12251  3.3245  
0.989231  3.47989  0.989231  3.47989  0.931419  3.55615  
0.947143  3.52636  0.947143  3.52636  0.892797  3.5852  
0.904457  3.57087  0.904457  3.57087  0.879341  3.60971  
0.861231  3.6133  0.861231  3.6133  0.803626  3.67052  
0.817575  3.65358  0.817575  3.65358  0.822421  3.66307  
0.773551  3.69167  0.773551  3.69167  0.720389  3.73585  
0.729244  3.7275  0.729244  3.7275  0.581732  3.85643  
0.684745  3.76104  0.684745  3.76104  0.657866  3.78016  
0.640134  3.79227  0.640134  3.79227  0.731884  3.75306  
0.595483  3.82119  0.595483  3.82119  0.712825  3.75514  
0.550923  3.84777  0.550923  3.84777  0.682357  3.77697  
0.506481  3.87207  0.506481  3.87207  1.10876  3.35739  
0.462247  3.89407  0.462247  3.89407  0.478956  3.90746  
0.418297  3.91382  0.418297  3.91382  0.307092  3.95476  
0.374695  3.9314  0.374695  3.9314  0.383961  3.93929  
0.331511  3.94681  0.331511  3.94681  0.254335  3.97075  
0.288811  3.96014  0.288811  3.96014  1.71764  2.08636  
0.246636  3.97147  0.246636  3.97147  0.246636  3.97147  
0.205045  3.98086  0.205045  3.98086  0.269045  3.9765  
0.164067  3.98839  0.164067  3.98839  1.14264  3.2868  
0.123772  3.99414  0.123772  3.99414  0.292028  3.95921  
0.0841668  3.99819  0.0841668  3.99819  1.77563  1.8487  
