515.99 -83.0284 -86.5332 -61.0808 53.3742 -9.82288 -80.73 -17.9654 -26.5529 34.6726 -16.773 
406.352 -26.9587 -47.487 27.8607 23.1095 -15.5014 -36.848 -28.4851 -68.7442 51.3568 -13.6018 
405.07 -53.5673 -47.7329 -8.14747 35.915 22.3538 -42.8046 -51.2312 -77.0714 65.4334 10.7542 
405.014 -53.5259 -47.6219 -8.16029 35.915 22.3538 -42.6114 -51.2436 -76.9533 65.4124 10.8507 
404.998 -53.5259 -47.6242 -8.16029 35.9152 22.3675 -42.6114 -51.2436 -76.9017 65.4124 10.7136 
404.996 -53.5259 -47.6242 -8.16029 35.9224 22.3675 -42.6058 -51.2436 -76.9017 65.4513 10.7136 
403.101 -55.143 -54.1829 -2.28791 48.8937 9.05579 -47.902 -21.7429 -65.9036 78.7624 -17.3221 
403.095 -55.143 -54.175 -2.39735 48.8525 9.05579 -47.9168 -21.7429 -65.9036 78.7592 -17.3928 
403.07 -55.143 -54.175 -2.39147 48.8525 9.05579 -47.9222 -21.7429 -65.9036 79.0338 -17.4071 
402.994 -55.1357 -54.175 -2.39147 48.8525 8.71589 -47.9222 -21.7429 -65.9036 79.0338 -17.4033 
402.991 -55.1357 -54.175 -2.35804 48.8525 8.70453 -47.9222 -21.7519 -65.9232 79.0031 -17.4033 
402.986 -55.1357 -54.166 -2.35804 48.8525 8.70453 -47.9222 -21.7556 -66.005 79.0031 -17.4033 
402.986 -55.1357 -54.166 -2.35804 48.8525 8.65786 -47.9222 -21.7535 -66.005 79.0031 -17.4033 
402.985 -55.1357 -54.166 -2.35804 48.8525 8.65786 -47.9222 -21.7367 -66.0064 78.999 -17.4033 
402.985 -55.1295 -54.166 -2.35804 48.8525 8.65786 -47.9222 -21.7367 -66.0064 78.9868 -17.4033 
402.985 -55.1295 -54.166 -2.35804 48.8506 8.65786 -47.9222 -21.742 -66.0158 78.9868 -17.3931 
402.985 -55.1302 -54.166 -2.35813 48.8506 8.68811 -47.9222 -21.7394 -66.0158 78.9853 -17.3936 
402.985 -55.1302 -54.1665 -2.35813 48.8524 8.68811 -47.9216 -21.7394 -66.0158 78.9853 -17.3936 
402.985 -55.1302 -54.1666 -2.35813 48.8524 8.66721 -47.9216 -21.7394 -66.0158 78.9853 -17.3936 
402.018 -27.0513 -47.2651 -2.37058 21.4143 8.66147 -47.4915 -28.5614 -65.9128 77.4617 -17.5286 
401.034 -43.3236 -52.1846 -2.44053 36.0358 8.59997 -60.6582 -35.0271 -65.8891 58.0648 -17.3459 
401.009 -43.3101 -52.165 -2.35247 36.0358 8.61633 -60.6582 -35.0573 -65.8891 58.212 -17.3459 
400.012 -43.288 -52.1517 -2.35874 35.9224 8.64634 -42.7036 -35.0566 -66.1118 65.4659 -17.3544 
400.006 -43.3033 -52.162 -2.35874 35.9224 8.64634 -42.6855 -35.0569 -66.0395 65.4659 -17.3544 
400.001 -43.3037 -52.1615 -2.37116 35.9331 8.64634 -42.613 -35.0578 -66.0395 65.4894 -17.3761 
400.001 -43.3036 -52.1608 -2.36577 35.9228 8.64634 -42.5962 -35.0585 -66.0277 65.4894 -17.3762 
400 -43.304 -52.1612 -2.37148 35.9181 8.67156 -42.6025 -35.0579 -66.0151 65.4894 -17.3843 
400 -43.3041 -52.161 -2.36549 35.9181 8.67678 -42.6025 -35.0586 -66.0151 65.4894 -17.389 
400 -43.3041 -52.161 -2.36922 35.9192 8.67678 -42.6025 -35.0586 -66.0151 65.4867 -17.389 
400 -43.3041 -52.161 -2.36922 35.9205 8.67678 -42.6 -35.0586 -66.0151 65.4867 -17.389 
400 -43.3041 -52.161 -2.36922 35.9205 8.67678 -42.6 -35.0586 -66.0151 65.4867 -17.389 
400 -43.3049 -52.1623 -2.37124 35.9204 8.67338 -42.6 -35.0574 -66.0151 65.4903 -17.3916 
400 -43.3043 -52.161 -2.37124 35.9204 8.67338 -42.6 -35.0586 -66.0201 65.4867 -17.3916 
400 -43.304 -52.161 -2.37124 35.9204 8.67338 -42.6 -35.0586 -66.0201 65.4867 -17.3916 
400 -43.3041 -52.161 -2.37124 35.9204 8.67338 -42.6 -35.0586 -66.0201 65.4867 -17.3916 
400 -43.3041 -52.161 -2.37056 35.9211 8.67338 -42.6 -35.0586 -66.0201 65.4872 -17.3916 
400 -43.3041 -52.161 -2.3678 35.9209 8.67338 -42.6 -35.0586 -66.0201 65.4875 -17.3948 
400 -43.3041 -52.161 -2.3678 35.9209 8.67338 -42.6001 -35.0586 -66.0201 65.4875 -17.3948 
400 -43.3041 -52.161 -2.36837 35.9206 8.67286 -42.6 -35.0586 -66.0183 65.4875 -17.3949 
400 -43.3041 -52.161 -2.36845 35.9209 8.67321 -42.6001 -35.0586 -66.0183 65.4876 -17.3961 
400 -43.3041 -52.161 -2.36789 35.9208 8.67349 -42.6 -35.0586 -66.0183 65.4876 -17.3965 
400 -43.3041 -52.161 -2.36785 35.9208 8.67308 -42.6001 -35.0586 -66.0184 65.4875 -17.3965 
400 -43.3041 -52.161 -2.36785 35.9208 8.67308 -42.6001 -35.0586 -66.0184 65.4875 -17.3965 
400 -43.3041 -52.161 -2.36785 35.9208 8.67308 -42.6001 -35.0586 -66.0184 65.4875 -17.3965 
400 -43.3041 -52.161 -2.36785 35.9208 8.67308 -42.6001 -35.0586 -66.0184 65.4875 -17.3965 
400 -43.3041 -52.161 -2.36785 35.9208 8.67308 -42.6001 -35.0586 -66.0184 65.4875 -17.3965 
400 -43.3041 -52.161 -2.36785 35.9208 8.67308 -42.6001 -35.0586 -66.0184 65.4875 -17.3965 
400 -43.3041 -52.161 -2.36785 35.9208 8.67308 -42.6001 -35.0586 -66.0184 65.4875 -17.3965 
400 -43.3041 -52.161 -2.36785 35.9208 8.67308 -42.6001 -35.0586 -66.0184 65.4875 -17.3965 
400 -43.3041 -52.161 -2.36785 35.9208 8.67308 -42.6001 -35.0586 -66.0184 65.4875 -17.3965 
400 -43.3041 -52.161 -2.36785 35.9208 8.67308 -42.6001 -35.0586 -66.0184 65.4875 -17.3965 
400 -43.3041 -52.161 -2.36785 35.9208 8.67308 -42.6001 -35.0586 -66.0184 65.4875 -17.3965 
400 -43.3041 -52.161 -2.36785 35.9208 8.67308 -42.6001 -35.0586 -66.0184 65.4875 -17.3965 
400 -43.3041 -52.161 -2.36785 35.9208 8.67308 -42.6001 -35.0586 -66.0184 65.4875 -17.3965 
400 -43.3041 -52.161 -2.36785 35.9208 8.67308 -42.6001 -35.0586 -66.0184 65.4875 -17.3965 
400 -43.3041 -52.161 -2.36785 35.9208 8.67308 -42.6001 -35.0586 -66.0184 65.4875 -17.3965 
400 -43.3041 -52.161 -2.36785 35.9208 8.67308 -42.6001 -35.0586 -66.0184 65.4875 -17.3965 
400 -43.3041 -52.161 -2.36785 35.9208 8.67308 -42.6001 -35.0586 -66.0184 65.4875 -17.3965 
400 -43.3041 -52.161 -2.36785 35.9208 8.67308 -42.6001 -35.0586 -66.0184 65.4875 -17.3965 
400 -43.3041 -52.161 -2.36785 35.9208 8.67308 -42.6001 -35.0586 -66.0184 65.4875 -17.3965 
400 -43.3041 -52.161 -2.36785 35.9208 8.67308 -42.6001 -35.0586 -66.0184 65.4875 -17.3965 
400 -43.3041 -52.161 -2.36785 35.9208 8.67308 -42.6001 -35.0586 -66.0184 65.4875 -17.3965 
400 -43.3041 -52.161 -2.36785 35.9208 8.67308 -42.6001 -35.0586 -66.0184 65.4875 -17.3965 
400 -43.3041 -52.161 -2.36785 35.9208 8.67308 -42.6001 -35.0586 -66.0184 65.4875 -17.3965 
400 -43.3041 -52.161 -2.36785 35.9208 8.67308 -42.6001 -35.0586 -66.0184 65.4875 -17.3965 
400 -43.3041 -52.161 -2.36785 35.9208 8.67308 -42.6001 -35.0586 -66.0184 65.4875 -17.3965 
400 -43.3041 -52.161 -2.36785 35.9208 8.67308 -42.6001 -35.0586 -66.0184 65.4875 -17.3965 
400 -43.3041 -52.161 -2.36785 35.9208 8.67308 -42.6001 -35.0586 -66.0184 65.4875 -17.3965 
400 -43.3041 -52.161 -2.36785 35.9208 8.67308 -42.6001 -35.0586 -66.0184 65.4875 -17.3965 
400 -43.3041 -52.161 -2.36785 35.9208 8.67308 -42.6001 -35.0586 -66.0184 65.4875 -17.3965 
400 -43.3041 -52.161 -2.36785 35.9208 8.67308 -42.6001 -35.0586 -66.0184 65.4875 -17.3965 
400 -43.3041 -52.161 -2.36785 35.9208 8.67308 -42.6001 -35.0586 -66.0184 65.4875 -17.3965 
400 -43.3041 -52.161 -2.36785 35.9208 8.67308 -42.6001 -35.0586 -66.0184 65.4875 -17.3965 
400 -43.3041 -52.161 -2.36785 35.9208 8.67308 -42.6001 -35.0586 -66.0184 65.4875 -17.3965 
400 -43.3041 -52.161 -2.36785 35.9208 8.67308 -42.6001 -35.0586 -66.0184 65.4875 -17.3965 
400 -43.3041 -52.161 -2.36785 35.9208 8.67308 -42.6001 -35.0586 -66.0184 65.4875 -17.3965 
400 -43.3041 -52.161 -2.36785 35.9208 8.67308 -42.6001 -35.0586 -66.0184 65.4875 -17.3965 
400 -43.3041 -52.161 -2.36785 35.9208 8.67308 -42.6001 -35.0586 -66.0184 65.4875 -17.3965 
400 -43.3041 -52.161 -2.36785 35.9208 8.67308 -42.6001 -35.0586 -66.0184 65.4875 -17.3965 
400 -43.3041 -52.161 -2.36785 35.9208 8.67308 -42.6001 -35.0586 -66.0184 65.4875 -17.3965 
400 -43.3041 -52.161 -2.36785 35.9208 8.67308 -42.6001 -35.0586 -66.0184 65.4875 -17.3965 
400 -43.3041 -52.161 -2.36785 35.9208 8.67308 -42.6001 -35.0586 -66.0184 65.4875 -17.3965 
400 -43.3041 -52.161 -2.36785 35.9208 8.67308 -42.6001 -35.0586 -66.0184 65.4875 -17.3965 
400 -43.3041 -52.161 -2.36785 35.9208 8.67308 -42.6001 -35.0586 -66.0184 65.4875 -17.3965 
400 -43.3041 -52.161 -2.36785 35.9208 8.67308 -42.6001 -35.0586 -66.0184 65.4875 -17.3965 
400 -43.3041 -52.161 -2.36785 35.9208 8.67308 -42.6001 -35.0586 -66.0184 65.4875 -17.3965 
400 -43.3041 -52.161 -2.36785 35.9208 8.67308 -42.6001 -35.0586 -66.0184 65.4875 -17.3965 
400 -43.3041 -52.161 -2.36785 35.9208 8.67308 -42.6001 -35.0586 -66.0184 65.4875 -17.3965 
400 -43.3041 -52.161 -2.36785 35.9208 8.67308 -42.6001 -35.0586 -66.0184 65.4875 -17.3965 
400 -43.3041 -52.161 -2.36785 35.9208 8.67308 -42.6001 -35.0586 -66.0184 65.4875 -17.3965 
400 -43.3041 -52.161 -2.36785 35.9208 8.67308 -42.6001 -35.0586 -66.0184 65.4875 -17.3965 
400 -43.3041 -52.161 -2.36785 35.9208 8.67308 -42.6001 -35.0586 -66.0184 65.4875 -17.3965 
400 -43.3041 -52.161 -2.36785 35.9208 8.67308 -42.6001 -35.0586 -66.0184 65.4875 -17.3965 
400 -43.3041 -52.161 -2.36785 35.9208 8.67308 -42.6001 -35.0586 -66.0184 65.4875 -17.3965 
400 -43.3041 -52.161 -2.36785 35.9208 8.67308 -42.6001 -35.0586 -66.0184 65.4875 -17.3965 
400 -43.3041 -52.161 -2.36785 35.9208 8.67308 -42.6001 -35.0586 -66.0184 65.4875 -17.3965 
400 -43.3041 -52.161 -2.36785 35.9208 8.67308 -42.6001 -35.0586 -66.0184 65.4875 -17.3965 
400 -43.3041 -52.161 -2.36785 35.9208 8.67308 -42.6001 -35.0586 -66.0184 65.4875 -17.3965 
400 -43.3041 -52.161 -2.36785 35.9208 8.67308 -42.6001 -35.0586 -66.0184 65.4875 -17.3965 
400 -43.3041 -52.161 -2.36785 35.9208 8.67308 -42.6001 -35.0586 -66.0184 65.4875 -17.3965 
400 -43.3041 -52.161 -2.36785 35.9208 8.67308 -42.6001 -35.0586 -66.0184 65.4875 -17.3965 