2.42861e-17  3.46945e-18  0.5  0.5  0.5  0.5  0.5  0.5  0.5  0.5  0.5  0.5  
0.0352771  0.0353314  0.5  0.5  0.5  0.5  0.5  0.5  0.5  0.5  0.5  0.5  
0.026003  0.0782492  0.5  0.5  0.5  0.5  0.5  0.5  0.5  0.5  0.5  0.5  
0.0990786  0.0333107  0.5  0.5  0.5  0.5  0.5  0.5  0.5  0.5  0.5  0.5  
0.0194287  0.137101  0.5  0.5  0.5  0.5  0.5  0.5  0.5  0.5  0.5  0.5  
0.112738  0.0684909  0.5  0.5  0.5  0.5  0.5  0.5  0.5  0.5  0.5  0.5  
0.0755469  0.127353  0.5  0.5  0.5  0.5  0.5  0.5  0.5  0.5  0.5  0.5  
0.193964  0.0286091  0.5  0.5  0.5  0.5  0.5  0.5  0.5  0.5  0.5  0.5  
0.014716  0.225462  0.5  0.5  0.5  0.5  0.5  0.5  0.5  0.5  0.5  0.5  
0.148111  0.117995  0.5  0.5  0.5  0.5  0.5  0.5  0.5  0.5  0.5  0.5  
0.0871331  0.19598  0.5  0.5  0.5  0.5  0.5  0.5  0.5  0.5  0.5  0.5  
0.243044  0.0590641  0.5  0.5  0.5  0.5  0.5  0.5  0.5  0.5  0.5  0.5  
0.057946  0.258871  0.5  0.5  0.5  0.5  0.5  0.5  0.5  0.5  0.5  0.5  
0.232171  0.111035  0.5  0.5  0.5  0.5  0.5  0.5  0.5  0.5  0.5  0.5  
0.154713  0.206531  0.5  0.5  0.5  0.5  0.5  0.5  0.5  0.5  0.5  0.5  
0.340352  0.0251355  0.5  0.5  0.5  0.5  0.5  0.5  0.5  0.5  0.5  0.5  
0.01114  0.365064  0.5  0.5  0.5  0.5  0.5  0.5  0.5  0.5  0.5  0.5  
0.216633  0.20227  0.5  0.5  0.5  0.5  0.5  0.5  0.5  0.5  0.5  0.5  
0.11532  0.310088  0.5  0.5  0.5  0.5  0.5  0.5  0.5  0.5  0.5  0.5  
0.341805  0.106592  0.5  0.5  0.5  0.5  0.5  0.5  0.5  0.5  0.5  0.5  
0.0662257  0.381308  0.5  0.5  0.5  0.5  0.5  0.5  0.5  0.5  0.5  0.5  
0.311773  0.180141  0.5  0.5  0.5  0.5  0.5  0.5  0.5  0.5  0.5  0.5  
0.195899  0.307527  0.5  0.5  0.5  0.5  0.5  0.5  0.5  0.5  0.5  0.5  
0.4418  0.0548276  0.5  0.5  0.5  0.5  0.5  0.5  0.5  0.5  0.5  0.5  
0.0431699  0.455943  0.5  0.5  0.5  0.5  0.5  0.5  0.5  0.5  0.5  0.5  
0.320163  0.24566  0.5  0.5  0.5  0.5  0.5  0.5  0.5  0.5  0.5  0.5  
0.182835  0.381378  0.5  0.5  0.5  0.5  0.5  0.5  0.5  0.5  0.5  0.5  
0.466486  0.106587  0.5  0.5  0.5  0.5  0.5  0.5  0.5  0.5  0.5  0.5  
0.116296  0.458696  0.5  0.5  0.5  0.5  0.5  0.5  0.5  0.5  0.5  0.5  
0.428351  0.201883  0.5  0.5  0.5  0.5  0.5  0.5  0.5  0.5  0.5  0.5  
0.283555  0.363952  0.5  0.5  0.5  0.5  0.5  0.5  0.5  0.5  0.5  0.5  
0.561861  0.0248721  0.5  0.5  0.5  0.5  0.5  0.5  0.5  0.5  0.5  0.5  
0.00796751  0.578304  0.5  0.5  0.5  0.5  0.5  0.5  0.5  0.5  0.5  0.5  
0.335822  0.368662  0.5  0.5  0.5  0.5  0.5  0.5  0.5  0.5  0.5  0.5  
0.161435  0.508516  0.5  0.5  0.5  0.5  0.5  0.5  0.5  0.5  0.5  0.5  
0.515595  0.208358  0.5  0.5  0.5  0.5  0.5  0.5  0.5  0.5  0.5  0.5  
0.0818558  0.579969  0.5  0.5  0.5  0.5  0.5  0.5  0.5  0.5  0.5  0.5  
0.455333  0.324033  0.5  0.5  0.5  0.5  0.5  0.5  0.5  0.5  0.5  0.5  
0.268415  0.493363  0.5  0.5  0.5  0.5  0.5  0.5  0.5  0.5  0.5  0.5  
0.617144  0.114428  0.5  0.5  0.5  0.5  0.5  0.5  0.5  0.5  0.5  0.5  
0.0455611  0.641925  0.5  0.5  0.5  0.5  0.5  0.5  0.5  0.5  0.5  0.5  
0.438358  0.410078  0.5  0.5  0.5  0.5  0.5  0.5  0.5  0.5  0.5  0.5  
0.231088  0.567263  0.5  0.5  0.5  0.5  0.5  0.5  0.5  0.5  0.5  0.5  
0.625497  0.201407  0.5  0.5  0.5  0.5  0.5  0.5  0.5  0.5  0.5  0.5  
0.134818  0.638951  0.5  0.5  0.5  0.5  0.5  0.5  0.5  0.5  0.5  0.5  
0.56441  0.346356  0.5  0.5  0.5  0.5  0.5  0.5  0.5  0.5  0.5  0.5  
0.356018  0.54509  0.5  0.5  0.5  0.5  0.5  0.5  0.5  0.5  0.5  0.5  
0.713191  0.0645863  0.5  0.5  0.5  0.5  0.5  0.5  0.5  0.5  0.5  0.5  
0.0283689  0.722811  0.5  0.5  0.5  0.5  0.5  0.5  0.5  0.5  0.5  0.5  
0.458283  0.517728  0.5  0.5  0.5  0.5  0.5  0.5  0.5  0.5  0.5  0.5  
0.222121  0.661083  0.5  0.5  0.5  0.5  0.5  0.5  0.5  0.5  0.5  0.5  
0.673445  0.298848  0.5  0.5  0.5  0.5  0.5  0.5  0.5  0.5  0.5  0.5  
0.118335  0.72185  0.5  0.5  0.5  0.5  0.5  0.5  0.5  0.5  0.5  0.5  
0.594397  0.458796  0.5  0.5  0.5  0.5  0.5  0.5  0.5  0.5  0.5  0.5  
0.352885  0.644781  0.5  0.5  0.5  0.5  0.5  0.5  0.5  0.5  0.5  0.5  
0.764762  0.14036  0.5  0.5  0.5  0.5  0.5  0.5  0.5  0.5  0.5  0.5  
0.0728213  0.770146  0.5  0.5  0.5  0.5  0.5  0.5  0.5  0.5  0.5  0.5  
0.557694  0.558667  0.5  0.5  0.5  0.5  0.5  0.5  0.5  0.5  0.5  0.5  
0.297208  0.710621  0.5  0.5  0.5  0.5  0.5  0.5  0.5  0.5  0.5  0.5  
0.764638  0.277499  0.5  0.5  0.5  0.5  0.5  0.5  0.5  0.5  0.5  0.5  
0.177428  0.768776  0.5  0.5  0.5  0.5  0.5  0.5  0.5  0.5  0.5  0.5  
0.691775  0.482809  0.5  0.5  0.5  0.5  0.5  0.5  0.5  0.5  0.5  0.5  
0.441859  0.69291  0.5  0.5  0.5  0.5  0.5  0.5  0.5  0.5  0.5  0.5  
0.835399  0.0378119  0.5  0.5  0.5  0.5  0.5  0.5  0.5  0.5  0.5  0.5  
0.00486058  0.842863  0.5  0.5  0.5  0.5  0.5  0.5  0.5  0.5  0.5  0.5  
0.475935  0.710816  0.5  0.5  0.5  0.5  0.5  0.5  0.5  0.5  0.5  0.5  
0.203888  0.807976  0.5  0.5  0.5  0.5  0.5  0.5  0.5  0.5  0.5  0.5  
0.739727  0.528133  0.5  0.5  0.5  0.5  0.5  0.5  0.5  0.5  0.5  0.5  
0.0940048  0.846891  0.5  0.5  0.5  0.5  0.5  0.5  0.5  0.5  0.5  0.5  
0.626986  0.67735  0.5  0.5  0.5  0.5  0.5  0.5  0.5  0.5  0.5  0.5  
0.339988  0.804964  0.5  0.5  0.5  0.5  0.5  0.5  0.5  0.5  0.5  0.5  
0.8442  0.356577  0.5  0.5  0.5  0.5  0.5  0.5  0.5  0.5  0.5  0.5  
0.0471971  0.879231  0.5  0.5  0.5  0.5  0.5  0.5  0.5  0.5  0.5  0.5  
0.566387  0.759635  0.5  0.5  0.5  0.5  0.5  0.5  0.5  0.5  0.5  0.5  
0.273603  0.850623  0.5  0.5  0.5  0.5  0.5  0.5  0.5  0.5  0.5  0.5  
0.82088  0.547528  0.5  0.5  0.5  0.5  0.5  0.5  0.5  0.5  0.5  0.5  
0.149207  0.884911  0.5  0.5  0.5  0.5  0.5  0.5  0.5  0.5  0.5  0.5  
0.714068  0.726523  0.5  0.5  0.5  0.5  0.5  0.5  0.5  0.5  0.5  0.5  
0.422078  0.850974  0.5  0.5  0.5  0.5  0.5  0.5  0.5  0.5  0.5  0.5  
0.908694  0.262352  0.5  0.5  0.5  0.5  0.5  0.5  0.5  0.5  0.5  0.5  
0.0256719  0.922192  0.5  0.5  0.5  0.5  0.5  0.5  0.5  0.5  0.5  0.5  
0.540739  0.849437  0.5  0.5  0.5  0.5  0.5  0.5  0.5  0.5  0.5  0.5  
0.243492  0.907254  0.5  0.5  0.5  0.5  0.5  0.5  0.5  0.5  0.5  0.5  
0.81763  0.724052  0.5  0.5  0.5  0.5  0.5  0.5  0.5  0.5  0.5  0.5  
0.122668  0.930902  0.5  0.5  0.5  0.5  0.5  0.5  0.5  0.5  0.5  0.5  
0.693894  0.842994  0.5  0.5  0.5  0.5  0.5  0.5  0.5  0.5  0.5  0.5  
0.388987  0.915405  0.5  0.5  0.5  0.5  0.5  0.5  0.5  0.5  0.5  0.5  
0.922267  0.555667  0.5  0.5  0.5  0.5  0.5  0.5  0.5  0.5  0.5  0.5  
0.0714705  0.953315  0.5  0.5  0.5  0.5  0.5  0.5  0.5  0.5  0.5  0.5  
0.624288  0.904896  0.5  0.5  0.5  0.5  0.5  0.5  0.5  0.5  0.5  0.5  
0.315355  0.947016  0.5  0.5  0.5  0.5  0.5  0.5  0.5  0.5  0.5  0.5  
0.884601  0.800016  0.5  0.5  0.5  0.5  0.5  0.5  0.5  0.5  0.5  0.5  
0.18115  0.964996  0.5  0.5  0.5  0.5  0.5  0.5  0.5  0.5  0.5  0.5  
0.768958  0.914798  0.5  0.5  0.5  0.5  0.5  0.5  0.5  0.5  0.5  0.5  
0.469614  0.961956  0.5  0.5  0.5  0.5  0.5  0.5  0.5  0.5  0.5  0.5  
0.977208  0.467062  0.5  0.5  0.5  0.5  0.5  0.5  0.5  0.5  0.5  0.5  
0.0152726  0.986559  0.5  0.5  0.5  0.5  0.5  0.5  0.5  0.5  0.5  0.5  
0.529657  0.979635  0.5  0.5  0.5  0.5  0.5  0.5  0.5  0.5  0.5  0.5  
0.22913  0.991105  0.5  0.5  0.5  0.5  0.5  0.5  0.5  0.5  0.5  0.5  
0.818549  0.985999  0.5  0.5  0.5  0.5  0.5  0.5  0.5  0.5  0.5  0.5  
