1  1.23141e-19  1.85201e-15  2.65119e-16  3.44586e-18  0.646944  1.08911e-16  5.48725e-17  5.19771e-17  1.71924e-16  3.52563e-15  2.01706e-16  1.08154e-15  1.20577e-15  6.04557e-17  1.15592e-15  5.46547e-16  1.46823e-16  1.80834e-19  5.44626e-18  5.01631e-15  5.05712e-16  2.41996e-17  6.99508e-17  0  3.70872e-16  1.31883e-16  0.551977  3.13108e-17  1  
0.994889  6.886e-19  3.27703e-17  7.6133e-17  1.6772e-18  0.62681  7.51307e-18  3.24379e-15  4.75733e-17  3.55455e-14  3.89388e-17  3.37832e-14  9.97259e-18  5.61578e-13  1.0755e-16  1.24996e-16  3.45577e-16  2.96919e-17  2.8903e-19  1.73638e-14  8.85676e-17  9.04908e-17  7.05941e-16  1.00521e-16  1.32541e-15  2.19356e-17  2.30004e-19  0.575261  3.05517e-17  1.4895e-16  
0.989936  7.01976e-19  7.99499e-16  7.61463e-17  1.0311e-18  0.606179  2.02649e-16  8.66141e-18  1.00782e-15  3.50186e-17  3.89426e-17  3.37119e-14  2.44761e-18  1.605e-14  1.01094e-16  1.25012e-16  5.65027e-16  7.99794e-18  3.97075e-19  2.71718e-16  8.84661e-17  4.83286e-16  2.62446e-17  2.00051e-16  1.75114e-17  2.20339e-17  5.44933e-20  0.59714  3.05517e-17  1.48899e-16  
0.984607  1  1.57303e-16  3.6156e-17  1.42061e-17  0.582942  5.99344e-19  3.02191e-15  9.83771e-17  1.17999e-12  3.02083e-19  4.53286e-14  2.38794e-17  5.52623e-13  2.43312e-17  9.44807e-17  4.44789e-17  9.11837e-18  2.30904e-18  1.67185e-14  1.58844e-17  5.84135e-15  6.69326e-16  4.33979e-14  7.57013e-18  5.14184e-16  2.99076e-19  0.619765  3.10229e-17  6.55276e-16  
0.97932  1  1  7.67837e-17  1.00828e-17  0.559064  5.51377e-19  1.19593e-16  4.85187e-17  1.18516e-12  1.69879e-18  3.49581e-16  8.39271e-18  1.81561e-15  1.18582e-16  7.80474e-16  3.42978e-17  9.13554e-18  2.19628e-18  1.04075e-14  9.27101e-17  2.28617e-15  2.84301e-16  9.99002e-15  6.34374e-18  1.78822e-17  2.34498e-19  0.641001  6.81614e-19  8.8333e-15  
0.973706  1  1  1  4.51397e-17  0.533073  5.91186e-20  3.96894e-13  5.83368e-17  1.21752e-13  1.31851e-16  1.1712e-14  8.56719e-18  1.74766e-12  9.54689e-16  1.73882e-15  2.75289e-16  2.77772e-16  7.63641e-17  3.46144e-14  0  2.51525e-14  3.14587e-17  8.89645e-13  1.41692e-17  5.25401e-13  7.89981e-17  0.662022  3.10289e-17  8.09676e-14  
0.9681  1  1  1  1  0.506756  4.34011e-18  3.97432e-15  6.35397e-18  4.05877e-13  1.78474e-17  1.53813e-14  7.51061e-18  2.96148e-14  2.97929e-17  5.50521e-15  1.34836e-17  1.34151e-16  7.63266e-17  8.92853e-14  8.61992e-16  9.94259e-13  2.7023e-17  9.00927e-13  4.76599e-17  4.15429e-13  2.21087e-17  0.681199  2.4751e-17  8.46555e-14  
0.962698  1  1  1  1  0.48131  1.02412e-18  1.42148e-14  4.40475e-18  1.3748e-13  1.3388e-16  1.17011e-14  7.51127e-18  2.70281e-15  9.45008e-17  1.98851e-16  1.45292e-17  2.78671e-16  1.59031e-18  7.61885e-14  2.09785e-17  1.5416e-13  3.1589e-17  9.00811e-13  2.29796e-17  6.02184e-14  7.46733e-17  0.697765  2.54866e-17  8.03938e-14  
0.95749  1  1  1  1  0.456984  1  3.75701e-13  9.4841e-19  1.32883e-15  1.35421e-17  4.59247e-15  7.50957e-18  2.39649e-15  3.78605e-18  2.09614e-16  2.38151e-18  3.08336e-16  1.91989e-18  1.65596e-13  2.17951e-17  5.97115e-14  1.81401e-17  4.0622e-14  1.15054e-16  4.87407e-14  2.29872e-17  0.711805  1.07088e-18  1.26807e-14  
0.952027  1  1  1  1  0.431886  1  1  3.73969e-18  1.76235e-13  1.44583e-17  5.99355e-15  7.90226e-18  6.78983e-16  2.97098e-17  1.61339e-15  7.78192e-18  2.22256e-12  3.72274e-18  5.47989e-13  2.85366e-17  3.38316e-14  8.50005e-17  1.92703e-14  6.34984e-16  3.72039e-15  5.71317e-18  0.724336  1.4269e-17  9.16617e-15  
0.946526  1  1  1  1  0.407358  1  1  1  3.76447e-15  4.902e-17  2.78116e-12  6.03791e-18  1.278e-15  3.01115e-17  3.07828e-16  8.04437e-17  1.54475e-15  9.74708e-18  1.07393e-11  4.33625e-16  3.60399e-14  6.59142e-16  1.21611e-15  1.25222e-16  6.54127e-15  7.0282e-18  0.734548  1.68967e-18  2.92134e-12  
0.94079  1  1  1  1  0.382856  1  1  1  1  4.89902e-17  1.08861e-12  7.87955e-18  3.10679e-16  3.01552e-17  3.04808e-16  2.01221e-17  3.22166e-16  3.72286e-18  6.37518e-13  4.43567e-16  3.26296e-14  2.47004e-16  1.88351e-14  6.33861e-16  5.85921e-15  5.60746e-18  0.742522  1.93437e-18  1.92463e-13  
0.935056  1  1  1  1  0.359693  1  1  1  1  1  4.42198e-14  8.38742e-18  7.98342e-16  3.19152e-17  1.44186e-15  5.87265e-18  3.39452e-15  6.27713e-18  3.64801e-14  2.3965e-17  4.04194e-15  6.2441e-17  3.15996e-16  1.24426e-16  1.44239e-14  8.4939e-18  0.747652  1.46262e-17  3.1758e-12  
0.928997  1  1  1  1  0.337032  1  1  1  1  1  1  7.60199e-18  1.48385e-15  7.4944e-19  6.16559e-16  1.41561e-17  4.20807e-16  7.72005e-18  7.75995e-15  2.38741e-17  4.80221e-13  1.36304e-16  3.9279e-15  1.11385e-16  1.17444e-14  2.14321e-17  0.749934  1.39021e-17  2.92848e-12  
0.92305  1  1  1  1  0.31684  1  1  1  1  1  1  1  5.93628e-17  5.81669e-19  0  5.54266e-18  8.49462e-17  7.71952e-18  2.99187e-16  1.02664e-17  4.09876e-16  9.47588e-14  4.2872e-16  1.15259e-16  2.02997e-16  1.46506e-17  0.749008  1.33014e-17  8.33374e-16  
0.916672  1  1  1  1  0.297761  1  1  1  1  1  1  1  1  7.95804e-19  1.68055e-14  5.27124e-17  1.42876e-13  8.51154e-17  4.99922e-14  2.64603e-17  2.38237e-13  3.37773e-17  7.91813e-14  1.1283e-16  2.78353e-15  1.50334e-17  0.744542  1.56776e-17  1.58962e-13  
0.91051  1  1  1  1  0.282088  1  1  1  1  1  1  1  1  1  1  5.38795e-17  2.0978e-12  5.94113e-18  4.07156e-13  2.64849e-17  3.33166e-15  5.83588e-17  8.34839e-14  1.20838e-16  3.05186e-14  1.13176e-16  0.736882  2.02546e-17  1.70723e-15  
0.903882  1  1  1  1  0.268522  1  1  1  1  1  1  1  1  1  1  1  1.80327e-14  1.14624e-16  4.69649e-14  2.62523e-17  8.71871e-13  1.78004e-16  2.91536e-15  4.06366e-17  2.40733e-15  2.4157e-16  0.725065  7.32986e-18  3.70854e-14  
0.897306  1  1  1  1  0.258621  1  1  1  1  1  1  1  1  1  1  1  1  1.13755e-16  9.64201e-15  8.21494e-18  8.90813e-13  8.3932e-17  2.94822e-15  4.04323e-17  3.19894e-14  1.35129e-16  0.709885  2.27957e-18  1.12245e-14  
0.890589  1  1  1  1  0.252334  1  1  1  1  1  1  1  1  1  1  1  1  1  5.83218e-13  9.31495e-18  8.92675e-13  4.40335e-16  9.32273e-16  1.09435e-16  3.44152e-14  1.4827e-15  0.691049  1.98709e-16  3.71128e-14  
0.883551  1  1  1  1  0.250002  1  1  1  1  1  1  1  1  1  1  1  1  1  1  2.81068e-17  2.33169e-14  1.53889e-15  1.22931e-15  9.07587e-17  1.4159e-14  9.22694e-16  0.668043  2.00256e-16  1.05202e-14  
0.876659  1  1  1  1  0.251976  1  1  1  1  1  1  1  1  1  1  1  1  1  1  1  1  1.54028e-15  2.81545e-16  6.04088e-19  1.42635e-14  8.52311e-16  0.642633  1.72285e-16  1.05836e-14  
0.869344  1  1  1  1  0.258642  1  1  1  1  1  1  1  1  1  1  1  1  1  1  1  1  1  2.6416e-16  6.27162e-23  1.42391e-14  8.53964e-16  0.613074  1.97929e-16  1.79982e-14  
0.861852  1  1  1  1  0.270217  1  1  1  1  1  1  1  1  1  1  1  1  1  1  1  1  1  1  2.48433e-18  1.4243e-14  2.25039e-16  0.580569  1.02484e-15  4.1162e-15  
0.854423  1  1  1  1  0.28622  1  1  1  1  1  1  1  1  1  1  1  1  1  1  1  1  1  1  1  1  1.71064e-16  0.546751  1.06335e-15  5.76429e-15  
0.846535  1  1  1  1  0.307768  1  1  1  1  1  1  1  1  1  1  1  1  1  1  1  1  1  1  1  1  1  0.509858  6.38938e-16  2.03747e-15  
0.839108  1  1  1  1  0.331955  1  1  1  1  1  1  1  1  1  1  1  1  1  1  1  1  1  1  1  1  1  0.474882  7.8027e-17  4.89599e-15  
0.832018  1  1  1  1  0.358119  1  1  1  1  1  1  1  1  1  1  1  1  1  1  1  1  1  1  1  1  1  0.441987  1  1  
0.824357  1  1  1  1  0.389175  1  1  1  1  1  1  1  1  1  1  1  1  1  1  1  1  1  1  1  1  1  0.407619  1  1  
0.816158  1.56853e-15  2.17852e-16  1  1  0.425031  1  1  1  1  1  1  1  1  1  1  1  1  1  1  1  1  1  1  1  1  1  0.372926  1  1  
0.807866  2.85318e-15  1.31267e-15  4.40529e-16  1  0.463061  1  1  1  1  1  1  1  1  1  1  1  1  1  1  1  1  1  1  1  1  1  0.34097  1  1  
0.799431  2.01418e-15  4.8879e-15  3.06885e-16  2.23349e-15  0.50268  1  1  1  1  1  1  1  1  1  1  1  1  1  1  1  1  1  1  1  1  1  0.312432  1  1  
0.791497  2.84375e-15  1.21694e-15  5.19293e-16  2.64697e-15  0.539895  1.25817e-16  1  1  1  1  1  1  1  1  1  1  1  1  1  1  1  1  1  1  1  1  0.2899  1  1  
0.783333  2.0211e-15  5.83677e-16  2.4614e-15  2.59101e-15  0.577258  6.99936e-16  4.91768e-16  1  1  1  1  1  1  1  1  1  1  1  1  1  1  1  1  1  1  1  0.27162  1  1  
0.775146  1.19759e-15  7.51493e-16  5.39762e-16  2.08981e-16  0.612882  3.63825e-17  1.97084e-16  4.25034e-16  2.97949e-16  1  1  1  1  1  1  1  1  1  1  1  1  1  1  1  1  1  0.258698  1  1  
0.766777  1.26279e-15  4.92051e-16  1.68538e-16  3.37752e-17  0.646534  2.60528e-17  5.64812e-16  1.05245e-15  5.15915e-16  3.11121e-16  1  1  1  1  1  1  1  1  1  1  1  1  1  1  1  1  0.251423  1  1  
0.75792  2.37366e-15  3.62863e-16  8.77571e-17  7.95898e-15  0.678151  9.0967e-16  2.44546e-17  1.57963e-15  2.77784e-17  6.50317e-16  1.52315e-16  9.04558e-16  1  1  1  1  1  1  1  1  1  1  1  1  1  1  0.250452  1  1  
0.748882  5.07382e-16  4.86902e-15  3.99386e-17  1.01822e-16  0.705305  9.09496e-16  0  8.37692e-16  2.7609e-17  2.0623e-16  1.52874e-16  8.95841e-16  1.22502e-13  8.88499e-16  1  1  1  1  1  1  1  1  1  1  1  1  0.256613  1  1  
0.739737  2.47164e-15  1.05325e-15  1.90586e-16  3.80195e-16  0.726733  1.84727e-15  3.15645e-17  0  2.87648e-16  3.0786e-16  1.52957e-16  8.99707e-16  6.95046e-16  1.29909e-15  9.24624e-17  1  1  1  1  1  1  1  1  1  1  1  0.270017  1  1  
0.73051  6.99454e-19  1.26601e-16  1.0813e-15  1.00389e-16  0.74154  6.40834e-17  1.40249e-18  4.69116e-17  4.22764e-16  4.11293e-16  1.80635e-17  1.96858e-16  8.13487e-17  4.99102e-17  4.63096e-17  6.344e-18  4.98996e-19  1  1  1  1  1  1  1  1  1  0.29045  1  1  
0.721075  7.11152e-19  2.18202e-15  1.64086e-16  3.44785e-17  0.749137  5.54909e-18  4.56377e-17  4.76462e-17  2.85079e-16  5.50063e-16  4.86266e-17  3.87436e-16  3.87191e-16  1.24672e-16  1.95517e-16  2.53664e-16  5.9804e-17  5.41323e-16  0  1  1  1  1  1  1  1  0.317864  1  1  
0.711397  7.11469e-19  1.21252e-15  1.37566e-16  3.30097e-17  0.748767  5.49398e-18  1.81588e-16  4.76383e-17  3.40608e-18  5.82067e-16  4.86203e-17  1.86823e-16  1.45965e-12  2.64504e-16  5.15155e-17  2.53673e-16  4.37074e-17  1.76705e-15  1.49114e-15  8.96234e-17  1  1  1  1  1  1  0.351968  1  1  
0.701388  8.83789e-19  1.53656e-16  1.37338e-16  3.30899e-17  0.739703  1.91884e-16  1.8084e-16  1.06204e-16  1.5722e-17  6.00379e-17  6.3199e-17  6.59463e-17  1.49235e-12  3.9508e-16  1.27624e-16  1.25759e-17  1.10798e-17  9.03955e-19  3.29743e-16  1.1502e-16  3.43363e-15  5.42135e-16  1  1  1  1  0.392375  1  1  
0.69115  9.12225e-19  4.10489e-17  1.37484e-16  1.46008e-16  0.721638  1.91134e-16  1.80001e-16  4.45438e-15  4.57387e-16  6.00375e-17  3.14732e-16  3.64581e-16  1.51002e-12  4.46013e-16  1.27487e-16  8.50498e-16  2.1904e-17  2.79143e-17  3.25489e-16  1.06944e-17  2.98945e-15  5.60767e-16  7.16319e-17  3.04957e-17  1  1  0.437667  1  1  
0.680677  3.15212e-20  3.91816e-17  8.11666e-17  5.45439e-17  0.694648  2.847e-16  1.78828e-17  1.1485e-16  4.29935e-16  1.96522e-17  1.55796e-17  5.74361e-17  2.04847e-17  3.93966e-16  1.28024e-16  7.35812e-17  1.38631e-17  1.93072e-20  1.99421e-16  1.32785e-16  3.66299e-18  3.30374e-17  1.86955e-16  1.99229e-18  1.16165e-17  1.45853e-18  0.486344  1  1  
0.670811  1.17692e-20  3.75653e-17  3.41447e-17  1.60338e-18  0.662279  1.36772e-17  5.71475e-17  2.27129e-15  2.92569e-15  1.28698e-16  1.47408e-17  5.2117e-18  3.91756e-17  1.37574e-19  1.55869e-16  5.51446e-16  1.14763e-17  2.93836e-20  2.55873e-16  2.65622e-18  9.32443e-17  6.14837e-16  2.65779e-16  2.76618e-18  7.71402e-18  1.30039e-18  0.53274  3.05523e-17  1  
0.661076  6.88731e-19  3.19814e-17  7.61398e-17  1.08378e-18  0.624856  7.51382e-18  3.35703e-16  4.75689e-17  2.57535e-15  3.89425e-17  3.37203e-14  1.76015e-18  5.70662e-13  1.01407e-16  1.2514e-16  5.65296e-16  2.74672e-17  4.36626e-19  4.75166e-16  8.85144e-17  8.01706e-17  7.05935e-16  1.00524e-16  1.65438e-17  2.57522e-17  6.27461e-20  0.577412  3.05517e-17  1.4895e-16  
0.650033  1  6.74143e-17  5.47753e-17  8.81885e-18  0.577401  6.01047e-19  3.08617e-15  9.76288e-17  3.41262e-15  5.60661e-17  2.24652e-16  4.71886e-18  4.68688e-12  3.17269e-18  9.21203e-17  3.16502e-18  1.92239e-17  2.22282e-18  5.7385e-16  4.8637e-17  9.1747e-15  2.67222e-17  4.35411e-14  3.31577e-18  1.79575e-19  1.27229e-18  0.624867  2.66815e-17  6.53557e-16  
0.638667  1  1  1  1  0.525089  1.15332e-18  1.43371e-14  9.63432e-18  1.29712e-12  1.69425e-17  1.13763e-14  7.5196e-18  3.59084e-14  9.92447e-16  1.68937e-16  1.45684e-17  2.82761e-16  7.58955e-18  5.00488e-15  2.16081e-17  1.49488e-12  1.20326e-16  8.77855e-13  3.48463e-17  6.75534e-14  4.38879e-17  0.66806  2.57903e-17  8.6406e-14  
0.627683  1  1  1  1  0.473427  1  0  7.48541e-19  1.21383e-15  1.35402e-17  1.52162e-14  7.50976e-18  4.61397e-15  4.19835e-18  1.44143e-15  1.51285e-17  1.47969e-16  1.78733e-18  1.41278e-15  1.49674e-17  2.07947e-13  2.39271e-17  2.9776e-14  1.69272e-17  1.86552e-16  8.87591e-18  0.702518  5.29939e-19  1.34435e-14  
0.617061  1  1  1  1  0.424516  1  1  3.7385e-18  1.76655e-13  4.89274e-17  2.4237e-13  9.17644e-18  1.23816e-15  3.10552e-17  4.01247e-14  7.78021e-18  3.99429e-16  7.69453e-18  5.52365e-13  2.84937e-17  3.16954e-14  1.67459e-15  2.53606e-14  6.47334e-16  4.78784e-14  2.13487e-17  0.727626  3.18241e-17  1.51706e-13  
0.60613  1  1  1  1  0.377351  1  1  1  1  3.86841e-17  2.31213e-15  1.74333e-18  2.36315e-16  3.21957e-17  1.23486e-16  2.00105e-17  1.50571e-15  7.70697e-18  5.54122e-16  2.33283e-17  1.43736e-15  2.51922e-16  4.26682e-16  5.87818e-16  5.81623e-15  9.35532e-18  0.743959  1.90846e-18  7.91187e-16  
0.594965  1  1  1  1  0.334546  1  1  1  1  1  1  7.60273e-18  1.65445e-15  1.85749e-18  7.47919e-16  1.4171e-17  5.64232e-14  9.35618e-18  3.78095e-13  2.16169e-17  4.8038e-13  1.36305e-16  3.91463e-15  1.17738e-16  1.9619e-14  2.11973e-18  0.749988  1.39055e-17  3.03686e-12  
0.583546  1  1  1  1  0.298338  1  1  1  1  1  1  1  1  6.40521e-18  2.04684e-13  5.27124e-17  2.05704e-12  1.27193e-16  4.17432e-13  2.64645e-17  2.4757e-13  1.9626e-16  8.18114e-14  1.14156e-16  1.97653e-14  1.14176e-16  0.744743  2.08398e-17  1.61541e-13  
0.571923  1  1  1  1  0.271045  1  1  1  1  1  1  1  1  1  1  1  1.80327e-14  1.14629e-16  5.78814e-13  1.20767e-16  8.71868e-13  1.42499e-15  2.95663e-15  3.50274e-17  2.19553e-15  7.82823e-17  0.727809  9.34748e-17  3.70854e-14  
0.560154  1  1  1  1  0.254566  1  1  1  1  1  1  1  1  1  1  1  1  1  1.45828e-15  1.10092e-16  2.26968e-15  1.2431e-12  1.30873e-15  4.86256e-20  2.47097e-15  1.14115e-12  0.699572  1.6334e-16  8.34036e-16  
0.548207  1  1  1  1  0.250142  1  1  1  1  1  1  1  1  1  1  1  1  1  1  1  1.00265e-15  1.24308e-12  1.22929e-15  9.71473e-17  2.10923e-16  3.66439e-14  0.660913  1.63231e-16  8.3261e-16  
0.536128  1  1  1  1  0.258498  1  1  1  1  1  1  1  1  1  1  1  1  1  1  1  1  1  2.64159e-16  6.26943e-23  1.42387e-14  8.53964e-16  0.613567  1.97929e-16  1.81811e-14  
0.523849  1  1  1  1  0.279757  1  1  1  1  1  1  1  1  1  1  1  1  1  1  1  1  1  1  1  2.83359e-17  1.50116e-16  0.559432  1.97199e-16  8.46386e-14  
0.511395  1  1  1  1  0.313324  1  1  1  1  1  1  1  1  1  1  1  1  1  1  1  1  1  1  1  1  1  0.501338  1.53095e-15  3.13226e-15  
0.50002  1  1  1  1  0.352972  1  1  1  1  1  1  1  1  1  1  1  1  1  1  1  1  1  1  1  1  1  0.448117  1  4.66763e-15  
0.487369  2.11837e-16  1  1  1  0.404904  1  1  1  1  1  1  1  1  1  1  1  1  1  1  1  1  1  1  1  1  1  0.391806  1  1  
0.473396  1.99839e-15  1.11612e-15  4.34587e-16  1  0.468373  1  1  1  1  1  1  1  1  1  1  1  1  1  1  1  1  1  1  1  1  1  0.33687  1  1  
0.459915  1.72505e-16  1.9179e-14  5.17651e-16  3.24575e-16  0.531729  5.64243e-13  1  1  1  1  1  1  1  1  1  1  1  1  1  1  1  1  1  1  1  1  0.294485  1  1  
0.447544  2.82402e-15  5.5087e-16  3.25166e-16  2.34509e-16  0.58817  4.00594e-17  5.65057e-16  8.97808e-16  1  1  1  1  1  1  1  1  1  1  1  1  1  1  1  1  1  1  0.267153  1  1  
0.43474  2.3232e-15  2.38554e-15  1.68547e-16  0  0.641529  2.56311e-17  5.65108e-16  1.08186e-15  5.15234e-16  3.10118e-16  1  1  1  1  1  1  1  1  1  1  1  1  1  1  1  1  0.252149  1  1  
0.421701  5.55147e-16  4.7533e-15  9.41015e-16  7.43324e-16  0.687419  2.40514e-13  6.82715e-16  1.83246e-15  2.66315e-20  1.10306e-12  4.64381e-16  4.48849e-13  1.92213e-16  1  1  1  1  1  1  1  1  1  1  1  1  1  0.251638  1  1  
0.408332  2.32404e-15  1.54356e-15  1.06616e-15  1.45074e-14  0.722753  1.18068e-15  4.61919e-17  3.72012e-16  6.08738e-17  9.26024e-16  1.72584e-17  5.98573e-14  4.21051e-16  1.83852e-14  4.62476e-17  1  1  1  1  1  1  1  1  1  1  1  0.266606  1  1  
0.394899  6.97168e-19  2.06849e-15  1.25374e-16  1.47008e-16  0.744083  4.20487e-15  4.7561e-17  5.2871e-17  4.33466e-16  4.69503e-15  7.23149e-17  3.33386e-16  3.86275e-16  1.55887e-16  5.16112e-17  1.17141e-17  4.25239e-18  1  1  1  1  1  1  1  1  1  0.296494  1  1  
0.381654  7.16145e-19  6.0899e-13  1.64128e-16  2.97902e-17  0.749875  2.7851e-13  4.51698e-17  5.45225e-17  1.95838e-16  1.19403e-15  4.86853e-17  0  9.21514e-16  1.1834e-14  7.20828e-17  4.61162e-17  4.37068e-17  1.76954e-15  5.96727e-16  2.00025e-17  1  1  1  1  1  1  0.338685  1  1  
0.368454  8.83788e-19  1.53652e-16  1.37067e-16  3.31953e-17  0.740232  1.87197e-16  1.7814e-16  1.06204e-16  1.5722e-17  6.00379e-17  6.32006e-17  6.5828e-17  1.52616e-12  3.95278e-16  5.09085e-17  1.25892e-17  1.17153e-17  1.66853e-18  4.73581e-16  1.14984e-16  3.42963e-15  5.42135e-16  1  1  1  1  0.39068  1  1  
0.354586  8.27247e-19  1.72676e-16  8.27397e-17  1.57016e-13  0.714187  7.50197e-16  5.9353e-17  2.28823e-15  2.85703e-15  9.13569e-15  1.99917e-16  3.64595e-16  5.40587e-17  1.73855e-18  1.56704e-16  5.70405e-16  1.39094e-17  7.82794e-17  2.55826e-16  9.607e-18  1.33994e-16  4.16062e-15  0  6.28327e-17  7.78327e-18  1  0.452499  1  1  
0.342048  8.1712e-19  1.11352e-16  8.08963e-17  4.83326e-18  0.678042  6.79582e-17  5.03273e-17  1.57988e-16  0  1.29954e-16  2.02237e-16  3.96244e-17  4.6321e-15  4.40185e-16  1.06025e-16  2.38404e-18  3.66831e-17  1.53956e-19  5.80878e-16  7.28491e-17  4.98248e-14  2.65995e-17  7.44064e-17  4.15424e-21  9.35691e-19  8.42387e-18  0.511291  1  1  
0.329852  6.84068e-19  7.95874e-16  7.67968e-17  1.72521e-18  0.633365  7.61515e-18  6.13818e-17  6.32006e-17  1.64816e-18  3.85927e-17  1.6939e-17  1.74315e-18  1.58034e-15  1.00371e-16  1.35159e-16  1.03775e-16  1.29945e-16  2.29799e-18  2.52865e-16  8.85481e-17  4.79923e-16  6.22176e-17  2.01781e-16  1.71781e-17  3.80352e-19  2.3107e-19  0.567903  3.06179e-17  1.48695e-16  
0.315318  1  1  8.22118e-17  3.08301e-17  0.571183  4.7433e-18  1.54053e-17  5.33393e-17  0  9.66192e-17  2.66476e-17  1.08152e-15  4.25732e-16  3.66712e-16  7.88716e-16  1.12243e-16  9.18271e-18  1.63674e-16  1.92909e-16  7.00062e-15  1.21159e-15  3.63402e-17  3.72616e-15  7.63153e-18  0  1.60657e-17  0.630465  3.06253e-17  1.30046e-16  
0.300892  1  1  1  1  0.504199  5.94435e-19  3.04987e-17  1.23443e-17  4.34547e-16  3.98974e-17  2.5595e-16  3.20736e-15  8.39917e-15  3.53784e-16  9.04451e-17  6.09134e-19  1.66993e-16  1.75951e-20  1.40257e-15  3.14586e-15  1.38536e-16  3.33306e-17  2.48663e-16  7.67302e-18  1.05115e-18  2.37598e-17  0.682948  3.10573e-17  1.52883e-15  
0.287236  1  1  1  1  0.440432  1  1  3.73874e-18  9.32476e-16  1.4801e-17  3.18505e-16  2.4904e-18  1.54634e-17  6.26338e-17  7.28486e-16  7.64984e-18  8.50839e-17  5.9879e-21  2.8296e-15  9.75915e-19  2.10675e-17  7.26855e-17  1.92703e-14  1.94049e-17  3.40422e-15  2.17891e-18  0.720295  5.52802e-18  7.69393e-16  
0.273566  1  1  1  1  0.380524  1  1  1  1  1.3907e-17  6.74103e-17  5.99998e-18  3.1462e-16  7.13437e-18  1.43939e-15  1.75051e-17  1.8104e-16  1.86573e-18  8.2971e-16  1.81914e-17  2.87321e-15  6.22197e-17  2.42821e-16  1.26805e-16  9.57321e-17  9.34667e-18  0.743142  1.31924e-18  1.66804e-15  
0.260127  1  1  1  1  0.329299  1  1  1  1  1  1  1  1.48526e-15  7.03926e-19  1.63744e-14  1.41563e-17  4.20506e-16  7.71957e-18  7.12677e-15  2.38749e-17  4.80218e-13  1.35921e-16  2.9124e-14  1.11392e-16  1.18119e-14  4.98134e-16  0.749957  1.39763e-17  3.16063e-12  
0.246953  1  1  1  1  0.289643  1  1  1  1  1  1  1  1  1  9.86642e-15  3.28537e-19  7.5285e-15  8.38819e-17  2.31367e-14  1.07319e-17  1.47751e-13  3.21472e-17  7.87766e-16  1.1164e-16  9.64131e-17  4.76717e-18  0.741149  5.48184e-18  3.71767e-14  
0.233796  1  1  1  1  0.262917  1  1  1  1  1  1  1  1  1  1  1  2.49271e-15  5.02195e-18  9.29362e-16  2.20012e-17  1.06763e-15  1.30753e-12  1.82323e-15  1.8991e-16  1.09706e-15  2.4345e-13  0.717588  1.6257e-16  6.1262e-16  
0.220483  1  1  1  1  0.250647  1  1  1  1  1  1  1  1  1  1  1  1  1  1  1.69359e-17  6.59696e-16  1.98709e-13  1.15507e-15  1.8261e-16  1.03355e-16  1.25963e-12  0.680205  1.63245e-16  8.05452e-16  
0.207016  1  1  1  1  0.254125  1  1  1  1  1  1  1  1  1  1  1  1  1  1  1  1  9.67736e-13  9.99397e-16  1.97453e-16  1.68733e-15  3.38115e-14  0.630911  1.73059e-16  1.03653e-15  
0.192566  1  1  1  1  0.275356  1  1  1  1  1  1  1  1  1  1  1  1  1  1  1  1  1  1  1  2.80666e-18  1.76757e-16  0.568791  3.45061e-15  8.79069e-16  
0.181788  1  1  1  1  0.302112  1  1  1  1  1  1  1  1  1  1  1  1  1  1  1  1  1  1  1  1  1  0.518879  2.58873e-14  3.14212e-15  
0.170544  1  1  1  1  0.338679  1  1  1  1  1  1  1  1  1  1  1  1  1  1  1  1  1  1  1  1  1  0.466014  1  3.02695e-15  
0.158848  1  1  1  1  0.384347  1  1  1  1  1  1  1  1  1  1  1  1  1  1  1  1  1  1  1  1  1  0.412676  1  1  
0.141348  2.02917e-15  4.84695e-15  4.40524e-16  1  0.462375  1  1  1  1  1  1  1  1  1  1  1  1  1  1  1  1  1  1  1  1  1  0.341506  1  1  
0.130798  2.82552e-15  3.73466e-16  3.07956e-16  3.41811e-16  0.511945  1  1  1  1  1  1  1  1  1  1  1  1  1  1  1  1  1  1  1  1  1  0.306435  1  1  
0.117705  2.82399e-15  4.8338e-16  2.42527e-15  2.654e-15  0.572587  6.58771e-15  1.78512e-16  1  1  1  1  1  1  1  1  1  1  1  1  1  1  1  1  1  1  1  0.273647  1  1  
0.10532  2.33243e-15  4.99974e-13  9.67045e-16  1.89377e-14  0.625961  2.78676e-13  1.17696e-15  2.98416e-13  2.36273e-15  7.94535e-14  1  1  1  1  1  1  1  1  1  1  1  1  1  1  1  1  0.255234  1  1  
0.0944969  2.32083e-15  1.31431e-15  8.46965e-17  8.31669e-15  0.667099  9.73601e-14  2.4431e-17  3.72872e-16  2.72105e-17  4.15881e-14  1.38719e-18  6.35375e-14  1  1  1  1  1  1  1  1  1  1  1  1  1  1  0.25  1  1  
0.0827172  1.84773e-15  6.12989e-14  1.06819e-15  7.18857e-17  0.703947  2.74509e-13  6.39394e-17  4.86927e-14  9.34787e-17  3.8444e-13  3.34525e-16  1.2224e-11  4.20747e-16  5.02089e-12  1  1  1  1  1  1  1  1  1  1  1  1  0.256083  1  1  
0.0709272  2.46126e-15  1.60182e-11  1.07142e-15  9.40911e-13  0.7308  2.56279e-13  5.70123e-16  3.69136e-16  4.83611e-16  1.169e-12  3.38133e-16  1.76136e-16  4.3809e-16  8.57076e-14  5.12912e-17  2.48694e-16  1  1  1  1  1  1  1  1  1  1  0.274162  1  1  
0.0113957  1.25515e-20  4.17183e-12  3.47454e-17  8.45892e-17  0.686681  6.14847e-15  1.64085e-17  2.08629e-13  2.69054e-17  4.15689e-16  1.80969e-17  2.47498e-18  1.81605e-17  9.86056e-18  9.96947e-17  4.2191e-17  1.44257e-17  2.45733e-20  2.53353e-16  0  5.76783e-18  1.27653e-16  7.66182e-17  3.08461e-17  2.70043e-17  1.70256e-16  0.498659  1  1  
0.0113957  1.25515e-20  4.17183e-12  3.47454e-17  8.45892e-17  0.686681  6.14847e-15  1.64085e-17  2.08629e-13  2.69054e-17  4.15689e-16  1.80969e-17  2.47498e-18  1.81605e-17  9.86056e-18  9.96947e-17  4.2191e-17  1.44257e-17  2.45733e-20  2.53353e-16  0  5.76783e-18  1.27653e-16  7.66182e-17  3.08461e-17  2.70043e-17  1.70256e-16  0.498659  1  1  
0.0113957  1.25515e-20  4.17183e-12  3.47454e-17  8.45892e-17  0.686681  6.14847e-15  1.64085e-17  2.08629e-13  2.69054e-17  4.15689e-16  1.80969e-17  2.47498e-18  1.81605e-17  9.86056e-18  9.96947e-17  4.2191e-17  1.44257e-17  2.45733e-20  2.53353e-16  0  5.76783e-18  1.27653e-16  7.66182e-17  3.08461e-17  2.70043e-17  1.70256e-16  0.498659  1  1  
0.0113957  1.25515e-20  4.17183e-12  3.47454e-17  8.45892e-17  0.686681  6.14847e-15  1.64085e-17  2.08629e-13  2.69054e-17  4.15689e-16  1.80969e-17  2.47498e-18  1.81605e-17  9.86056e-18  9.96947e-17  4.2191e-17  1.44257e-17  2.45733e-20  2.53353e-16  0  5.76783e-18  1.27653e-16  7.66182e-17  3.08461e-17  2.70043e-17  1.70256e-16  0.498659  1  1  
0.0113957  1.25515e-20  4.17183e-12  3.47454e-17  8.45892e-17  0.686681  6.14847e-15  1.64085e-17  2.08629e-13  2.69054e-17  4.15689e-16  1.80969e-17  2.47498e-18  1.81605e-17  9.86056e-18  9.96947e-17  4.2191e-17  1.44257e-17  2.45733e-20  2.53353e-16  0  5.76783e-18  1.27653e-16  7.66182e-17  3.08461e-17  2.70043e-17  1.70256e-16  0.498659  1  1  
0.0086953  3.54196e-20  1.58807e-15  3.6088e-17  9.86954e-16  0.677979  6.14656e-15  1.65549e-17  8.12866e-17  4.29466e-16  4.41893e-17  3.46893e-17  1.37933e-13  1.77319e-17  4.91549e-18  1.26619e-16  5.54526e-16  1.38772e-17  1.05027e-20  2.60156e-16  3.16758e-15  6.13428e-18  3.32199e-17  7.18182e-17  6.27663e-17  8.64347e-18  1.72745e-16  0.51138  1  1  
