1.99119  3.991  5.95789  7.99435  3.5  4.2  4.9  5.6  6.3  7  7.7  8.4  9.1  9.8  10.5  11.2  11.9  12.6  13.3  14  14.7  15.4  16.1  16.8  
1.77474  0.241498  5.58162  0.713194  3.5  4.2  4.9  5.6  6.3  7  7.7  8.4  9.1  9.8  10.5  11.2  11.9  12.6  13.3  14  14.7  15.4  16.1  16.8  
1.94082  0.118607  0.0768523  7.99496  3.5  4.2  4.9  5.6  6.3  7  7.7  8.4  9.1  9.8  10.5  11.2  11.9  12.6  13.3  14  14.7  15.4  16.1  16.8  
0.0446503  3.36356  0.270684  0.739063  3.5  4.2  4.9  5.6  6.3  7  7.7  8.4  9.1  9.8  10.5  11.2  11.9  12.6  13.3  14  14.7  15.4  16.1  16.8  
1.86113  3.75257  0.186347  0.185254  3.5  4.2  4.9  5.6  6.3  7  7.7  8.4  9.1  9.8  10.5  11.2  11.9  12.6  13.3  14  14.7  15.4  16.1  16.8  
1.88306  3.9619  0.120367  0.140105  3.5  4.2  4.9  5.6  6.3  7  7.7  8.4  9.1  9.8  10.5  11.2  11.9  12.6  13.3  14  14.7  15.4  16.1  16.8  
0.0446503  3.36356  0.0255649  0.739063  3.5  4.2  4.9  5.6  6.3  7  7.7  8.4  9.1  9.8  10.5  11.2  11.9  12.6  13.3  14  14.7  15.4  16.1  16.8  
1.97344  0.0571966  0.226516  0.2834  3.5  4.2  4.9  5.6  6.3  7  7.7  8.4  9.1  9.8  10.5  11.2  11.9  12.6  13.3  14  14.7  15.4  16.1  16.8  
0.0414817  3.12842  0.18912  0.071228  3.5  4.2  4.9  5.6  6.3  7  7.7  8.4  9.1  9.8  10.5  11.2  11.9  12.6  13.3  14  14.7  15.4  16.1  16.8  
1.86904  3.84111  0.183669  0.015053  3.5  4.2  4.9  5.6  6.3  7  7.7  8.4  9.1  9.8  10.5  11.2  11.9  12.6  13.3  14  14.7  15.4  16.1  16.8  
0.0132205  0.0571966  0.226516  0.2834  3.5  4.2  4.9  5.6  6.3  7  7.7  8.4  9.1  9.8  10.5  11.2  11.9  12.6  13.3  14  14.7  15.4  16.1  16.8  
0.0966633  3.36483  0.00591046  0.204202  3.5  4.2  4.9  5.6  6.3  7  7.7  8.4  9.1  9.8  10.5  11.2  11.9  12.6  13.3  14  14.7  15.4  16.1  16.8  
0.0482443  3.87767  0.00269942  0.264833  3.5  4.2  4.9  5.6  6.3  7  7.7  8.4  9.1  9.8  10.5  11.2  11.9  12.6  13.3  14  14.7  15.4  16.1  16.8  
0.0947989  3.36479  0.00591046  0.0953176  3.5  4.2  4.9  5.6  6.3  7  7.7  8.4  9.1  9.8  10.5  11.2  11.9  12.6  13.3  14  14.7  15.4  16.1  16.8  
0.195045  0.309872  0.121338  0.0204032  3.5  4.2  4.9  5.6  6.3  7  7.7  8.4  9.1  9.8  10.5  11.2  11.9  12.6  13.3  14  14.7  15.4  16.1  16.8  
0.0978126  0.170212  0.00554187  0.224907  3.5  4.2  4.9  5.6  6.3  7  7.7  8.4  9.1  9.8  10.5  11.2  11.9  12.6  13.3  14  14.7  15.4  16.1  16.8  
1.65175  0.0401663  0.0130653  0.0829767  3.5  4.2  4.9  5.6  6.3  7  7.7  8.4  9.1  9.8  10.5  11.2  11.9  12.6  13.3  14  14.7  15.4  16.1  16.8  
0.0406255  3.40669  0.0256132  0.00866766  3.5  4.2  4.9  5.6  6.3  7  7.7  8.4  9.1  9.8  10.5  11.2  11.9  12.6  13.3  14  14.7  15.4  16.1  16.8  
0.0847803  0.286551  0.00246757  0.105012  3.5  4.2  4.9  5.6  6.3  7  7.7  8.4  9.1  9.8  10.5  11.2  11.9  12.6  13.3  14  14.7  15.4  16.1  16.8  
0.0395395  3.32975  0.19958  0.000762229  3.5  4.2  4.9  5.6  6.3  7  7.7  8.4  9.1  9.8  10.5  11.2  11.9  12.6  13.3  14  14.7  15.4  16.1  16.8  
0.0117165  3.36783  0.0255655  0.00372624  3.5  4.2  4.9  5.6  6.3  7  7.7  8.4  9.1  9.8  10.5  11.2  11.9  12.6  13.3  14  14.7  15.4  16.1  16.8  
0.165949  0.257911  0.00411892  0.0206076  3.5  4.2  4.9  5.6  6.3  7  7.7  8.4  9.1  9.8  10.5  11.2  11.9  12.6  13.3  14  14.7  15.4  16.1  16.8  
0.0935978  0.257397  0.19848  0.000765737  3.5  4.2  4.9  5.6  6.3  7  7.7  8.4  9.1  9.8  10.5  11.2  11.9  12.6  13.3  14  14.7  15.4  16.1  16.8  
0.207095  0.294827  5.73016  1.69552e-05  3.5  4.2  4.9  5.6  6.3  7  7.7  8.4  9.1  9.8  10.5  11.2  11.9  12.6  13.3  14  14.7  15.4  16.1  16.8  
0.0334659  0.23713  0.000120737  0.113999  3.5  4.2  4.9  5.6  6.3  7  7.7  8.4  9.1  9.8  10.5  11.2  11.9  12.6  13.3  14  14.7  15.4  16.1  16.8  
0.120262  0.241738  1.34032e-05  0.221413  3.5  4.2  4.9  5.6  6.3  7  7.7  8.4  9.1  9.8  10.5  11.2  11.9  12.6  13.3  14  14.7  15.4  16.1  16.8  
0.122536  0.169013  0.00559906  0.00267474  3.5  4.2  4.9  5.6  6.3  7  7.7  8.4  9.1  9.8  10.5  11.2  11.9  12.6  13.3  14  14.7  15.4  16.1  16.8  
0.0231115  0.0789509  0.0543862  0.000657303  3.5  4.2  4.9  5.6  6.3  7  7.7  8.4  9.1  9.8  10.5  11.2  11.9  12.6  13.3  14  14.7  15.4  16.1  16.8  
0.0968773  0.337172  0.0282414  0.000195988  3.5  4.2  4.9  5.6  6.3  7  7.7  8.4  9.1  9.8  10.5  11.2  11.9  12.6  13.3  14  14.7  15.4  16.1  16.8  
0.215953  0.130015  5.89928  1.09943e-06  3.5  4.2  4.9  5.6  6.3  7  7.7  8.4  9.1  9.8  10.5  11.2  11.9  12.6  13.3  14  14.7  15.4  16.1  16.8  
0.0395349  0.109979  0.00388114  0.000784878  3.5  4.2  4.9  5.6  6.3  7  7.7  8.4  9.1  9.8  10.5  11.2  11.9  12.6  13.3  14  14.7  15.4  16.1  16.8  
0.172819  0.309872  4.22613e-06  0.0204032  3.5  4.2  4.9  5.6  6.3  7  7.7  8.4  9.1  9.8  10.5  11.2  11.9  12.6  13.3  14  14.7  15.4  16.1  16.8  
0.170249  0.0337729  1.01042e-05  0.020425  3.5  4.2  4.9  5.6  6.3  7  7.7  8.4  9.1  9.8  10.5  11.2  11.9  12.6  13.3  14  14.7  15.4  16.1  16.8  
0.0178623  0.0797069  0.0527104  1.80643e-05  3.5  4.2  4.9  5.6  6.3  7  7.7  8.4  9.1  9.8  10.5  11.2  11.9  12.6  13.3  14  14.7  15.4  16.1  16.8  
0.0177078  0.123016  1.6908e-05  0.00326319  3.5  4.2  4.9  5.6  6.3  7  7.7  8.4  9.1  9.8  10.5  11.2  11.9  12.6  13.3  14  14.7  15.4  16.1  16.8  
0.0831574  0.17097  1.48512e-07  0.0159284  3.5  4.2  4.9  5.6  6.3  7  7.7  8.4  9.1  9.8  10.5  11.2  11.9  12.6  13.3  14  14.7  15.4  16.1  16.8  
0.0210907  0.0856013  1.3403e-05  0.000671076  3.5  4.2  4.9  5.6  6.3  7  7.7  8.4  9.1  9.8  10.5  11.2  11.9  12.6  13.3  14  14.7  15.4  16.1  16.8  
0.036683  0.0319606  2.9705e-10  0.168972  3.5  4.2  4.9  5.6  6.3  7  7.7  8.4  9.1  9.8  10.5  11.2  11.9  12.6  13.3  14  14.7  15.4  16.1  16.8  
0.0142655  0.120883  0.000284201  2.66442e-06  3.5  4.2  4.9  5.6  6.3  7  7.7  8.4  9.1  9.8  10.5  11.2  11.9  12.6  13.3  14  14.7  15.4  16.1  16.8  
0.0430915  0.00289417  0.294479  1.7275e-09  3.5  4.2  4.9  5.6  6.3  7  7.7  8.4  9.1  9.8  10.5  11.2  11.9  12.6  13.3  14  14.7  15.4  16.1  16.8  
0.0349782  3.88211  0.0754138  1.01959e-12  3.5  4.2  4.9  5.6  6.3  7  7.7  8.4  9.1  9.8  10.5  11.2  11.9  12.6  13.3  14  14.7  15.4  16.1  16.8  
0.124385  0.289022  0.00232525  2.09673e-11  3.5  4.2  4.9  5.6  6.3  7  7.7  8.4  9.1  9.8  10.5  11.2  11.9  12.6  13.3  14  14.7  15.4  16.1  16.8  
0.0186772  0.232141  8.35288e-08  8.82026e-08  3.5  4.2  4.9  5.6  6.3  7  7.7  8.4  9.1  9.8  10.5  11.2  11.9  12.6  13.3  14  14.7  15.4  16.1  16.8  
1.90247  3.84104  0.0142316  1.28264e-15  3.5  4.2  4.9  5.6  6.3  7  7.7  8.4  9.1  9.8  10.5  11.2  11.9  12.6  13.3  14  14.7  15.4  16.1  16.8  
0.0174883  3.93605  0.618242  8.98955e-18  3.5  4.2  4.9  5.6  6.3  7  7.7  8.4  9.1  9.8  10.5  11.2  11.9  12.6  13.3  14  14.7  15.4  16.1  16.8  
0.03502  2.48821  0.0113514  9.28854e-16  3.5  4.2  4.9  5.6  6.3  7  7.7  8.4  9.1  9.8  10.5  11.2  11.9  12.6  13.3  14  14.7  15.4  16.1  16.8  
0.0377953  0.109484  0.00389462  2.10521e-14  3.5  4.2  4.9  5.6  6.3  7  7.7  8.4  9.1  9.8  10.5  11.2  11.9  12.6  13.3  14  14.7  15.4  16.1  16.8  
0.0958967  0.366753  0.00386203  1.32441e-15  3.5  4.2  4.9  5.6  6.3  7  7.7  8.4  9.1  9.8  10.5  11.2  11.9  12.6  13.3  14  14.7  15.4  16.1  16.8  
0.0859487  3.91638  0.00969635  9.02475e-18  3.5  4.2  4.9  5.6  6.3  7  7.7  8.4  9.1  9.8  10.5  11.2  11.9  12.6  13.3  14  14.7  15.4  16.1  16.8  
0.00724591  0.154329  3.49841e-11  3.85908e-08  3.5  4.2  4.9  5.6  6.3  7  7.7  8.4  9.1  9.8  10.5  11.2  11.9  12.6  13.3  14  14.7  15.4  16.1  16.8  
1.90203  3.84104  1.29451e-05  1.28258e-15  3.5  4.2  4.9  5.6  6.3  7  7.7  8.4  9.1  9.8  10.5  11.2  11.9  12.6  13.3  14  14.7  15.4  16.1  16.8  
0.0351489  3.87861  0.00263413  2.68909e-18  3.5  4.2  4.9  5.6  6.3  7  7.7  8.4  9.1  9.8  10.5  11.2  11.9  12.6  13.3  14  14.7  15.4  16.1  16.8  
0.0349812  0.348128  5.39066e-06  3.19797e-14  3.5  4.2  4.9  5.6  6.3  7  7.7  8.4  9.1  9.8  10.5  11.2  11.9  12.6  13.3  14  14.7  15.4  16.1  16.8  
0.0179019  0.00384064  3.65476e-09  5.52163e-10  3.5  4.2  4.9  5.6  6.3  7  7.7  8.4  9.1  9.8  10.5  11.2  11.9  12.6  13.3  14  14.7  15.4  16.1  16.8  
0.0957928  0.239151  1.32182e-05  1.32585e-15  3.5  4.2  4.9  5.6  6.3  7  7.7  8.4  9.1  9.8  10.5  11.2  11.9  12.6  13.3  14  14.7  15.4  16.1  16.8  
1.70571  0.0977612  8.77061e-06  4.13186e-16  3.5  4.2  4.9  5.6  6.3  7  7.7  8.4  9.1  9.8  10.5  11.2  11.9  12.6  13.3  14  14.7  15.4  16.1  16.8  
0.0662296  0.0856052  0.000173944  1.76796e-17  3.5  4.2  4.9  5.6  6.3  7  7.7  8.4  9.1  9.8  10.5  11.2  11.9  12.6  13.3  14  14.7  15.4  16.1  16.8  
0.172552  0.242905  0.00393708  7.1539e-21  3.5  4.2  4.9  5.6  6.3  7  7.7  8.4  9.1  9.8  10.5  11.2  11.9  12.6  13.3  14  14.7  15.4  16.1  16.8  
0.093531  0.257502  2.78477e-07  1.30835e-15  3.5  4.2  4.9  5.6  6.3  7  7.7  8.4  9.1  9.8  10.5  11.2  11.9  12.6  13.3  14  14.7  15.4  16.1  16.8  
0.0638558  0.0856017  1.07452e-05  1.76759e-17  3.5  4.2  4.9  5.6  6.3  7  7.7  8.4  9.1  9.8  10.5  11.2  11.9  12.6  13.3  14  14.7  15.4  16.1  16.8  
0.0980095  0.235807  1.32707e-05  8.78486e-19  3.5  4.2  4.9  5.6  6.3  7  7.7  8.4  9.1  9.8  10.5  11.2  11.9  12.6  13.3  14  14.7  15.4  16.1  16.8  
1.70818  3.52309  1.22785e-05  1.17863e-21  3.5  4.2  4.9  5.6  6.3  7  7.7  8.4  9.1  9.8  10.5  11.2  11.9  12.6  13.3  14  14.7  15.4  16.1  16.8  
0.0367066  0.0533701  1.70526e-05  2.50273e-19  3.5  4.2  4.9  5.6  6.3  7  7.7  8.4  9.1  9.8  10.5  11.2  11.9  12.6  13.3  14  14.7  15.4  16.1  16.8  
0.0968237  3.74379  0  0.198426  3.5  4.2  4.9  5.6  6.3  7  7.7  8.4  9.1  9.8  10.5  11.2  11.9  12.6  13.3  14  14.7  15.4  16.1  16.8  
0.120044  0.286551  0.184055  5.07723e-31  3.5  4.2  4.9  5.6  6.3  7  7.7  8.4  9.1  9.8  10.5  11.2  11.9  12.6  13.3  14  14.7  15.4  16.1  16.8  
0.0190253  0.0619557  0.000270029  5.86419e-24  3.5  4.2  4.9  5.6  6.3  7  7.7  8.4  9.1  9.8  10.5  11.2  11.9  12.6  13.3  14  14.7  15.4  16.1  16.8  
0.0286077  0.212321  0.00716363  1.7246e-29  3.5  4.2  4.9  5.6  6.3  7  7.7  8.4  9.1  9.8  10.5  11.2  11.9  12.6  13.3  14  14.7  15.4  16.1  16.8  
0.120459  0.286553  0.00246762  5.07932e-31  3.5  4.2  4.9  5.6  6.3  7  7.7  8.4  9.1  9.8  10.5  11.2  11.9  12.6  13.3  14  14.7  15.4  16.1  16.8  
0.0957959  0.0115555  1.62226e-08  7.4208e-21  3.5  4.2  4.9  5.6  6.3  7  7.7  8.4  9.1  9.8  10.5  11.2  11.9  12.6  13.3  14  14.7  15.4  16.1  16.8  
0.0556291  0.240278  0  0.000774535  3.5  4.2  4.9  5.6  6.3  7  7.7  8.4  9.1  9.8  10.5  11.2  11.9  12.6  13.3  14  14.7  15.4  16.1  16.8  
0.174184  0.344415  0  6.50537e-05  3.5  4.2  4.9  5.6  6.3  7  7.7  8.4  9.1  9.8  10.5  11.2  11.9  12.6  13.3  14  14.7  15.4  16.1  16.8  
0.0354807  0.239525  0  1.73814e-05  3.5  4.2  4.9  5.6  6.3  7  7.7  8.4  9.1  9.8  10.5  11.2  11.9  12.6  13.3  14  14.7  15.4  16.1  16.8  
0.247255  0.303377  0  1.17978e-06  3.5  4.2  4.9  5.6  6.3  7  7.7  8.4  9.1  9.8  10.5  11.2  11.9  12.6  13.3  14  14.7  15.4  16.1  16.8  
1.88233  0.000356616  0  6.06598e-06  3.5  4.2  4.9  5.6  6.3  7  7.7  8.4  9.1  9.8  10.5  11.2  11.9  12.6  13.3  14  14.7  15.4  16.1  16.8  
0.187944  0.10148  0  8.76811e-08  3.5  4.2  4.9  5.6  6.3  7  7.7  8.4  9.1  9.8  10.5  11.2  11.9  12.6  13.3  14  14.7  15.4  16.1  16.8  
0.0192321  0.227057  8.34584e-08  1.4028e-40  3.5  4.2  4.9  5.6  6.3  7  7.7  8.4  9.1  9.8  10.5  11.2  11.9  12.6  13.3  14  14.7  15.4  16.1  16.8  
1.99746  0.25179  0  9.3046e-10  3.5  4.2  4.9  5.6  6.3  7  7.7  8.4  9.1  9.8  10.5  11.2  11.9  12.6  13.3  14  14.7  15.4  16.1  16.8  
0.0392118  0.113714  0  1.73771e-09  3.5  4.2  4.9  5.6  6.3  7  7.7  8.4  9.1  9.8  10.5  11.2  11.9  12.6  13.3  14  14.7  15.4  16.1  16.8  
0.0185673  0.11461  0  5.54313e-10  3.5  4.2  4.9  5.6  6.3  7  7.7  8.4  9.1  9.8  10.5  11.2  11.9  12.6  13.3  14  14.7  15.4  16.1  16.8  
0.0183486  0.0351436  2.99588e-10  1.37847e-40  3.5  4.2  4.9  5.6  6.3  7  7.7  8.4  9.1  9.8  10.5  11.2  11.9  12.6  13.3  14  14.7  15.4  16.1  16.8  
0.0182847  0.115983  0  3.07131e-11  3.5  4.2  4.9  5.6  6.3  7  7.7  8.4  9.1  9.8  10.5  11.2  11.9  12.6  13.3  14  14.7  15.4  16.1  16.8  
0.0183477  0.0231235  0  2.36133e-11  3.5  4.2  4.9  5.6  6.3  7  7.7  8.4  9.1  9.8  10.5  11.2  11.9  12.6  13.3  14  14.7  15.4  16.1  16.8  
0.0430259  0.00229362  0  2.00089e-11  3.5  4.2  4.9  5.6  6.3  7  7.7  8.4  9.1  9.8  10.5  11.2  11.9  12.6  13.3  14  14.7  15.4  16.1  16.8  
0.00555845  0.00191033  0  9.75727e-12  3.5  4.2  4.9  5.6  6.3  7  7.7  8.4  9.1  9.8  10.5  11.2  11.9  12.6  13.3  14  14.7  15.4  16.1  16.8  
0.0191056  0.00179694  0  1.03242e-12  3.5  4.2  4.9  5.6  6.3  7  7.7  8.4  9.1  9.8  10.5  11.2  11.9  12.6  13.3  14  14.7  15.4  16.1  16.8  
0.0175555  0.00229956  1.54169e-07  0  3.5  4.2  4.9  5.6  6.3  7  7.7  8.4  9.1  9.8  10.5  11.2  11.9  12.6  13.3  14  14.7  15.4  16.1  16.8  
0.0056629  0.00191033  0  2.24066e-14  3.5  4.2  4.9  5.6  6.3  7  7.7  8.4  9.1  9.8  10.5  11.2  11.9  12.6  13.3  14  14.7  15.4  16.1  16.8  
0.0178403  0.234618  0  8.25438e-18  3.5  4.2  4.9  5.6  6.3  7  7.7  8.4  9.1  9.8  10.5  11.2  11.9  12.6  13.3  14  14.7  15.4  16.1  16.8  
0.0222787  0.00455845  0  1.52083e-17  3.5  4.2  4.9  5.6  6.3  7  7.7  8.4  9.1  9.8  10.5  11.2  11.9  12.6  13.3  14  14.7  15.4  16.1  16.8  
0.0483796  0.00252919  0  3.81612e-19  3.5  4.2  4.9  5.6  6.3  7  7.7  8.4  9.1  9.8  10.5  11.2  11.9  12.6  13.3  14  14.7  15.4  16.1  16.8  
0.215657  1.24703e-05  5.0891e-13  0  3.5  4.2  4.9  5.6  6.3  7  7.7  8.4  9.1  9.8  10.5  11.2  11.9  12.6  13.3  14  14.7  15.4  16.1  16.8  
0.0199173  0.0085458  0  5.86419e-24  3.5  4.2  4.9  5.6  6.3  7  7.7  8.4  9.1  9.8  10.5  11.2  11.9  12.6  13.3  14  14.7  15.4  16.1  16.8  
1.88504  0.242809  0  4.91601e-31  3.5  4.2  4.9  5.6  6.3  7  7.7  8.4  9.1  9.8  10.5  11.2  11.9  12.6  13.3  14  14.7  15.4  16.1  16.8  
1.79914  0.0035584  0  5.13568e-31  3.5  4.2  4.9  5.6  6.3  7  7.7  8.4  9.1  9.8  10.5  11.2  11.9  12.6  13.3  14  14.7  15.4  16.1  16.8  
0.0168884  7.57074e-05  0  1.67683e-29  3.5  4.2  4.9  5.6  6.3  7  7.7  8.4  9.1  9.8  10.5  11.2  11.9  12.6  13.3  14  14.7  15.4  16.1  16.8  
0.0893411  0.257318  0  1.21828e-42  3.5  4.2  4.9  5.6  6.3  7  7.7  8.4  9.1  9.8  10.5  11.2  11.9  12.6  13.3  14  14.7  15.4  16.1  16.8  
0.018998  0.00179694  0  1.41159e-40  3.5  4.2  4.9  5.6  6.3  7  7.7  8.4  9.1  9.8  10.5  11.2  11.9  12.6  13.3  14  14.7  15.4  16.1  16.8  
0.0168622  7.57074e-05  0  1.21828e-42  3.5  4.2  4.9  5.6  6.3  7  7.7  8.4  9.1  9.8  10.5  11.2  11.9  12.6  13.3  14  14.7  15.4  16.1  16.8  
1.93661  0.256485  0  0  3.5  4.2  4.9  5.6  6.3  7  7.7  8.4  9.1  9.8  10.5  11.2  11.9  12.6  13.3  14  14.7  15.4  16.1  16.8  
0.0198761  0.0085458  0  0  3.5  4.2  4.9  5.6  6.3  7  7.7  8.4  9.1  9.8  10.5  11.2  11.9  12.6  13.3  14  14.7  15.4  16.1  16.8  
