3.1225e-17  4  6  5.82867e-16  5.25793  6.30957  3.5747  8.41292  9.46435  10.516  11.5676  12.619  6.63946  14.7222  15.7737  16.8252  17.8767  9.19202  19.9794  21.0315  22.0833  23.1348  24.1868  12.2569  
0.0478926  3.98482  5.99514  0.404638  5.26555  6.31866  3.56905  8.42487  9.47799  10.5311  11.5842  12.6373  6.62823  14.7435  15.7966  16.8497  17.9029  9.17756  20.0091  21.0622  22.1153  23.1684  24.2215  12.2367  
0.0140764  3.97455  5.86332  0.395709  5.26555  6.31866  3.56905  8.42487  9.47799  10.5311  11.5842  12.6373  6.62823  14.7435  15.7966  16.8497  17.9029  9.17756  20.0091  21.0622  22.1153  23.1684  24.2215  12.2367  
0.0581733  3.9056  5.99588  0.383303  5.26555  6.31866  3.56905  8.42487  9.47799  10.5311  11.5842  12.6373  6.62823  14.7435  15.7966  16.8497  17.9029  9.17756  20.0091  21.0622  22.1153  23.1684  24.2215  12.2367  
0.0302484  3.99383  5.67732  0.373806  5.26555  6.31866  3.56905  8.42487  9.47799  10.5311  11.5842  12.6373  6.62823  14.7435  15.7966  16.8497  17.9029  9.17756  20.0091  21.0622  22.1153  23.1684  24.2215  12.2367  
0.0659576  3.89159  5.8884  0.377723  5.26555  6.31866  3.56905  8.42487  9.47799  10.5311  11.5842  12.6373  6.62823  14.7435  15.7966  16.8497  17.9029  9.17756  20.0091  21.0622  22.1153  23.1684  24.2215  12.2367  
0.0596604  3.93711  5.7081  0.376114  5.26555  6.31866  3.56905  8.42487  9.47799  10.5311  11.5842  12.6373  6.62823  14.7435  15.7966  16.8497  17.9029  9.17756  20.0091  21.0622  22.1153  23.1684  24.2215  12.2367  
0.0529482  3.76912  5.98611  0.287688  5.26555  6.31866  3.56905  8.42487  9.47799  10.5311  11.5842  12.6373  6.62823  14.7435  15.7966  16.8497  17.9029  9.17756  20.0091  21.0622  22.1153  23.1684  24.2215  12.2367  
0.0212607  3.99363  5.33835  0.146729  5.26555  6.31866  3.56905  8.42487  9.47799  10.5311  11.5842  12.6373  6.62823  14.7435  15.7966  16.8497  17.9029  9.17756  20.0091  21.0622  22.1153  23.1684  24.2215  12.2367  
0.051586  3.83109  5.73728  0.377321  5.26555  6.31866  3.56905  8.42487  9.47799  10.5311  11.5842  12.6373  6.62823  14.7435  15.7966  16.8497  17.9029  9.17756  20.0091  21.0622  22.1153  23.1684  24.2215  12.2367  
0.069223  3.9251  5.4719  0.296606  5.26555  6.31866  3.56905  8.42487  9.47799  10.5311  11.5842  12.6373  6.62823  14.7435  15.7966  16.8497  17.9029  9.17756  20.0091  21.0622  22.1153  23.1684  24.2215  12.2367  
0.0938159  3.72267  5.92298  0.402035  5.26555  6.31866  3.56905  8.42487  9.47799  10.5311  11.5842  12.6373  6.62823  14.7435  15.7966  16.8497  17.9029  9.17756  20.0091  21.0622  22.1153  23.1684  24.2215  12.2367  
0.0528449  3.95281  5.28334  0.374033  5.26555  6.31866  3.56905  8.42487  9.47799  10.5311  11.5842  12.6373  6.62823  14.7435  15.7966  16.8497  17.9029  9.17756  20.0091  21.0622  22.1153  23.1684  24.2215  12.2367  
0.0870002  3.73198  5.75725  0.37104  5.26555  6.31866  3.56905  8.42487  9.47799  10.5311  11.5842  12.6373  6.62823  14.7435  15.7966  16.8497  17.9029  9.17756  20.0091  21.0622  22.1153  23.1684  24.2215  12.2367  
0.104658  3.85135  5.45621  0.370397  5.26555  6.31866  3.56905  8.42487  9.47799  10.5311  11.5842  12.6373  6.62823  14.7435  15.7966  16.8497  17.9029  9.17756  20.0091  21.0622  22.1153  23.1684  24.2215  12.2367  
0.0424377  3.53169  5.98824  0.254004  5.26555  6.31866  3.56905  8.42487  9.47799  10.5311  11.5842  12.6373  6.62823  14.7435  15.7966  16.8497  17.9029  9.17756  20.0091  21.0622  22.1153  23.1684  24.2215  12.2367  
0.0155882  3.9936  4.89811  0.365358  5.26555  6.31866  3.56905  8.42487  9.47799  10.5311  11.5842  12.6373  6.62823  14.7435  15.7966  16.8497  17.9029  9.17756  20.0091  21.0622  22.1153  23.1684  24.2215  12.2367  
0.10531  3.75955  5.47489  0.389813  5.26555  6.31866  3.56905  8.42487  9.47799  10.5311  11.5842  12.6373  6.62823  14.7435  15.7966  16.8497  17.9029  9.17756  20.0091  21.0622  22.1153  23.1684  24.2215  12.2367  
0.10295  3.89884  5.1049  0.375521  5.26555  6.31866  3.56905  8.42487  9.47799  10.5311  11.5842  12.6373  6.62823  14.7435  15.7966  16.8497  17.9029  9.17756  20.0091  21.0622  22.1153  23.1684  24.2215  12.2367  
0.120249  3.57619  5.77356  0.382426  5.26555  6.31866  3.56905  8.42487  9.47799  10.5311  11.5842  12.6373  6.62823  14.7435  15.7966  16.8497  17.9029  9.17756  20.0091  21.0622  22.1153  23.1684  24.2215  12.2367  
0.0548097  3.93506  4.8361  0.370413  5.26555  6.31866  3.56905  8.42487  9.47799  10.5311  11.5842  12.6373  6.62823  14.7435  15.7966  16.8497  17.9029  9.17756  20.0091  21.0622  22.1153  23.1684  24.2215  12.2367  
0.0502234  3.57224  5.52642  0.311732  5.26555  6.31866  3.56905  8.42487  9.47799  10.5311  11.5842  12.6373  6.62823  14.7435  15.7966  16.8497  17.9029  9.17756  20.0091  21.0622  22.1153  23.1684  24.2215  12.2367  
0.0506015  3.74036  5.09164  0.285737  5.26555  6.31866  3.56905  8.42487  9.47799  10.5311  11.5842  12.6373  6.62823  14.7435  15.7966  16.8497  17.9029  9.17756  20.0091  21.0622  22.1153  23.1684  24.2215  12.2367  
0.0592951  3.34866  5.9914  0.624773  5.26555  6.31866  3.56905  8.42487  9.47799  10.5311  11.5842  12.6373  6.62823  14.7435  15.7966  16.8497  17.9029  9.17756  20.0091  21.0622  22.1153  23.1684  24.2215  12.2367  
0.0777999  3.98183  4.52664  0.378858  5.26555  6.31866  3.56905  8.42487  9.47799  10.5311  11.5842  12.6373  6.62823  14.7435  15.7966  16.8497  17.9029  9.17756  20.0091  21.0622  22.1153  23.1684  24.2215  12.2367  
0.104582  3.58182  5.32855  0.376388  5.26555  6.31866  3.56905  8.42487  9.47799  10.5311  11.5842  12.6373  6.62823  14.7435  15.7966  16.8497  17.9029  9.17756  20.0091  21.0622  22.1153  23.1684  24.2215  12.2367  
0.0687354  3.75972  4.83486  0.366505  5.26555  6.31866  3.56905  8.42487  9.47799  10.5311  11.5842  12.6373  6.62823  14.7435  15.7966  16.8497  17.9029  9.17756  20.0091  21.0622  22.1153  23.1684  24.2215  12.2367  
0.0284738  3.26935  5.77342  0.381177  5.26555  6.31866  3.56905  8.42487  9.47799  10.5311  11.5842  12.6373  6.62823  14.7435  15.7966  16.8497  17.9029  9.17756  20.0091  21.0622  22.1153  23.1684  24.2215  12.2367  
0.120597  3.88968  4.51387  0.376723  5.26555  6.31866  3.56905  8.42487  9.47799  10.5311  11.5842  12.6373  6.62823  14.7435  15.7966  16.8497  17.9029  9.17756  20.0091  21.0622  22.1153  23.1684  24.2215  12.2367  
0.105421  3.38469  5.4732  0.377611  5.26555  6.31866  3.56905  8.42487  9.47799  10.5311  11.5842  12.6373  6.62823  14.7435  15.7966  16.8497  17.9029  9.17756  20.0091  21.0622  22.1153  23.1684  24.2215  12.2367  
0.0256285  3.56319  4.90187  0.363338  5.26555  6.31866  3.56905  8.42487  9.47799  10.5311  11.5842  12.6373  6.62823  14.7435  15.7966  16.8497  17.9029  9.17756  20.0091  21.0622  22.1153  23.1684  24.2215  12.2367  
0.04711  3.0501  5.99775  0.290378  5.26555  6.31866  3.56905  8.42487  9.47799  10.5311  11.5842  12.6373  6.62823  14.7435  15.7966  16.8497  17.9029  9.17756  20.0091  21.0622  22.1153  23.1684  24.2215  12.2367  
0.014151  3.99492  3.91488  0.370869  5.26555  6.31866  3.56905  8.42487  9.47799  10.5311  11.5842  12.6373  6.62823  14.7435  15.7966  16.8497  17.9029  9.17756  20.0091  21.0622  22.1153  23.1684  24.2215  12.2367  
0.0892059  3.50666  4.88513  0.36895  5.26555  6.31866  3.56905  8.42487  9.47799  10.5311  11.5842  12.6373  6.62823  14.7435  15.7966  16.8497  17.9029  9.17756  20.0091  21.0622  22.1153  23.1684  24.2215  12.2367  
0.0686136  3.76633  4.27874  0.364919  5.26555  6.31866  3.56905  8.42487  9.47799  10.5311  11.5842  12.6373  6.62823  14.7435  15.7966  16.8497  17.9029  9.17756  20.0091  21.0622  22.1153  23.1684  24.2215  12.2367  
0.136574  3.20085  5.4537  0.383797  5.26555  6.31866  3.56905  8.42487  9.47799  10.5311  11.5842  12.6373  6.62823  14.7435  15.7966  16.8497  17.9029  9.17756  20.0091  21.0622  22.1153  23.1684  24.2215  12.2367  
0.0560042  3.88702  3.90387  0.364345  5.26555  6.31866  3.56905  8.42487  9.47799  10.5311  11.5842  12.6373  6.62823  14.7435  15.7966  16.8497  17.9029  9.17756  20.0091  21.0622  22.1153  23.1684  24.2215  12.2367  
0.0519943  3.2473  5.04988  0.357459  5.26555  6.31866  3.56905  8.42487  9.47799  10.5311  11.5842  12.6373  6.62823  14.7435  15.7966  16.8497  17.9029  9.17756  20.0091  21.0622  22.1153  23.1684  24.2215  12.2367  
0.0878334  3.58543  4.35537  0.379911  5.26555  6.31866  3.56905  8.42487  9.47799  10.5311  11.5842  12.6373  6.62823  14.7435  15.7966  16.8497  17.9029  9.17756  20.0091  21.0622  22.1153  23.1684  24.2215  12.2367  
0.049367  2.869  5.74786  0.37679  5.26555  6.31866  3.56905  8.42487  9.47799  10.5311  11.5842  12.6373  6.62823  14.7435  15.7966  16.8497  17.9029  9.17756  20.0091  21.0622  22.1153  23.1684  24.2215  12.2367  
0.0689936  3.95665  3.52947  0.364868  5.26555  6.31866  3.56905  8.42487  9.47799  10.5311  11.5842  12.6373  6.62823  14.7435  15.7966  16.8497  17.9029  9.17756  20.0091  21.0622  22.1153  23.1684  24.2215  12.2367  
0.105472  3.27886  4.71978  0.368128  5.26555  6.31866  3.56905  8.42487  9.47799  10.5311  11.5842  12.6373  6.62823  14.7435  15.7966  16.8497  17.9029  9.17756  20.0091  21.0622  22.1153  23.1684  24.2215  12.2367  
0.0596889  3.60776  3.975  0.365952  5.26555  6.31866  3.56905  8.42487  9.47799  10.5311  11.5842  12.6373  6.62823  14.7435  15.7966  16.8497  17.9029  9.17756  20.0091  21.0622  22.1153  23.1684  24.2215  12.2367  
0.0383073  2.80645  5.46585  0.342701  5.26555  6.31866  3.56905  8.42487  9.47799  10.5311  11.5842  12.6373  6.62823  14.7435  15.7966  16.8497  17.9029  9.17756  20.0091  21.0622  22.1153  23.1684  24.2215  12.2367  
0.0530343  3.76912  3.52916  0.286887  5.26555  6.31866  3.56905  8.42487  9.47799  10.5311  11.5842  12.6373  6.62823  14.7435  15.7966  16.8497  17.9029  9.17756  20.0091  21.0622  22.1153  23.1684  24.2215  12.2367  
0.0412274  2.93539  4.97096  0.372535  5.26555  6.31866  3.56905  8.42487  9.47799  10.5311  11.5842  12.6373  6.62823  14.7435  15.7966  16.8497  17.9029  9.17756  20.0091  21.0622  22.1153  23.1684  24.2215  12.2367  
0.0465849  3.3456  4.0923  0.359153  5.26555  6.31866  3.56905  8.42487  9.47799  10.5311  11.5842  12.6373  6.62823  14.7435  15.7966  16.8497  17.9029  9.17756  20.0091  21.0622  22.1153  23.1684  24.2215  12.2367  
0.0477753  2.49046  5.90018  0.380657  5.26555  6.31866  3.56905  8.42487  9.47799  10.5311  11.5842  12.6373  6.62823  14.7435  15.7966  16.8497  17.9029  9.17756  20.0091  21.0622  22.1153  23.1684  24.2215  12.2367  
0.0739487  3.98821  2.94477  0.331995  5.26555  6.31866  3.56905  8.42487  9.47799  10.5311  11.5842  12.6373  6.62823  14.7435  15.7966  16.8497  17.9029  9.17756  20.0091  21.0622  22.1153  23.1684  24.2215  12.2367  
0.0545699  3.12034  4.22675  0.338322  5.26555  6.31866  3.56905  8.42487  9.47799  10.5311  11.5842  12.6373  6.62823  14.7435  15.7966  16.8497  17.9029  9.17756  20.0091  21.0622  22.1153  23.1684  24.2215  12.2367  
0.0602928  3.58136  3.40678  0.381616  5.26555  6.31866  3.56905  8.42487  9.47799  10.5311  11.5842  12.6373  6.62823  14.7435  15.7966  16.8497  17.9029  9.17756  20.0091  21.0622  22.1153  23.1684  24.2215  12.2367  
0.0410507  2.57158  5.14158  0.363239  5.26555  6.31866  3.56905  8.42487  9.47799  10.5311  11.5842  12.6373  6.62823  14.7435  15.7966  16.8497  17.9029  9.17756  20.0091  21.0622  22.1153  23.1684  24.2215  12.2367  
0.0639748  3.78603  2.96086  0.366301  5.26555  6.31866  3.56905  8.42487  9.47799  10.5311  11.5842  12.6373  6.62823  14.7435  15.7966  16.8497  17.9029  9.17756  20.0091  21.0622  22.1153  23.1684  24.2215  12.2367  
0.0471607  2.75299  4.51089  0.36665  5.26555  6.31866  3.56905  8.42487  9.47799  10.5311  11.5842  12.6373  6.62823  14.7435  15.7966  16.8497  17.9029  9.17756  20.0091  21.0622  22.1153  23.1684  24.2215  12.2367  
0.0309793  3.26866  3.5118  0.368499  5.26555  6.31866  3.56905  8.42487  9.47799  10.5311  11.5842  12.6373  6.62823  14.7435  15.7966  16.8497  17.9029  9.17756  20.0091  21.0622  22.1153  23.1684  24.2215  12.2367  
0.038919  2.19296  5.66625  0.370507  5.26555  6.31866  3.56905  8.42487  9.47799  10.5311  11.5842  12.6373  6.62823  14.7435  15.7966  16.8497  17.9029  9.17756  20.0091  21.0622  22.1153  23.1684  24.2215  12.2367  
0.090557  3.89425  2.56381  0.3746  5.26555  6.31866  3.56905  8.42487  9.47799  10.5311  11.5842  12.6373  6.62823  14.7435  15.7966  16.8497  17.9029  9.17756  20.0091  21.0622  22.1153  23.1684  24.2215  12.2367  
0.0397676  2.77284  3.98336  0.2124  5.26555  6.31866  3.56905  8.42487  9.47799  10.5311  11.5842  12.6373  6.62823  14.7435  15.7966  16.8497  17.9029  9.17756  20.0091  21.0622  22.1153  23.1684  24.2215  12.2367  
0.0547447  3.37094  3.04631  0.362041  5.26555  6.31866  3.56905  8.42487  9.47799  10.5311  11.5842  12.6373  6.62823  14.7435  15.7966  16.8497  17.9029  9.17756  20.0091  21.0622  22.1153  23.1684  24.2215  12.2367  
0.0311878  2.12081  5.17872  0.211541  5.26555  6.31866  3.56905  8.42487  9.47799  10.5311  11.5842  12.6373  6.62823  14.7435  15.7966  16.8497  17.9029  9.17756  20.0091  21.0622  22.1153  23.1684  24.2215  12.2367  
0.0887405  3.649  2.57704  0.379679  5.26555  6.31866  3.56905  8.42487  9.47799  10.5311  11.5842  12.6373  6.62823  14.7435  15.7966  16.8497  17.9029  9.17756  20.0091  21.0622  22.1153  23.1684  24.2215  12.2367  
0.0255513  2.31565  4.3733  0.253759  5.26555  6.31866  3.56905  8.42487  9.47799  10.5311  11.5842  12.6373  6.62823  14.7435  15.7966  16.8497  17.9029  9.17756  20.0091  21.0622  22.1153  23.1684  24.2215  12.2367  
0.0232526  2.9759  3.10934  0.0866264  5.26555  6.31866  3.56905  8.42487  9.47799  10.5311  11.5842  12.6373  6.62823  14.7435  15.7966  16.8497  17.9029  9.17756  20.0091  21.0622  22.1153  23.1684  24.2215  12.2367  
0.036931  1.73058  5.9742  0.352183  5.26555  6.31866  3.56905  8.42487  9.47799  10.5311  11.5842  12.6373  6.62823  14.7435  15.7966  16.8497  17.9029  9.17756  20.0091  21.0622  22.1153  23.1684  24.2215  12.2367  
0.00746905  3.99308  1.79326  0.0435557  5.26555  6.31866  3.56905  8.42487  9.47799  10.5311  11.5842  12.6373  6.62823  14.7435  15.7966  16.8497  17.9029  9.17756  20.0091  21.0622  22.1153  23.1684  24.2215  12.2367  
0.0497605  2.86855  3.04477  0.361724  5.26555  6.31866  3.56905  8.42487  9.47799  10.5311  11.5842  12.6373  6.62823  14.7435  15.7966  16.8497  17.9029  9.17756  20.0091  21.0622  22.1153  23.1684  24.2215  12.2367  
0.057128  3.54367  2.21494  0.357622  5.26555  6.31866  3.56905  8.42487  9.47799  10.5311  11.5842  12.6373  6.62823  14.7435  15.7966  16.8497  17.9029  9.17756  20.0091  21.0622  22.1153  23.1684  24.2215  12.2367  
0.0289562  2.01904  4.18175  0.36711  5.26555  6.31866  3.56905  8.42487  9.47799  10.5311  11.5842  12.6373  6.62823  14.7435  15.7966  16.8497  17.9029  9.17756  20.0091  21.0622  22.1153  23.1684  24.2215  12.2367  
0.0526523  3.80233  1.83033  0.356396  5.26555  6.31866  3.56905  8.42487  9.47799  10.5311  11.5842  12.6373  6.62823  14.7435  15.7966  16.8497  17.9029  9.17756  20.0091  21.0622  22.1153  23.1684  24.2215  12.2367  
0.0635777  2.37302  3.24478  0.182918  5.26555  6.31866  3.56905  8.42487  9.47799  10.5311  11.5842  12.6373  6.62823  14.7435  15.7966  16.8497  17.9029  9.17756  20.0091  21.0622  22.1153  23.1684  24.2215  12.2367  
0.0449269  3.17381  2.21494  0.243855  5.26555  6.31866  3.56905  8.42487  9.47799  10.5311  11.5842  12.6373  6.62823  14.7435  15.7966  16.8497  17.9029  9.17756  20.0091  21.0622  22.1153  23.1684  24.2215  12.2367  
0.0394055  1.52068  4.90336  0.25902  5.26555  6.31866  3.56905  8.42487  9.47799  10.5311  11.5842  12.6373  6.62823  14.7435  15.7966  16.8497  17.9029  9.17756  20.0091  21.0622  22.1153  23.1684  24.2215  12.2367  
0.0690947  3.92631  1.4397  0.159378  5.26555  6.31866  3.56905  8.42487  9.47799  10.5311  11.5842  12.6373  6.62823  14.7435  15.7966  16.8497  17.9029  9.17756  20.0091  21.0622  22.1153  23.1684  24.2215  12.2367  
0.0329091  2.47815  2.66719  0.42576  5.26555  6.31866  3.56905  8.42487  9.47799  10.5311  11.5842  12.6373  6.62823  14.7435  15.7966  16.8497  17.9029  9.17756  20.0091  21.0622  22.1153  23.1684  24.2215  12.2367  
0.0356061  3.32035  1.78908  0.345145  5.26555  6.31866  3.56905  8.42487  9.47799  10.5311  11.5842  12.6373  6.62823  14.7435  15.7966  16.8497  17.9029  9.17756  20.0091  21.0622  22.1153  23.1684  24.2215  12.2367  
0.0235428  1.49066  4.0217  0.128008  5.26555  6.31866  3.56905  8.42487  9.47799  10.5311  11.5842  12.6373  6.62823  14.7435  15.7966  16.8497  17.9029  9.17756  20.0091  21.0622  22.1153  23.1684  24.2215  12.2367  
0.0605737  3.65632  1.421  0.332058  5.26555  6.31866  3.56905  8.42487  9.47799  10.5311  11.5842  12.6373  6.62823  14.7435  15.7966  16.8497  17.9029  9.17756  20.0091  21.0622  22.1153  23.1684  24.2215  12.2367  
0.0290853  1.87337  2.88245  0.197896  5.25228  6.303  3.57905  8.40378  9.45416  10.5046  11.555  12.6054  6.64714  14.7062  15.7569  16.8073  17.8566  9.20321  19.9586  21.0098  22.0593  23.1102  24.1601  12.2718  
0.0461559  2.88472  1.78327  0.336333  5.26555  6.31866  3.56905  8.42487  9.47799  10.5311  11.5842  12.6373  6.62823  14.7435  15.7966  16.8497  17.9029  9.17756  20.0091  21.0622  22.1153  23.1684  24.2215  12.2367  
0.0293918  1.002  5.26975  0.367974  5.26555  6.31866  3.56905  8.42487  9.47799  10.5311  11.5842  12.6373  6.62823  14.7435  15.7966  16.8497  17.9029  9.17756  20.0091  21.0622  22.1153  23.1684  24.2215  12.2367  
0.0734157  3.98197  1.00788  0.353736  5.26555  6.31866  3.56905  8.42487  9.47799  10.5311  11.5842  12.6373  6.62823  14.7435  15.7966  16.8497  17.9029  9.17756  20.0091  21.0622  22.1153  23.1684  24.2215  12.2367  
0.0385771  2.46646  1.77249  0.229339  5.26555  6.31866  3.56905  8.42487  9.47799  10.5311  11.5842  12.6373  6.62823  14.7435  15.7966  16.8497  17.9029  9.17756  20.0091  21.0622  22.1153  23.1684  24.2215  12.2367  
0.0283782  3.37094  1.15931  0.278861  5.26555  6.31866  3.56905  8.42487  9.47799  10.5311  11.5842  12.6373  6.62823  14.7435  15.7966  16.8497  17.9029  9.17756  20.0091  21.0622  22.1153  23.1684  24.2215  12.2367  
0.0210892  1.28743  2.85208  2.77556e-16  5.25228  6.303  3.57905  8.40378  9.45416  10.5046  11.555  12.6054  6.64714  14.7062  15.7569  16.8073  17.8566  9.20321  19.9586  21.0098  22.0593  23.1102  24.1601  12.2718  
0.0354333  3.69985  0.907725  0.355248  5.26555  6.31866  3.56905  8.42487  9.47799  10.5311  11.5842  12.6373  6.62823  14.7435  15.7966  16.8497  17.9029  9.17756  20.0091  21.0622  22.1153  23.1684  24.2215  12.2367  
0.00414902  1.79618  1.79302  0.0434736  5.26555  6.31866  3.56905  8.42487  9.47799  10.5311  11.5842  12.6373  6.62823  14.7435  15.7966  16.8497  17.9029  9.17756  20.0091  21.0622  22.1153  23.1684  24.2215  12.2367  
0.0420655  2.94038  1.07931  0.328731  5.26555  6.31866  3.56905  8.42487  9.47799  10.5311  11.5842  12.6373  6.62823  14.7435  15.7966  16.8497  17.9029  9.17756  20.0091  21.0622  22.1153  23.1684  24.2215  12.2367  
0.00656391  0.688518  3.95762  0.0448239  5.26555  6.31866  3.56905  8.42487  9.47799  10.5311  11.5842  12.6373  6.62823  14.7435  15.7966  16.8497  17.9029  9.17756  20.0091  21.0622  22.1153  23.1684  24.2215  12.2367  
0.0204594  3.82415  0.647067  0.362207  5.26555  6.31866  3.56905  8.42487  9.47799  10.5311  11.5842  12.6373  6.62823  14.7435  15.7966  16.8497  17.9029  9.17756  20.0091  21.0622  22.1153  23.1684  24.2215  12.2367  
0.00406936  2.04968  1.11685  4.44089e-16  5.22954  6.27624  3.59568  8.36719  9.41349  10.4594  11.5064  12.5527  6.67955  14.6433  15.6895  16.7353  17.7813  9.24786  19.8721  20.9184  21.9648  23.0113  24.0567  12.3295  
0.0445827  3.15762  0.717003  0.345275  5.26555  6.31866  3.56905  8.42487  9.47799  10.5311  11.5842  12.6373  6.62823  14.7435  15.7966  16.8497  17.9029  9.17756  20.0091  21.0622  22.1153  23.1684  24.2215  12.2367  
0.00570273  0.773468  2.24419  0.17185  5.26555  6.31866  3.56905  8.42487  9.47799  10.5311  11.5842  12.6373  6.62823  14.7435  15.7966  16.8497  17.9029  9.17756  20.0091  21.0622  22.1153  23.1684  24.2215  12.2367  
0.0476979  3.54358  0.506737  0.35469  5.26555  6.31866  3.56905  8.42487  9.47799  10.5311  11.5842  12.6373  6.62823  14.7435  15.7966  16.8497  17.9029  9.17756  20.0091  21.0622  22.1153  23.1684  24.2215  12.2367  
0.040968  1.37464  1.00689  3.42751e-07  5.26555  6.31866  3.56905  8.42487  9.47799  10.5311  11.5842  12.6373  6.62823  14.7435  15.7966  16.8497  17.9029  9.17756  20.0091  21.0622  22.1153  23.1684  24.2215  12.2367  
0.0586752  2.65799  0.47645  0.0836397  5.26555  6.31866  3.56905  8.42487  9.47799  10.5311  11.5842  12.6373  6.62823  14.7435  15.7966  16.8497  17.9029  9.17756  20.0091  21.0622  22.1153  23.1684  24.2215  12.2367  
0.00222329  0.22339  4.44889  0.280912  5.26555  6.31866  3.56905  8.42487  9.47799  10.5311  11.5842  12.6373  6.62823  14.7435  15.7966  16.8497  17.9029  9.17756  20.0091  21.0622  22.1153  23.1684  24.2215  12.2367  
0.0569685  3.99733  0.0461572  0.234477  5.26555  6.31866  3.56905  8.42487  9.47799  10.5311  11.5842  12.6373  6.62823  14.7435  15.7966  16.8497  17.9029  9.17756  20.0091  21.0622  22.1153  23.1684  24.2215  12.2367  
0.0389258  2.41897  0.324381  0.31852  5.26555  6.31866  3.56905  8.42487  9.47799  10.5311  11.5842  12.6373  6.62823  14.7435  15.7966  16.8497  17.9029  9.17756  20.0091  21.0622  22.1153  23.1684  24.2215  12.2367  
0.035925  3.39792  0.135288  0.108466  5.17847  6.21418  3.63456  8.28523  9.3214  10.3571  11.3923  12.4286  6.75056  14.5006  15.5349  16.5717  17.6059  9.3463  19.6783  20.7132  21.7504  22.7848  23.8192  12.4616  
0.00179567  1.05686  0.0941517  0.271335  5.17847  6.21418  3.63456  8.28523  9.3214  10.3571  11.3923  12.4286  6.75056  14.5006  15.5349  16.5717  17.6059  9.3463  19.6783  20.7132  21.7504  22.7848  23.8191  12.4616  
