7.93436e-14  2.55335e-14  0.5  0.5  0.5  0.5  0.5  0.5  0.5  0.5  0.5  0.5  0.5  0.5  0.5  0.5  0.5  0.5  0.5  0.5  0.5  0.5  0.5  0.5  0.5  0.5  0.5  0.5  0.499999  0.5  
0.0352485  0.0353221  0.508989  0.510622  0.512751  0.513111  0.514395  0.514793  0.516462  0.516882  0.516937  0.517902  0.517667  0.517242  0.517249  0.516898  0.516361  0.515353  0.514142  0.512835  0.511357  0.510224  0.508616  0.506931  0.505246  0.503527  0.501665  0.499726  0.497921  0.496207  
0.0259561  0.0782438  0.517923  0.521589  0.524783  0.527818  0.53064  0.532902  0.534888  0.536616  0.537979  0.538848  0.53913  0.539321  0.538437  0.537706  0.536419  0.534642  0.532707  0.530241  0.527343  0.524418  0.521199  0.517911  0.513798  0.509859  0.505876  0.501768  0.497755  0.493976  
0.0990063  0.0333085  0.513171  0.514399  0.514968  0.515593  0.516255  0.515784  0.516698  0.516551  0.516254  0.515871  0.515245  0.514436  0.514126  0.512528  0.511101  0.509893  0.508411  0.506848  0.505104  0.503602  0.501878  0.49991  0.498188  0.496758  0.49501  0.493153  0.491646  0.490289  
0.0193331  0.137082  0.52904  0.535242  0.541199  0.5467  0.551753  0.556068  0.559981  0.563096  0.565502  0.567273  0.568273  0.568606  0.568184  0.566796  0.564837  0.56215  0.558818  0.554832  0.550171  0.54504  0.539183  0.533014  0.52688  0.520222  0.513166  0.506002  0.499029  0.491741  
0.112635  0.0684649  0.529097  0.530892  0.532162  0.533301  0.533909  0.534171  0.533587  0.533647  0.532548  0.531302  0.529999  0.529276  0.525762  0.523658  0.521049  0.518194  0.514633  0.511419  0.508029  0.504427  0.501317  0.497451  0.493726  0.490304  0.486952  0.48353  0.480642  0.477728  
0.0755049  0.12733  0.545112  0.549568  0.553644  0.556891  0.559533  0.562324  0.562702  0.563586  0.56301  0.56265  0.561432  0.559711  0.557982  0.553245  0.549378  0.544513  0.539878  0.534504  0.528752  0.522579  0.516356  0.510094  0.503158  0.496644  0.489762  0.483373  0.476842  0.470785  
0.194148  3.83204e-14  0.5  0.5  0.5  0.5  0.5  0.5  0.5  0.5  0.5  0.5  0.5  0.5  0.5  0.5  0.5  0.5  0.5  0.5  0.5  0.5  0.5  0.5  0.5  0.5  0.5  0.5  0.499999  0.5  
0.0146959  0.225426  0.544593  0.555205  0.565258  0.574295  0.58281  0.590344  0.596964  0.602359  0.606725  0.610059  0.61191  0.612909  0.612225  0.610512  0.60759  0.603389  0.598286  0.591927  0.584691  0.576424  0.567464  0.557658  0.547171  0.536138  0.524702  0.513176  0.501378  0.489546  
0.148087  0.117983  0.555862  0.55753  0.558558  0.558987  0.558748  0.557858  0.55632  0.554147  0.551326  0.548074  0.544329  0.539767  0.535258  0.530139  0.52474  0.518901  0.512988  0.506924  0.500673  0.494469  0.488462  0.482459  0.476726  0.471132  0.465841  0.460912  0.456672  0.452663  
0.0871236  0.195967  0.574432  0.580532  0.58606  0.590608  0.59408  0.59628  0.597682  0.597951  0.59717  0.595323  0.592371  0.588559  0.583719  0.577898  0.57124  0.563895  0.55573  0.547031  0.537811  0.528149  0.518104  0.507669  0.497712  0.487396  0.477452  0.467575  0.458088  0.449117  
0.243992  0.00127756  0.500548  0.500517  0.500914  0.500603  0.500481  0.5  0.500282  0.500297  0.500001  0.500222  0.500158  0.5  0.5  0.499994  0.5  0.5  0.499823  0.500005  0.499993  0.4996  0.500004  0.5  0.499463  0.5  0.499386  0.499475  0.499999  0.499376  
0.0579306  0.258864  0.581157  0.591305  0.600383  0.60844  0.615216  0.62073  0.624941  0.627989  0.629221  0.629268  0.627877  0.6251  0.621075  0.615524  0.608772  0.600798  0.591754  0.581558  0.570837  0.559058  0.546777  0.533885  0.520552  0.507041  0.493431  0.4801  0.46677  0.453914  
0.235432  3.7795e-14  0.5  0.5  0.5  0.5  0.5  0.5  0.5  0.5  0.5  0.5  0.5  0.5  0.5  0.5  0.5  0.5  0.5  0.5  0.5  0.5  0.5  0.5  0.5  0.5  0.5  0.5  0.499999  0.5  
0.154497  0.206522  0.599062  0.601577  0.602993  0.603195  0.602372  0.600345  0.597284  0.593024  0.587974  0.581866  0.574765  0.566982  0.558366  0.549195  0.539392  0.525848  0.518564  0.507945  0.497094  0.486361  0.474701  0.465391  0.455383  0.445977  0.436968  0.428826  0.421332  0.414878  
0.34057  0.000220573  0.500001  0.500062  0.5  0.5  0.500018  0.499999  0.5  0.499994  0.5  0.5  0.499961  0.5  0.5  0.499932  0.5  0.499885  0.499909  0.499996  0.5  0.499894  0.5  0.499884  0.499891  0.499817  0.5  0.499897  0.500005  0.499999  
0.0109896  0.365061  0.56788  0.585489  0.601836  0.617284  0.631218  0.643459  0.65471  0.663958  0.671619  0.677022  0.680756  0.682309  0.681984  0.679946  0.675472  0.669266  0.661205  0.651539  0.640138  0.626848  0.612666  0.596811  0.580143  0.562599  0.544211  0.525497  0.50663  0.487511  
0.216616  0.202265  0.600507  0.598901  0.596183  0.592411  0.587732  0.581915  0.575173  0.567809  0.559069  0.550776  0.541199  0.53123  0.521308  0.510559  0.499913  0.489562  0.479023  0.468764  0.459026  0.44967  0.440499  0.432241  0.425038  0.418319  0.412404  0.407595  0.403596  0.401025  
0.115282  0.310089  0.63376  0.640999  0.647108  0.651398  0.654171  0.655112  0.654406  0.651966  0.647871  0.642175  0.635031  0.626226  0.616356  0.604692  0.592199  0.5787  0.5642  0.54918  0.533538  0.517486  0.501388  0.485065  0.469165  0.453381  0.438026  0.423615  0.410046  0.3972  
0.345759  0.000308578  0.5  0.500064  0.5  0.5  0.500017  0.499999  0.5  0.49999  0.5  0.499998  0.49994  0.4999  0.5  0.4999  0.499961  0.499864  0.499867  0.499855  0.499929  0.49985  0.5  0.49985  0.499845  0.5  0.499966  0.499858  0.499997  0.499998  
0.0661744  0.381306  0.627281  0.641286  0.653921  0.664816  0.673931  0.68116  0.68636  0.689565  0.690671  0.689673  0.686635  0.681507  0.674542  0.66525  0.654658  0.641951  0.628012  0.61246  0.59585  0.578105  0.55951  0.540273  0.520493  0.500568  0.480747  0.460995  0.441669  0.42295  
0.322617  1.6694e-14  0.5  0.5  0.5  0.5  0.5  0.5  0.5  0.5  0.5  0.5  0.5  0.5  0.5  0.5  0.5  0.5  0.5  0.5  0.5  0.5  0.5  0.5  0.5  0.5  0.5  0.5  0.499999  0.5  
0.195817  0.307509  0.653673  0.653267  0.651085  0.647856  0.642075  0.634984  0.626838  0.617252  0.605876  0.593607  0.58036  0.566207  0.551  0.535892  0.520223  0.504377  0.487992  0.471804  0.456398  0.441151  0.426651  0.41285  0.400225  0.388606  0.379287  0.368807  0.361027  0.354661  
0.442963  6.41043e-14  0.5  0.5  0.5  0.5  0.5  0.5  0.5  0.5  0.5  0.5  0.5  0.5  0.5  0.5  0.5  0.5  0.5  0.5  0.5  0.5  0.5  0.5  0.5  0.500001  0.5  0.5  0.499999  0.5  
0.0431523  0.455932  0.625956  0.645157  0.662706  0.678517  0.692264  0.704032  0.713718  0.720756  0.725476  0.727682  0.72749  0.724741  0.719648  0.712134  0.702089  0.690018  0.675825  0.659512  0.641897  0.62238  0.601705  0.579636  0.556887  0.533567  0.509802  0.485857  0.462101  0.438616  
0.341108  2.19681e-14  0.5  0.5  0.5  0.5  0.5  0.5  0.5  0.5  0.5  0.5  0.5  0.5  0.5  0.5  0.5  0.5  0.5  0.5  0.5  0.5  0.5  0.5  0.5  0.5  0.5  0.5  0.499999  0.5  
0.182842  0.381399  0.689595  0.690936  0.689815  0.686614  0.681597  0.674496  0.665506  0.654636  0.642115  0.628009  0.612698  0.595901  0.578109  0.55948  0.540206  0.520664  0.500588  0.480592  0.460757  0.441621  0.42304  0.40518  0.388433  0.372954  0.358713  0.345989  0.335114  0.326056  
0.470947  5.87249e-05  0.5  0.499993  0.5  0.5  0.499985  0.5  0.5  0.499978  0.5  0.5  0.499973  0.5  0.5  0.499971  0.5  0.5  0.499972  0.5  0.5  0.499975  0.5  0.5  0.499981  0.5  0.5  0.499989  0.499999  0.5  
0.097378  0.458691  0.686728  0.694991  0.707923  0.708464  0.722085  0.728105  0.721441  0.729399  0.728434  0.720114  0.716324  0.697991  0.684823  0.675438  0.662521  0.637104  0.618295  0.59931  0.583443  0.558703  0.530713  0.501888  0.479063  0.45653  0.432264  0.417522  0.395241  0.371005  
0.444305  1.02835e-14  0.5  0.5  0.5  0.5  0.5  0.5  0.5  0.5  0.5  0.5  0.5  0.5  0.5  0.5  0.5  0.5  0.5  0.5  0.5  0.5  0.5  0.5  0.5  0.500001  0.5  0.5  0.499999  0.5  
0.283495  0.363931  0.657571  0.64711  0.634966  0.621646  0.60694  0.590475  0.573511  0.555816  0.537662  0.518829  0.49975  0.480719  0.461856  0.443598  0.425771  0.408924  0.393004  0.378159  0.364655  0.352704  0.342352  0.333692  0.32686  0.322027  0.319029  0.318053  0.318996  0.321962  
0.562099  3.79729e-14  0.5  0.5  0.5  0.5  0.5  0.5  0.5  0.5  0.5  0.5  0.5  0.5  0.5  0.5  0.5  0.5  0.5  0.5  0.5  0.5  0.5  0.5  0.5  0.500001  0.5  0.5  0.499999  0.5  
0.00774452  0.578311  0.602985  0.629911  0.656774  0.680758  0.702908  0.724097  0.741717  0.756917  0.769565  0.778742  0.785312  0.788726  0.788855  0.785473  0.779609  0.770665  0.758499  0.743094  0.725687  0.704808  0.683347  0.659325  0.632758  0.604786  0.576797  0.546561  0.516523  0.485929  
0.335792  0.368576  0.621204  0.605964  0.589628  0.572323  0.554238  0.535492  0.516498  0.497134  0.477897  0.459031  0.440361  0.422366  0.4055  0.389395  0.37464  0.361144  0.349189  0.338906  0.330512  0.323891  0.319267  0.316312  0.315694  0.317009  0.320136  0.325836  0.332858  0.341949  
0.0737368  0.508518  0.679524  0.696939  0.712893  0.724899  0.736943  0.744564  0.75001  0.753256  0.753818  0.752743  0.746266  0.737893  0.726663  0.714801  0.700522  0.681748  0.661998  0.639945  0.619908  0.593775  0.567297  0.550992  0.515667  0.487357  0.491436  0.439243  0.410322  0.385046  
0.532903  2.28556e-14  0.5  0.5  0.5  0.5  0.5  0.5  0.5  0.5  0.5  0.5  0.5  0.5  0.5  0.5  0.5  0.5  0.5  0.5  0.5  0.5  0.5  0.5  0.5  0.5  0.5  0.5  0.499999  0.5  
0.0444828  0.579974  0.660898  0.684952  0.708352  0.730381  0.745796  0.760709  0.774775  0.781806  0.786437  0.786904  0.789568  0.785674  0.781115  0.769123  0.75683  0.738434  0.722811  0.701427  0.681692  0.653114  0.627728  0.599077  0.570898  0.53983  0.483321  0.480376  0.449881  0.408039  
0.498332  1.05741e-14  0.5  0.5  0.5  0.5  0.5  0.5  0.5  0.5  0.5  0.5  0.5  0.5  0.5  0.5  0.5  0.5  0.5  0.5  0.5  0.5  0.5  0.5  0.5  0.5  0.5  0.5  0.499999  0.5  
0.0747184  0.493344  0.673656  0.690104  0.702778  0.719631  0.728897  0.736236  0.743676  0.746247  0.748763  0.745258  0.738182  0.729289  0.720808  0.708626  0.691543  0.680962  0.656939  0.636475  0.554205  0.590766  0.565564  0.542049  0.515955  0.486467  0.480594  0.439622  0.413351  0.37307  
0.621953  2.17641e-14  0.5  0.5  0.5  0.5  0.5  0.5  0.5  0.5  0.5  0.5  0.5  0.5  0.5  0.5  0.5  0.5  0.5  0.5  0.5  0.5  0.5  0.5  0.5  0.5  0.5  0.5  0.499999  0.5  
0.0454601  0.641927  0.679752  0.708028  0.732244  0.754343  0.773469  0.789398  0.802585  0.812007  0.818169  0.821134  0.819988  0.815872  0.809719  0.796524  0.78264  0.765327  0.744516  0.721611  0.697193  0.668627  0.638844  0.604859  0.575469  0.542878  0.50952  0.476072  0.442444  0.409981  
0.509151  1.6573e-14  0.5  0.5  0.5  0.5  0.5  0.5  0.5  0.5  0.5  0.5  0.5  0.5  0.5  0.5  0.5  0.5  0.5  0.5  0.5  0.5  0.5  0.5  0.5  0.500001  0.5  0.5  0.499999  0.5  
0.0444505  0.567285  0.652662  0.681981  0.703099  0.72454  0.740852  0.755952  0.765377  0.773821  0.780739  0.783309  0.781481  0.779433  0.774407  0.763256  0.749938  0.73627  0.718421  0.697398  0.680961  0.650988  0.624296  0.603158  0.569087  0.539378  0.510921  0.480376  0.449885  0.373669  
0.640306  2.34828e-14  0.5  0.5  0.5  0.5  0.5  0.5  0.5  0.5  0.5  0.5  0.5  0.5  0.5  0.5  0.5  0.5  0.5  0.5  0.5  0.5  0.5  0.5  0.5  0.500001  0.5  0.5  0.499999  0.5  
0.0457612  0.638957  0.679544  0.706965  0.731322  0.748209  0.771263  0.788175  0.80224  0.810562  0.817361  0.818795  0.818995  0.814133  0.809121  0.795613  0.78107  0.757825  0.743886  0.720475  0.691706  0.668196  0.637609  0.605882  0.574067  0.542875  0.508207  0.474828  0.442012  0.407647  
0.612097  3.65706e-14  0.5  0.5  0.5  0.5  0.5  0.5  0.5  0.5  0.5  0.5  0.5  0.5  0.5  0.5  0.5  0.5  0.5  0.5  0.5  0.5  0.5  0.5  0.5  0.5  0.5  0.5  0.499999  0.5  
0.0408605  0.545089  0.645492  0.66892  0.692274  0.711527  0.726871  0.740297  0.754362  0.76422  0.768711  0.771076  0.772276  0.769327  0.764176  0.755642  0.744219  0.730011  0.713863  0.695568  0.672165  0.650242  0.625135  0.600425  0.573716  0.543321  0.504604  0.48731  0.460424  0.418407  
0.714476  2.23362e-14  0.5  0.5  0.5  0.5  0.5  0.5  0.5  0.5  0.5  0.5  0.5  0.5  0.5  0.5  0.5  0.5  0.5  0.5  0.5  0.5  0.5  0.5  0.5  0.5  0.5  0.5  0.499999  0.5  
0.0216578  0.72281  0.657349  0.690518  0.720951  0.750301  0.776417  0.799117  0.818738  0.834588  0.847296  0.856369  0.860506  0.860918  0.857905  0.850982  0.840774  0.825277  0.807258  0.786224  0.760751  0.733267  0.703054  0.670826  0.636703  0.600777  0.563844  0.526709  0.488653  0.450196  
0.576834  2.16382e-13  0.5  0.5  0.5  0.5  0.5  0.5  0.5  0.5  0.5  0.5  0.5  0.5  0.5  0.5  0.5  0.5  0.5  0.5  0.5  0.5  0.5  0.5  0.5  0.5  0.5  0.5  0.499999  0.5  
0.0457777  0.661087  0.687896  0.714756  0.740229  0.762375  0.781932  0.797899  0.815615  0.821004  0.827603  0.83016  0.82965  0.825083  0.815873  0.806326  0.791219  0.78977  0.751912  0.72791  0.69735  0.67325  0.6419  0.609919  0.577304  0.54363  0.508599  0.474801  0.440333  0.391779  
0.703656  2.23754e-14  0.5  0.5  0.5  0.5  0.5  0.5  0.5  0.5  0.5  0.5  0.5  0.5  0.5  0.5  0.5  0.5  0.5  0.5  0.5  0.5  0.5  0.5  0.5  0.5  0.5  0.5  0.499999  0.5  
0.0371392  0.721862  0.689609  0.7191  0.747602  0.772541  0.7963  0.816755  0.835548  0.846218  0.85495  0.860426  0.860508  0.858068  0.860989  0.84034  0.825732  0.807349  0.787677  0.762534  0.734805  0.705014  0.67288  0.641881  0.603136  0.566812  0.528504  0.492975  0.454099  0.41497  
0.676923  2.06274e-14  0.5  0.5  0.5  0.5  0.5  0.5  0.5  0.5  0.5  0.5  0.5  0.5  0.5  0.5  0.5  0.5  0.5  0.5  0.5  0.5  0.5  0.5  0.5  0.5  0.5  0.5  0.499999  0.5  
0.0457817  0.644782  0.694188  0.708934  0.73343  0.754352  0.774998  0.790501  0.803659  0.813656  0.819897  0.822765  0.821317  0.817299  0.809722  0.798255  0.783556  0.75518  0.74577  0.721787  0.697335  0.668794  0.639511  0.608272  0.575469  0.543101  0.50952  0.476077  0.442444  0.409969  
0.769968  2.07096e-14  0.5  0.5  0.5  0.5  0.5  0.5  0.5  0.5  0.5  0.5  0.5  0.5  0.5  0.5  0.5  0.5  0.5  0.5  0.5  0.5  0.5  0.5  0.5  0.5  0.5  0.5  0.499999  0.5  
0.020921  0.770152  0.665521  0.700757  0.73414  0.76455  0.792529  0.817323  0.838442  0.855531  0.869674  0.878875  0.883711  0.884937  0.882299  0.87469  0.863209  0.846974  0.828971  0.804836  0.779415  0.750728  0.718098  0.684014  0.64804  0.608959  0.56945  0.530735  0.490634  0.450411  
0.688463  3.79052e-14  0.5  0.5  0.5  0.5  0.5  0.5  0.5  0.5  0.5  0.5  0.5  0.5  0.5  0.5  0.5  0.5  0.5  0.5  0.5  0.5  0.5  0.5  0.5  0.500001  0.5  0.5  0.499999  0.5  
0.0370546  0.710624  0.688056  0.714893  0.743198  0.770535  0.792068  0.811899  0.824886  0.841012  0.848529  0.855601  0.855192  0.852754  0.868569  0.835956  0.821738  0.802232  0.781977  0.759182  0.719782  0.702084  0.670076  0.642014  0.601552  0.565916  0.52847  0.49189  0.453885  0.415738  
0.784935  2.17641e-14  0.5  0.5  0.5  0.5  0.5  0.5  0.5  0.5  0.5  0.5  0.5  0.5  0.5  0.5  0.5  0.5  0.5  0.5  0.5  0.5  0.5  0.5  0.5  0.5  0.5  0.5  0.499999  0.5  
0.0209397  0.768777  0.664139  0.700876  0.733713  0.76455  0.792529  0.817131  0.837009  0.855253  0.868857  0.879281  0.883719  0.88443  0.882309  0.873642  0.862133  0.846171  0.827044  0.804837  0.778998  0.749927  0.718103  0.684013  0.64622  0.60894  0.569868  0.529249  0.490463  0.450304  
0.767824  2.255e-14  0.5  0.5  0.5  0.5  0.5  0.5  0.5  0.5  0.5  0.5  0.5  0.5  0.5  0.5  0.5  0.5  0.5  0.5  0.5  0.5  0.5  0.5  0.5  0.5  0.5  0.5  0.499999  0.5  
0.0365979  0.692911  0.679789  0.708846  0.736708  0.761215  0.784429  0.803227  0.824024  0.831559  0.839504  0.843642  0.84681  0.843665  0.836683  0.827535  0.813739  0.796626  0.776522  0.752862  0.734366  0.698513  0.666999  0.634756  0.600999  0.564543  0.528278  0.493187  0.457362  0.419721  
0.835677  2.55909e-14  0.5  0.5  0.5  0.5  0.5  0.5  0.5  0.5  0.5  0.5  0.5  0.5  0.5  0.5  0.5  0.5  0.5  0.5  0.5  0.5  0.5  0.5  0.5  0.5  0.5  0.5  0.499999  0.5  
4.68375e-17  0.842908  0.630336  0.671414  0.710727  0.746914  0.781982  0.813215  0.841053  0.866512  0.885025  0.900854  0.912269  0.918885  0.922293  0.919385  0.912082  0.900397  0.885042  0.864937  0.840977  0.813557  0.782415  0.742213  0.710819  0.671396  0.623749  0.587619  0.544096  0.499855  
0.718576  2.53206e-14  0.5  0.5  0.5  0.5  0.5  0.5  0.5  0.5  0.5  0.5  0.5  0.5  0.5  0.5  0.5  0.5  0.5  0.5  0.5  0.5  0.5  0.5  0.5  0.500001  0.5  0.5  0.499999  0.5  
0.023702  0.807977  0.679926  0.717039  0.75172  0.783677  0.811785  0.836935  0.857786  0.876012  0.889615  0.89802  0.902929  0.903589  0.899503  0.891605  0.878403  0.86144  0.841264  0.816117  0.78796  0.75727  0.722821  0.686186  0.648207  0.607742  0.565681  0.524498  0.48193  0.440237  
0.818815  2.52985e-14  0.5  0.5  0.5  0.5  0.5  0.5  0.5  0.5  0.5  0.5  0.5  0.5  0.5  0.5  0.5  0.5  0.5  0.5  0.5  0.5  0.5  0.5  0.5  0.500001  0.5  0.5  0.499999  0.5  
0.0237645  0.846891  0.688927  0.727906  0.764007  0.79698  0.827266  0.853307  0.875856  0.893931  0.908121  0.917076  0.922568  0.923096  0.910067  0.909943  0.896579  0.884364  0.856586  0.831161  0.801993  0.76887  0.733421  0.694894  0.654814  0.612891  0.569617  0.525387  0.481033  0.436987  
0.801597  3.54818e-14  0.5  0.5  0.5  0.5  0.5  0.5  0.5  0.5  0.5  0.5  0.5  0.5  0.5  0.5  0.5  0.5  0.5  0.5  0.5  0.5  0.5  0.5  0.5  0.500001  0.5  0.5  0.499999  0.5  
0.0237006  0.804966  0.678871  0.715754  0.750654  0.780409  0.810682  0.835742  0.857564  0.874474  0.887963  0.895322  0.902073  0.902112  0.897085  0.889457  0.876909  0.86954  0.839129  0.814909  0.787197  0.755979  0.722154  0.685992  0.647145  0.607143  0.565658  0.524469  0.481935  0.436564  
0.867264  3.72459e-14  0.5  0.5  0.5  0.5  0.5  0.5  0.5  0.5  0.5  0.5  0.5  0.5  0.5  0.5  0.5  0.5  0.5  0.5  0.5  0.5  0.5  0.5  0.5  0.500001  0.5  0.5  0.499999  0.5  
0.0239557  0.879233  0.698028  0.73684  0.774415  0.776514  0.840012  0.867429  0.89065  0.909763  0.924015  0.933783  0.939412  0.939104  0.934095  0.925564  0.911389  0.892344  0.870159  0.843506  0.816258  0.779058  0.742106  0.703482  0.660075  0.61638  0.572176  0.526238  0.479801  0.436797  
0.815151  2.02862e-14  0.5  0.5  0.5  0.5  0.5  0.5  0.5  0.5  0.5  0.5  0.5  0.5  0.5  0.5  0.5  0.5  0.5  0.5  0.5  0.5  0.5  0.5  0.5  0.5  0.5  0.5  0.499999  0.5  
0.0238585  0.850623  0.690452  0.72889  0.765382  0.798628  0.828614  0.855008  0.877532  0.896116  0.910093  0.919633  0.924914  0.924848  0.920701  0.911664  0.898215  0.880457  0.858357  0.832669  0.802747  0.77029  0.73422  0.695242  0.655434  0.613218  0.569911  0.525391  0.480895  0.436989  
0.881335  2.25717e-14  0.5  0.5  0.5  0.5  0.5  0.5  0.5  0.5  0.5  0.5  0.5  0.5  0.5  0.5  0.5  0.5  0.5  0.5  0.5  0.5  0.5  0.5  0.5  0.5  0.5  0.5  0.499999  0.5  
0.0240737  0.884913  0.698691  0.7387  0.776203  0.810975  0.842105  0.86977  0.894071  0.912218  0.926946  0.936902  0.941531  0.941935  0.938408  0.927496  0.913987  0.895551  0.872551  0.845585  0.816264  0.779867  0.743376  0.70607  0.661021  0.617304  0.572244  0.526459  0.479803  0.436798  
0.873855  2.13728e-14  0.5  0.5  0.5  0.5  0.5  0.5  0.5  0.5  0.5  0.5  0.5  0.5  0.5  0.5  0.5  0.5  0.5  0.5  0.5  0.5  0.5  0.5  0.5  0.5  0.5  0.5  0.499999  0.5  
0.0238587  0.850968  0.690471  0.728891  0.765384  0.798675  0.828644  0.855107  0.878719  0.896184  0.910224  0.919638  0.924927  0.92499  0.920797  0.911746  0.898356  0.886913  0.858401  0.832664  0.80315  0.770291  0.73422  0.695899  0.655434  0.613226  0.569899  0.525391  0.480895  0.436998  
0.916246  1.07403e-14  0.5  0.5  0.5  0.5  0.5  0.5  0.5  0.5  0.5  0.5  0.5  0.5  0.5  0.5  0.5  0.5  0.5  0.5  0.5  0.5  0.5  0.5  0.5  0.5  0.5  0.5  0.499999  0.5  
0.0242994  0.922195  0.707153  0.749448  0.78858  0.823084  0.856561  0.885356  0.910407  0.929839  0.94494  0.954945  0.961112  0.960586  0.95634  0.945744  0.931359  0.911839  0.887254  0.859603  0.8278  0.79208  0.752944  0.712062  0.667341  0.621506  0.573444  0.526484  0.478242  0.43047  
0.870592  2.13531e-14  0.5  0.5  0.5  0.5  0.5  0.5  0.5  0.5  0.5  0.5  0.5  0.5  0.5  0.5  0.5  0.5  0.5  0.5  0.5  0.5  0.5  0.5  0.5  0.5  0.5  0.5  0.499999  0.5  
0.0240802  0.907255  0.703933  0.744638  0.783468  0.822451  0.850678  0.879241  0.902671  0.923033  0.937456  0.948399  0.953477  0.953061  0.947647  0.939323  0.924361  0.905372  0.882406  0.854185  0.823164  0.786925  0.749302  0.707045  0.664529  0.619897  0.573343  0.526414  0.478876  0.430389  
0.92162  6.80819e-14  0.5  0.5  0.5  0.5  0.5  0.5  0.5  0.5  0.5  0.5  0.5  0.5  0.5  0.5  0.5  0.5  0.5  0.5  0.5  0.5  0.5  0.5  0.5  0.500001  0.5  0.5  0.499999  0.5  
0.0243138  0.930906  0.709829  0.750949  0.791167  0.826723  0.860792  0.889487  0.912143  0.933506  0.949107  0.959832  0.965292  0.964959  0.959608  0.949786  0.935459  0.916672  0.89182  0.862986  0.830425  0.795008  0.755047  0.713126  0.669163  0.622654  0.573445  0.526486  0.478244  0.434942  
0.919281  2.30969e-14  0.5  0.5  0.5  0.5  0.5  0.5  0.5  0.5  0.5  0.5  0.5  0.5  0.5  0.5  0.5  0.5  0.5  0.5  0.5  0.5  0.5  0.5  0.5  0.5  0.5  0.5  0.499999  0.5  
0.0243023  0.915404  0.704914  0.747703  0.786602  0.820267  0.854389  0.882545  0.906736  0.925962  0.941905  0.952221  0.956223  0.957172  0.95238  0.942536  0.928257  0.909314  0.884746  0.856755  0.825139  0.789992  0.75115  0.710305  0.666346  0.620524  0.57345  0.526481  0.478241  0.430281  
0.949879  2.28556e-14  0.5  0.5  0.5  0.5  0.5  0.5  0.5  0.5  0.5  0.5  0.5  0.5  0.5  0.5  0.5  0.5  0.5  0.5  0.5  0.5  0.5  0.5  0.5  0.5  0.5  0.5  0.499999  0.5  
0.024796  0.953321  0.714955  0.758503  0.799352  0.836842  0.869725  0.899683  0.923195  0.944936  0.960232  0.970483  0.975729  0.976266  0.971419  0.961118  0.944977  0.92659  0.900686  0.870895  0.837692  0.800062  0.760003  0.717866  0.67121  0.624157  0.573812  0.52483  0.475949  0.432397  
0.936715  2.24876e-14  0.5  0.5  0.5  0.5  0.5  0.5  0.5  0.5  0.5  0.5  0.5  0.5  0.5  0.5  0.5  0.5  0.5  0.5  0.5  0.5  0.5  0.5  0.5  0.5  0.5  0.5  0.499999  0.5  
0.0247723  0.947027  0.713456  0.755683  0.79747  0.83217  0.867926  0.896868  0.922069  0.941553  0.957319  0.970479  0.973395  0.972918  0.967828  0.957749  0.942423  0.92219  0.897162  0.868429  0.835139  0.798446  0.758456  0.71495  0.670404  0.622936  0.573454  0.526528  0.475894  0.436974  
0.963941  2.16128e-14  0.5  0.5  0.5  0.5  0.5  0.5  0.5  0.5  0.5  0.5  0.5  0.5  0.5  0.5  0.5  0.5  0.5  0.5  0.5  0.5  0.5  0.5  0.5  0.5  0.5  0.5  0.499999  0.5  
0.0248937  0.965016  0.718217  0.762764  0.803043  0.839258  0.87485  0.904251  0.929803  0.950191  0.965546  0.976822  0.981343  0.981804  0.978947  0.967517  0.950761  0.931026  0.904144  0.87545  0.843004  0.80424  0.76356  0.719261  0.675154  0.62584  0.576624  0.526733  0.475219  0.409163  
0.96765  3.80176e-14  0.5  0.5  0.5  0.5  0.5  0.5  0.5  0.5  0.5  0.5  0.5  0.5  0.5  0.5  0.5  0.5  0.5  0.5  0.5  0.5  0.5  0.5  0.5  0.5  0.5  0.5  0.499999  0.5  
0.0248935  0.961855  0.717861  0.762301  0.802581  0.829501  0.873091  0.903007  0.929283  0.949085  0.964317  0.976914  0.978225  0.98028  0.970598  0.962783  0.949303  0.930598  0.902441  0.874193  0.831602  0.802352  0.762268  0.719672  0.673121  0.624646  0.5765  0.526509  0.475219  0.437697  
0.983068  2.25662e-14  0.5  0.5  0.5  0.5  0.5  0.5  0.5  0.5  0.5  0.5  0.5  0.5  0.5  0.5  0.5  0.5  0.5  0.5  0.5  0.5  0.5  0.5  0.5  0.5  0.5  0.5  0.499999  0.5  
0.0118416  0.986596  0.686782  0.733488  0.777613  0.818814  0.856345  0.890085  0.919542  0.944276  0.964252  0.979165  0.988806  0.993103  0.991925  0.987188  0.973572  0.956323  0.934465  0.907768  0.876488  0.841057  0.80192  0.759424  0.714288  0.66672  0.617193  0.566443  0.514889  0.462887  
0.981341  2.15016e-14  0.5  0.5  0.5  0.5  0.5  0.5  0.5  0.5  0.5  0.5  0.5  0.5  0.5  0.5  0.5  0.5  0.5  0.5  0.5  0.5  0.5  0.5  0.5  0.5  0.5  0.5  0.499999  0.5  
0.0268594  0.991286  0.729251  0.773775  0.816298  0.85288  0.888547  0.918273  0.946356  0.965444  0.980036  0.990617  0.995661  0.994463  0.987961  0.976489  0.960689  0.939782  0.912544  0.881191  0.849073  0.808405  0.765339  0.716728  0.671797  0.62197  0.572599  0.51717  0.469843  0.417744  
0.995853  3.60959e-14  0.5  0.5  0.5  0.5  0.5  0.5  0.5  0.5  0.5  0.5  0.5  0.5  0.5  0.5  0.5  0.5  0.5  0.5  0.5  0.5  0.5  0.5  0.5  0.500001  0.5  0.5  0.499999  0.5  
