0.698  1.404  2.106  2.808  3.46925e-17  6.82236e-17  9.12368e-17  9.36772e-17  3.06679e-16  5.17817e-16  2.92955e-18  1.44413e-16  6.28602e-16  7.56161e-17  1.12822e-16  2.31576e-16  4.63456e-17  1.48157e-16  1.2849e-16  2.09178e-16  4.34181e-17  3.15058e-16  1.01635e-15  2.11973e-16  
0.725772  1.38694  2.05995  2.7335  4.54401e-18  1.74641e-16  7.77603e-17  9.86897e-17  1.94114e-16  3.06098e-16  5.37882e-18  3.02018e-17  2.50673e-17  8.00542e-17  1.43944e-17  3.33688e-17  1.39431e-18  2.97623e-17  3.81112e-17  9.63133e-17  7.19618e-17  7.2698e-17  2.49584e-17  4.2396e-17  
0.689512  1.42009  2.2223  2.64457  1.89379e-17  7.88979e-17  7.56189e-17  1.8216e-16  2.3313e-16  5.06544e-16  9.27347e-18  7.71825e-17  9.9809e-17  6.51163e-17  6.90194e-17  1.15758e-16  3.47912e-17  1.21147e-16  4.99361e-17  9.49923e-17  3.16109e-17  6.14818e-17  4.52527e-17  6.27969e-16  
0.698035  1.53782  2.1285  2.71018  2.10836e-17  4.14818e-17  8.33383e-17  1.0983e-17  1.01608e-17  5.05225e-16  3.99527e-18  1.4529e-16  3.87391e-17  7.36105e-17  1.6062e-16  1.4728e-16  4.46575e-18  4.03152e-16  4.82373e-17  2.5668e-17  8.76388e-17  2.55123e-16  1.2231e-16  1.03985e-16  
0.711926  1.3873  2.08291  2.39916  2.14303e-17  1.58393e-16  8.28353e-17  2.57473e-16  1.36132e-16  3.81356e-16  2.6727e-16  1.69597e-16  5.84049e-17  8.38201e-17  1.11158e-16  1.27154e-16  1.0586e-16  6.38142e-17  1.11962e-17  9.74674e-17  6.93127e-17  3.84161e-16  9.58828e-16  1.08467e-16  
0.683277  1.55743  1.97506  2.74874  2.57687e-17  5.27759e-17  1.07555e-16  1.08087e-16  1.81814e-16  4.25269e-16  2.48743e-17  1.51387e-16  4.53713e-16  8.28341e-17  8.87058e-17  1.45081e-16  4.52241e-17  3.61397e-17  6.0768e-17  1.63518e-16  9.90153e-17  4.3647e-17  9.43154e-16  7.34461e-16  
0.696848  1.53999  1.97486  3.21558  2.12638e-17  3.92998e-17  8.31705e-17  9.14262e-17  1.76912e-16  4.25189e-16  2.45925e-17  1.45285e-16  2.49141e-17  7.36291e-17  8.99321e-17  1.51923e-16  4.52237e-17  3.6037e-17  4.54469e-17  4.75296e-17  4.52343e-17  2.54589e-16  9.16809e-16  6.94375e-17  
0.656241  1.28398  2.05349  2.86396  1.87074e-17  7.09187e-17  8.36072e-17  3.69397e-17  1.92818e-16  5.12016e-16  2.60185e-16  2.85963e-16  2.60193e-17  6.39684e-17  1.50034e-17  1.14339e-16  3.21916e-17  1.18773e-16  4.75022e-17  2.56899e-16  2.87478e-17  2.56477e-16  3.92155e-17  4.43304e-16  
0.697967  1.38095  1.88354  2.38863  3.46961e-17  1.92053e-16  8.91961e-17  2.17921e-16  1.92646e-16  3.33815e-16  2.76678e-17  2.49163e-17  9.80758e-17  8.35971e-17  1.04125e-16  1.19169e-16  1.92705e-17  1.42049e-16  1.78012e-18  1.15781e-17  4.33119e-17  9.06892e-16  9.73963e-16  5.80117e-17  
0.634421  1.3738  1.96265  3.13272  2.04195e-17  2.52127e-17  9.03818e-19  9.84622e-17  1.83819e-17  9.69115e-17  1.78339e-18  2.67716e-17  1.04455e-16  2.3633e-17  4.31674e-18  2.6963e-17  1.77207e-17  1.40957e-18  1.61588e-18  5.09085e-17  1.58804e-17  4.37067e-17  2.89266e-17  7.53327e-17  
0.714287  1.32028  1.91295  2.44351  1.06534e-17  4.52063e-17  3.2153e-18  2.17016e-17  5.38178e-17  1.90313e-16  2.66269e-16  3.33614e-17  1.6378e-16  3.34746e-16  4.48121e-18  1.58133e-16  4.94916e-18  5.89028e-17  8.59402e-18  1.71269e-17  2.80678e-17  3.95333e-16  1.41385e-16  5.46242e-17  
0.680076  1.40342  2.21358  2.98801  1.9517e-17  3.79353e-16  8.76199e-17  1.7799e-16  2.30098e-16  4.04669e-16  1.57558e-17  2.37272e-16  7.2214e-17  6.51159e-17  1.16569e-16  1.14029e-16  3.45591e-17  1.48671e-16  2.79719e-17  6.27357e-17  9.17342e-17  2.23078e-16  1.35156e-17  4.75624e-16  
0.675391  1.38066  1.97138  2.16199  1.81846e-17  2.78532e-17  7.13724e-17  5.83299e-18  2.15333e-17  1.28357e-16  1.13411e-17  3.45273e-18  7.65736e-18  6.29048e-17  8.96678e-17  2.60793e-17  1.62063e-17  2.77391e-17  4.51949e-17  4.75194e-17  1.6607e-17  2.54648e-16  6.84108e-17  5.72582e-17  
0.612173  1.53014  1.9344  2.67601  3.69996e-17  5.97536e-18  7.60861e-17  4.68991e-17  9.69637e-17  3.64032e-16  3.17843e-19  5.16275e-18  4.93049e-18  1.08034e-16  6.04667e-17  1.52591e-16  1.61094e-17  1.10269e-17  3.67486e-18  1.38059e-17  1.12862e-17  4.14652e-17  1.45022e-16  5.21451e-17  
0.681918  1.2677  1.941  2.37268  3.07519e-18  7.4381e-17  7.82722e-17  2.25083e-17  4.65964e-17  1.25418e-16  7.3409e-18  1.3215e-17  1.1436e-17  1.17438e-17  8.02199e-18  2.40186e-17  6.21172e-18  1.0551e-17  1.92732e-17  8.40464e-18  1.03675e-17  6.64792e-17  1.20334e-17  1.82755e-17  
0.683937  1.40308  2.0824  2.73359  3.53454e-18  1.74641e-16  7.78042e-17  2.559e-16  1.15679e-16  5.46354e-16  1.27565e-17  3.02554e-17  4.40533e-17  2.25703e-16  1.07594e-16  9.18983e-17  1.0288e-16  3.03088e-17  9.16502e-17  9.62875e-17  7.19618e-17  3.7469e-16  1.34034e-16  7.00082e-16  
0.697162  1.38531  1.898  1.88466  2.90407e-18  2.4461e-17  7.18278e-17  3.73167e-18  2.10585e-17  3.91351e-16  2.17103e-18  4.65905e-18  1.78155e-17  6.75402e-17  6.4071e-17  1.02053e-16  4.01967e-18  3.6494e-17  9.35164e-17  1.08634e-17  4.29022e-17  3.60452e-17  9.27424e-18  1.53244e-17  
0.62225  1.31929  1.92813  2.40337  3.86603e-17  4.51939e-17  7.84482e-17  4.0145e-17  1.41886e-16  4.99428e-16  3.61973e-17  1.40591e-16  3.36591e-17  7.60918e-17  8.51278e-17  1.20993e-16  3.24214e-17  2.13446e-17  1.98351e-17  1.82876e-17  3.95851e-17  1.61694e-16  4.73462e-17  1.25341e-16  
0.655166  1.35692  1.9051  2.07524  1.87746e-17  2.28822e-17  4.77655e-17  3.7026e-17  1.07272e-16  3.96726e-16  1.91634e-17  1.58258e-16  2.57452e-17  6.10222e-17  1.49696e-17  1.16965e-16  1.25349e-18  2.79743e-17  3.20645e-17  4.28304e-17  7.68879e-18  3.85013e-17  3.22694e-18  4.56577e-16  
0.553088  1.31562  1.92266  2.96981  3.4499e-17  2.53043e-17  7.91631e-17  3.8149e-16  1.02985e-16  4.92625e-16  1.50319e-17  1.40426e-16  1.67757e-16  8.69709e-17  6.89839e-17  1.22627e-16  3.34045e-17  1.02247e-16  7.42523e-18  1.65228e-16  1.49669e-17  1.76384e-16  2.80383e-16  4.41305e-16  
0.681483  1.35447  1.8601  1.87323  1.17833e-17  3.82941e-17  7.98937e-17  3.98422e-18  2.077e-17  2.18754e-16  2.12118e-18  6.5351e-17  2.01275e-18  4.94399e-18  7.86553e-18  6.24231e-19  2.38071e-17  4.51672e-17  7.41311e-18  1.34797e-17  4.04306e-17  6.15752e-17  9.95106e-18  1.58459e-17  
0.556717  1.33975  1.948  2.44647  1.04673e-17  4.97908e-17  4.2354e-18  2.05275e-17  5.89764e-17  2.1215e-16  4.33695e-18  3.35569e-17  5.15585e-18  6.4836e-17  2.67577e-19  1.1515e-16  4.9642e-18  1.14697e-17  8.22303e-18  1.71068e-17  2.86805e-17  6.4228e-17  1.42956e-16  6.62824e-17  
0.650158  1.27617  1.92359  2.05957  1.87367e-17  3.79541e-16  8.76312e-17  2.89395e-17  1.61107e-17  7.90546e-17  1.17682e-17  2.61331e-17  7.00014e-17  9.30672e-17  4.6249e-17  1.62299e-16  4.115e-17  3.07777e-17  5.65583e-18  1.47804e-17  4.42159e-18  2.42941e-17  8.99429e-17  1.34541e-16  
0.53661  1.2113  2.03009  2.7157  3.39371e-17  6.70367e-18  7.85003e-17  1.06143e-17  3.13982e-18  3.7447e-16  2.71935e-18  5.32985e-18  2.3134e-17  7.56936e-17  1.27918e-17  2.20071e-17  2.51916e-17  1.41812e-16  1.07223e-17  3.22605e-18  1.12656e-17  4.52637e-17  1.14608e-17  2.55458e-17  
0.676805  1.38692  2.09635  2.407  1.34621e-17  4.7244e-17  7.78117e-17  9.86279e-17  1.15464e-17  3.25751e-16  7.54385e-18  1.45324e-16  2.18417e-17  7.58274e-17  1.48152e-17  2.86921e-17  6.70924e-18  6.03063e-17  1.80774e-17  2.35165e-17  6.95013e-17  2.83579e-16  2.84066e-17  6.36406e-16  
0.5448  1.344  1.97455  2.20146  2.6499e-17  5.38617e-17  2.87381e-18  4.58262e-17  9.04915e-17  2.18724e-16  6.2299e-18  4.0175e-17  4.32974e-18  2.57388e-17  1.58318e-18  1.5205e-16  1.59047e-17  2.03877e-19  1.90397e-18  2.14457e-17  1.28489e-17  6.35505e-17  1.44359e-17  3.95267e-17  
0.656575  1.26867  1.79543  1.95919  1.35692e-17  3.8593e-17  7.50251e-17  9.43542e-17  6.01116e-17  3.87853e-16  2.44551e-16  1.90767e-17  1.62923e-16  3.30886e-16  8.13848e-18  1.22592e-16  4.27665e-17  1.06527e-17  1.1789e-16  7.08823e-17  1.89063e-16  6.47525e-17  1.42283e-16  4.67909e-17  
0.548031  1.1453  1.92151  2.96689  3.26074e-17  4.72066e-17  2.48928e-16  3.85634e-16  1.09901e-16  3.65342e-16  7.01736e-17  2.33583e-16  4.86751e-17  5.43755e-17  3.38137e-17  1.15356e-16  1.88379e-17  1.02096e-16  4.6546e-18  1.65187e-17  3.84184e-17  6.9847e-17  2.76286e-16  1.21388e-16  
0.630002  1.39188  1.57694  1.93366  2.28076e-17  1.89558e-17  1.03008e-16  2.35627e-16  4.88328e-16  3.17518e-16  2.94859e-17  1.39845e-16  3.13005e-17  1.08215e-16  8.43551e-17  1.04642e-16  5.27353e-17  4.58835e-17  3.91215e-17  1.70348e-16  1.06063e-16  4.40955e-17  4.36107e-17  6.50722e-17  
0.565974  1.15645  1.88643  2.46019  3.54028e-17  1.61055e-16  8.88993e-17  4.8374e-17  9.23532e-17  3.64684e-16  3.25172e-17  1.24367e-16  9.81164e-17  8.39027e-17  1.0444e-16  1.97452e-16  1.76843e-17  1.49015e-16  3.63963e-18  7.32105e-18  2.77397e-17  9.07863e-16  9.61375e-16  6.85985e-17  
0.558822  1.34094  1.86244  1.93626  1.94232e-17  1.96058e-16  3.14391e-16  9.5151e-17  4.02225e-15  9.3795e-17  3.33184e-16  2.21323e-16  8.42689e-17  8.92961e-17  7.51443e-17  1.21537e-16  1.73342e-17  1.47816e-16  3.75434e-17  4.41088e-17  4.01976e-17  7.61399e-17  1.05049e-16  7.24754e-16  
0.682079  1.40212  2.05331  2.77282  3.64676e-18  2.65416e-16  7.57962e-17  9.673e-17  2.36805e-16  3.88187e-16  8.68165e-18  3.06708e-17  7.94879e-17  8.70379e-17  8.77482e-17  9.71326e-17  4.34505e-17  3.03091e-17  4.81689e-17  2.54805e-16  3.17348e-17  6.44527e-17  2.02636e-17  8.22888e-17  
0.710894  1.40608  1.48961  1.46489  1.04662e-17  4.92241e-17  1.06253e-16  2.40469e-16  2.1022e-16  1.8055e-16  1.5734e-17  1.61456e-16  4.78097e-17  7.87413e-17  1.16356e-16  1.12328e-16  9.54461e-17  1.46423e-16  2.81004e-17  2.72861e-16  6.97167e-17  5.67376e-17  1.28944e-16  5.94464e-16  
0.542558  1.30081  1.86792  1.91117  1.92852e-17  2.90824e-16  3.20982e-16  1.00321e-16  4.04277e-15  7.69809e-17  1.31465e-17  1.24639e-16  8.38781e-17  8.38694e-17  1.18755e-16  3.37057e-16  1.70938e-17  2.5083e-17  3.566e-17  4.39141e-17  6.47678e-17  7.61303e-17  5.59192e-18  7.24678e-16  
0.640762  1.30522  1.64286  1.61837  1.07526e-17  2.73355e-17  3.09538e-18  1.05699e-16  2.08868e-17  1.27599e-16  3.97428e-18  2.6983e-17  3.59887e-17  7.34664e-17  9.80917e-18  1.09994e-16  4.6976e-18  4.6947e-19  7.54346e-18  2.35637e-17  1.92304e-17  4.28742e-17  3.54253e-17  9.14888e-17  
0.662759  1.40241  1.94191  2.36562  3.64212e-17  1.54544e-16  8.02797e-17  4.02227e-17  1.80412e-16  3.92652e-16  1.75889e-17  8.24418e-17  9.1298e-17  1.20758e-16  5.9858e-17  1.22883e-16  7.71286e-17  1.82785e-17  1.34192e-16  4.84839e-17  1.7495e-16  2.82255e-16  9.62936e-16  4.95056e-17  
0.643658  1.39425  1.44164  1.51967  1.02437e-17  3.2547e-17  8.39539e-17  9.98651e-17  5.62844e-16  3.93409e-16  1.70179e-17  1.54087e-16  5.2498e-17  8.58322e-17  8.32234e-17  1.14173e-16  7.51026e-17  3.05575e-17  8.2847e-18  1.73632e-16  2.04722e-17  4.85247e-17  1.20515e-16  6.63483e-17  
0.636381  0.940876  1.80114  2.16439  2.12297e-17  4.54362e-17  7.85829e-17  5.65152e-17  1.16069e-16  3.99319e-16  1.50964e-17  2.19945e-17  1.0446e-16  9.31221e-17  6.28407e-17  1.05402e-16  2.21306e-17  2.8834e-17  1.32491e-16  1.436e-17  9.84287e-17  4.41332e-17  1.23832e-16  6.97375e-16  
0.565037  1.55579  1.59024  1.75991  3.44071e-17  8.14049e-17  7.92197e-17  1.82292e-16  1.80344e-16  5.22704e-16  3.33405e-17  1.53828e-16  1.02035e-15  8.22768e-17  6.86577e-17  1.88633e-16  5.43113e-16  1.42681e-16  5.83913e-17  9.32921e-17  4.93041e-17  8.71936e-17  1.13961e-16  6.77102e-17  
0.536944  0.863171  1.9705  3.13273  2.13497e-17  4.78465e-17  1.21301e-18  9.83793e-17  2.23364e-17  1.12593e-16  1.79378e-18  3.63654e-17  1.66463e-16  7.0073e-17  4.72696e-18  3.07344e-17  6.66314e-17  1.09548e-17  1.16825e-17  5.08695e-17  1.59174e-17  4.37061e-17  2.90344e-17  9.9355e-17  
0.721788  1.48652  1.80412  0.669528  4.24745e-17  8.80663e-18  1.19701e-16  1.79736e-16  2.75719e-16  5.27478e-16  2.72896e-16  6.64136e-16  4.22568e-16  3.30445e-16  9.39446e-17  3.05131e-17  9.85774e-17  1.48284e-16  1.25357e-16  2.65526e-16  1.79742e-16  3.45858e-16  3.23023e-16  7.65189e-16  
0.451455  1.30773  1.57968  2.13372  3.67526e-17  4.75462e-17  1.06101e-16  1.02672e-16  8.71176e-17  5.51029e-16  3.33609e-17  8.00959e-17  5.026e-17  9.6949e-17  8.3729e-17  1.12897e-16  7.72091e-17  1.05931e-16  3.70325e-17  1.50987e-16  1.07169e-16  6.33924e-17  1.02547e-16  4.56941e-16  
0.562339  1.34995  1.36289  1.69394  1.02205e-17  4.0753e-18  4.69601e-18  2.63012e-17  1.08943e-16  3.53787e-16  2.49008e-18  1.54617e-16  8.19122e-17  2.43059e-17  6.88409e-17  1.16867e-16  2.50515e-17  1.08969e-17  4.54274e-18  4.37225e-17  2.76011e-17  4.6718e-17  2.77419e-18  5.48268e-17  
0.700793  1.38706  1.95007  2.37682  1.4061e-17  5.76949e-17  7.83248e-17  2.62095e-16  1.95577e-16  3.27819e-16  2.95807e-18  1.43781e-16  2.51126e-17  7.1505e-17  1.62843e-17  1.22524e-16  4.7606e-17  1.40492e-16  1.28327e-16  8.27807e-18  4.41146e-17  2.84177e-16  9.77593e-16  4.96838e-17  
0.659433  1.27754  1.815  0.673833  1.04589e-17  2.85737e-17  7.41379e-17  4.10018e-17  6.04484e-17  3.93448e-16  1.41286e-17  5.40532e-17  4.09369e-17  7.92022e-17  1.0002e-17  1.14328e-16  6.75033e-18  3.52621e-18  7.01278e-18  1.22419e-17  2.83487e-17  4.25287e-17  6.44297e-17  4.03578e-17  
0.704081  1.39818  1.89855  1.95356  3.56775e-18  3.85371e-17  7.77015e-17  9.58519e-17  3.19261e-17  1.33698e-16  7.22362e-18  1.97433e-17  1.64554e-16  6.54383e-17  7.92932e-18  9.79867e-17  4.57209e-17  3.18663e-17  1.4894e-17  1.95261e-17  1.96784e-16  6.17604e-17  2.72897e-17  4.65261e-17  
0.698608  1.33897  2.10202  2.82159  4.22163e-17  1.55468e-16  3.31207e-16  2.06533e-16  4.43657e-15  5.21048e-16  3.25235e-16  2.28039e-16  6.1213e-16  8.89787e-17  1.12639e-16  1.20951e-16  5.8899e-17  1.48162e-16  2.7032e-17  5.83407e-17  1.02893e-16  3.14225e-16  8.21759e-16  2.29954e-15  
0.697198  1.40092  2.16201  3.08856  2.38563e-17  3.88376e-17  1.17785e-19  4.44424e-17  2.05686e-17  3.9341e-16  1.41467e-17  3.5119e-17  2.78609e-16  8.88818e-17  8.79102e-17  1.04495e-16  6.25609e-17  3.63729e-17  9.52675e-17  1.70541e-16  4.44899e-17  5.15933e-17  1.39855e-17  7.16495e-17  
0.677612  1.39188  2.09948  2.40235  1.29917e-17  1.79213e-17  8.2591e-17  2.67238e-17  4.39593e-17  1.23785e-16  1.65968e-17  2.01769e-17  2.18443e-17  8.60024e-17  9.0748e-18  2.94178e-17  1.83534e-18  2.98477e-17  1.90342e-17  1.64766e-16  1.00404e-16  3.60775e-17  4.37164e-17  4.85431e-17  
0.513391  1.09232  1.60037  1.63064  9.61612e-18  2.36997e-17  6.6371e-17  9.78972e-17  1.62397e-16  2.41951e-16  2.77142e-17  1.07753e-17  2.36414e-17  8.36493e-17  3.36574e-17  8.29346e-17  1.96594e-17  1.86663e-17  2.83448e-17  1.50278e-17  3.73254e-17  4.60008e-17  1.05402e-15  1.258e-16  
0.561765  1.3314  1.32773  1.18047  8.52469e-18  2.11805e-17  1.09251e-17  1.85169e-17  1.08354e-17  3.44572e-16  2.41009e-18  1.45015e-16  3.52299e-18  3.51927e-18  1.08057e-17  1.15977e-16  9.66187e-18  8.88583e-19  1.70307e-18  1.41534e-17  2.7994e-17  4.79182e-17  7.69386e-17  7.46819e-17  
0.636957  1.40142  1.80211  2.25148  2.15332e-17  5.17278e-17  8.67189e-17  9.48568e-17  2.60206e-16  3.79483e-16  1.56808e-17  1.45751e-16  2.82365e-16  9.81724e-17  6.31073e-17  1.86244e-16  2.90901e-17  1.16281e-16  4.57797e-17  1.44764e-17  4.51859e-17  2.46697e-16  1.18089e-16  6.24078e-16  
0.656466  1.29053  1.37193  0.688538  1.37934e-17  1.87548e-17  4.30417e-18  2.58791e-17  8.69162e-17  5.13468e-16  2.61496e-16  1.88065e-17  1.6222e-17  3.31873e-16  3.87961e-18  2.45322e-16  2.43867e-17  4.05136e-18  1.20544e-16  6.87544e-17  2.1117e-17  3.48899e-16  1.4547e-16  4.1379e-17  
0.627922  1.39817  1.57074  1.94152  1.88126e-17  3.85933e-17  8.6929e-17  2.08319e-18  6.46566e-17  3.98613e-16  3.06932e-17  1.8686e-17  4.08432e-17  2.56353e-17  1.29628e-17  1.0325e-16  9.09087e-18  3.11648e-17  1.4561e-17  1.21502e-17  1.00907e-16  4.38685e-17  1.36672e-17  9.36216e-17  
0.549243  1.14111  1.31507  1.30343  2.08622e-17  2.64813e-16  8.9834e-17  1.24547e-16  1.37809e-16  5.08506e-16  9.99687e-18  9.79868e-17  1.55804e-16  6.42904e-17  4.51892e-17  6.50593e-17  4.49208e-17  3.76043e-17  1.04695e-17  8.12582e-17  4.30693e-17  2.58747e-16  2.21698e-16  1.28542e-16  
0.716543  1.39962  2.25438  2.48082  1.07892e-16  2.13107e-16  3.31128e-16  2.47158e-16  4.22907e-15  1.3713e-15  3.00712e-16  2.27528e-16  4.25546e-16  3.49079e-16  1.24559e-16  1.67967e-16  2.73138e-16  1.89945e-16  1.61708e-16  6.21983e-16  1.21144e-16  5.79322e-16  1.55694e-15  7.00807e-16  
0.773598  1.35095  1.23305  0.482783  1.00522e-17  6.16156e-18  3.41806e-17  2.62757e-17  4.48071e-18  2.14333e-16  2.50015e-18  1.46573e-16  1.79555e-17  4.57593e-18  2.74353e-18  2.07873e-17  2.38071e-17  6.69969e-18  2.65549e-18  2.66336e-18  1.45794e-17  4.78828e-17  2.03621e-18  2.65775e-17  
0.497589  0.87592  1.51688  1.53447  2.42247e-17  2.72123e-16  2.24267e-17  9.44816e-17  4.67836e-17  1.96964e-16  1.33371e-17  6.10848e-17  4.60409e-17  8.23226e-17  5.93887e-18  8.27799e-17  6.73015e-17  2.50936e-17  3.50824e-17  1.52079e-17  6.57283e-17  5.6697e-17  9.35808e-16  4.09113e-17  
0.461596  1.43397  1.33854  0.817811  3.85739e-17  8.15698e-17  1.20958e-16  1.80445e-16  2.70973e-16  3.73789e-16  1.72895e-17  1.58963e-16  1.56327e-16  7.82038e-17  6.90632e-17  1.15237e-16  4.52339e-17  1.20963e-16  4.99373e-17  9.58946e-17  1.0659e-16  2.61275e-16  3.20083e-16  1.93436e-16  
0.639848  1.39948  1.83771  2.2777  3.5865e-17  2.51139e-17  7.76565e-17  6.38316e-19  1.9901e-16  3.89725e-16  2.80447e-16  8.26126e-17  6.28578e-17  1.00614e-16  1.2173e-16  2.5054e-16  7.25986e-18  9.73827e-18  1.41197e-17  9.31567e-17  4.43874e-17  5.80094e-17  6.80348e-17  5.15728e-17  
0.567664  1.35534  1.21015  0.52504  3.68188e-17  1.78776e-16  3.43013e-17  4.56912e-17  1.31454e-16  2.17304e-16  6.0439e-18  9.79368e-17  1.68319e-16  3.49364e-17  1.47996e-18  6.90854e-17  1.92425e-17  2.73728e-17  9.99474e-18  2.22223e-17  1.30903e-17  2.58772e-17  2.1746e-16  3.9535e-17  
0.474585  1.39819  1.498  1.93146  1.95486e-17  5.95312e-18  3.19442e-18  9.1129e-17  5.23159e-17  1.06515e-16  1.14746e-19  9.68765e-18  2.65685e-17  5.65936e-18  1.01191e-17  7.98485e-17  1.74037e-17  4.8393e-18  3.36476e-19  1.37791e-17  1.27769e-17  4.8006e-17  3.01838e-17  4.04187e-17  
0.544247  0.939824  1.16206  1.18234  3.4493e-17  2.6225e-16  1.93303e-17  9.44241e-17  7.82804e-17  5.41501e-16  2.49205e-18  1.40814e-16  5.8578e-17  3.15319e-16  5.74179e-17  1.14277e-16  4.63569e-17  3.76507e-17  7.40057e-18  1.37566e-17  2.89012e-17  4.96375e-17  1.21669e-16  2.11944e-18  
0.698481  1.40038  2.05235  2.73652  4.01961e-18  2.78372e-17  2.62949e-17  9.21262e-17  2.50473e-16  4.13568e-16  7.43178e-18  3.02477e-17  3.62914e-17  7.58131e-17  8.77693e-17  1.12243e-16  2.36501e-18  3.05319e-17  1.94999e-17  1.87023e-17  4.07524e-17  7.88412e-17  2.01975e-17  8.23109e-17  
0.696264  1.41385  0.663615  0.568368  8.29954e-18  1.43508e-17  2.52283e-17  9.20407e-17  6.03442e-17  3.83894e-17  1.03346e-17  2.91021e-17  1.9286e-17  6.90561e-17  3.55313e-19  4.84216e-17  7.25933e-18  1.43544e-18  2.86599e-17  1.17963e-17  1.8206e-17  4.15529e-17  2.14155e-17  4.16741e-17  
0.721393  1.39827  1.15205  1.0651  1.08824e-17  1.24973e-17  3.41185e-17  4.76611e-17  1.13473e-16  2.58678e-16  9.72859e-18  3.4203e-17  4.20156e-16  3.32665e-17  1.46252e-18  3.06251e-17  1.01758e-17  7.97743e-18  4.16299e-17  1.32069e-17  2.01577e-17  3.01337e-17  2.67498e-17  1.66877e-17  
0.549058  1.33066  1.25578  0.114941  7.98569e-18  2.57562e-16  2.75844e-17  9.92455e-18  7.46098e-17  5.19471e-16  1.1505e-18  4.58966e-18  3.40014e-18  7.40962e-18  4.44228e-17  6.5048e-17  8.00549e-18  2.42792e-17  4.53741e-18  6.58001e-17  3.97402e-17  2.48456e-16  4.25095e-17  5.73397e-17  
0.466611  1.39874  1.42438  1.81452  1.28498e-17  8.64649e-18  8.02254e-17  7.58255e-17  8.37079e-18  1.5695e-16  9.05504e-18  7.12699e-17  5.86854e-18  7.34061e-17  6.04407e-17  1.04264e-17  2.31315e-17  1.16062e-16  7.65535e-18  2.9053e-17  1.8895e-17  4.15938e-17  1.29936e-17  1.95277e-16  
0.656638  1.3077  0.55865  0.668015  1.00016e-17  1.71059e-17  7.61384e-17  3.9185e-17  6.40018e-17  3.9189e-16  3.11027e-18  5.4662e-17  4.03195e-17  6.38183e-17  9.31012e-18  3.30862e-17  7.80903e-18  1.22264e-17  5.91391e-18  1.2214e-17  2.70139e-17  9.09465e-18  6.85684e-17  6.49212e-17  
0.547363  0.470978  1.19807  1.2435  1.88997e-17  2.5267e-17  7.12507e-17  7.83608e-18  1.5977e-17  8.86807e-17  1.4325e-18  8.82714e-18  2.36247e-17  2.72513e-17  1.41312e-18  2.79719e-17  1.88639e-17  1.05323e-16  1.83944e-18  1.02855e-17  8.24417e-18  4.50211e-17  1.41632e-17  5.20451e-17  
0.417173  1.52915  1.26908  0.125111  1.90727e-17  4.57598e-18  8.69023e-17  2.16642e-16  2.51153e-17  1.11584e-16  3.20125e-17  1.89107e-17  5.31217e-18  2.57067e-17  8.27422e-18  3.3491e-17  3.15333e-17  1.11405e-17  1.4548e-17  1.02486e-17  1.24957e-17  3.16676e-16  1.36533e-17  9.42718e-17  
0.470072  1.40023  1.59623  2.31849  4.07811e-18  4.9186e-17  7.57325e-17  2.04173e-17  2.09593e-16  1.15953e-16  1.57606e-17  9.69679e-18  4.33256e-17  4.60697e-18  1.14307e-16  7.39779e-17  9.63982e-17  1.48328e-16  2.83478e-17  2.7528e-16  1.30224e-17  5.73301e-17  9.4344e-16  5.13406e-17  
0.670131  1.36374  0.050946  1.01058  1.30315e-17  2.20507e-17  8.86522e-17  9.22068e-17  3.103e-16  3.94121e-16  4.03065e-17  3.27015e-18  2.40283e-17  6.76711e-17  2.32038e-17  1.62683e-16  4.48222e-17  2.77926e-17  3.22113e-17  1.5972e-17  1.63353e-17  1.94405e-16  1.22387e-16  4.9272e-17  
0.518846  0.620218  0.814667  1.12955  1.49705e-17  3.004e-17  1.51118e-17  1.38597e-16  7.75742e-17  3.70557e-16  1.73456e-17  2.91905e-17  3.56678e-17  9.35032e-17  7.07167e-17  1.24672e-16  7.57336e-17  1.29326e-17  4.66829e-17  6.18765e-17  9.47969e-18  1.52484e-16  1.42555e-16  6.22208e-16  
0.483773  1.3077  0.516489  0.686624  1.00025e-17  2.80128e-17  7.61428e-17  6.7858e-17  9.07391e-17  4.21033e-16  2.79688e-17  5.46645e-17  4.34082e-17  6.71177e-17  5.49709e-17  1.1293e-16  1.77874e-17  1.00936e-16  5.9823e-18  1.42397e-17  3.00259e-17  4.30797e-17  1.02692e-16  6.49413e-17  
0.418032  1.39952  1.45507  1.67568  8.33908e-18  3.77931e-17  6.41938e-18  7.89246e-17  2.08226e-17  1.18341e-16  9.22045e-19  4.22914e-18  8.48244e-18  9.16063e-19  6.36108e-18  1.01218e-16  3.53164e-18  4.98331e-18  8.06939e-18  1.45998e-17  9.95468e-18  7.7362e-18  1.01085e-17  1.59163e-17  
0.655811  1.1982  0.108749  0.87291  9.60077e-18  1.79378e-17  6.63925e-17  2.49299e-17  2.4603e-17  3.95897e-16  2.94391e-17  2.13356e-17  1.87467e-17  6.35663e-17  1.57113e-17  1.10958e-16  3.24229e-17  2.96388e-19  7.00975e-18  1.26182e-17  1.26959e-17  2.51618e-16  3.86442e-17  4.01035e-17  
0.48387  1.39913  1.35122  0.680739  3.45007e-17  2.78631e-17  8.68585e-17  9.38339e-17  8.38361e-17  4.97329e-16  1.74616e-17  5.80927e-17  4.31625e-18  8.24655e-17  9.96575e-18  1.13454e-16  5.15716e-16  3.29608e-17  6.13429e-18  6.93157e-17  2.80404e-17  4.29848e-17  4.52644e-17  4.49044e-17  
0.412968  1.12412  0.540547  0.651075  1.30785e-17  5.2623e-18  4.32867e-18  5.61569e-17  3.89701e-18  1.30429e-16  9.30205e-18  5.06482e-17  3.251e-18  6.69345e-17  3.86114e-18  3.19809e-17  2.48335e-17  3.96779e-17  1.13403e-17  7.10959e-18  2.70046e-17  4.02505e-17  7.61015e-17  3.99828e-17  
0.700335  1.4013  1.79754  2.38459  2.17137e-17  1.86872e-17  8.04107e-17  5.16754e-17  1.17723e-16  3.73028e-16  1.38031e-17  2.1927e-17  9.23913e-17  1.05604e-16  6.37326e-17  3.15926e-17  1.54835e-17  2.77497e-17  2.92679e-17  1.30872e-17  5.91234e-18  4.08194e-17  6.47588e-17  2.61082e-17  
0.727731  1.44408  2.09986  0.686369  3.4276e-17  2.54007e-17  8.41471e-17  3.82654e-16  7.67248e-17  4.85199e-16  2.82046e-17  1.47015e-16  1.56273e-16  8.75686e-17  1.26203e-17  1.01872e-16  3.38939e-17  3.77239e-18  7.53322e-18  1.6321e-16  1.96507e-17  1.73122e-16  1.02296e-16  4.52456e-16  
0.70079  1.13965  0.471705  0.758621  4.28317e-18  5.31087e-18  7.75817e-17  4.61046e-18  1.75011e-17  1.08286e-16  1.55998e-18  1.31903e-17  5.29828e-18  1.17261e-17  1.88786e-18  1.11081e-17  1.90912e-17  7.77783e-19  1.47753e-17  1.18997e-17  2.81032e-18  1.54255e-17  1.40597e-17  3.46774e-17  
0.460833  1.40723  0.230885  0.466778  9.68574e-18  4.41876e-17  7.84646e-17  2.57179e-17  6.02109e-17  3.69218e-16  1.67697e-17  5.54581e-17  4.55014e-17  3.31097e-18  1.06732e-17  1.15186e-16  2.85852e-17  3.60931e-17  1.66889e-18  3.39499e-17  9.82396e-17  4.13827e-17  6.96072e-17  6.45969e-17  
0.331761  0.125327  1.46151  0.553008  8.91943e-18  8.78812e-18  2.93172e-18  1.18722e-17  1.02528e-16  1.21241e-16  9.30681e-18  1.64797e-17  4.33205e-17  5.48417e-18  5.65684e-18  2.817e-17  1.9472e-17  5.05118e-18  1.10916e-17  1.5365e-17  1.14217e-17  4.07781e-17  2.50117e-17  3.44765e-17  
0.6983  1.43629  2.09843  2.7999  1.82984e-17  1.57482e-16  1.19807e-16  1.82626e-16  3.0325e-16  1.93079e-16  2.61205e-16  1.60275e-16  1.50393e-16  1.23162e-16  1.17428e-16  1.15225e-16  5.35841e-16  1.22011e-16  1.6493e-16  9.68984e-17  1.07995e-16  2.47988e-16  9.65956e-16  7.60798e-16  
0.278254  0.614438  0.659503  0.574159  8.23448e-18  2.02834e-17  1.67897e-18  9.29595e-17  1.02494e-16  1.81133e-16  1.09813e-17  1.00714e-17  1.39535e-17  2.39176e-17  2.85126e-18  2.49174e-17  5.74883e-17  5.27657e-18  4.79034e-17  6.35773e-17  1.46588e-17  5.82126e-17  5.35808e-17  5.12447e-17  
0.606518  0.779866  0.112899  0.533508  1.01755e-17  1.70034e-17  9.15212e-17  4.55468e-17  1.5885e-16  5.01439e-16  3.44048e-17  8.95212e-18  2.35945e-17  8.48391e-17  4.66569e-17  1.16077e-16  3.24287e-17  1.87637e-17  7.12565e-18  1.42239e-16  1.06683e-16  2.51655e-16  3.01978e-17  6.73523e-17  
0.123756  0.108671  1.94521  0.980671  1.40121e-17  7.27532e-17  7.82944e-17  2.82126e-18  4.66197e-17  1.2512e-16  1.21722e-17  8.21028e-17  7.24856e-17  8.41075e-17  3.41487e-17  3.59917e-17  7.2225e-18  1.30216e-17  1.92381e-17  5.9114e-17  1.34409e-17  2.05523e-16  7.08684e-17  3.80697e-17  
0.659727  1.3333  0.106339  0.110614  1.4292e-17  2.75834e-16  7.42846e-17  4.465e-17  7.14049e-17  5.16765e-16  4.74823e-18  5.82241e-17  4.16082e-17  8.58069e-17  4.43745e-17  1.14098e-16  3.21376e-17  1.82556e-17  1.19314e-16  6.83754e-17  2.99961e-17  2.46458e-16  1.04609e-16  6.76541e-17  
0.513053  0.330966  0.158094  0.590461  8.24562e-18  1.10514e-17  6.33596e-17  4.50237e-17  1.61571e-16  5.1378e-16  2.77009e-17  8.90913e-18  2.36239e-17  8.46089e-17  3.28535e-17  8.2928e-17  1.61456e-17  1.84382e-17  3.72893e-18  1.50286e-17  1.18712e-17  4.54386e-17  3.24757e-17  4.92137e-17  
0.394487  1.36228  0.0869893  0.209146  9.4684e-18  1.11702e-17  6.57454e-17  4.05317e-17  2.47747e-17  1.21675e-16  2.6952e-17  2.84925e-17  2.38781e-17  8.03859e-17  2.25727e-17  3.44814e-17  3.19544e-17  1.13375e-17  6.35179e-18  1.8082e-17  1.24078e-17  5.23222e-17  1.46611e-17  9.00622e-17  
0.154233  0.110375  1.33178  0.0899902  7.76492e-18  2.66199e-17  4.81243e-18  1.2382e-17  1.87575e-17  1.07046e-16  2.64979e-18  5.92124e-17  2.51869e-18  3.48008e-17  1.86844e-17  1.10848e-17  1.95541e-17  6.66836e-20  5.90063e-19  8.12327e-18  1.18445e-17  1.08922e-17  2.83246e-17  3.13217e-17  
0.554885  1.32351  0.0072524  0.107119  5.25717e-18  1.53731e-17  3.96283e-18  4.04809e-17  2.48861e-17  1.28374e-16  4.79508e-18  2.68391e-17  4.61679e-18  2.82902e-17  5.34882e-18  1.3305e-18  5.80755e-18  2.80768e-19  7.07324e-18  9.9663e-18  2.80759e-17  5.61284e-17  2.81642e-16  6.67455e-17  
0.327917  0.187243  0.0598296  0.614003  3.50361e-17  2.63909e-16  4.39905e-18  8.43178e-17  1.84574e-17  5.01879e-16  3.51546e-17  7.81621e-17  5.03004e-17  8.0852e-17  3.88326e-17  1.14629e-16  4.62587e-17  3.73564e-17  4.37376e-17  5.31259e-17  4.24078e-17  1.73975e-16  7.57543e-17  4.48862e-16  
0.506776  0.763715  0.0136927  0.13541  3.50035e-17  2.65701e-16  8.80214e-17  2.6642e-17  7.15906e-17  5.47783e-16  3.51608e-17  7.83309e-17  5.06016e-17  8.01665e-17  3.86076e-17  7.91936e-17  3.14553e-17  2.87707e-16  7.75062e-18  5.20905e-17  4.16819e-17  1.58216e-16  7.52325e-17  4.3745e-16  
0.700075  1.40029  2.09634  2.36895  1.411e-17  6.26688e-17  7.83244e-17  9.5149e-17  2.61816e-16  4.20077e-16  2.40444e-18  1.47192e-16  2.73476e-16  7.67669e-17  1.51544e-17  1.22004e-16  4.01701e-17  1.16913e-16  7.54312e-18  1.47121e-17  1.02007e-17  5.54004e-17  1.74802e-17  1.61925e-17  
0.71892  1.38429  2.09993  2.80034  1.10411e-17  6.80812e-17  9.03397e-17  1.69094e-16  5.73482e-17  1.81243e-16  1.03891e-17  1.42879e-16  1.76604e-16  6.77855e-17  1.13072e-16  1.05877e-16  4.32411e-17  1.46518e-16  2.85083e-17  1.91159e-17  3.75499e-17  1.79188e-16  2.68809e-17  2.25875e-16  
0.698238  1.39874  2.09966  2.8002  1.94943e-17  2.18449e-17  7.58477e-17  9.20134e-17  3.00538e-16  1.97622e-16  1.08072e-17  1.54987e-16  3.76056e-18  7.45537e-17  1.18523e-16  1.02917e-16  5.10338e-16  1.07059e-18  2.69284e-17  1.80714e-17  9.93447e-17  4.15013e-17  9.66016e-16  7.22069e-16  
0.476689  1.43586  2.10009  2.80016  1.93468e-17  7.90968e-17  7.57711e-17  9.19533e-17  3.02911e-16  1.93066e-16  1.06889e-17  1.54777e-16  4.89274e-17  7.45525e-17  1.18586e-16  1.02988e-16  5.09858e-16  1.48699e-17  1.65766e-16  1.79931e-17  9.93405e-17  4.15011e-17  9.66018e-16  7.45292e-16  
0.699631  1.40137  2.09975  2.80003  1.25416e-17  7.62128e-17  7.56354e-17  9.51258e-17  1.13803e-16  4.23807e-16  2.64287e-16  1.35615e-16  7.21061e-17  2.29143e-16  1.1927e-16  1.02063e-16  9.755e-17  3.22684e-17  8.97387e-17  8.7115e-17  9.25428e-17  2.17439e-16  2.77587e-16  4.78431e-16  
