2  0  6  2.77556e-16  2.61936  6.16255  7.18965  8.21674  4.71486  10.2709  11.298  12.3251  13.3522  14.3793  15.4064  16.4335  17.4606  18.4877  19.5148  20.5418  11.0013  11.5252  23.6231  24.6502  
1.98789  0.0687405  5.95871  0.259085  2.61936  6.16255  7.18965  8.21674  4.71486  10.2709  11.298  12.3251  13.3522  14.3793  15.4064  16.4335  17.4606  18.4877  19.5148  20.5418  11.0013  11.5252  23.6231  24.6502  
1.99377  0.0672887  5.99146  0.908255  2.61936  6.16255  7.18965  8.21674  4.71486  10.2709  11.298  12.3251  13.3522  14.3793  15.4064  16.4335  17.4606  18.4877  19.5148  20.5418  11.0013  11.5252  23.6231  24.6502  
1.94561  0.0732284  5.99677  0.387048  2.61936  6.16255  7.18965  8.21674  4.71486  10.2709  11.298  12.3251  13.3522  14.3793  15.4064  16.4335  17.4606  18.4877  19.5148  20.5418  11.0013  11.5252  23.6231  24.6502  
1.99942  0.075625  5.74038  0.625801  2.61936  6.16255  7.18965  8.21674  4.71486  10.2709  11.298  12.3251  13.3522  14.3793  15.4064  16.4335  17.4606  18.4877  19.5148  20.5418  11.0013  11.5252  23.6231  24.6502  
1.93476  0.0656513  5.89096  0.388003  2.61936  6.16255  7.18965  8.21674  4.71486  10.2709  11.298  12.3251  13.3522  14.3793  15.4064  16.4335  17.4606  18.4877  19.5148  20.5418  11.0013  11.5252  23.6231  24.6502  
1.96566  0.101945  5.84516  0.924116  2.61936  6.16255  7.18965  8.21674  4.71486  10.2709  11.298  12.3251  13.3522  14.3793  15.4064  16.4335  17.4606  18.4877  19.5148  20.5418  11.0013  11.5252  23.6231  24.6502  
1.87802  0.0665132  5.97666  0.250075  2.61936  6.16255  7.18965  8.21674  4.71486  10.2709  11.298  12.3251  13.3522  14.3793  15.4064  16.4335  17.4606  18.4877  19.5148  20.5418  11.0013  11.5252  23.6231  24.6502  
1.99561  0.0353481  5.53543  0.934429  2.61936  6.16255  7.18965  8.21674  4.71486  10.2709  11.298  12.3251  13.3522  14.3793  15.4064  16.4335  17.4606  18.4877  19.5148  20.5418  11.0013  11.5252  23.6231  24.6502  
1.90936  0.0660022  5.87156  0.914282  2.61936  6.16255  7.18965  8.21674  4.71486  10.2709  11.298  12.3251  13.3522  14.3793  15.4064  16.4335  17.4606  18.4877  19.5148  20.5418  11.0013  11.5252  23.6231  24.6502  
1.96265  0.139055  5.5576  0.638875  2.61936  6.16255  7.18965  8.21674  4.71486  10.2709  11.298  12.3251  13.3522  14.3793  15.4064  16.4335  17.4606  18.4877  19.5148  20.5418  11.0013  11.5252  23.6231  24.6502  
1.83799  0.0473185  5.99972  0.709109  2.61936  6.16255  7.18965  8.21674  4.71486  10.2709  11.298  12.3251  13.3522  14.3793  15.4064  16.4335  17.4606  18.4877  19.5148  20.5418  11.0013  11.5252  23.6231  24.6502  
1.96985  0.0663495  5.42114  0.924439  2.61936  6.16255  7.18965  8.21674  4.71486  10.2709  11.298  12.3251  13.3522  14.3793  15.4064  16.4335  17.4606  18.4877  19.5148  20.5418  11.0013  11.5252  23.6231  24.6502  
1.84782  0.0647568  5.91015  0.983056  2.61936  6.16255  7.18965  8.21674  4.71486  10.2709  11.298  12.3251  13.3522  14.3793  15.4064  16.4335  17.4606  18.4877  19.5148  20.5418  11.0013  11.5252  23.6231  24.6502  
1.89725  0.0386515  5.5218  0.632185  2.61936  6.16255  7.18965  8.21674  4.71486  10.2709  11.298  12.3251  13.3522  14.3793  15.4064  16.4335  17.4606  18.4877  19.5148  20.5418  11.0013  11.5252  23.6231  24.6502  
1.76286  0.0665399  5.9935  0.275739  2.61936  6.16255  7.18965  8.21674  4.71486  10.2709  11.298  12.3251  13.3522  14.3793  15.4064  16.4335  17.4606  18.4877  19.5148  20.5418  11.0013  11.5252  23.6231  24.6502  
1.99897  0.0442777  5.03998  0.931597  2.61936  6.16255  7.18965  8.21674  4.71486  10.2709  11.298  12.3251  13.3522  14.3793  15.4064  16.4335  17.4606  18.4877  19.5148  20.5418  11.0013  11.5252  23.6231  24.6502  
1.85576  0.0662968  5.53204  0.617895  2.61936  6.16255  7.18965  8.21674  4.71486  10.2709  11.298  12.3251  13.3522  14.3793  15.4064  16.4335  17.4606  18.4877  19.5148  20.5418  11.0013  11.5252  23.6231  24.6502  
1.92695  0.0710446  5.25407  0.97117  2.61936  6.16255  7.18965  8.21674  4.71486  10.2709  11.298  12.3251  13.3522  14.3793  15.4064  16.4335  17.4606  18.4877  19.5148  20.5418  11.0013  11.5252  23.6231  24.6502  
1.76043  0.074132  5.82751  0.598084  2.61936  6.16255  7.18965  8.21674  4.71486  10.2709  11.298  12.3251  13.3522  14.3793  15.4064  16.4335  17.4606  18.4877  19.5148  20.5418  11.0013  11.5252  23.6231  24.6502  
1.96616  0.101391  4.97601  0.928702  2.61936  6.16255  7.18965  8.21674  4.71486  10.2709  11.298  12.3251  13.3522  14.3793  15.4064  16.4335  17.4606  18.4877  19.5148  20.5418  11.0013  11.5252  23.6231  24.6502  
1.776  0.0394071  5.60171  0.61246  2.61936  6.16255  7.18965  8.21674  4.71486  10.2709  11.298  12.3251  13.3522  14.3793  15.4064  16.4335  17.4606  18.4877  19.5148  20.5418  11.0013  11.5252  23.6231  24.6502  
1.87192  0.111443  5.11733  0.387503  2.61936  6.16255  7.18965  8.21674  4.71486  10.2709  11.298  12.3251  13.3522  14.3793  15.4064  16.4335  17.4606  18.4877  19.5148  20.5418  11.0013  11.5252  23.6231  24.6502  
1.66552  0.0651695  5.88068  0.182222  2.61936  6.16255  7.18965  8.21674  4.71486  10.2709  11.298  12.3251  13.3522  14.3793  15.4064  16.4335  17.4606  18.4877  19.5148  20.5418  11.0013  11.5252  23.6231  24.6502  
1.97795  0.077881  4.66723  0.939438  2.61936  6.16255  7.18965  8.21674  4.71486  10.2709  11.298  12.3251  13.3522  14.3793  15.4064  16.4335  17.4606  18.4877  19.5148  20.5418  11.0013  11.5252  23.6231  24.6502  
1.7672  0.0665289  5.46427  0.918503  2.61936  6.16255  7.18965  8.21674  4.71486  10.2709  11.298  12.3251  13.3522  14.3793  15.4064  16.4335  17.4606  18.4877  19.5148  20.5418  11.0013  11.5252  23.6231  24.6502  
1.86996  0.0778809  4.97748  0.935663  2.61936  6.16255  7.18965  8.21674  4.71486  10.2709  11.298  12.3251  13.3522  14.3793  15.4064  16.4335  17.4606  18.4877  19.5148  20.5418  11.0013  11.5252  23.6231  24.6502  
1.63816  0.0771735  5.91067  0.930587  2.61936  6.16255  7.18965  8.21674  4.71486  10.2709  11.298  12.3251  13.3522  14.3793  15.4064  16.4335  17.4606  18.4877  19.5148  20.5418  11.0013  11.5252  23.6231  24.6502  
1.90741  0.0165342  4.65132  0.924734  2.61936  6.16255  7.18965  8.21674  4.71486  10.2709  11.298  12.3251  13.3522  14.3793  15.4064  16.4335  17.4606  18.4877  19.5148  20.5418  11.0013  11.5252  23.6231  24.6502  
1.66834  0.0662468  5.53522  0.625629  2.61936  6.16255  7.18965  8.21674  4.71486  10.2709  11.298  12.3251  13.3522  14.3793  15.4064  16.4335  17.4606  18.4877  19.5148  20.5418  11.0013  11.5252  23.6231  24.6502  
1.78206  0.0536911  4.96664  0.621104  2.61936  6.16255  7.18965  8.21674  4.71486  10.2709  11.298  12.3251  13.3522  14.3793  15.4064  16.4335  17.4606  18.4877  19.5148  20.5418  11.0013  11.5252  23.6231  24.6502  
1.52008  0.0635567  5.99112  0.264076  2.61936  6.16255  7.18965  8.21674  4.71486  10.2709  11.298  12.3251  13.3522  14.3793  15.4064  16.4335  17.4606  18.4877  19.5148  20.5418  11.0013  11.5252  23.6231  24.6502  
1.99997  0.0434326  4.05013  0.909388  2.61936  6.16255  7.18965  8.21674  4.71486  10.2709  11.298  12.3251  13.3522  14.3793  15.4064  16.4335  17.4606  18.4877  19.5148  20.5418  11.0013  11.5252  23.6231  24.6502  
1.74925  0.153507  5.03572  0.97009  2.61936  6.16255  7.18965  8.21674  4.71486  10.2709  11.298  12.3251  13.3522  14.3793  15.4064  16.4335  17.4606  18.4877  19.5148  20.5418  11.0013  11.5252  23.6231  24.6502  
1.86652  0.0371881  4.41997  0.927758  2.61936  6.16255  7.18965  8.21674  4.71486  10.2709  11.298  12.3251  13.3522  14.3793  15.4064  16.4335  17.4606  18.4877  19.5148  20.5418  11.0013  11.5252  23.6231  24.6502  
1.568  0.0778006  5.58424  0.905831  2.61936  6.16255  7.18965  8.21674  4.71486  10.2709  11.298  12.3251  13.3522  14.3793  15.4064  16.4335  17.4606  18.4877  19.5148  20.5418  11.0013  11.5252  23.6231  24.6502  
1.9372  0.0741213  4.02921  0.863187  2.61936  6.16255  7.18965  8.21674  4.71486  10.2709  11.298  12.3251  13.3522  14.3793  15.4064  16.4335  17.4606  18.4877  19.5148  20.5418  11.0013  11.5252  23.6231  24.6502  
1.61517  0.0524249  5.19416  0.933461  2.61936  6.16255  7.18965  8.21674  4.71486  10.2709  11.298  12.3251  13.3522  14.3793  15.4064  16.4335  17.4606  18.4877  19.5148  20.5418  11.0013  11.5252  23.6231  24.6502  
1.77551  0.0720777  4.49296  0.928279  2.61936  6.16255  7.18965  8.21674  4.71486  10.2709  11.298  12.3251  13.3522  14.3793  15.4064  16.4335  17.4606  18.4877  19.5148  20.5418  11.0013  11.5252  23.6231  24.6502  
1.43447  0.0975149  5.88464  0.924041  2.61936  6.16255  7.18965  8.21674  4.71486  10.2709  11.298  12.3251  13.3522  14.3793  15.4064  16.4335  17.4606  18.4877  19.5148  20.5418  11.0013  11.5252  23.6231  24.6502  
1.9736  0.10966  3.66704  0.912227  2.61936  6.16255  7.18965  8.21674  4.71486  10.2709  11.298  12.3251  13.3522  14.3793  15.4064  16.4335  17.4606  18.4877  19.5148  20.5418  11.0013  11.5252  23.6231  24.6502  
1.61717  0.0767173  4.86374  0.942605  2.61936  6.16255  7.18965  8.21674  4.71486  10.2709  11.298  12.3251  13.3522  14.3793  15.4064  16.4335  17.4606  18.4877  19.5148  20.5418  11.0013  11.5252  23.6231  24.6502  
1.80071  0.100053  4.03611  0.607912  2.61936  6.16255  7.18965  8.21674  4.71486  10.2709  11.298  12.3251  13.3522  14.3793  15.4064  16.4335  17.4606  18.4877  19.5148  20.5418  11.0013  11.5252  23.6231  24.6502  
1.39731  0.0400247  5.53309  0.611082  2.61936  6.16255  7.18965  8.21674  4.71486  10.2709  11.298  12.3251  13.3522  14.3793  15.4064  16.4335  17.4606  18.4877  19.5148  20.5418  11.0013  11.5252  23.6231  24.6502  
1.87896  0.0723914  3.6792  0.884107  2.61936  6.16255  7.18965  8.21674  4.71486  10.2709  11.298  12.3251  13.3522  14.3793  15.4064  16.4335  17.4606  18.4877  19.5148  20.5418  11.0013  11.5252  23.6231  24.6502  
1.46512  0.0660355  4.94077  0.250461  2.61936  6.16255  7.18965  8.21674  4.71486  10.2709  11.298  12.3251  13.3522  14.3793  15.4064  16.4335  17.4606  18.4877  19.5148  20.5418  11.0013  11.5252  23.6231  24.6502  
1.66706  0.0582333  4.0858  0.330789  2.61936  6.16255  7.18965  8.21674  4.71486  10.2709  11.298  12.3251  13.3522  14.3793  15.4064  16.4335  17.4606  18.4877  19.5148  20.5418  11.0013  11.5252  23.6231  24.6502  
1.23735  0.0469193  5.917  0.447852  2.61936  6.16255  7.18965  8.21674  4.71486  10.2709  11.298  12.3251  13.3522  14.3793  15.4064  16.4335  17.4606  18.4877  19.5148  20.5418  11.0013  11.5252  23.6231  24.6502  
1.98356  0.0846942  2.95348  0.363327  2.61936  6.16255  7.18965  8.21674  4.71486  10.2709  11.298  12.3251  13.3522  14.3793  15.4064  16.4335  17.4606  18.4877  19.5148  20.5418  11.0013  11.5252  23.6231  24.6502  
1.54974  0.0458562  4.36836  0.902518  2.61936  6.16255  7.18965  8.21674  4.71486  10.2709  11.298  12.3251  13.3522  14.3793  15.4064  16.4335  17.4606  18.4877  19.5148  20.5418  11.0013  11.5252  23.6231  24.6502  
1.77892  0.0497482  3.39606  0.335603  2.61936  6.16255  7.18965  8.21674  4.71486  10.2709  11.298  12.3251  13.3522  14.3793  15.4064  16.4335  17.4606  18.4877  19.5148  20.5418  11.0013  11.5252  23.6231  24.6502  
1.27445  0.0127938  5.11733  0.265252  2.61936  6.16255  7.18965  8.21674  4.71486  10.2709  11.298  12.3251  13.3522  14.3793  15.4064  16.4335  17.4606  18.4877  19.5148  20.5418  11.0013  11.5252  23.6231  24.6502  
1.88166  0.0597525  2.90579  0.142478  2.61936  6.16255  7.18965  8.21674  4.71486  10.2709  11.298  12.3251  13.3522  14.3793  15.4064  16.4335  17.4606  18.4877  19.5148  20.5418  11.0013  11.5252  23.6231  24.6502  
1.36592  0.0297963  4.65132  0.926425  2.61936  6.16255  7.18965  8.21674  4.71486  10.2709  11.298  12.3251  13.3522  14.3793  15.4064  16.4335  17.4606  18.4877  19.5148  20.5418  11.0013  11.5252  23.6231  24.6502  
1.63135  0.0435882  3.50347  0.332122  2.61936  6.16255  7.18965  8.21674  4.71486  10.2709  11.298  12.3251  13.3522  14.3793  15.4064  16.4335  17.4606  18.4877  19.5148  20.5418  11.0013  11.5252  23.6231  24.6502  
1.2612  1.06453  5.80627  0.930171  2.61936  6.16255  7.18965  8.21674  4.71486  10.2709  11.298  12.3251  13.3522  14.3793  15.4064  16.4335  17.4606  18.4877  19.5148  20.5418  11.0013  11.5252  23.6231  24.6502  
1.92272  0.0346751  2.68748  0.865412  2.61936  6.16255  7.18965  8.21674  4.71486  10.2709  11.298  12.3251  13.3522  14.3793  15.4064  16.4335  17.4606  18.4877  19.5148  20.5418  11.0013  11.5252  23.6231  24.6502  
1.38272  0.0563278  4.15432  0.893552  2.61936  6.16255  7.18965  8.21674  4.71486  10.2709  11.298  12.3251  13.3522  14.3793  15.4064  16.4335  17.4606  18.4877  19.5148  20.5418  11.0013  11.5252  23.6231  24.6502  
1.68029  0.0780496  3.19616  0.957918  2.61936  6.16255  7.18965  8.21674  4.71486  10.2709  11.298  12.3251  13.3522  14.3793  15.4064  16.4335  17.4606  18.4877  19.5148  20.5418  11.0013  11.5252  23.6231  24.6502  
1.05622  0.0356257  5.28311  0.628021  2.61936  6.16255  7.18965  8.21674  4.71486  10.2709  11.298  12.3251  13.3522  14.3793  15.4064  16.4335  17.4606  18.4877  19.5148  20.5418  11.0013  11.5252  23.6231  24.6502  
1.80641  0.0687988  2.66693  0.735303  2.61936  6.16255  7.18965  8.21674  4.71486  10.2709  11.298  12.3251  13.3522  14.3793  15.4064  16.4335  17.4606  18.4877  19.5148  20.5418  11.0013  11.5252  23.6231  24.6502  
1.15884  0.0558059  4.39213  0.326613  2.61936  6.16255  7.18965  8.21674  4.71486  10.2709  11.298  12.3251  13.3522  14.3793  15.4064  16.4335  17.4606  18.4877  19.5148  20.5418  11.0013  11.5252  23.6231  24.6502  
1.48626  0.0356517  3.30466  0.864305  2.61936  6.16255  7.18965  8.21674  4.71486  10.2709  11.298  12.3251  13.3522  14.3793  15.4064  16.4335  17.4606  18.4877  19.5148  20.5418  11.0013  11.5252  23.6231  24.6502  
0.865445  0.0728376  5.98364  0.39335  2.61936  6.16255  7.18965  8.21674  4.71486  10.2709  11.298  12.3251  13.3522  14.3793  15.4064  16.4335  17.4606  18.4877  19.5148  20.5418  11.0013  11.5252  23.6231  24.6502  
1.99994  0.0354763  1.85362  0.280564  2.61936  6.16255  7.18965  8.21674  4.71486  10.2709  11.298  12.3251  13.3522  14.3793  15.4064  16.4335  17.4606  18.4877  19.5148  20.5418  11.0013  11.5252  23.6231  24.6502  
1.42174  0.0235498  2.99433  0.156151  2.61936  6.16255  7.18965  8.21674  4.71486  10.2709  11.298  12.3251  13.3522  14.3793  15.4064  16.4335  17.4606  18.4877  19.5148  20.5418  11.0013  11.5252  23.6231  24.6502  
1.75415  0.00797173  2.19141  0.259275  2.61936  6.16255  7.18965  8.21674  4.71486  10.2709  11.298  12.3251  13.3522  14.3793  15.4064  16.4335  17.4606  18.4877  19.5148  20.5418  11.0013  11.5252  23.6231  24.6502  
1.1735  1.04035  4.28459  0.774796  2.61936  6.16255  7.18965  8.21674  4.71486  10.2709  11.298  12.3251  13.3522  14.3793  15.4064  16.4335  17.4606  18.4877  19.5148  20.5418  11.0013  11.5252  23.6231  24.6502  
1.90036  0.100461  1.80697  0.258537  2.61936  6.16255  7.18965  8.21674  4.71486  10.2709  11.298  12.3251  13.3522  14.3793  15.4064  16.4335  17.4606  18.4877  19.5148  20.5418  11.0013  11.5252  23.6231  24.6502  
1.16935  0.0230906  3.2959  0.38341  2.61936  6.16255  7.18965  8.21674  4.71486  10.2709  11.298  12.3251  13.3522  14.3793  15.4064  16.4335  17.4606  18.4877  19.5148  20.5418  11.0013  11.5252  23.6231  24.6502  
1.58197  0.059856  2.3651  0.840103  2.61936  6.16255  7.18965  8.21674  4.71486  10.2709  11.298  12.3251  13.3522  14.3793  15.4064  16.4335  17.4606  18.4877  19.5148  20.5418  11.0013  11.5252  23.6231  24.6502  
0.756125  0.0515379  4.92309  0.335636  2.61936  6.16255  7.18965  8.21674  4.71486  10.2709  11.298  12.3251  13.3522  14.3793  15.4064  16.4335  17.4606  18.4877  19.5148  20.5418  11.0013  11.5252  23.6231  24.6502  
1.96204  0.131524  1.62051  0.877932  2.61936  6.16255  7.18965  8.21674  4.71486  10.2709  11.298  12.3251  13.3522  14.3793  15.4064  16.4335  17.4606  18.4877  19.5148  20.5418  11.0013  11.5252  23.6231  24.6502  
1.23489  0.0398615  2.71789  0.62392  2.61936  6.16255  7.18965  8.21674  4.71486  10.2709  11.298  12.3251  13.3522  14.3793  15.4064  16.4335  17.4606  18.4877  19.5148  20.5418  11.0013  11.5252  23.6231  24.6502  
1.665  0.0998978  1.79539  0.365742  2.61936  6.16255  7.18965  8.21674  4.71486  10.2709  11.298  12.3251  13.3522  14.3793  15.4064  16.4335  17.4606  18.4877  19.5148  20.5418  11.0013  11.5252  23.6231  24.6502  
0.744337  0.0392794  4.07229  0.326225  2.61936  6.16255  7.18965  8.21674  4.71486  10.2709  11.298  12.3251  13.3522  14.3793  15.4064  16.4335  17.4606  18.4877  19.5148  20.5418  11.0013  11.5252  23.6231  24.6502  
1.81899  0.0660639  1.43296  0.375153  2.61936  6.16255  7.18965  8.21674  4.71486  10.2709  11.298  12.3251  13.3522  14.3793  15.4064  16.4335  17.4606  18.4877  19.5148  20.5418  11.0013  11.5252  23.6231  24.6502  
0.933778  0.0396415  2.90653  0.289974  2.61936  6.16255  7.18965  8.21674  4.71486  10.2709  11.298  12.3251  13.3522  14.3793  15.4064  16.4335  17.4606  18.4877  19.5148  20.5418  11.0013  11.5252  23.6231  24.6502  
1.43811  0.0663513  1.79489  0.377855  2.61936  6.16255  7.18965  8.21674  4.71486  10.2709  11.298  12.3251  13.3522  14.3793  15.4064  16.4335  17.4606  18.4877  19.5148  20.5418  11.0013  11.5252  23.6231  24.6502  
0.501295  0.0582568  5.41578  0.949865  2.61936  6.16255  7.18965  8.21674  4.71486  10.2709  11.298  12.3251  13.3522  14.3793  15.4064  16.4335  17.4606  18.4877  19.5148  20.5418  11.0013  11.5252  23.6231  24.6502  
1.97881  0.0738453  0.983664  0.252029  2.61936  6.16255  7.18965  8.21674  4.71486  10.2709  11.298  12.3251  13.3522  14.3793  15.4064  16.4335  17.4606  18.4877  19.5148  20.5418  11.0013  11.5252  23.6231  24.6502  
1.23054  0.0603731  1.81199  0.381906  2.61936  6.16255  7.18965  8.21674  4.71486  10.2709  11.298  12.3251  13.3522  14.3793  15.4064  16.4335  17.4606  18.4877  19.5148  20.5418  11.0013  11.5252  23.6231  24.6502  
1.68654  0.0630735  1.16537  0.298144  2.61936  6.16255  7.18965  8.21674  4.71486  10.2709  11.298  12.3251  13.3522  14.3793  15.4064  16.4335  17.4606  18.4877  19.5148  20.5418  11.0013  11.5252  23.6231  24.6502  
0.646514  0.0578714  2.92186  0.272647  2.61936  6.16255  7.18965  8.21674  4.71486  10.2709  11.298  12.3251  13.3522  14.3793  15.4064  16.4335  17.4606  18.4877  19.5148  20.5418  11.0013  11.5252  23.6231  24.6502  
1.84543  0.0439424  0.848387  0.112962  2.61936  6.16255  7.18965  8.21674  4.71486  10.2709  11.298  12.3251  13.3522  14.3793  15.4064  16.4335  17.4606  18.4877  19.5148  20.5418  11.0013  11.5252  23.6231  24.6502  
0.900737  0.0232548  1.84945  0.262365  2.61936  6.16255  7.18965  8.21674  4.71486  10.2709  11.298  12.3251  13.3522  14.3793  15.4064  16.4335  17.4606  18.4877  19.5148  20.5418  11.0013  11.5252  23.6231  24.6502  
1.46757  0.068174  1.06141  0.25182  2.61936  6.16255  7.18965  8.21674  4.71486  10.2709  11.298  12.3251  13.3522  14.3793  15.4064  16.4335  17.4606  18.4877  19.5148  20.5418  11.0013  11.5252  23.6231  24.6502  
0.350839  0.0504061  4.03235  0.335602  2.61936  6.16255  7.18965  8.21674  4.71486  10.2709  11.298  12.3251  13.3522  14.3793  15.4064  16.4335  17.4606  18.4877  19.5148  20.5418  11.0013  11.5252  23.6231  24.6502  
1.91111  0.0352332  0.611625  0.215451  2.61936  6.16255  7.18965  8.21674  4.71486  10.2709  11.298  12.3251  13.3522  14.3793  15.4064  16.4335  17.4606  18.4877  19.5148  20.5418  11.0013  11.5252  23.6231  24.6502  
1.03233  0.0528535  1.16895  0.203538  2.61936  6.16255  7.18965  8.21674  4.71486  10.2709  11.298  12.3251  13.3522  14.3793  15.4064  16.4335  17.4606  18.4877  19.5148  20.5418  11.0013  11.5252  23.6231  24.6502  
1.56964  0.0340717  0.675468  0.17382  2.61936  6.16255  7.18965  8.21674  4.71486  10.2709  11.298  12.3251  13.3522  14.3793  15.4064  16.4335  17.4606  18.4877  19.5148  20.5418  11.0013  11.5252  23.6231  24.6502  
0.387062  0.0119237  2.24482  0.160808  2.61936  6.16255  7.18965  8.21674  4.71486  10.2709  11.298  12.3251  13.3522  14.3793  15.4064  16.4335  17.4606  18.4877  19.5148  20.5418  11.0013  11.5252  23.6231  24.6502  
1.76303  0.0428695  0.439922  0.0823348  2.61936  6.16255  7.18965  8.21674  4.71486  10.2709  11.298  12.3251  13.3522  14.3793  15.4064  16.4335  17.4606  18.4877  19.5148  20.5418  11.0013  11.5252  23.6231  24.6502  
0.674887  0.00670633  1.04799  0.154868  2.61936  6.16255  7.18965  8.21674  4.71486  10.2709  11.298  12.3251  13.3522  14.3793  15.4064  16.4335  17.4606  18.4877  19.5148  20.5418  11.0013  11.5252  23.6231  24.6502  
1.3129  0.0206328  0.458066  0.0042368  2.61936  6.16255  7.18965  8.21674  4.71486  10.2709  11.298  12.3251  13.3522  14.3793  15.4064  16.4335  17.4606  18.4877  19.5148  20.5418  11.0013  11.5252  23.6231  24.6502  
0.115471  0.0247606  4.45297  0.275904  2.61936  6.16255  7.18965  8.21674  4.71486  10.2709  11.298  12.3251  13.3522  14.3793  15.4064  16.4335  17.4606  18.4877  19.5148  20.5418  11.0013  11.5252  23.6231  24.6502  
1.99069  0.066234  0.200343  0.154414  2.61936  6.16255  7.18965  8.21674  4.71486  10.2709  11.298  12.3251  13.3522  14.3793  15.4064  16.4335  17.4606  18.4877  19.5148  20.5418  11.0013  11.5252  23.6231  24.6502  
1.20792  0.0683552  0.311136  0.25935  2.61936  6.16255  7.18965  8.21674  4.71486  10.2709  11.298  12.3251  13.3522  14.3793  15.4064  16.4335  17.4606  18.4877  19.5148  20.5418  11.0013  11.5252  23.6231  24.6502  
1.69246  0.0319634  0.0564555  0.168105  2.61936  6.16255  7.18965  8.21674  4.71486  10.2709  11.298  12.3251  13.3522  14.3793  15.4064  16.4335  17.4606  18.4877  19.5148  20.5418  11.0013  11.5252  23.6231  24.6502  
0.52784  0.00150005  0.235479  0.258222  2.61936  6.16255  7.18965  8.21674  4.71486  10.2709  11.298  12.3251  13.3522  14.3793  15.4064  16.4335  17.4606  18.4877  19.5148  20.5418  11.0013  11.5252  23.6231  24.6502  
