0.702  1.404  2.106  2.808  2.8648e-17  2.37e-16  3.43847e-16  1.48782e-16  1.10967e-16  1.58753e-17  22  1.45538e-16  26  28  8.30957e-17  1.07127e-16  2.49392e-17  1.01192e-15  1.88056e-15  7.67805e-15  2.37266e-15  5.34625e-16  8.43836e-17  2.51986e-18  
0.716859  1.40607  2.10918  2.81031  8.73307e-17  7.49309e-17  2.44424e-16  2.26611e-16  7.6872e-17  2.46346e-18  22  3.11803e-17  26  28  6.4659e-17  8.20834e-18  2.56298e-17  2.27188e-18  9.41264e-16  9.85409e-18  1.18579e-15  3.79231e-17  7.46937e-17  8.20625e-18  
0.717559  1.40505  2.14005  2.83997  1.71152e-16  9.81652e-17  2.95308e-16  2.21966e-16  7.12132e-17  1.72352e-17  22  3.02015e-16  26  28  6.67128e-17  4.90689e-17  2.44133e-17  8.78759e-17  1.13526e-17  1.22641e-16  9.21879e-15  2.97711e-17  2.88654e-17  1.4497e-17  
0.718744  1.40828  2.10592  2.87869  6.49084e-16  2.11041e-16  1.00612e-15  3.00297e-16  8.1296e-16  7.20065e-17  22  2.46226e-16  26  28  6.51954e-17  6.06685e-17  2.87032e-17  6.24488e-17  2.39557e-16  6.26199e-16  2.87229e-14  5.55702e-17  5.46517e-17  2.08698e-17  
0.694771  1.40492  2.10877  2.65233  8.72916e-17  1.36042e-16  3.08219e-16  1.46853e-16  9.46357e-17  1.90224e-18  22  5.12345e-17  26  28  6.4175e-17  4.15334e-17  1.30834e-16  1.00164e-15  7.84998e-16  1.25128e-15  1.80633e-15  3.38904e-17  3.9084e-17  2.70309e-17  
0.703792  1.40506  2.14391  2.6277  2.20027e-16  9.85454e-17  3.10419e-16  1.33553e-15  8.95412e-16  6.86263e-17  22  2.09228e-15  26  28  6.69611e-17  4.94268e-17  1.99251e-16  8.78763e-17  9.17352e-16  1.25056e-15  7.24479e-15  3.21839e-17  4.98009e-16  2.98602e-17  
0.718711  1.40908  2.10568  2.87876  4.35803e-15  2.14229e-16  2.45006e-16  5.14669e-16  7.73404e-17  2.81393e-17  22  3.20032e-17  26  28  6.46282e-17  8.23583e-18  2.68407e-17  1.13859e-17  5.78048e-15  6.22089e-18  1.15803e-15  3.54414e-17  7.65991e-17  1.52474e-17  
0.702183  1.40846  1.94249  2.94508  6.27507e-16  2.19576e-16  2.06578e-16  1.59928e-15  3.85813e-16  7.23819e-17  22  2.56813e-16  26  28  6.458e-17  5.5374e-17  2.10831e-17  5.99034e-17  5.78346e-16  8.50949e-16  2.43535e-14  6.36691e-16  5.24904e-16  1.44597e-17  
0.844899  1.40674  2.10866  2.8308  1.31501e-17  2.12906e-16  7.49579e-16  1.5125e-15  1.20399e-16  1.85865e-17  22  1.62705e-16  26  28  6.99303e-17  7.26483e-18  3.59572e-16  1.00374e-15  3.84902e-16  1.21084e-15  2.73667e-15  3.51578e-17  5.54266e-17  2.74046e-17  
0.702301  1.40351  2.10616  2.80798  1.94464e-16  2.22842e-16  6.243e-16  9.76123e-17  1.33315e-15  7.2801e-17  22  2.52475e-16  26  28  6.32936e-17  4.05304e-17  1.67535e-17  1.4713e-15  3.58653e-16  1.0941e-16  7.21138e-15  5.78572e-16  2.4796e-16  1.42674e-17  
0.71894  1.5323  1.94247  2.87865  5.44261e-16  1.06897e-16  2.22709e-16  3.19874e-16  3.86889e-16  7.04711e-17  22  6.61389e-18  26  28  6.51657e-17  1.35056e-18  2.09854e-17  5.65581e-17  1.95386e-17  5.31014e-16  1.33902e-15  5.73969e-16  5.41237e-17  1.19632e-17  
0.717536  1.40553  2.10513  2.80986  2.64377e-17  9.36213e-17  1.62359e-16  1.72869e-16  6.33412e-17  1.60235e-17  22  3.25064e-17  26  28  5.61921e-17  6.92907e-19  1.8341e-17  1.55975e-16  7.99216e-17  4.98707e-16  2.31481e-15  3.60702e-17  6.12658e-17  9.23453e-18  
0.837482  1.40542  1.93404  2.81203  4.13428e-17  8.00756e-17  2.66281e-16  1.79513e-16  1.96166e-16  1.40076e-17  22  1.94244e-15  26  28  6.66968e-17  1.95363e-18  2.13786e-17  1.45622e-16  2.62567e-16  1.11519e-16  1.61246e-15  1.00667e-17  9.35862e-18  3.03706e-17  
0.702287  1.40341  2.11665  3.02787  3.88371e-17  2.22842e-16  3.25343e-16  9.59261e-17  1.8283e-16  7.27228e-17  22  2.50023e-16  26  28  6.32937e-17  4.05304e-17  2.34925e-19  1.83431e-16  3.50697e-16  1.66202e-17  2.61621e-15  5.5415e-16  6.37464e-17  1.18828e-17  
0.827638  1.40648  2.34395  2.62901  2.68623e-16  1.3148e-16  3.73465e-16  1.81408e-16  1.77232e-16  1.85124e-17  22  1.92035e-15  26  28  6.68348e-17  1.39081e-17  1.06996e-16  4.57232e-17  4.05676e-16  2.08421e-16  2.50011e-14  3.78973e-17  4.69533e-17  2.90838e-17  
0.701564  1.40657  2.10692  2.83213  1.28198e-16  1.33217e-16  3.09086e-16  1.21781e-16  4.82333e-17  1.66046e-17  22  4.18493e-17  26  28  6.40215e-17  5.15321e-17  1.51654e-17  6.89854e-18  5.73789e-16  1.54899e-16  5.02982e-16  1.25425e-17  3.93485e-17  4.59649e-18  
0.667112  1.40532  2.10482  2.78714  3.92465e-17  1.27439e-16  3.10123e-16  7.0093e-17  5.73646e-17  1.73239e-17  22  1.94224e-15  26  28  5.7743e-17  1.95157e-18  2.14891e-17  1.45625e-16  3.14111e-16  3.4298e-16  2.5868e-14  4.18369e-17  5.01857e-16  3.0371e-17  
0.702925  1.40315  2.1058  2.87934  4.20823e-17  2.11071e-16  3.04538e-16  7.87871e-17  6.76635e-17  7.95487e-17  22  2.4619e-16  26  28  6.4334e-17  3.91988e-17  5.17661e-20  2.10669e-16  9.4001e-16  1.66202e-17  2.61621e-15  5.52958e-16  6.40343e-17  1.80253e-17  
0.667733  1.40551  2.10482  3.0208  2.11424e-16  2.20094e-16  1.68629e-16  1.57323e-16  2.16614e-16  7.35114e-17  22  4.47239e-17  26  28  6.68062e-17  8.53105e-18  1.07783e-16  1.5694e-16  4.24752e-16  2.59306e-16  5.1472e-16  4.16847e-17  1.18303e-17  3.04106e-17  
0.701564  1.40658  2.40628  2.83213  1.02824e-15  1.02845e-16  6.56816e-18  2.25518e-16  3.78388e-17  1.57242e-17  22  5.20697e-17  26  28  6.42198e-17  5.02523e-17  1.13532e-16  1.04585e-15  5.73852e-16  9.54434e-16  3.9616e-15  3.05141e-17  6.88754e-17  6.75004e-18  
0.701541  1.40366  2.11104  2.81282  1.02656e-15  1.33282e-16  0  1.6274e-15  1.07071e-16  7.56457e-17  22  4.57289e-16  26  28  6.68047e-17  4.63008e-17  1.08491e-16  9.85721e-17  4.99729e-15  1.42247e-15  2.69159e-14  2.27118e-16  3.90461e-17  3.18363e-17  
0.701552  1.2344  2.11055  2.81199  3.8924e-17  1.34273e-16  4.47198e-15  1.64999e-16  3.12254e-16  1.56449e-17  22  1.88549e-15  26  28  6.65426e-17  7.88748e-18  2.14891e-17  1.66254e-16  2.60222e-16  3.49981e-16  4.96957e-15  3.01962e-17  2.27652e-16  3.04652e-17  
0.701541  1.40366  2.11638  3.0229  5.94523e-17  8.53647e-17  2.22127e-18  7.67922e-16  9.30945e-17  2.17908e-17  22  2.26518e-17  26  28  6.43046e-17  2.6029e-18  1.74342e-17  1.29205e-17  1.02425e-15  1.11303e-16  4.06385e-16  5.62943e-17  5.71247e-17  1.47507e-17  
0.701537  1.24545  2.11666  3.02787  1.27909e-15  2.22852e-16  3.24978e-16  9.37931e-17  9.49393e-16  7.96594e-17  22  3.75865e-17  26  28  6.4998e-17  4.06049e-17  2.53714e-18  2.99703e-15  9.40852e-16  2.8007e-17  2.75119e-15  5.74702e-16  6.42551e-17  3.05096e-17  
0.701532  1.40674  2.10509  2.87435  1.99544e-16  2.19521e-16  6.37559e-16  1.62544e-16  1.13212e-16  2.28452e-17  22  2.13407e-16  26  28  6.42077e-17  2.24055e-17  1.06481e-16  1.47047e-15  3.5296e-16  9.82418e-16  4.98334e-15  7.61195e-16  6.08525e-16  2.73447e-17  
0.701541  1.40551  2.10745  2.80649  2.26348e-16  2.1412e-16  6.82401e-16  2.81083e-16  2.1176e-16  7.36999e-17  22  1.63217e-18  26  28  6.49682e-17  1.34074e-17  1.074e-16  3.53483e-17  4.23232e-16  1.24748e-16  2.15088e-21  3.07607e-17  6.85722e-17  2.20338e-18  
0.717258  1.4064  2.09513  2.79393  8.69433e-17  9.84661e-17  5.70036e-16  1.50316e-16  7.12433e-17  1.71468e-17  22  3.91907e-17  26  28  5.67699e-17  1.31049e-17  1.02943e-16  9.44018e-17  3.16974e-16  2.95336e-16  3.38256e-15  8.16251e-16  1.55226e-17  1.45097e-17  
0.701135  1.40673  2.03068  2.82112  1.12525e-17  2.18732e-16  1.45835e-16  0  2.76371e-17  7.47963e-17  22  5.44885e-17  26  28  6.41551e-17  1.74517e-17  1.01824e-16  1.57072e-15  3.81302e-16  8.78793e-16  4.76817e-15  5.92336e-16  5.59157e-16  9.24597e-18  
0.717547  1.40609  2.09685  2.81573  2.23162e-16  1.27143e-16  3.10411e-16  1.81813e-16  1.5953e-15  7.52459e-17  22  2.17881e-15  26  28  6.67436e-17  1.85067e-17  2.04213e-16  1.53919e-15  2.43908e-16  1.2444e-15  2.06021e-15  3.2194e-17  6.38413e-16  3.02742e-17  
0.701098  1.40653  2.35108  2.80886  1.95339e-17  1.28607e-16  3.5181e-15  1.50867e-16  4.27707e-17  2.18992e-17  22  4.44572e-17  26  28  6.40274e-17  2.13178e-18  7.13316e-18  3.87713e-17  3.01692e-16  5.27391e-17  9.78779e-15  2.38617e-17  2.72892e-17  3.97823e-18  
0.701144  1.40545  2.32373  2.63141  4.77557e-17  2.1466e-16  6.96864e-16  3.27249e-17  2.10221e-16  1.39421e-17  22  5.95232e-18  26  28  6.42735e-17  1.28844e-17  3.68129e-18  2.16132e-17  4.23697e-16  1.07394e-17  1.49335e-15  1.04176e-17  3.12541e-17  3.64392e-18  
0.71586  1.40181  2.11047  2.82953  3.97281e-17  8.3262e-17  2.20235e-15  1.78077e-16  5.34209e-17  1.49591e-17  22  7.16559e-17  26  28  6.64764e-17  8.12656e-18  2.03678e-18  1.21435e-17  3.67499e-16  3.38616e-16  6.30557e-15  2.24658e-17  1.33654e-17  2.75871e-17  
0.702076  1.40183  2.10942  2.80764  4.96717e-17  2.15454e-16  1.3609e-16  2.11456e-16  7.14733e-17  2.00913e-17  22  1.2584e-16  26  28  6.46059e-17  9.44582e-18  2.03329e-17  1.01243e-15  3.23279e-16  8.81463e-16  3.003e-16  5.99967e-17  1.17881e-17  2.91365e-18  
0.698366  1.4064  2.09513  2.79393  1.43195e-17  9.61489e-17  4.77836e-16  1.15151e-16  3.06326e-17  1.71006e-17  22  2.30085e-17  26  28  5.64456e-17  4.69458e-17  1.91649e-17  8.92838e-17  3.16572e-16  7.57195e-17  3.97111e-15  4.6832e-17  2.30609e-18  4.11002e-18  
0.677409  1.40189  2.09417  2.62269  1.26316e-17  9.61302e-17  4.73177e-17  4.81709e-17  3.26996e-18  1.81807e-17  22  4.43688e-17  26  28  6.46856e-17  7.23599e-18  2.06251e-18  5.28449e-17  3.55302e-16  5.31405e-18  4.47707e-15  3.34791e-17  2.90838e-17  1.47482e-18  
0.695306  1.37413  2.10564  2.79672  1.04898e-17  8.13866e-17  1.47364e-16  9.94105e-17  8.73378e-17  4.61967e-18  22  1.79448e-17  26  28  6.45214e-17  4.56075e-17  3.75709e-18  1.24916e-17  8.65574e-17  8.33367e-17  3.88845e-16  1.97857e-17  2.36003e-16  1.65835e-17  
0.715594  1.40188  2.10516  2.90214  4.03609e-17  8.29099e-17  1.59454e-17  1.31954e-16  5.32935e-17  2.23126e-17  22  2.93145e-17  26  28  5.56766e-17  8.14391e-18  2.04542e-18  1.23347e-17  3.85824e-16  6.36004e-17  4.7993e-15  4.8232e-17  1.49764e-17  4.0809e-18  
0.701128  1.4067  2.35121  2.80617  8.54384e-17  1.2958e-16  2.53848e-16  1.5327e-16  3.38926e-16  1.85879e-17  22  3.93464e-17  26  28  5.782e-17  5.53328e-17  1.71132e-17  8.0429e-17  5.78839e-16  3.05637e-17  5.01792e-15  5.39641e-16  8.40539e-17  1.45229e-17  
0.701072  1.40671  2.34769  2.80614  1.96116e-16  1.3743e-16  6.32309e-16  1.49511e-16  3.35362e-16  6.39718e-17  22  2.18265e-16  26  28  5.78367e-17  2.24591e-17  1.54193e-17  7.45196e-18  5.75207e-16  5.31234e-17  3.46663e-16  7.52644e-18  7.31837e-17  1.45969e-17  
0.699356  1.40489  2.32559  2.63272  1.62012e-17  1.03335e-16  2.63086e-16  1.43013e-16  4.14096e-17  7.69605e-17  22  4.34259e-17  26  28  5.583e-17  2.64427e-18  1.3151e-16  2.38575e-17  5.34054e-16  6.27719e-17  4.71965e-15  2.82891e-17  2.40145e-17  1.3007e-17  
0.701109  1.36887  1.79411  2.80626  2.23419e-17  1.3999e-16  2.84635e-17  1.47507e-16  3.07973e-18  7.20347e-17  22  1.31908e-17  26  28  6.33954e-17  3.17543e-18  1.66157e-17  9.60186e-16  3.95582e-16  2.04758e-17  5.12306e-16  1.20441e-17  7.02017e-17  2.84884e-18  
0.700441  1.40506  2.0716  2.61685  1.79161e-16  7.07698e-17  6.7005e-16  1.90147e-16  3.78339e-17  1.21804e-17  22  3.04298e-16  26  28  6.66822e-17  1.14182e-17  7.05753e-18  2.15867e-17  3.47608e-16  2.35327e-17  1.49772e-15  5.55829e-17  9.14705e-18  6.86173e-19  
0.700552  1.37589  2.10513  2.8099  2.5882e-16  9.3927e-17  1.71835e-16  3.68514e-16  1.50236e-16  7.53217e-17  22  2.57107e-16  26  28  6.6942e-17  1.69033e-18  2.44919e-17  2.79349e-16  7.99217e-17  3.58093e-15  3.01628e-15  6.77642e-16  6.13999e-17  1.76503e-17  
0.703362  1.40769  2.10727  2.80069  5.00628e-17  2.15961e-16  3.18973e-16  2.04174e-16  2.19194e-17  1.60979e-17  22  1.25499e-16  26  28  5.76865e-17  6.35083e-18  4.32329e-17  4.20528e-17  1.47525e-17  8.78376e-16  5.11077e-16  5.80167e-17  1.04328e-17  5.99556e-18  
0.717559  1.40505  2.09931  2.6297  1.69678e-16  9.76011e-17  2.63096e-16  1.43089e-16  5.468e-17  1.89898e-17  22  1.75175e-17  26  28  6.43392e-17  2.70587e-18  4.19685e-18  2.30708e-17  1.14622e-17  1.73363e-17  9.07483e-15  2.78213e-17  2.40615e-17  2.94732e-18  
0.699646  1.4065  2.10509  2.87253  1.19477e-17  1.29555e-16  1.60009e-16  3.68923e-19  3.88031e-16  1.67288e-17  22  1.74068e-16  26  28  6.41549e-17  1.73405e-17  1.67347e-18  9.59752e-16  2.90778e-16  5.89726e-17  2.42712e-15  1.20615e-17  2.51269e-17  8.87222e-18  
0.699895  1.40627  2.0941  2.62269  1.26369e-17  9.75897e-17  2.5398e-16  7.06335e-17  1.09545e-17  1.89665e-17  22  2.29388e-17  26  28  6.51766e-17  2.1893e-17  1.856e-19  4.85375e-17  3.58099e-16  5.28111e-18  4.47798e-15  4.28659e-17  2.43657e-17  1.44924e-17  
0.669436  1.40543  1.93404  2.79959  4.79256e-17  1.00694e-16  5.66841e-16  1.18633e-16  4.31438e-17  1.4053e-17  22  1.97492e-17  26  28  6.67095e-17  3.89533e-18  3.67727e-18  2.16136e-17  2.67313e-16  1.07962e-16  1.54062e-15  1.05443e-17  3.10744e-17  2.94112e-18  
0.669179  1.40823  1.9436  2.79992  5.0424e-17  2.05962e-16  3.03972e-16  6.43022e-16  8.17466e-17  1.72156e-17  22  1.18592e-17  26  28  6.42795e-17  1.28776e-17  1.76483e-17  2.56733e-17  2.39802e-16  1.22119e-15  1.33607e-16  8.46614e-18  5.30385e-17  2.78134e-18  
0.845435  1.4063  2.10015  2.62291  1.33245e-17  9.61878e-17  4.57139e-17  1.39855e-16  1.11829e-17  1.5932e-17  22  2.29338e-17  26  28  5.63904e-17  4.3513e-17  2.22939e-19  2.77631e-15  4.22983e-16  6.41839e-17  4.14342e-15  3.20608e-17  1.51593e-18  1.4304e-17  
0.699862  1.40618  2.09513  2.62291  1.33244e-17  9.3004e-17  4.49054e-17  1.39855e-16  5.20134e-17  1.59286e-17  22  1.67561e-17  26  28  5.5995e-17  1.041e-17  1.55615e-19  4.52751e-17  4.22978e-16  6.17776e-17  1.68541e-16  2.9593e-17  1.76955e-17  1.41249e-17  
0.703527  1.40267  2.35758  2.79859  4.96849e-19  8.31422e-17  1.64458e-16  1.3633e-16  2.17626e-16  1.29556e-17  22  2.5185e-16  26  28  5.63749e-17  8.44595e-18  6.71796e-18  1.79464e-16  3.51076e-16  2.66364e-16  5.15235e-16  1.25207e-17  1.74325e-17  2.30788e-18  
0.699822  1.40648  2.3512  2.79432  7.95839e-16  1.286e-16  2.54067e-16  1.46214e-16  5.02118e-17  1.79722e-17  22  3.97404e-17  26  28  5.77301e-17  4.03834e-17  6.62135e-18  3.49321e-17  4.21055e-16  1.34443e-17  1.15047e-16  8.54183e-18  2.52294e-17  2.2654e-18  
0.703556  1.40267  2.36716  2.80075  3.87148e-17  2.11631e-16  3.03168e-16  1.35618e-15  3.11783e-17  1.93786e-17  22  1.17069e-17  26  28  6.42035e-17  6.50894e-18  2.01566e-17  1.78373e-16  1.94164e-16  9.17517e-19  1.15354e-15  3.02835e-17  4.61172e-18  1.40751e-17  
0.698322  1.4  2.10729  2.80649  2.0835e-16  2.22326e-16  3.44354e-16  2.04528e-16  2.16729e-16  1.64855e-17  22  4.61393e-17  26  28  5.77448e-17  8.63536e-18  2.98723e-17  1.51177e-16  3.55627e-16  2.75784e-16  8.66847e-16  3.55929e-17  2.89574e-17  2.00199e-18  
0.701541  1.40551  2.09985  2.80649  2.25935e-16  2.1412e-16  6.79218e-16  2.81095e-16  2.11772e-16  7.36997e-17  22  1.64264e-18  26  28  6.68239e-17  1.34075e-17  1.07174e-16  3.53483e-17  4.23233e-16  2.54968e-17  0  3.07606e-17  6.83219e-17  3.1507e-17  
0.700918  1.40828  2.21651  2.79897  3.88633e-17  1.29805e-16  8.20304e-16  1.60573e-15  1.70974e-15  1.80948e-17  22  1.7845e-15  26  28  7.03277e-17  5.44543e-17  2.56394e-16  1.00615e-15  5.09322e-15  5.79005e-15  2.30708e-15  4.89463e-17  6.37554e-16  1.41167e-16  
0.701072  1.40581  2.34769  2.79971  2.16738e-17  9.68106e-17  5.14396e-16  2.00236e-16  1.21495e-17  7.71543e-17  22  2.8807e-17  26  28  6.41704e-17  2.23658e-17  1.15715e-16  2.21044e-16  2.24359e-17  5.65377e-17  3.97233e-16  3.1558e-17  4.78507e-17  1.40841e-17  
0.699868  1.40189  2.0941  2.62269  1.26256e-17  9.61302e-17  4.54816e-17  4.91355e-17  2.66524e-18  1.81796e-17  22  4.37738e-17  26  28  6.4676e-17  7.23598e-18  2.07671e-18  4.83523e-17  3.55285e-16  5.30565e-18  4.47706e-15  3.34791e-17  1.78983e-18  1.47468e-18  
0.718437  1.40007  2.10946  2.79672  4.9713e-17  2.15449e-16  3.9375e-16  2.60907e-16  3.49915e-16  7.03138e-17  22  1.26918e-16  26  28  6.44167e-17  4.52523e-17  2.39047e-17  9.59708e-16  3.26438e-16  8.81613e-16  5.76271e-16  3.27258e-17  1.22066e-17  3.12921e-18  
0.700352  1.40944  2.04956  2.79831  4.84693e-17  2.05824e-16  2.88418e-16  5.38943e-17  7.54132e-17  7.95171e-17  22  4.84552e-17  26  28  6.42375e-17  1.21496e-17  4.25466e-18  8.74472e-17  6.30601e-15  9.69009e-18  3.91771e-16  5.59589e-17  7.4599e-17  1.77229e-17  
0.606382  1.37493  2.09941  2.80284  1.7224e-17  9.38137e-17  1.53108e-16  2.64283e-16  8.3415e-17  4.88045e-18  22  3.04309e-17  26  28  5.82791e-17  1.68713e-18  3.21835e-17  1.16375e-15  7.81181e-17  2.36306e-16  1.66248e-15  6.24157e-16  1.28972e-17  3.4212e-18  
0.699702  1.39913  2.10539  2.77502  1.01626e-17  9.84638e-17  2.62055e-16  9.56303e-17  7.00118e-17  2.35962e-17  22  1.97404e-17  26  28  5.77423e-17  2.28671e-18  6.60628e-18  4.59658e-17  3.69801e-17  1.08583e-16  3.29221e-16  8.11512e-18  5.8111e-17  1.54815e-17  
0.701541  1.40366  2.10009  2.79595  6.08202e-17  8.18366e-17  2.97775e-17  7.67922e-16  3.92802e-17  2.17908e-17  22  2.26518e-17  26  28  6.43046e-17  2.67797e-18  1.74342e-17  1.29205e-17  1.02425e-15  2.2429e-17  4.06385e-16  5.5557e-17  5.71247e-17  1.45514e-18  
0.700776  1.40009  2.10455  2.89732  2.10815e-16  1.04934e-16  7.4893e-16  1.54859e-15  2.06363e-16  7.9127e-17  22  2.46736e-16  26  28  6.96488e-17  8.52458e-18  3.30145e-16  2.10904e-15  3.59815e-16  1.28527e-15  8.50391e-16  3.46102e-17  5.56913e-16  1.37689e-17  
0.699864  1.37503  2.1005  3.02308  3.88371e-17  2.2369e-16  2.99117e-16  9.87378e-17  1.54389e-16  7.36727e-17  22  5.16669e-17  26  28  6.4389e-17  4.06339e-17  2.91206e-17  1.33806e-15  9.49728e-16  4.63069e-17  2.95141e-15  5.84524e-16  6.31749e-17  1.64862e-17  
0.700325  1.40578  2.10527  2.79999  2.11203e-16  2.31125e-16  5.14697e-16  1.97514e-16  5.23046e-17  1.58458e-17  22  1.78409e-16  26  28  6.4242e-17  2.31047e-17  1.11965e-16  2.25329e-16  4.07039e-16  2.56749e-16  3.54381e-15  4.1612e-17  4.81177e-17  3.04252e-17  
0.700061  1.40718  2.09991  2.61695  5.46393e-17  1.09538e-16  2.00036e-17  2.10321e-16  4.22277e-17  5.35565e-18  22  4.10879e-17  26  28  6.43476e-17  2.62811e-17  4.81356e-18  1.43723e-17  1.77008e-15  5.1106e-16  4.06337e-15  2.93686e-17  1.06196e-17  1.23709e-16  
0.698317  1.40719  2.1  2.80069  4.83966e-17  1.09102e-16  1.49481e-17  4.88421e-16  3.26089e-16  6.27844e-18  22  4.34965e-17  26  28  6.43337e-17  2.16945e-17  4.32045e-16  9.69221e-16  6.79723e-16  1.52395e-16  1.46571e-15  5.85296e-17  2.50531e-16  4.06877e-17  
0.698322  1.40496  2.10005  2.80016  2.20506e-16  7.99219e-17  2.1398e-16  1.53694e-16  2.9049e-17  1.50668e-17  22  2.47797e-17  26  28  5.72859e-17  7.00725e-18  6.05284e-18  3.44565e-17  6.09092e-16  1.25716e-15  9.54348e-15  1.19493e-17  2.41251e-17  3.37364e-18  
0.701542  1.40693  2.09998  2.80028  5.65387e-17  2.17408e-16  6.60073e-16  1.51389e-15  2.21509e-16  7.44405e-17  22  4.09894e-17  26  28  7.0107e-17  8.75907e-18  3.2997e-16  1.47143e-15  5.76699e-16  1.26506e-15  4.77104e-15  2.79693e-17  6.12268e-16  1.15348e-16  
0.699844  1.37579  2.10002  2.79455  1.02625e-17  1.06179e-16  6.17843e-16  1.55216e-16  7.23721e-16  7.35849e-17  22  4.88443e-17  26  28  6.32802e-17  1.0339e-17  4.01279e-17  2.76435e-15  3.62882e-16  3.46766e-15  8.53534e-16  7.2461e-16  8.69911e-17  1.26127e-17  
0.700581  1.37516  2.1  2.79671  3.86425e-17  9.76015e-17  2.32113e-16  3.77982e-17  3.26073e-16  3.30386e-18  22  4.42359e-17  26  28  5.83164e-17  4.45186e-18  1.3645e-17  6.14796e-18  3.18071e-16  6.35744e-17  1.48408e-15  1.48928e-17  2.5255e-18  4.42364e-18  
0.701144  1.3997  2.0998  2.63229  2.32317e-17  9.65746e-17  4.46772e-17  1.41776e-16  2.85444e-19  8.35444e-18  22  1.55232e-17  26  28  5.7438e-17  2.35315e-18  3.72338e-18  4.75283e-17  1.97335e-16  8.24064e-18  6.15386e-16  2.11155e-17  2.93604e-17  7.04023e-19  
0.699356  1.39966  2.09875  2.64357  9.84889e-18  9.04003e-17  3.03373e-16  1.07105e-16  2.13118e-16  6.70518e-17  22  1.14619e-18  26  28  6.71643e-17  8.60092e-18  4.079e-18  1.06035e-17  9.25362e-17  3.44835e-18  6.49151e-19  4.89552e-17  9.92049e-18  4.11901e-18  
0.699356  1.3999  2.09875  2.63266  2.31751e-17  9.67016e-17  4.46841e-17  1.48404e-16  5.24362e-17  1.58348e-17  22  1.55388e-17  26  28  5.59232e-17  1.30553e-17  3.84615e-20  6.42708e-17  4.20817e-16  1.93758e-17  1.41937e-16  2.98962e-17  6.9537e-17  5.13033e-18  
0.700032  1.40006  2.10945  2.79672  4.89821e-17  8.19431e-17  3.76747e-16  2.53941e-16  2.12874e-16  7.03338e-17  22  2.082e-17  26  28  7.45383e-17  4.54861e-17  2.39046e-17  2.65081e-17  9.37598e-16  8.78617e-16  5.76253e-16  2.25078e-17  1.22074e-17  1.77672e-18  
0.700581  1.40718  2.1  2.80069  1.06143e-15  1.08705e-16  8.49351e-16  2.00824e-14  2.10282e-16  6.33267e-18  22  1.60645e-16  26  28  6.43336e-17  2.20336e-17  4.32455e-16  1.03175e-17  7.51971e-16  6.33049e-17  7.11665e-16  5.07733e-17  2.50527e-16  4.05817e-17  
0.699711  1.39976  2.10076  2.73584  2.92259e-17  1.32923e-16  1.77822e-16  2.44669e-16  6.85155e-17  1.84663e-17  22  5.98249e-18  26  28  6.35639e-17  6.40187e-19  4.77608e-18  1.03598e-17  4.15926e-16  6.99911e-16  5.89373e-15  1.71086e-17  1.21175e-16  1.41692e-17  
0.699711  1.39976  2.09962  2.7354  1.67023e-17  9.71701e-17  1.77715e-16  2.46925e-16  6.843e-17  1.84142e-17  22  5.98249e-18  26  28  5.64696e-17  1.38973e-19  4.77608e-18  7.70306e-18  3.20775e-17  9.20285e-17  4.70457e-16  6.97447e-17  1.21175e-16  1.4573e-19  
0.699704  1.4066  2.10003  2.80027  1.03198e-15  2.18926e-16  6.14104e-16  2.76001e-16  2.03161e-16  7.74466e-17  22  5.21155e-17  26  28  6.6934e-17  4.96088e-17  1.13543e-16  1.05715e-15  5.76859e-16  3.54924e-15  6.1354e-15  5.61634e-16  1.24141e-16  1.25339e-16  
0.700025  1.39984  2.10045  2.83183  2.20531e-16  1.28036e-16  2.01499e-16  1.49762e-16  5.4693e-17  1.92652e-17  22  1.06558e-17  26  28  6.40277e-17  5.14863e-17  4.57541e-16  2.16396e-17  5.72335e-16  1.22195e-15  6.24184e-16  2.00065e-17  3.96791e-17  4.61003e-18  
0.699867  1.39992  2.10017  2.62911  4.03586e-17  9.78807e-17  2.95505e-16  1.63177e-16  1.55652e-15  1.72432e-17  22  4.89507e-17  26  28  6.7169e-17  4.07616e-17  2.73812e-17  3.04027e-17  2.13223e-17  1.22062e-15  1.18804e-15  3.88975e-17  9.20552e-17  1.4399e-17  
0.699868  1.40008  2.10017  2.79294  1.17984e-17  1.39009e-16  3.17225e-16  1.53845e-15  6.83067e-17  1.43747e-17  22  1.66869e-16  26  28  6.47223e-17  8.94643e-18  6.44153e-18  1.82074e-16  8.48028e-17  1.35278e-15  5.59782e-16  3.75732e-17  3.16499e-17  1.38571e-17  
0.698463  1.40002  2.10014  2.80107  4.84832e-17  8.47452e-17  2.1789e-16  3.89064e-16  4.20293e-15  1.51074e-17  22  1.18672e-17  26  28  6.42831e-17  9.79471e-18  1.59032e-17  7.8149e-17  5.5896e-16  1.57129e-16  3.4931e-16  5.9256e-16  1.56844e-18  4.13948e-18  
0.698322  1.4  2.10006  2.80016  1.06881e-16  2.26996e-16  5.10088e-16  1.97801e-16  3.88124e-17  1.57876e-17  22  1.84913e-16  26  28  6.49446e-17  6.42927e-18  1.79086e-17  5.89139e-17  3.51711e-16  2.32174e-17  3.89611e-16  5.5552e-17  4.79669e-18  2.59671e-18  
0.699619  1.40031  2.10062  2.79652  1.043e-17  1.3613e-16  7.8355e-16  2.68573e-16  2.53464e-16  1.85846e-17  22  1.16346e-17  26  28  5.82908e-17  4.35484e-17  2.92685e-17  4.96456e-14  6.14227e-16  2.79263e-16  5.47411e-16  5.51871e-17  1.42829e-17  2.7409e-17  
0.699697  1.40031  2.10048  2.79652  1.03713e-17  1.35899e-16  3.18951e-16  8.68058e-17  1.95618e-17  6.62575e-17  22  1.26011e-16  26  28  5.84031e-17  3.90778e-17  7.19475e-19  1.00615e-17  6.57623e-17  1.99383e-16  1.68503e-15  2.88493e-17  9.61749e-18  3.1327e-18  
0.699637  1.39988  2.09973  2.80342  9.27555e-18  1.29423e-16  1.77793e-16  1.9893e-16  2.66435e-17  1.64445e-17  22  3.47674e-18  26  28  5.64862e-17  4.35069e-17  1.44911e-17  6.85121e-17  3.83029e-16  8.90311e-16  1.90454e-16  5.26695e-17  1.05708e-17  8.56746e-18  
0.699632  1.40008  2.09998  2.79667  1.24782e-17  1.39077e-16  9.78402e-16  2.27786e-17  3.8071e-16  1.60502e-17  22  1.66732e-16  26  28  5.62893e-17  8.52207e-18  6.38447e-18  1.31081e-17  8.43614e-17  1.34583e-15  4.41643e-15  3.95287e-17  1.36073e-17  1.37379e-17  
0.699999  1.39983  2.09965  2.7963  2.30597e-16  2.20039e-16  1.79559e-16  2.03587e-14  3.69617e-17  6.37491e-17  22  4.58464e-17  26  28  5.65431e-17  5.38702e-17  1.15733e-17  9.06378e-16  6.17615e-16  9.50333e-16  1.30995e-14  7.45619e-16  1.1409e-17  1.95909e-19  
0.699999  1.39988  2.09973  2.80342  9.27529e-18  1.31041e-16  2.61429e-16  1.9893e-16  1.09729e-16  6.83003e-17  22  3.03756e-17  26  28  5.65275e-17  4.38063e-17  2.06494e-16  6.85121e-17  2.66516e-16  8.90311e-16  2.68241e-16  6.16707e-17  1.03485e-17  8.56746e-18  
0.699707  1.39965  2.10076  2.80067  1.02152e-17  1.35904e-16  4.26479e-16  1.05877e-16  2.29105e-17  7.26957e-17  22  5.80819e-18  26  28  6.35698e-17  6.24926e-19  5.51284e-18  9.99526e-18  7.13552e-17  7.95517e-16  5.05362e-14  5.96834e-16  1.21714e-17  6.20784e-18  
0.699823  1.39965  2.10076  2.80067  1.02113e-17  1.36239e-16  3.07757e-16  1.49754e-16  4.38909e-16  7.14116e-17  22  1.43102e-17  26  28  6.35687e-17  5.24944e-17  1.26117e-16  1.02794e-17  5.38128e-16  6.67153e-16  4.24128e-15  6.25538e-17  2.50309e-17  6.11154e-18  
0.700495  1.40017  2.09998  2.80028  1.31466e-17  2.12898e-16  7.48754e-16  1.54701e-15  2.18701e-16  7.9152e-17  22  1.48833e-17  26  28  7.01603e-17  8.40168e-18  3.29954e-16  9.65926e-16  3.66562e-16  1.24042e-15  6.40484e-15  3.70578e-17  1.34031e-17  2.81074e-17  
0.699704  1.39967  2.10005  2.80027  4.71175e-17  1.03879e-16  2.66463e-15  3.94145e-18  3.41071e-16  1.62336e-17  22  1.92231e-17  26  28  6.41586e-17  7.92192e-18  1.38172e-17  1.16451e-16  3.37874e-16  1.17958e-16  1.6927e-15  6.93992e-17  1.11295e-16  1.59954e-17  
0.69963  1.40009  2.10005  2.79999  1.07507e-16  1.34073e-16  2.20241e-16  1.91791e-16  2.11332e-16  1.50925e-17  22  5.13614e-18  26  28  6.4722e-17  9.35826e-18  6.02242e-18  1.45733e-17  3.364e-16  1.01277e-16  4.45651e-16  3.1508e-17  4.79624e-18  8.6049e-19  
0.699998  1.39988  2.09973  2.8007  9.90219e-18  1.29454e-16  2.6186e-16  1.98931e-16  1.05843e-16  6.99892e-17  22  3.27711e-17  26  28  6.41079e-17  4.38162e-17  2.03064e-16  1.51309e-16  4.65505e-15  8.90311e-16  2.62539e-14  6.0441e-16  6.61609e-16  8.56717e-18  
0.700001  1.39988  2.10002  2.80061  4.58746e-18  9.74021e-17  4.06957e-16  9.87947e-17  7.46015e-17  2.25199e-17  22  3.21722e-17  26  28  6.43877e-17  1.0497e-17  3.00153e-17  1.25776e-16  2.72187e-16  8.17364e-16  2.95233e-15  5.94941e-16  9.36697e-17  8.55987e-18  
0.70001  1.39987  2.09995  2.79992  2.31001e-16  2.26995e-16  1.5336e-16  8.57245e-16  4.13795e-16  6.71175e-17  22  3.0504e-17  26  28  6.41954e-17  1.42583e-17  1.52637e-17  9.00897e-16  6.28188e-16  1.743e-16  1.36941e-15  7.5974e-16  5.34233e-17  4.25863e-18  
