1  0.603953  0.654509  0.703354  0.749927  0.793847  0.834482  0.871581  0.904512  0.933029  0.956762  0.975569  0.989125  0.99726  1  0.997262  0.988992  0.975527  0.956801  0.933001  0.904519  0.87157  0.834511  0.793895  0.749982  0.703417  0.6546  0.603955  0.552313  0.499987  
0.992546  0.534524  0.586392  0.63747  0.686888  0.73432  0.779187  0.821073  0.859427  0.895486  0.923765  0.949141  0.96971  0.984913  0.995132  0.99968  0.998822  0.992573  0.980815  0.963821  0.941717  0.914569  0.88333  0.847696  0.808175  0.765348  0.719565  0.67148  0.621282  0.569684  
0.985127  0.464852  0.51692  0.569065  0.620412  0.670534  0.718622  0.764576  0.807383  0.84697  0.882579  0.914244  0.94105  0.963872  0.980478  0.992291  0.998979  0.99972  0.995209  0.985674  0.969762  0.949688  0.924313  0.894528  0.860001  0.821771  0.780033  0.735021  0.687884  0.638169  
0.977545  0.394037  0.445385  0.497615  0.550049  0.601783  0.652353  0.701655  0.748105  0.792193  0.832927  0.870204  0.903356  0.931916  0.955842  0.974844  0.988628  0.997153  1  0.997487  0.989509  0.976288  0.957618  0.93418  0.905743  0.873041  0.83621  0.795661  0.752017  0.705295  
0.970014  0.326074  0.375891  0.427202  0.479367  0.531697  0.583842  0.634715  0.684364  0.731731  0.777249  0.818929  0.85747  0.891756  0.922072  0.947954  0.968568  0.984327  0.994764  0.999832  0.998992  0.992963  0.981559  0.964674  0.942924  0.916338  0.88499  0.849817  0.810186  0.767607  
0.96255  0.261894  0.309103  0.358364  0.40935  0.461143  0.513464  0.565755  0.617073  0.667102  0.715695  0.761559  0.804777  0.84457  0.880509  0.912327  0.93964  0.962111  0.979596  0.991616  0.998514  0.999833  0.995717  0.986143  0.971161  0.95107  0.926106  0.896358  0.862341  0.824355  
0.955054  0.20226  0.245864  0.292142  0.341063  0.391822  0.443037  0.495175  0.547521  0.599196  0.650093  0.699119  0.745908  0.790032  0.831029  0.868336  0.901743  0.930601  0.9548  0.973967  0.988052  0.996746  0.999978  0.997731  0.990003  0.978609  0.958756  0.934986  0.907302  0.874675  
0.947525  0.148285  0.18765  0.230027  0.275743  0.323677  0.373332  0.424513  0.476639  0.529097  0.581085  0.631867  0.681861  0.729422  0.774638  0.816823  0.855513  0.890323  0.920984  0.946635  0.967864  0.983907  0.994266  0.999501  0.999203  0.993537  0.982276  0.965828  0.94406  0.917796  
0.940044  0.103711  0.135748  0.17378  0.214941  0.261099  0.306751  0.355988  0.406861  0.458647  0.511103  0.563468  0.614225  0.665252  0.712284  0.759577  0.799779  0.843345  0.878947  0.910924  0.93843  0.961086  0.978882  0.991275  0.998266  0.99997  0.996002  0.98708  0.972092  0.950924  
0.932551  0.0635723  0.0912435  0.123802  0.160056  0.201092  0.243715  0.289733  0.338397  0.388703  0.440446  0.492787  0.544948  0.596448  0.647436  0.696449  0.74358  0.787885  0.829181  0.866606  0.900057  0.929134  0.953819  0.973247  0.987474  0.996424  0.999946  0.99803  0.990554  0.977806  
0.925041  0.0333801  0.0547235  0.0808786  0.111673  0.146719  0.185662  0.228149  0.273362  0.321223  0.370957  0.422006  0.474205  0.526597  0.578568  0.629807  0.679469  0.727301  0.772659  0.815008  0.853832  0.889005  0.919519  0.945618  0.96699  0.983022  0.993909  0.999343  0.999299  0.993766  
0.917542  0.0126695  0.0272944  0.0465936  0.0711926  0.100495  0.134055  0.17132  0.212831  0.257393  0.304197  0.353444  0.404225  0.455957  0.508266  0.560713  0.612358  0.662406  0.711047  0.757152  0.800502  0.84058  0.876973  0.909203  0.93681  0.960175  0.978025  0.990723  0.99806  0.999969  
0.910045  0.00176473  0.00889382  0.0214274  0.0391846  0.0621476  0.0897596  0.121752  0.158017  0.198056  0.241422  0.28751  0.335955  0.386235  0.437751  0.489952  0.542265  0.594186  0.644919  0.694195  0.74128  0.785632  0.827066  0.86477  0.898522  0.927905  0.952578  0.97232  0.986908  0.996162  
0.902552  0.00055456  0.000530195  0.00581208  0.016513  0.0324645  0.0535337  0.0794653  0.110132  0.144999  0.183649  0.225906  0.271092  0.31878  0.368531  0.41969  0.471714  0.523987  0.576106  0.627628  0.677155  0.725142  0.770549  0.812994  0.852048  0.887254  0.918179  0.944606  0.96604  0.982478  
0.89505  0.0097625  0.00217652  3.12265e-05  0.0033609  0.012133  0.0262356  0.0456318  0.0697167  0.0988674  0.132219  0.169603  0.210785  0.254929  0.301889  0.350953  0.401617  0.453411  0.50573  0.557883  0.609576  0.659975  0.708604  0.755127  0.798501  0.838816  0.875366  0.907992  0.93579  0.959031  
0.887564  0.028447  0.0136701  0.00418193  5.98337e-05  0.0015496  0.00839935  0.0207283  0.0382894  0.0608352  0.0882702  0.120152  0.15627  0.196026  0.23931  0.285314  0.3337  0.383914  0.435437  0.487605  0.539867  0.591633  0.642594  0.691909  0.739055  0.783696  0.825211  0.863173  0.896885  0.926669  
0.880053  0.0566456  0.0349032  0.0182729  0.00693944  0.000964712  0.000433484  0.00544537  0.0158329  0.031515  0.0523596  0.0781974  0.108477  0.143111  0.181621  0.223737  0.268799  0.316387  0.365928  0.417122  0.469081  0.521424  0.573532  0.624824  0.6747  0.722782  0.768335  0.810908  0.850174  0.885609  
0.872574  0.0935412  0.0652972  0.0418888  0.0234422  0.010254  0.00236554  1.11132e-06  0.00308797  0.0116174  0.0254098  0.0445959  0.0686997  0.0974894  0.130602  0.16793  0.208845  0.252874  0.299643  0.348578  0.399302  0.451121  0.503405  0.555561  0.60719  0.657576  0.706408  0.752872  0.796602  0.837051  
0.86505  0.138729  0.104581  0.074728  0.0495738  0.0294537  0.0142196  0.00454721  0.000177662  0.00135871  0.00794568  0.0199894  0.0372378  0.0595457  0.0866977  0.118396  0.154278  0.193905  0.236855  0.282793  0.331023  0.381185  0.432533  0.484737  0.537058  0.588991  0.639934  0.689355  0.736658  0.781429  
0.857644  0.190324  0.151085  0.115556  0.0841652  0.0574849  0.0354793  0.0188135  0.00715271  0.00096486  0.000349396  0.00507451  0.0154276  0.0309525  0.051508  0.077278  0.107375  0.142033  0.180315  0.21775  0.267296  0.31483  0.364391  0.415126  0.467357  0.51967  0.571893  0.62333  0.673058  0.721168  
0.850077  0.249365  0.205587  0.164864  0.127915  0.0949865  0.0666586  0.0429351  0.0243466  0.010708  0.00266442  1.06668e-07  0.00271614  0.0108002  0.0247154  0.043496  0.067355  0.0960069  0.128884  0.165978  0.206679  0.250587  0.29729  0.346163  0.396941  0.448347  0.500664  0.552949  0.604667  0.655121  
0.84257  0.312897  0.265529  0.220662  0.178789  0.140452  0.106044  0.076148  0.0506965  0.0302477  0.0148985  0.00489137  0.000292593  0.00119797  0.00751778  0.0193308  0.0363047  0.0584066  0.0852922  0.116741  0.152674  0.192024  0.234867  0.280491  0.328963  0.378839  0.430222  0.482339  0.534644  0.58667  
0.835073  0.379953  0.330007  0.281757  0.235906  0.193028  0.153435  0.117444  0.0860251  0.0590244  0.0368559  0.0195061  0.00778171  0.00128925  0.000129058  0.00471161  0.0144945  0.0297533  0.0501938  0.0755842  0.105345  0.139526  0.177801  0.219437  0.26446  0.311579  0.360964  0.412084  0.464069  0.516369  
0.827578  0.449619  0.397781  0.347336  0.29833  0.2516  0.207673  0.16682  0.129638  0.0966248  0.0679335  0.0439946  0.0250561  0.0113243  0.00291628  3.41221e-06  0.00256051  0.0105454  0.0238923  0.0424122  0.0661202  0.0943909  0.127137  0.163998  0.204516  0.248307  0.294975  0.343747  0.39416  0.445865  
0.820133  0.519713  0.467347  0.415464  0.36418  0.314721  0.26722  0.222262  0.180294  0.141634  0.107348  0.0771724  0.0515593  0.0309727  0.0153932  0.00516637  0.000383584  0.0010403  0.00726734  0.0187528  0.0355541  0.0576391  0.0842501  0.115509  0.151079  0.190371  0.233119  0.278798  0.326854  0.376859  
0.812602  0.590596  0.538337  0.48598  0.433784  0.382426  0.332225  0.284014  0.238052  0.194753  0.155186  0.119164  0.0873497  0.0601779  0.0377204  0.0204052  0.0082471  0.00142635  0.000190317  0.00437565  0.0140223  0.0286772  0.0492625  0.0742205  0.10391  0.137943  0.176069  0.217601  0.2624  0.309502  
0.805102  0.658643  0.608189  0.556541  0.504288  0.451966  0.400268  0.349652  0.300558  0.253835  0.209591  0.168892  0.131282  0.0980265  0.0692477  0.0449792  0.0257056  0.0118146  0.00317501  3.52774e-06  0.00233999  0.0100537  0.0231847  0.0415152  0.064788  0.0929469  0.125615  0.162235  0.202686  0.246291  
0.797581  0.723901  0.676374  0.626135  0.574873  0.522773  0.470537  0.418429  0.367195  0.317606  0.270044  0.224758  0.182694  0.144111  0.109109  0.0788057  0.0529609  0.032034  0.0160755  0.00557409  0.000518897  0.000867549  0.00670394  0.0179269  0.0344953  0.0559905  0.082456  0.11362  0.148778  0.187998  
0.790193  0.783569  0.738957  0.694903  0.642421  0.591456  0.539591  0.487251  0.435156  0.383637  0.333455  0.285118  0.239106  0.195963  0.156121  0.120069  0.0889588  0.0607383  0.038291  0.0208608  0.00847483  0.00156199  0.000125234  0.0149942  0.010791  0.0282438  0.0485365  0.0728754  0.103071  0.137058  
0.782594  0.839725  0.799422  0.755977  0.709712  0.661122  0.610743  0.559279  0.50703  0.454662  0.402891  0.352167  0.303069  0.256067  0.211763  0.170698  0.13313  0.0996486  0.0705331  0.0460426  0.02666  0.0123981  0.00349137  4.85354e-05  0.00207955  0.00952613  0.0223574  0.0403951  0.0635463  0.0914437  
0.775097  0.887928  0.852925  0.813965  0.771545  0.726145  0.678307  0.628458  0.577391  0.525254  0.472992  0.420883  0.369685  0.320051  0.272293  0.226914  0.184701  0.145801  0.110878  0.0801359  0.0540944  0.0329048  0.0167744  0.00601979  0.000602765  0.000732211  0.00635983  0.0172672  0.0334636  0.0547381  
0.767636  0.928378  0.899039  0.865383  0.82774  0.786412  0.742001  0.694988  0.645817  0.595005  0.543143  0.490925  0.438684  0.387107  0.336817  0.288303  0.2421  0.198696  0.158735  0.12236  0.0902021  0.0622938  0.0395884  0.0217553  0.00914302  0.00185147  8.23394e-05  0.00372883  0.0128735  0.0273724  
0.760127  0.960449  0.937592  0.909892  0.87768  0.8414  0.801337  0.758481  0.711765  0.663292  0.612947  0.561473  0.509266  0.456964  0.405122  0.35432  0.305168  0.258076  0.21363  0.172396  0.134669  0.101023  0.0717536  0.0470772  0.0274368  0.0123841  0.00381054  8.46642e-05  0.00185397  0.00860361  
0.752627  0.983185  0.967283  0.946154  0.92011  0.889387  0.854504  0.815758  0.773557  0.728503  0.680499  0.630778  0.579611  0.527882  0.475234  0.423221  0.371956  0.322107  0.274279  0.228895  0.186445  0.147417  0.112351  0.0815155  0.0550536  0.0336316  0.0173789  0.00634044  0.000726399  0.000341553  
0.75  0.989073  0.975528  0.956772  0.933015  0.904508  0.871568  0.834562  0.793889  0.749997  0.703364  0.654505  0.603956  0.552262  0.499998  0.447734  0.39604  0.34549  0.296627  0.249998  0.206105  0.165434  0.128425  0.0954895  0.0669851  0.0432266  0.0244705  0.0109258  0.00273868  2.79996e-08  
0.75  0.989073  0.975528  0.956772  0.933015  0.904508  0.871568  0.834562  0.793889  0.749997  0.703364  0.654505  0.603956  0.552262  0.499998  0.447734  0.39604  0.34549  0.296627  0.249998  0.206105  0.165434  0.128425  0.0954895  0.0669851  0.0432266  0.0244705  0.0109258  0.00273868  2.79996e-08  
0.75  0.989073  0.975528  0.956772  0.933015  0.904508  0.871568  0.834562  0.793889  0.749997  0.703364  0.654505  0.603956  0.552262  0.499998  0.447734  0.39604  0.34549  0.296627  0.249998  0.206105  0.165434  0.128425  0.0954895  0.0669851  0.0432266  0.0244705  0.0109258  0.00273868  2.79996e-08  
0.75  0.989073  0.975528  0.956772  0.933015  0.904508  0.871568  0.834562  0.793889  0.749997  0.703364  0.654505  0.603956  0.552262  0.499998  0.447734  0.39604  0.34549  0.296627  0.249998  0.206105  0.165434  0.128425  0.0954895  0.0669851  0.0432266  0.0244705  0.0109258  0.00273868  2.79996e-08  
0.75  0.989073  0.975528  0.956772  0.933015  0.904508  0.871568  0.834562  0.793889  0.749997  0.703364  0.654505  0.603956  0.552262  0.499998  0.447734  0.39604  0.34549  0.296627  0.249998  0.206105  0.165434  0.128425  0.0954895  0.0669851  0.0432266  0.0244705  0.0109258  0.00273868  2.79996e-08  
0.75  0.989073  0.975528  0.956772  0.933015  0.904508  0.871568  0.834562  0.793889  0.749997  0.703364  0.654505  0.603956  0.552262  0.499998  0.447734  0.39604  0.34549  0.296627  0.249998  0.206105  0.165434  0.128425  0.0954895  0.0669851  0.0432266  0.0244705  0.0109258  0.00273868  2.79996e-08  
0.75  0.989073  0.975528  0.956772  0.933015  0.904508  0.871568  0.834562  0.793889  0.749997  0.703364  0.654505  0.603956  0.552262  0.499998  0.447734  0.39604  0.34549  0.296627  0.249998  0.206105  0.165434  0.128425  0.0954895  0.0669851  0.0432266  0.0244705  0.0109258  0.00273868  2.79996e-08  
0.75  0.989073  0.975528  0.956772  0.933015  0.904508  0.871568  0.834562  0.793889  0.749997  0.703364  0.654505  0.603956  0.552262  0.499998  0.447734  0.39604  0.34549  0.296627  0.249998  0.206105  0.165434  0.128425  0.0954895  0.0669851  0.0432266  0.0244705  0.0109258  0.00273868  2.79996e-08  
0.75  0.989073  0.975528  0.956772  0.933015  0.904508  0.871568  0.834562  0.793889  0.749997  0.703364  0.654505  0.603956  0.552262  0.499998  0.447734  0.39604  0.34549  0.296627  0.249998  0.206105  0.165434  0.128425  0.0954895  0.0669851  0.0432266  0.0244705  0.0109258  0.00273868  2.79996e-08  
0.75  0.989073  0.975528  0.956772  0.933015  0.904508  0.871568  0.834562  0.793889  0.749997  0.703364  0.654505  0.603956  0.552262  0.499998  0.447734  0.39604  0.34549  0.296627  0.249998  0.206105  0.165434  0.128425  0.0954895  0.0669851  0.0432266  0.0244705  0.0109258  0.00273868  2.79996e-08  
0.75  0.989073  0.975528  0.956772  0.933015  0.904508  0.871568  0.834562  0.793889  0.749997  0.703364  0.654505  0.603956  0.552262  0.499998  0.447734  0.39604  0.34549  0.296627  0.249998  0.206105  0.165434  0.128425  0.0954895  0.0669851  0.0432266  0.0244705  0.0109258  0.00273868  2.79996e-08  
0.75  0.989073  0.975528  0.956772  0.933015  0.904508  0.871568  0.834562  0.793889  0.749997  0.703364  0.654505  0.603956  0.552262  0.499998  0.447734  0.39604  0.34549  0.296627  0.249998  0.206105  0.165434  0.128425  0.0954895  0.0669851  0.0432266  0.0244705  0.0109258  0.00273868  2.79996e-08  
0.75  0.989073  0.975528  0.956772  0.933015  0.904508  0.871568  0.834562  0.793889  0.749997  0.703364  0.654505  0.603956  0.552262  0.499998  0.447734  0.39604  0.34549  0.296627  0.249998  0.206105  0.165434  0.128425  0.0954895  0.0669851  0.0432266  0.0244705  0.0109258  0.00273868  2.79996e-08  
0.75  0.989073  0.975528  0.956772  0.933015  0.904508  0.871568  0.834562  0.793889  0.749997  0.703364  0.654505  0.603956  0.552262  0.499998  0.447734  0.39604  0.34549  0.296627  0.249998  0.206105  0.165434  0.128425  0.0954895  0.0669851  0.0432266  0.0244705  0.0109258  0.00273868  2.79996e-08  
0.75  0.989073  0.975528  0.956772  0.933015  0.904508  0.871568  0.834562  0.793889  0.749997  0.703364  0.654505  0.603956  0.552262  0.499998  0.447734  0.39604  0.34549  0.296627  0.249998  0.206105  0.165434  0.128425  0.0954895  0.0669851  0.0432266  0.0244705  0.0109258  0.00273868  2.79996e-08  
0.75  0.989073  0.975528  0.956772  0.933015  0.904508  0.871568  0.834562  0.793889  0.749997  0.703364  0.654505  0.603956  0.552262  0.499998  0.447734  0.39604  0.34549  0.296627  0.249998  0.206105  0.165434  0.128425  0.0954895  0.0669851  0.0432266  0.0244705  0.0109258  0.00273868  2.79996e-08  
0.75  0.989073  0.975528  0.956772  0.933015  0.904508  0.871568  0.834562  0.793889  0.749997  0.703364  0.654505  0.603956  0.552262  0.499998  0.447734  0.39604  0.34549  0.296627  0.249998  0.206105  0.165434  0.128425  0.0954895  0.0669851  0.0432266  0.0244705  0.0109258  0.00273868  2.79996e-08  
0.5  0.396046  0.345494  0.296635  0.250001  0.206109  0.165435  0.128431  0.0954948  0.0669851  0.0432292  0.0244719  0.0109261  0.0027385  2.69036e-14  0.00273899  0.0109256  0.0244716  0.0432257  0.0669872  0.0954899  0.128428  0.165433  0.206107  0.249997  0.296632  0.34549  0.396042  0.447734  0.499998  
0.5  0.396046  0.345494  0.296635  0.250001  0.206109  0.165435  0.128431  0.0954948  0.0669851  0.0432292  0.0244719  0.0109261  0.0027385  2.69036e-14  0.00273899  0.0109256  0.0244716  0.0432257  0.0669872  0.0954899  0.128428  0.165433  0.206107  0.249997  0.296632  0.34549  0.396042  0.447734  0.499998  
0.5  0.396046  0.345494  0.296635  0.250001  0.206109  0.165435  0.128431  0.0954948  0.0669851  0.0432292  0.0244719  0.0109261  0.0027385  2.69036e-14  0.00273899  0.0109256  0.0244716  0.0432257  0.0669872  0.0954899  0.128428  0.165433  0.206107  0.249997  0.296632  0.34549  0.396042  0.447734  0.499998  
0.5  0.396046  0.345494  0.296635  0.250001  0.206109  0.165435  0.128431  0.0954948  0.0669851  0.0432292  0.0244719  0.0109261  0.0027385  2.69036e-14  0.00273899  0.0109256  0.0244716  0.0432257  0.0669872  0.0954899  0.128428  0.165433  0.206107  0.249997  0.296632  0.34549  0.396042  0.447734  0.499998  
0.5  0.396046  0.345494  0.296635  0.250001  0.206109  0.165435  0.128431  0.0954948  0.0669851  0.0432292  0.0244719  0.0109261  0.0027385  2.69036e-14  0.00273899  0.0109256  0.0244716  0.0432257  0.0669872  0.0954899  0.128428  0.165433  0.206107  0.249997  0.296632  0.34549  0.396042  0.447734  0.499998  
0.5  0.396046  0.345494  0.296635  0.250001  0.206109  0.165435  0.128431  0.0954948  0.0669851  0.0432292  0.0244719  0.0109261  0.0027385  2.69036e-14  0.00273899  0.0109256  0.0244716  0.0432257  0.0669872  0.0954899  0.128428  0.165433  0.206107  0.249997  0.296632  0.34549  0.396042  0.447734  0.499998  
0.5  0.396046  0.345494  0.296635  0.250001  0.206109  0.165435  0.128431  0.0954948  0.0669851  0.0432292  0.0244719  0.0109261  0.0027385  2.69036e-14  0.00273899  0.0109256  0.0244716  0.0432257  0.0669872  0.0954899  0.128428  0.165433  0.206107  0.249997  0.296632  0.34549  0.396042  0.447734  0.499998  
0.5  0.396046  0.345494  0.296635  0.250001  0.206109  0.165435  0.128431  0.0954948  0.0669851  0.0432292  0.0244719  0.0109261  0.0027385  2.69036e-14  0.00273899  0.0109256  0.0244716  0.0432257  0.0669872  0.0954899  0.128428  0.165433  0.206107  0.249997  0.296632  0.34549  0.396042  0.447734  0.499998  
0.5  0.396046  0.345494  0.296635  0.250001  0.206109  0.165435  0.128431  0.0954948  0.0669851  0.0432292  0.0244719  0.0109261  0.0027385  2.69036e-14  0.00273899  0.0109256  0.0244716  0.0432257  0.0669872  0.0954899  0.128428  0.165433  0.206107  0.249997  0.296632  0.34549  0.396042  0.447734  0.499998  
0.5  0.396046  0.345494  0.296635  0.250001  0.206109  0.165435  0.128431  0.0954948  0.0669851  0.0432292  0.0244719  0.0109261  0.0027385  2.69036e-14  0.00273899  0.0109256  0.0244716  0.0432257  0.0669872  0.0954899  0.128428  0.165433  0.206107  0.249997  0.296632  0.34549  0.396042  0.447734  0.499998  
0.5  0.396046  0.345494  0.296635  0.250001  0.206109  0.165435  0.128431  0.0954948  0.0669851  0.0432292  0.0244719  0.0109261  0.0027385  2.69036e-14  0.00273899  0.0109256  0.0244716  0.0432257  0.0669872  0.0954899  0.128428  0.165433  0.206107  0.249997  0.296632  0.34549  0.396042  0.447734  0.499998  
0.5  0.396046  0.345494  0.296635  0.250001  0.206109  0.165435  0.128431  0.0954948  0.0669851  0.0432292  0.0244719  0.0109261  0.0027385  2.69036e-14  0.00273899  0.0109256  0.0244716  0.0432257  0.0669872  0.0954899  0.128428  0.165433  0.206107  0.249997  0.296632  0.34549  0.396042  0.447734  0.499998  
0.5  0.396046  0.345494  0.296635  0.250001  0.206109  0.165435  0.128431  0.0954948  0.0669851  0.0432292  0.0244719  0.0109261  0.0027385  2.69036e-14  0.00273899  0.0109256  0.0244716  0.0432257  0.0669872  0.0954899  0.128428  0.165433  0.206107  0.249997  0.296632  0.34549  0.396042  0.447734  0.499998  
0.5  0.396046  0.345494  0.296635  0.250001  0.206109  0.165435  0.128431  0.0954948  0.0669851  0.0432292  0.0244719  0.0109261  0.0027385  2.69036e-14  0.00273899  0.0109256  0.0244716  0.0432257  0.0669872  0.0954899  0.128428  0.165433  0.206107  0.249997  0.296632  0.34549  0.396042  0.447734  0.499998  
0.5  0.396046  0.345494  0.296635  0.250001  0.206109  0.165435  0.128431  0.0954948  0.0669851  0.0432292  0.0244719  0.0109261  0.0027385  2.69036e-14  0.00273899  0.0109256  0.0244716  0.0432257  0.0669872  0.0954899  0.128428  0.165433  0.206107  0.249997  0.296632  0.34549  0.396042  0.447734  0.499998  
0.5  0.396046  0.345494  0.296635  0.250001  0.206109  0.165435  0.128431  0.0954948  0.0669851  0.0432292  0.0244719  0.0109261  0.0027385  2.69036e-14  0.00273899  0.0109256  0.0244716  0.0432257  0.0669872  0.0954899  0.128428  0.165433  0.206107  0.249997  0.296632  0.34549  0.396042  0.447734  0.499998  
0.497721  0.41737  0.366153  0.31647  0.26883  0.22366  0.181406  0.143038  0.108448  0.078083  0.0524352  0.0318202  0.0158357  0.00545184  0.00015814  0.000872887  0.00688422  0.0182478  0.0348822  0.0566429  0.0831584  0.114485  0.149722  0.189004  0.231866  0.277187  0.325628  0.375102  0.426465  0.478632  
0.490222  0.487372  0.434988  0.3837  0.333462  0.285195  0.239309  0.195898  0.156194  0.119984  0.0881635  0.06078  0.0382254  0.020709  0.00841772  0.00155169  0.000158558  0.0042067  0.0137283  0.0285196  0.0485267  0.0734296  0.10303  0.136981  0.174757  0.216481  0.260808  0.308274  0.357608  0.408368  
0.482755  0.558188  0.505393  0.453195  0.401402  0.350783  0.301554  0.254654  0.210549  0.169425  0.132041  0.0986055  0.0696032  0.0454449  0.0259511  0.0120722  0.00330807  1.39141e-05  0.00213871  0.00994284  0.0227044  0.0398115  0.0641009  0.0924913  0.124853  0.161344  0.201717  0.245353  0.292096  0.340094  
0.475217  0.627398  0.575777  0.523965  0.471285  0.420016  0.368565  0.318952  0.27105  0.225791  0.183946  0.145596  0.10988  0.0795865  0.0534233  0.0326658  0.0164369  0.00584608  0.000571357  0.000746933  0.00625315  0.0175002  0.0340502  0.0551721  0.0815422  0.112627  0.147335  0.186749  0.229444  0.275079  
0.46775  0.693952  0.644756  0.594165  0.542072  0.489826  0.437626  0.38608  0.33582  0.287306  0.24125  0.197883  0.157814  0.121582  0.0896447  0.0619819  0.0391622  0.0214457  0.00888743  0.00178292  9.81557e-05  0.00391623  0.0131624  0.0276887  0.0474502  0.0722537  0.101526  0.13536  0.173106  0.214451  
0.46022  0.757223  0.710829  0.662562  0.612262  0.560685  0.508449  0.456061  0.404199  0.353498  0.304313  0.257344  0.212834  0.171692  0.134039  0.100476  0.071174  0.0467114  0.0271128  0.0127333  0.00369976  6.98812e-05  0.00195109  0.00922038  0.0219206  0.0398018  0.0631209  0.0905824  0.122906  0.159196  
0.452763  0.814805  0.77245  0.727138  0.679432  0.629544  0.578393  0.526304  0.473971  0.421784  0.370714  0.320924  0.273147  0.227848  0.185439  0.146694  0.11146  0.0807357  0.0545788  0.0331664  0.0171089  0.00608126  0.000655071  0.000659313  0.00611402  0.0169625  0.0331447  0.0544047  0.0805867  0.111344  
0.445257  0.866581  0.828852  0.787712  0.743341  0.696224  0.647229  0.596489  0.544591  0.492292  0.440147  0.388588  0.338118  0.289697  0.24337  0.199742  0.15968  0.123376  0.0910031  0.0632464  0.0402493  0.0222254  0.00937762  0.00196531  3.16111e-06  0.00358681  0.0125591  0.0268836  0.0463294  0.0708833  
0.437752  0.910771  0.878747  0.842367  0.802476  0.759233  0.71311  0.664653  0.614427  0.562923  0.510797  0.461796  0.406592  0.355738  0.306562  0.259409  0.214865  0.173471  0.135797  0.101878  0.0724432  0.0476854  0.0278304  0.0133957  0.00388522  0.000111373  0.0017361  0.00878908  0.0212605  0.0389555  
0.430254  0.946828  0.920915  0.890347  0.855575  0.816885  0.77472  0.729553  0.681827  0.632176  0.58104  0.528982  0.476656  0.424587  0.373435  0.323501  0.275516  0.230166  0.187451  0.148454  0.113241  0.0823199  0.0558873  0.0343107  0.0178423  0.00664052  0.000840691  0.000541654  0.00571929  0.0162521  
0.422744  0.974202  0.954769  0.930554  0.90133  0.868175  0.830767  0.789806  0.745394  0.698722  0.649193  0.598981  0.547389  0.49489  0.442684  0.391289  0.341471  0.292092  0.245916  0.202102  0.1618  0.12539  0.0927095  0.0643454  0.0408949  0.0228993  0.00990928  0.00223668  2.36843e-05  0.00326876  
0.415261  0.991688  0.979446  0.96203  0.939428  0.912286  0.880336  0.844356  0.804546  0.761388  0.715448  0.667621  0.616935  0.566513  0.513233  0.461057  0.409043  0.358034  0.308782  0.261513  0.216902  0.175526  0.137429  0.103145  0.073755  0.048659  0.0287077  0.0137706  0.00429329  0.000157405  
0.407717  0.999608  0.994598  0.984406  0.968637  0.94815  0.923183  0.892185  0.857646  0.819203  0.777737  0.732137  0.684241  0.635065  0.584334  0.532233  0.47902  0.427461  0.376353  0.326573  0.277844  0.23247  0.19111  0.150464  0.114808  0.0837809  0.0573236  0.0351102  0.0178667  0.00682238  
0.400211  0.997476  1  0.997071  0.98867  0.974962  0.956216  0.932012  0.9032  0.870182  0.83305  0.792401  0.748185  0.701551  0.652544  0.601938  0.550349  0.497977  0.445652  0.394145  0.343433  0.294791  0.248328  0.204436  0.1639  0.127145  0.0943798  0.0660536  0.0424155  0.0238776  
0.392763  0.985554  0.99534  0.999783  0.998721  0.99218  0.980194  0.962995  0.94076  0.913692  0.881983  0.846178  0.806511  0.76361  0.71773  0.66954  0.619362  0.568046  0.515845  0.463546  0.411608  0.360623  0.311175  0.263879  0.219077  0.17736  0.139174  0.105016  0.0751173  0.0498837  
0.385255  0.963834  0.980842  0.9926  0.998829  0.999679  0.995064  0.984967  0.969621  0.949075  0.923653  0.893606  0.859107  0.820919  0.779134  0.734144  0.686816  0.637101  0.586194  0.53424  0.476571  0.429861  0.378421  0.328389  0.280219  0.234487  0.191645  0.152273  0.116451  0.0850978  
0.377718  0.932725  0.956528  0.97539  0.988993  0.997254  1  0.997325  0.989206  0.975769  0.956977  0.933337  0.90502  0.871976  0.834995  0.794401  0.750541  0.70385  0.655126  0.604475  0.552864  0.500586  0.448294  0.396495  0.346023  0.297207  0.250548  0.206626  0.165918  0.12889  
0.370284  0.89321  0.923656  0.948957  0.969536  0.984964  0.99504  0.999775  0.998988  0.992615  0.980837  0.963888  0.941884  0.914996  0.883559  0.847864  0.80846  0.765663  0.719947  0.671702  0.621757  0.570414  0.518305  0.465955  0.413981  0.362836  0.313464  0.267352  0.221034  0.179238  
0.362793  0.84618  0.881904  0.91363  0.940836  0.962963  0.980169  0.992115  0.99868  0.999791  0.995356  0.985837  0.970356  0.949988  0.924914  0.894969  0.860782  0.822485  0.780931  0.736097  0.688635  0.639413  0.588368  0.53655  0.484147  0.432026  0.380581  0.330443  0.282437  0.236358  
0.355283  0.791798  0.832535  0.869875  0.903018  0.931705  0.95579  0.974713  0.988559  0.996983  0.999999  0.997542  0.989614  0.976407  0.957759  0.934234  0.906006  0.873261  0.836323  0.795934  0.752283  0.70568  0.656864  0.606452  0.55492  0.502645  0.450203  0.398527  0.347845  0.298766  
0.34768  0.730875  0.775965  0.817982  0.856698  0.891245  0.9217  0.947534  0.968291  0.98408  0.994503  0.999636  0.999076  0.993178  0.98198  0.965225  0.94353  0.916945  0.885869  0.850501  0.81133  0.768674  0.723121  0.675154  0.625251  0.573848  0.52194  0.469513  0.417565  0.36647  
0.340275  0.666927  0.715366  0.761184  0.804376  0.843876  0.880285  0.912088  0.93938  0.962006  0.97942  0.991614  0.999196  0.999833  0.995762  0.98619  0.971385  0.951207  0.92637  0.89669  0.862697  0.824711  0.783341  0.738717  0.691272  0.641996  0.591218  0.539274  0.486981  0.434671  
0.332781  0.598822  0.649559  0.698607  0.745721  0.789772  0.830706  0.868111  0.901456  0.930439  0.954688  0.973814  0.987954  0.996707  0.999975  0.997773  0.990078  0.977113  0.958874  0.935595  0.907605  0.874943  0.838383  0.797944  0.754228  0.708073  0.65946  0.609137  0.557421  0.505255  
0.325301  0.528908  0.581168  0.632239  0.681816  0.729271  0.774656  0.816834  0.855484  0.89029  0.920965  0.946776  0.967828  0.983792  0.994281  0.999476  0.999159  0.993429  0.982202  0.96576  0.944141  0.917801  0.886784  0.851744  0.812424  0.769922  0.724473  0.676532  0.626705  0.575283  
0.317789  0.458333  0.510597  0.562789  0.61422  0.664517  0.712806  0.759095  0.802203  0.84236  0.879182  0.910587  0.93822  0.960949  0.978683  0.991162  0.998285  0.999909  0.998053  0.986725  0.972247  0.952364  0.927613  0.898212  0.864372  0.826714  0.785262  0.740781  0.693653  0.644396  
0.310264  0.388155  0.43975  0.492031  0.544287  0.596164  0.647176  0.69604  0.743212  0.787375  0.828546  0.86609  0.899827  0.928935  0.953466  0.972965  0.987343  0.996361  0.999977  0.998017  0.990665  0.97796  0.959978  0.936951  0.90924  0.876874  0.840423  0.800298  0.756957  0.710748  
0.302785  0.32092  0.370664  0.421884  0.473957  0.526285  0.578145  0.629406  0.679274  0.727055  0.772216  0.814776  0.853413  0.888712  0.919355  0.945532  0.966775  0.982974  0.993871  0.999323  0.999457  0.99385  0.982972  0.96679  0.945096  0.919286  0.888543  0.853518  0.814685  0.77226  
0.295296  0.256912  0.304084  0.353153  0.403872  0.455588  0.508114  0.56028  0.61168  0.662063  0.710738  0.757027  0.800157  0.840418  0.876927  0.909286  0.936988  0.959983  0.977874  0.990734  0.998103  0.999942  0.996459  0.987388  0.972907  0.953427  0.929067  0.899795  0.86614  0.828529  
0.2878  0.197618  0.240989  0.287181  0.33571  0.385862  0.437405  0.489695  0.541926  0.59362  0.644442  0.693894  0.741047  0.785447  0.826601  0.86455  0.89847  0.927738  0.952281  0.972311  0.98678  0.996047  0.999973  0.998269  0.991193  0.978624  0.961083  0.938131  0.910498  0.878513  
0.280317  0.144773  0.18357  0.22578  0.270954  0.31873  0.368405  0.419568  0.4716  0.523884  0.575945  0.633024  0.676912  0.724986  0.7705  0.812065  0.851845  0.886489  0.918003  0.944467  0.96604  0.982343  0.993494  0.999235  0.999442  0.994288  0.983546  0.967591  0.946451  0.920489  
0.272777  0.0984358  0.132176  0.169381  0.210041  0.25454  0.301107  0.350334  0.401783  0.452965  0.505289  0.557541  0.609316  0.659546  0.708201  0.754278  0.798072  0.838323  0.875129  0.907517  0.935518  0.958811  0.977117  0.990161  0.997967  0.999973  0.997012  0.988444  0.974394  0.954403  
0.265303  0.0605464  0.0880853  0.119834  0.156314  0.195891  0.238925  0.284858  0.333563  0.38341  0.435045  0.4872  0.539423  0.591433  0.642864  0.691475  0.738794  0.783317  0.824955  0.863086  0.896503  0.926446  0.951408  0.971463  0.986552  0.995913  0.999847  0.998425  0.991161  0.979391  
0.257814  0.0318137  0.0524543  0.0790531  0.108059  0.143102  0.181623  0.224306  0.268746  0.316259  0.367104  0.417138  0.469027  0.521316  0.573601  0.623976  0.67509  0.72221  0.768226  0.811044  0.850163  0.884963  0.916903  0.944108  0.964891  0.981498  0.99389  0.999139  0.999301  0.993748  
