0.484391  1.00495  1.5437  8  3.42544  4.31591  5.22564  2.89492  6.92314  3.50278  4.26394  9.04437  5.39672  10.9982  12.2961  13.1027  13.3769  15.3049  14.9264  15.8096  17.2946  17.536  14.8842  24.0775  
0.488673  1.00421  1.53022  7.99591  3.42487  4.31533  5.22442  2.89433  6.92228  3.50194  4.2631  9.04327  5.39572  10.9969  12.2947  13.1012  13.3768  15.3032  14.9241  15.8049  17.2928  17.53  14.8835  24.0775  
0.492408  0.994806  1.5437  7.99994  3.42626  4.31669  5.22739  2.89517  6.92347  3.503  4.26412  9.04518  5.39686  10.9995  12.296  13.103  13.3768  15.3056  14.9261  15.8107  17.2947  17.5389  14.8838  24.0775  
0.48484  1.00464  1.5437  7.99993  3.42541  4.31588  5.22549  2.89497  6.92309  3.50297  4.26392  9.04431  5.39673  10.9981  12.2961  13.1026  13.3767  15.3051  14.9261  15.8096  17.2948  17.5367  14.8841  24.0775  
0.492728  1.01309  1.54343  7.99998  3.42536  4.31554  5.22989  2.89492  6.91914  3.50371  4.26407  9.04269  5.39699  10.9975  12.2953  13.1029  13.3766  15.3053  14.9263  15.8112  17.2949  17.5393  14.8844  24.0775  
0.484847  0.0171894  1.6123  7.99634  3.42528  4.31576  5.22448  2.89461  6.92308  3.50233  4.26369  9.0445  5.39642  10.998  12.2958  13.1024  13.3771  15.305  14.9256  15.8075  17.2941  17.5336  14.8842  24.0775  
0.469622  0.00733066  1.53172  7.98585  3.42491  4.31515  5.22331  2.8937  6.91866  3.50199  4.26313  9.04188  5.39584  10.9956  12.2952  13.1011  13.3764  15.3007  14.9193  15.8061  17.2926  17.5302  14.8824  24.0775  
0.439422  1.00495  1.5437  8  3.42544  4.31589  5.22569  2.89492  6.92317  3.50278  4.26392  9.04445  5.39669  10.9981  12.296  13.1027  13.3769  15.3049  14.9262  15.8096  17.2946  17.5359  14.8842  24.0775  
0.49269  1.01716  1.54275  7.99517  3.42416  4.31525  5.22556  2.89466  6.91908  3.50173  4.26358  9.04269  5.39627  10.9955  12.2952  13.1028  13.3763  15.3042  14.9195  15.8119  17.2951  17.5344  14.8831  24.0775  
0.491995  0.0257878  1.4433  7.99423  3.42486  4.3153  5.22428  2.89432  6.92228  3.50199  4.2631  9.04339  5.39573  10.9967  12.2947  13.1012  13.3768  15.3033  14.9239  15.8057  17.2928  17.5302  14.8835  24.0775  
0.474539  0.0145797  1.8759  7.99323  3.42486  4.3153  5.22428  2.89432  6.92228  3.50199  4.2631  9.04339  5.39573  10.9967  12.2947  13.1012  13.3768  15.3033  14.9239  15.8057  17.2928  17.5302  14.8835  24.0775  
0.458238  0.086377  1.55991  7.83017  3.42492  4.3154  5.22442  2.89438  6.92239  3.50209  4.26317  9.04342  5.39582  10.9969  12.2948  13.1013  13.3768  15.3035  14.9241  15.8058  17.293  17.5306  14.8837  24.0775  
0.492454  0.992981  1.54311  7.9991  3.42618  4.31628  5.23188  2.89455  6.92102  3.504  4.26392  9.04212  5.39691  10.9956  12.2953  13.1032  13.3768  15.3048  14.9268  15.8116  17.2948  17.5412  14.8828  24.0775  
0.498734  0.0816171  1.54318  7.99821  3.42489  4.31538  5.22422  2.89443  6.92252  3.50223  4.26316  9.04336  5.39565  10.9969  12.2948  13.1013  13.3764  15.3034  14.9238  15.8061  17.2927  17.5308  14.8835  24.0775  
0.484407  0.0558771  1.89611  7.97905  3.42486  4.3153  5.22428  2.89432  6.92228  3.50199  4.2631  9.04339  5.39573  10.9967  12.2947  13.1012  13.3768  15.3033  14.9239  15.8057  17.2928  17.5302  14.8835  24.0775  
0.579347  0.13142  1.5437  8  3.42541  4.31572  5.22573  2.89495  6.92323  3.503  4.26393  9.04444  5.39673  10.9981  12.2961  13.1026  13.3768  15.3053  14.926  15.809  17.2947  17.5363  14.8843  24.0775  
0.492721  1.0129  1.54266  7.99994  3.42612  4.31554  5.22972  2.8947  6.91915  3.5038  4.26363  9.04246  5.39698  10.9971  12.2952  13.1029  13.3766  15.3046  14.9261  15.8121  17.2946  17.5345  14.8843  24.0775  
0.49864  0.0836029  1.89064  7.99774  3.42486  4.3153  5.22428  2.89432  6.92228  3.50199  4.2631  9.04339  5.39573  10.9967  12.2947  13.1012  13.3768  15.3033  14.9239  15.8057  17.2928  17.5302  14.8835  24.0775  
0.492376  0.00804219  1.22973  7.98687  3.42355  4.31364  5.22387  2.89246  6.88267  3.50196  4.26301  9.04241  5.39569  10.9967  12.2946  13.1012  13.3766  15.3033  14.9238  15.8057  17.2927  17.53  14.8834  24.0775  
0.395161  0.00521151  1.53965  7.26918  3.42558  4.31595  5.22461  2.89484  6.92384  3.50256  4.26388  9.04479  5.39664  10.9985  12.2961  13.1028  13.3792  15.3058  14.9259  15.8078  17.2943  17.5322  14.8859  24.0775  
0.492461  0.99357  1.5426  7.99999  3.42611  4.31648  5.23205  2.89509  6.91916  3.50388  4.26375  9.04147  5.39702  10.9953  12.2952  13.1028  13.3765  15.305  14.9185  15.8116  17.2951  17.5343  14.8839  24.0775  
0.492192  0.177342  1.37743  7.98343  3.42486  4.3153  5.22428  2.89432  6.92228  3.50199  4.2631  9.04339  5.39573  10.9967  12.2947  13.1012  13.3768  15.3033  14.9239  15.8057  17.2928  17.5302  14.8835  24.0775  
0.492685  0.0638067  1.23281  7.98615  3.42355  4.31366  5.22268  2.89247  6.88418  3.50192  4.26305  9.04336  5.39564  10.9967  12.2946  13.1011  13.3766  15.3031  14.9236  15.8053  17.2927  17.5301  14.8832  24.0775  
0.614738  0.0862728  1.54976  7.82086  3.42486  4.3153  5.22428  2.89432  6.92228  3.50199  4.2631  9.04339  5.39573  10.9967  12.2947  13.1012  13.3768  15.3033  14.9239  15.8057  17.2928  17.5302  14.8835  24.0775  
0.498513  1.00476  1.54236  7.99944  3.42559  4.3162  5.22633  2.89629  6.91926  3.50408  4.26405  9.04268  5.39695  11.0031  12.2953  13.1027  13.3765  15.3055  14.9265  15.8096  17.2982  17.5383  14.8841  24.0775  
0.492729  1.04265  1.54313  7.99778  3.42611  4.31632  5.23031  2.89512  6.92397  3.50411  4.26376  9.04248  5.3971  10.9909  12.2961  13.103  13.379  15.3046  14.9267  15.8123  17.295  17.5395  14.8877  24.0775  
0.492356  1.01379  1.5426  7.99998  3.42621  4.31657  5.22602  2.89466  6.91909  3.50204  4.2641  9.04163  5.39704  11.0045  12.2952  13.1029  13.3765  15.3037  14.919  15.8123  17.2982  17.5396  14.8838  24.0775  
0.395161  0.1182  1.5396  7.26918  3.4255  4.31592  5.22461  2.89476  6.92378  3.50252  4.26383  9.04479  5.39658  10.9983  12.2961  13.1028  13.3792  15.3052  14.9262  15.8078  17.2942  17.5321  14.8855  24.0775  
0.451167  0.00116686  1.54236  7.99806  3.42623  4.31577  5.23144  2.89475  6.91915  3.50385  4.26401  9.04166  5.39714  11.0041  12.2952  13.1036  13.3768  15.3043  14.919  15.8113  17.2982  17.5395  14.8879  24.0775  
0.621408  0.0861748  1.88935  7.99563  3.42481  4.31528  5.22426  2.8943  6.92227  3.50194  4.26308  9.04336  5.39568  10.9966  12.2946  13.1012  13.3767  15.3031  14.9238  15.8055  17.2928  17.5301  14.8834  24.0775  
0.493612  0.176375  1.53386  7.99835  3.42633  4.31657  5.24435  2.89541  6.92245  3.50396  4.26472  9.04273  5.39713  11.0039  12.2956  13.1065  13.3768  15.312  14.9237  15.8132  17.299  17.5393  14.8873  24.0775  
0.575835  1.01436  1.5437  8  3.42552  4.31585  5.22564  2.89489  6.92295  3.50301  4.26392  9.04419  5.39679  10.9981  12.296  13.1027  13.3768  15.305  14.9261  15.81  17.2947  17.5361  14.8841  24.0775  
0.492905  1.01253  1.54233  7.99999  3.43849  4.31668  5.2325  2.89484  6.92117  3.50419  4.2641  9.04279  5.39721  11.0041  12.2953  13.1065  13.3768  15.3096  14.9192  15.8124  17.298  17.5424  14.8869  24.0775  
0.491143  0.959781  1.54285  7.99921  3.42648  4.31637  5.23212  2.89532  6.91914  3.50401  4.26476  9.04195  5.3971  11.0045  12.2954  13.103  13.3765  15.3113  14.9195  15.8124  17.2986  17.5403  14.8836  24.0775  
0.470539  0.0883575  1.5424  7.99959  3.42625  4.31649  5.23207  2.89595  6.91918  3.50425  4.26431  9.05082  5.39716  11.0051  12.2953  13.103  13.3767  15.3113  14.9196  15.8128  17.2995  17.5385  14.8872  24.0776  
0.678473  0.112204  1.90563  7.99962  3.42708  4.31787  5.25676  2.89537  6.92364  3.50337  4.26473  9.04524  5.39766  10.9996  12.2973  13.104  13.3802  15.3068  14.9276  15.81  17.2965  17.538  14.8887  24.0777  
0.492338  0.00609216  1.54021  7.95384  3.42563  4.31584  5.22444  2.89476  6.92383  3.50235  4.2637  9.04523  5.39652  10.9985  12.2952  13.1026  13.3768  15.3057  14.926  15.8077  17.2939  17.5319  14.8843  24.0775  
0.491138  0.896894  1.54282  7.99856  3.42622  4.31627  5.22564  2.89529  6.91915  3.50414  4.26378  9.04173  5.39698  11.0037  12.2952  13.1036  13.3765  15.3105  14.9192  15.812  17.2979  17.5392  14.8836  24.0775  
0.498229  0.179521  1.53386  7.99807  3.42604  4.31679  5.22435  2.89545  6.92117  3.50424  4.26364  9.04268  5.39691  10.9971  12.2955  13.1056  13.3768  15.3111  14.924  15.8061  17.2988  17.5403  14.886  24.0775  
0.391315  1.00048  1.54188  7.20425  3.42482  4.31527  5.22396  2.89429  6.92229  3.50199  4.26309  9.04345  5.39573  10.9968  12.2946  13.1012  13.3766  15.3032  14.9239  15.8057  17.2927  17.53  14.8835  24.0775  
0.505857  1.00495  1.54128  7.99802  3.4254  4.31585  5.22564  2.89472  6.923  3.50313  4.2638  9.04271  5.39673  10.9985  12.2953  13.1029  13.3766  15.3052  14.9258  15.8102  17.2951  17.5364  14.8842  24.0775  
0.39028  0.125097  1.11162  7.85731  3.42348  4.31396  5.22325  2.87293  6.91929  3.50209  4.26272  9.04151  5.39545  10.9954  12.2938  13.1002  13.3759  15.3014  14.9218  15.8055  17.2925  17.5301  14.883  24.0775  
0.53438  0.0792961  1.54141  7.99536  3.42472  4.31566  5.22977  2.89253  6.91925  3.50138  4.26306  9.04168  5.39561  10.9956  12.2947  13.1012  13.3764  15.3034  14.9188  15.8058  17.2947  17.5387  14.8835  24.0775  
0.621666  1.0236  1.88855  7.99658  3.42486  4.3153  5.22428  2.89432  6.92228  3.50199  4.2631  9.04339  5.39573  10.9967  12.2947  13.1012  13.3768  15.3033  14.9239  15.8057  17.2928  17.5302  14.8835  24.0775  
0.481076  0.0786973  1.54105  7.99635  3.42607  4.31546  5.22618  2.8935  6.91903  3.50209  4.26349  9.04153  5.3966  10.9956  12.2952  13.1025  13.3764  15.3041  14.9189  15.8112  17.294  17.5342  14.8824  24.0775  
0.492646  0.74808  1.5426  7.99962  3.42589  4.31641  5.22576  2.89475  6.91904  3.50232  4.26367  9.04247  5.39681  10.9962  12.2952  13.1027  13.3765  15.3036  14.9187  15.8115  17.2952  17.5386  14.8842  24.0775  
0.614954  0.0858194  1.53332  7.9815  3.42489  4.31572  5.22618  2.89551  6.92239  3.50197  4.26356  9.04147  5.39625  10.9947  12.2952  13.1029  13.3764  15.3036  14.9156  15.8099  17.2939  17.534  14.8834  24.0775  
0.650914  0.874306  1.49905  7.9996  3.42613  4.3155  5.22912  2.87472  6.92372  3.50327  4.26396  9.04357  5.39683  10.9981  12.2954  13.1032  13.3768  15.3068  14.9263  15.8095  17.2955  17.535  14.8866  24.0775  
0.492736  1.00995  1.53542  7.99959  3.42629  4.31668  5.23023  2.89543  6.91913  3.50418  4.264  9.04173  5.39711  11.004  12.2952  13.1054  13.3768  15.3108  14.9278  15.8106  17.2985  17.5419  14.8841  24.0775  
0.389225  0.176062  1.54147  7.99606  3.42679  4.31543  5.23011  2.87492  6.91889  3.50408  4.26297  9.0433  5.39668  10.9962  12.2951  13.1037  13.3768  15.3037  14.9173  15.8053  17.2927  17.5382  14.8758  24.0775  
0.46604  0.179447  1.54131  7.99804  3.42662  4.31655  5.2302  2.89469  6.91997  3.50408  4.2638  9.0427  5.39704  11.0037  12.2952  13.103  13.3767  15.3049  14.919  15.8123  17.2982  17.5393  14.8842  24.0775  
0.624658  0.750836  2.11594  7.99669  3.42541  4.31652  5.25541  2.87514  6.92292  3.50248  4.26371  9.04427  5.39663  10.9981  12.2959  13.1026  13.3768  15.3045  14.9256  15.8109  17.2939  17.5324  14.8844  24.0775  
0.528832  0.00443414  1.54006  7.99552  3.42597  4.31528  5.22963  2.87461  6.9175  3.50158  4.26339  9.04076  5.39665  10.995  12.2933  13.1024  13.3763  15.3022  14.9189  15.8106  17.2922  17.5388  14.8637  24.0775  
0.451282  0.743422  1.54235  7.99808  3.42619  4.31574  5.23163  2.89467  6.91929  3.50396  4.26407  9.04162  5.39724  11.0036  12.2952  13.103  13.3765  15.3045  14.9194  15.8113  17.298  17.5395  14.8873  24.0775  
0.533841  1.00676  1.5415  7.99968  3.42627  4.31651  5.22991  2.89552  6.92104  3.50389  4.26367  9.04424  5.39708  11.0024  12.2954  13.1034  13.3765  15.3109  14.9192  15.8122  17.2947  17.5389  14.8841  24.0775  
0.492804  1.00719  1.54364  7.99983  3.42622  4.31631  5.23291  2.8961  6.91929  3.50432  4.2644  9.04184  5.3972  11.0035  12.2953  13.1057  13.3766  15.3115  14.9193  15.8121  17.2979  17.5395  14.885  24.0775  
0.461604  0.0122346  1.5354  7.99559  3.42608  4.31536  5.23005  2.89437  6.91909  3.50401  4.26375  9.04154  5.39704  10.9955  12.2952  13.103  13.3758  15.3107  14.9262  15.808  17.295  17.531  14.8864  24.0775  
0.439408  1.02215  1.54148  7.99975  3.4252  4.3163  5.23005  2.8762  6.91897  3.50175  4.26362  9.04165  5.39633  11.0035  12.2952  13.1052  13.3764  15.3031  14.9172  15.8097  17.2949  17.5363  14.8835  24.0775  
0.534582  1.00679  1.5415  7.99982  3.43904  4.31654  5.23003  2.89617  6.92163  3.50413  4.26377  9.04465  5.39713  11.0043  12.2954  13.1058  13.3766  15.3114  14.9194  15.8126  17.2995  17.5395  14.8848  24.0775  
0.477152  0.16295  1.54315  7.99756  3.42619  4.31705  5.23214  2.8952  6.91881  3.50425  4.26419  9.04922  5.39707  11.0041  12.2952  13.1033  13.3767  15.311  14.9238  15.8125  17.2951  17.5325  14.8842  24.0776  
0.49272  0.989352  1.54029  7.99998  3.42514  4.31552  5.22569  2.8947  6.91891  3.50376  4.26371  9.04193  5.39681  10.9974  12.2952  13.1029  13.3766  15.304  14.9189  15.8113  17.2939  17.5358  14.8841  24.0775  
0.477298  0.166502  1.54234  7.99714  3.42553  4.31673  5.23218  2.89534  6.91913  3.50393  4.26406  9.04195  5.39729  11.0044  12.2952  13.1035  13.3768  15.3118  14.9235  15.8122  17.2981  17.5422  14.8843  24.0775  
0.474649  0.658585  1.53883  7.93091  3.42541  4.31582  5.22975  2.89472  6.91902  3.5031  4.26353  9.04165  5.39672  10.9985  12.2952  13.1028  13.3768  15.3053  14.9243  15.8102  17.2951  17.5362  14.8836  24.0775  
0.474029  0.0238464  1.54368  7.99517  3.42612  4.31669  5.23024  2.89539  6.9209  3.50217  4.26409  9.04189  5.39697  10.9979  12.2953  13.103  13.3765  15.3106  14.9264  15.8122  17.2977  17.5389  14.8842  24.0775  
0.49274  1.01037  1.54005  7.99985  3.4263  4.31687  5.23006  2.89528  6.91913  3.50407  4.26414  9.04187  5.39707  11.0044  12.2953  13.1051  13.3769  15.3096  14.9283  15.811  17.2984  17.5428  14.8857  24.0775  
0.388612  0.989087  1.54021  7.98543  3.42506  4.31543  5.22579  2.89458  6.91913  3.50134  4.26363  9.04185  5.39674  10.9986  12.2952  13.1026  13.3766  15.3038  14.9187  15.8078  17.2936  17.5324  14.8841  24.0775  
0.448539  0.141785  1.53552  7.86973  3.42555  4.31546  5.22559  2.87506  6.91884  3.50241  4.26296  9.04158  5.39682  10.9942  12.2952  13.103  13.376  15.3109  14.919  15.8112  17.2946  17.5322  14.8837  24.0775  
0.474918  0.176492  1.53386  7.9965  3.42629  4.31664  5.2305  2.87781  6.92322  3.50373  4.26384  9.04268  5.39715  11.0039  12.2953  13.106  13.3768  15.3104  14.9153  15.8119  17.2984  17.5405  14.8843  24.0775  
0.484687  0.0532712  1.5392  7.99474  3.42419  4.31518  5.22587  2.89091  6.91898  3.5018  4.26349  9.041  5.39636  10.9955  12.2949  13.1024  13.3752  15.3024  14.9178  15.8105  17.2944  17.5283  14.8838  24.0775  
0.66428  0.813842  1.54113  7.99939  3.42543  4.31642  5.22949  2.8948  6.91917  3.50383  4.26393  9.04374  5.3971  10.9985  12.2952  13.103  13.3768  15.3052  14.9195  15.8119  17.2951  17.5361  14.886  24.0775  
0.390725  0.144765  1.53541  7.99689  3.42553  4.31545  5.23203  2.87725  6.91894  3.50385  4.26368  9.04161  5.39698  10.9945  12.2949  13.1033  13.376  15.3109  14.9174  15.8121  17.295  17.537  14.8724  24.0775  
0.492757  1.00359  1.54296  7.99943  3.42624  4.31659  5.23005  2.89579  6.91916  3.50412  4.26437  9.04376  5.39701  11.0037  12.2955  13.1057  13.3766  15.3108  14.927  15.8115  17.2981  17.5413  14.8875  24.0775  
0.463334  0.0017814  1.53608  7.99358  3.42514  4.3153  5.22374  2.89364  6.92245  3.502  4.26327  9.04111  5.39596  10.9981  12.2948  13.1015  13.3764  15.3042  14.9193  15.8053  17.2932  17.5313  14.8832  24.0775  
0.649914  0.874931  1.54015  7.99957  3.42586  4.3155  5.227  2.87639  6.91911  3.50343  4.26363  9.04167  5.39694  10.9972  12.2952  13.103  13.3765  15.3095  14.9189  15.8107  17.2948  17.5386  14.8824  24.0775  
0.616785  0.0941156  1.53961  7.99711  3.43123  4.31519  5.23109  2.89429  6.91916  3.50182  4.26358  9.04327  5.39562  10.9971  12.2948  13.1012  13.3765  15.3047  14.9222  15.8059  17.2928  17.5296  14.8835  24.0775  
0.473342  0.00734985  1.5338  7.99827  3.40484  4.31575  5.24401  2.89521  6.92242  3.50153  4.26264  9.04265  5.39635  10.9947  12.2952  13.1058  13.3768  15.3056  14.916  15.8101  17.2987  17.5405  14.8865  24.0775  
0.465224  0.13088  1.5391  7.99951  3.42522  4.31558  5.2244  2.89441  6.91899  3.50379  4.26322  9.04162  5.39569  10.9951  12.2929  13.1024  13.376  15.31  14.9182  15.811  17.2927  17.538  14.8769  24.0775  
0.474906  0.177499  1.54005  7.99467  3.4257  4.31522  5.22157  2.87559  6.92097  3.50097  4.26369  9.04131  5.39648  10.9973  12.2952  13.1031  13.3768  15.304  14.9187  15.8113  17.2925  17.5412  14.8759  24.0775  
0.386503  0.993822  1.53885  7.97847  3.42513  4.31556  5.22979  2.89479  6.91909  3.5026  4.26345  9.04134  5.39661  11.0035  12.2947  13.1026  13.3765  15.3044  14.9181  15.7966  17.2947  17.5359  14.8786  24.0775  
0.476208  0.162818  1.54311  7.99578  3.42294  4.31634  5.22661  2.89607  6.91916  3.50417  4.26448  9.06121  5.39674  11.0043  12.2952  13.1054  13.3766  15.3114  14.9193  15.812  17.2946  17.5394  14.8843  24.0775  
0.492364  0.99684  1.53919  7.99979  3.42849  4.31636  5.22565  2.89552  6.91927  3.50409  4.26354  9.04168  5.39704  11.0039  12.2954  13.106  13.3767  15.3109  14.9263  15.8116  17.2988  17.5411  14.8876  24.0775  
0.474905  0.191545  1.53904  7.99936  3.42602  4.31532  5.22958  2.87473  6.91875  3.50151  4.26266  9.04158  5.39572  10.9927  12.2949  13.1019  13.3764  15.3032  14.9183  15.7989  17.2917  17.5362  14.872  24.0775  
0.383793  1.00438  1.53845  7.99829  3.42672  4.31566  5.23005  2.87722  6.9191  3.50389  4.26369  9.04265  5.39671  10.9961  12.2949  13.1032  13.3763  15.3093  14.9177  15.7976  17.2948  17.5421  14.8312  24.0775  
0.492323  1.00358  1.53559  7.99775  3.42619  4.31641  5.22558  2.87683  6.91904  3.50405  4.26376  9.11353  5.39695  10.9946  12.2949  13.103  13.3765  15.3098  14.9255  15.8112  17.2945  17.5396  14.887  24.0775  
0.49477  0.0874067  1.53846  7.99497  3.42487  4.31536  5.22426  2.8943  6.92229  3.5019  4.26311  9.04338  5.39573  10.9967  12.2947  13.1012  13.3765  15.3032  14.924  15.8055  17.2929  17.5303  14.8835  24.0775  
0.492277  1.00697  1.54007  7.99986  3.42625  4.31685  5.23042  2.89573  6.91909  3.50405  4.26417  9.04189  5.39708  11.0041  12.2953  13.1053  13.3768  15.3099  14.9285  15.8119  17.2997  17.5428  14.885  24.0775  
0.474857  0.698735  1.53914  7.99994  3.42607  4.31573  5.22975  2.89504  6.92328  3.50379  4.2637  9.04275  5.39664  11.0035  12.2954  13.1029  13.3766  15.3064  14.9187  15.8113  17.2969  17.5389  14.8787  24.0775  
0.474124  0.086502  1.54146  7.99575  3.42486  4.31528  5.22682  2.89362  6.91875  3.50216  4.26344  9.04144  5.39585  10.995  12.2952  13.1024  13.3764  15.3046  14.9185  15.807  17.2944  17.538  14.8832  24.0775  
0.47604  1.00438  1.53846  7.99951  3.4268  4.31673  5.22995  2.8774  6.91914  3.50406  4.26377  9.04328  5.39669  11.0049  12.2951  13.1037  13.3768  15.308  14.9248  15.7975  17.2975  17.5403  14.8859  24.0775  
0.474913  0.171406  1.53914  7.99818  3.42609  4.3163  5.22971  2.89544  6.91907  3.50378  4.26355  9.04163  5.39662  11.0031  12.2952  13.1031  13.3765  15.3061  14.9192  15.8112  17.2975  17.5397  14.8776  24.0775  
0.388142  0.146239  1.5353  7.95803  3.42518  4.3156  5.22568  2.87844  6.919  3.50111  4.26274  9.04152  5.39556  10.9938  12.2949  13.1015  13.3756  15.3038  14.9188  15.8019  17.2922  17.5367  14.8708  24.0775  
0.474873  0.107762  1.53567  7.99698  3.42531  4.31559  5.22919  2.89505  6.91951  3.50424  4.2637  9.04173  5.39661  11.0031  12.2952  13.1012  13.3765  15.3035  14.9187  15.8106  17.2971  17.5369  14.8779  24.0775  
0.498865  0.189021  1.53821  7.99803  3.42552  4.31552  5.22591  2.89404  6.91907  3.50369  4.26326  9.04157  5.39577  10.9957  12.2951  13.1027  13.3764  15.3029  14.9236  15.8112  17.2929  17.5364  14.875  24.0775  
0.475195  0.16892  1.53905  7.99843  3.42604  4.31625  5.22987  2.89543  6.91905  3.5037  4.26369  9.04171  5.39684  11.0035  12.2952  13.1028  13.3765  15.3061  14.919  15.8114  17.2975  17.5394  14.8793  24.0775  
0.469733  0.970234  1.53711  7.97959  3.42487  4.31507  5.22401  2.87719  6.91882  3.50196  4.26291  9.04167  5.39558  10.9947  12.2948  13.101  13.3758  15.3044  14.908  15.8057  17.2909  17.5315  14.8744  24.0775  
0.492408  1.00462  1.54224  7.99586  3.42618  4.31667  5.22713  2.89478  6.92328  3.50219  4.26415  9.04513  5.39646  10.9997  12.2952  13.1029  13.3767  15.3058  14.924  15.8122  17.2946  17.5389  14.8838  24.0775  
0.492665  1.01042  1.5382  7.99993  3.42507  4.31551  5.22593  2.89488  6.91914  3.5037  4.26406  9.04271  5.39682  10.9971  12.2953  13.1029  13.3765  15.3046  14.9263  15.8113  17.2948  17.536  14.8842  24.0775  
0.476634  0.135421  1.53827  7.9999  3.4254  4.31657  5.23041  2.89608  6.9223  3.50395  4.26385  9.04195  5.39694  11.0041  12.2952  13.103  13.3768  15.2962  14.9239  15.8112  17.2981  17.5394  14.8838  24.0775  
0.492665  0.945229  1.5382  7.99994  3.42507  4.3155  5.22593  2.89483  6.91914  3.5037  4.26406  9.04271  5.39682  10.9971  12.2953  13.1029  13.3766  15.3046  14.9263  15.8113  17.2947  17.5361  14.8842  24.0775  
0.476207  0.163051  1.53823  7.99949  3.42517  4.3163  5.22965  2.89492  6.91904  3.50226  4.26363  9.04156  5.39633  11.0032  12.2952  13.1024  13.3765  15.3048  14.9177  15.8115  17.2949  17.537  14.8835  24.0775  
