2  4  6  8  9.79234  11.7488  13.7051  15.6617  17.6184  19.575  21.5313  23.488  25.4448  27.4012  29.358  31.3145  33.2723  35.2277  37.1844  39.141  41.0977  43.0541  45.011  46.9673  
1.97776  3.95142  5.98881  8  9.78966  11.7461  13.7027  15.6592  17.6157  19.5724  21.529  23.4856  25.4422  27.3989  29.3555  31.3122  33.2686  35.2253  37.1819  39.1386  41.0951  43.0517  45.0085  46.9653  
1.9902  3.98297  5.62095  7.8774  9.78301  11.7396  13.6963  15.6529  17.6096  19.5662  21.5227  23.4794  25.4359  27.3926  29.3492  31.3059  33.2624  35.2191  37.1758  39.1323  41.0889  43.0456  45.0021  46.9588  
1.94461  3.84448  5.93751  7.91392  9.78301  11.7396  13.6963  15.6529  17.6096  19.5662  21.5227  23.4794  25.4359  27.3926  29.3492  31.3059  33.2624  35.2191  37.1758  39.1323  41.0889  43.0456  45.0021  46.9588  
1.99785  3.95224  5.36639  7.7358  9.77573  11.7326  13.6894  15.6461  17.6028  19.5595  21.5162  23.4729  25.4297  27.386  29.3426  31.2994  33.256  35.2129  37.1693  39.126  41.0825  43.0389  44.9958  46.9523  
1.92524  3.84448  5.93751  7.99184  9.78301  11.7396  13.6963  15.6529  17.6096  19.5662  21.5227  23.4794  25.4359  27.3926  29.3492  31.3059  33.2624  35.2191  37.1758  39.1323  41.0889  43.0456  45.0021  46.9588  
1.95974  3.97874  5.34295  7.84733  9.77545  11.7323  13.6891  15.6459  17.6026  19.5593  21.5159  23.4726  25.4292  27.3859  29.3425  31.2993  33.2559  35.2124  37.169  39.1257  41.0821  43.0389  44.9955  46.9523  
1.99772  3.47234  5.98859  7.84733  9.77545  11.7323  13.6891  15.6459  17.6026  19.5593  21.5159  23.4726  25.4292  27.3859  29.3425  31.2993  33.2559  35.2124  37.169  39.1257  41.0821  43.0389  44.9955  46.9523  
1.99268  3.99208  5.31046  7.05818  9.76508  11.7225  13.6796  15.6366  17.5935  19.5502  21.5071  23.4637  25.4206  27.3771  29.3339  31.2906  33.2471  35.2039  37.1604  39.1175  41.0738  43.0302  44.987  46.9436  
1.94584  3.96792  5.4684  7.75716  9.77545  11.7323  13.6891  15.6459  17.6026  19.5593  21.5159  23.4726  25.4292  27.3859  29.3425  31.2993  33.2559  35.2124  37.169  39.1257  41.0821  43.0389  44.9955  46.9523  
1.95675  3.84458  5.15828  7.51721  9.76223  11.7197  13.6769  15.634  17.5909  19.5477  21.5045  23.4613  25.4182  27.3747  29.3313  31.2882  33.2443  35.2012  37.158  39.1147  41.0713  43.028  44.9846  46.941  
1.68648  3.94771  5.66867  7.96931  9.76627  11.7236  13.6808  15.6376  17.5945  19.5513  21.5081  23.4647  25.4214  27.3783  29.3348  31.292  33.2482  35.2052  37.1614  39.1185  41.0764  43.0315  44.9879  46.9444  
1.94924  3.96943  4.91259  7.29077  9.75642  11.7145  13.6719  15.629  17.5861  19.5432  21.4997  23.4567  25.4134  27.3702  29.3269  31.2836  33.2403  35.1972  37.1537  39.1104  41.0676  43.0242  44.9802  46.9369  
1.75229  3.84377  5.48161  7.79651  9.76031  11.718  13.6753  15.6324  17.5893  19.5462  21.503  23.4598  25.4165  27.3735  29.3299  31.2868  33.2433  35.2  37.1572  39.1134  41.0701  43.0266  44.9832  46.9401  
1.94698  3.66954  5.12024  7.4771  9.75399  11.7121  13.6696  15.6269  17.5841  19.541  21.4979  23.4547  25.4115  27.3683  29.3249  31.2817  33.2382  35.1953  37.1519  39.1082  41.065  43.0218  44.9781  46.9353  
1.68639  3.63444  6  8  9.76378  11.7213  13.6785  15.6355  17.5924  19.5491  21.5059  23.4627  25.4193  27.3761  29.3327  31.2897  33.2461  35.2028  37.1595  39.116  41.073  43.0295  44.9863  46.9425  
1.99306  3.99907  4.62419  6.65409  9.74204  11.7012  13.6593  15.617  17.5744  19.5317  21.4886  23.4456  25.4025  27.3594  29.3161  31.2729  33.2296  35.1863  37.1431  39.0997  41.0565  43.0132  44.9705  46.9263  
1.92595  3.52711  5.32558  7.24004  9.74782  11.7065  13.6644  15.6219  17.579  19.5361  21.4932  23.45  25.4068  27.3636  29.3204  31.2771  33.2338  35.1909  37.1472  39.104  41.0609  43.017  44.9743  46.9309  
1.96836  3.72378  5.03529  6.65052  9.74  11.6993  13.6576  15.6154  17.5728  19.53  21.4871  23.4441  25.401  27.3578  29.3145  31.2714  33.2282  35.1848  37.1416  39.0983  41.055  43.0117  44.9683  46.925  
1.68265  3.62729  5.89399  7.28292  9.74841  11.7071  13.6648  15.6224  17.5795  19.537  21.4935  23.4504  25.4072  27.3641  29.3208  31.2773  33.2342  35.191  37.1476  39.1044  41.0609  43.0176  44.9744  46.9309  
2  4  4.63502  6.4711  9.73931  11.6987  13.657  15.6147  17.5723  19.5296  21.4866  23.4436  25.4009  27.3573  29.3141  31.2712  33.2277  35.1844  37.1414  39.0981  41.0544  43.0112  44.9679  46.9249  
1.70294  3.67212  5.25088  7.52876  9.74  11.6993  13.6576  15.6154  17.5728  19.53  21.487  23.4441  25.401  27.3578  29.3145  31.2714  33.2282  35.1848  37.1416  39.0983  41.055  43.0117  44.9683  46.925  
1.8831  3.6474  4.90285  6.85164  9.7304  11.6907  13.6495  15.6079  17.5654  19.5229  21.4799  23.4375  25.3949  27.351  29.308  31.2648  33.2217  35.1786  37.1354  39.0919  41.0494  43.0052  44.9619  46.9205  
1.68028  3.25852  5.86674  7.73856  9.74222  11.7013  13.6595  15.6172  17.5745  19.5317  21.4887  23.4457  25.4025  27.3595  29.3162  31.273  33.2302  35.1865  37.1431  39.0998  41.0565  43.0134  44.9716  46.9266  
1.9985  3.96095  4.49914  5.82186  9.71983  11.6813  13.641  15.5995  17.5578  19.5153  21.4727  23.43  25.3869  27.3442  29.301  31.258  33.2148  35.1716  37.1283  39.0851  41.042  42.9992  44.9554  46.9131  
1.69102  3.64267  5.15455  7.08724  9.72595  11.6868  13.6459  15.6042  17.562  19.5198  21.4771  23.4341  25.3911  27.3486  29.305  31.2619  33.2187  35.1754  37.1324  39.0896  41.0459  43.0023  44.9593  46.9148  
1.8857  3.65682  4.51596  6.62905  9.71443  11.6767  13.6366  15.5955  17.5538  19.5121  21.469  23.4263  25.3835  27.3406  29.2976  31.2544  33.2113  35.1685  37.1251  39.0819  41.0393  42.9955  44.9521  46.9088  
1.60645  3.28863  5.51147  7.79374  9.72897  11.6894  13.6483  15.6065  17.5642  19.5219  21.479  23.436  25.393  27.3506  29.3064  31.2636  33.2211  35.1773  37.1341  39.0909  41.0478  43.0042  44.9609  46.9176  
1.96916  3.68046  4.37864  5.94979  9.70256  11.6662  13.6274  15.5867  17.5454  19.5033  21.4612  23.4185  25.376  27.3333  29.2903  31.2472  33.2041  35.1611  37.118  39.0751  41.0315  42.9883  44.9462  46.902  
1.667  3.29551  5.07656  7.57541  9.7168  11.6787  13.6384  15.5973  17.5553  19.5131  21.4705  23.4278  25.3853  27.3425  29.299  31.2559  33.2127  35.1699  37.1264  39.0833  41.0399  42.9968  44.9534  46.9101  
1.6983  3.69613  4.62103  6.67025  9.70244  11.6662  13.6271  15.5865  17.5452  19.5033  21.4612  23.4185  25.376  27.3333  29.2903  31.2472  33.2041  35.1611  37.118  39.0748  41.0315  42.9883  44.9462  46.902  
1.45435  3.12938  5.99489  7.99552  9.72715  11.6878  13.6469  15.6053  17.563  19.5204  21.4783  23.435  25.3918  27.3489  29.3058  31.2626  33.2193  35.1764  37.1327  39.0897  41.0467  43.0031  44.96  46.9166  
1.99688  3.99234  3.2425  5.87191  9.67861  11.6462  13.6094  15.5701  17.5297  19.4885  21.4469  23.4045  25.3621  27.3195  29.2773  31.2341  33.1913  35.1481  37.1054  39.062  41.0191  42.9766  44.9329  46.8894  
1.68146  3.53207  4.83521  6.33584  9.69036  11.656  13.6179  15.5781  17.5372  19.4956  21.4537  23.4117  25.3692  27.3263  29.2837  31.2407  33.1974  35.1546  37.1115  39.0683  41.0249  42.9832  44.9385  46.8953  
1.95435  3.53277  3.47883  6.53074  9.6751  11.6433  13.6068  15.5677  17.5274  19.4863  21.4448  23.4025  25.3602  27.3177  29.2752  31.2323  33.1895  35.1465  37.1038  39.0605  41.0175  42.9742  44.931  46.8878  
1.46274  3.29497  5.08533  7.50954  9.69481  11.6597  13.6213  15.5812  17.54  19.4983  21.4563  23.4139  25.3714  27.3286  29.2854  31.2432  33.2  35.1568  37.1141  39.0707  41.0275  42.9842  44.9413  46.8977  
1.89526  3.90913  3.18889  5.91899  9.65956  11.6307  13.5956  15.5576  17.5186  19.4774  21.4358  23.3942  25.3524  27.3097  29.2672  31.225  33.1819  35.139  37.0963  39.0526  41.01  42.9669  44.9248  46.8805  
1.62209  3.18191  4.59602  7.1016  9.67602  11.6441  13.6073  15.5682  17.5279  19.4869  21.4452  23.4031  25.3617  27.3183  29.2756  31.2332  33.1898  35.1469  37.1039  39.0609  41.0189  42.9752  44.9314  46.8883  
1.9043  3.24564  3.49709  6.70077  9.65623  11.628  13.5932  15.5554  17.516  19.4754  21.4342  23.3924  25.3503  27.308  29.2656  31.2229  33.1802  35.1372  37.0945  39.0515  41.0094  42.9656  44.9223  46.8788  
1.21868  3.23596  5.8403  7.29141  9.68621  11.6525  13.6148  15.5752  17.5347  19.493  21.4511  23.4092  25.3665  27.3243  29.2809  31.2383  33.1955  35.1519  37.1088  39.066  41.0231  42.9798  44.9366  46.8937  
1.99086  4  2.52266  5.80851  9.64418  11.6184  13.585  15.5479  17.509  19.4687  21.4279  23.3867  25.3444  27.3023  29.2599  31.2175  33.1748  35.1324  37.0894  39.0478  41.0032  42.9601  44.9172  46.8749  
1.71886  2.98028  4.77301  5.97856  9.64579  11.6196  13.586  15.5489  17.5098  19.4701  21.4286  23.3873  25.3451  27.3033  29.2601  31.219  33.1758  35.1336  37.0897  39.0476  41.0041  42.9609  44.9179  46.8752  
1.88594  3.36466  2.75028  6.69201  9.62464  11.6033  13.5719  15.5361  17.4981  19.4586  21.4181  23.3769  25.3356  27.2935  29.2517  31.2088  33.1663  35.1237  37.0812  39.0382  40.9953  42.9522  44.9105  46.8662  
1.54866  2.46584  5.1577  7.47112  9.65625  11.628  13.5932  15.5555  17.516  19.4754  21.4342  23.3925  25.3503  27.308  29.2656  31.223  33.1803  35.1372  37.0945  39.0515  41.0094  42.9655  44.9223  46.8788  
1.90586  3.65603  2.242  6.23379  9.60401  11.5875  13.5587  15.5245  17.4873  19.4487  21.4085  23.3685  25.3264  27.2847  29.2428  31.2013  33.1585  35.116  37.0731  39.0301  40.9886  42.9446  44.9017  46.8595  
1.53165  2.75357  4.29879  7.27767  9.62509  11.6034  13.5722  15.5364  17.4984  19.4587  21.4181  23.3769  25.3356  27.2935  29.2517  31.2088  33.1663  35.1237  37.0812  39.0382  40.9953  42.9525  44.9105  46.8662  
1.69188  3.24601  3.07098  6.58153  9.59373  11.5797  13.5522  15.5189  17.4822  19.444  21.4045  23.3634  25.3221  27.2816  29.239  31.1979  33.1545  35.1123  37.0691  39.0266  40.9842  42.9413  44.8994  46.8559  
1.15982  2.59622  5.92894  7.94069  9.66323  11.6335  13.5982  15.5598  17.5202  19.4792  21.4378  23.3969  25.3539  27.3116  29.2689  31.2263  33.1842  35.1406  37.0976  39.0547  41.0116  42.9711  44.9273  46.8822  
1.97815  3.95601  1.37025  5.80779  9.56936  11.5622  13.5378  15.5062  17.4706  19.433  21.3937  23.3536  25.3128  27.2716  29.2298  31.1889  33.1468  35.1036  37.0609  39.0187  40.9762  42.9341  44.8904  46.8474  
1.68817  2.79274  3.5357  6.33424  9.5654  11.5591  13.5354  15.5046  17.4687  19.4315  21.3921  23.3524  25.3114  27.2702  29.2285  31.1867  33.1445  35.1023  37.0602  39.0172  40.9746  42.9315  44.8893  46.8463  
1.8954  3.29201  1.80746  6.42356  9.54283  11.5433  13.5226  15.4931  17.4587  19.4219  21.3835  23.3438  25.304  27.2613  29.2212  31.1801  33.1374  35.0953  37.0554  39.0104  40.9679  42.9252  44.8826  46.8404  
1.33252  2.4247  4.89219  6.94754  9.57943  11.5695  13.5437  15.5113  17.4753  19.4372  21.398  23.3575  25.3163  27.2751  29.2332  31.1914  33.1496  35.1069  37.0644  39.0223  40.9792  42.936  44.8944  46.852  
1.90864  3.66974  1.65268  5.45197  9.51918  11.5269  13.51  15.4818  17.4489  19.413  21.3749  23.3364  25.2952  27.2551  29.2137  31.1727  33.1305  35.0889  37.046  39.0038  40.9612  42.9186  44.8762  46.8339  
1.50607  2.43258  3.94389  6.5288  9.5223  11.5291  13.5113  15.4833  17.4501  19.4139  21.3759  23.3366  25.2972  27.2566  29.2145  31.1735  33.132  35.0901  37.0474  39.0047  40.9619  42.9191  44.8767  46.8348  
1.60202  3.29257  2.15043  6.25557  9.48169  11.5021  13.49  15.4651  17.4342  19.3993  21.3625  23.3236  25.2845  27.2441  29.203  31.162  33.1206  35.0784  37.0364  38.994  40.9515  42.9105  44.8668  46.8251  
1.14334  2.0489  5.56385  7.44749  9.57343  11.565  13.5401  15.5085  17.4725  19.4347  21.3954  23.3557  25.3145  27.2744  29.2314  31.1894  33.1478  35.1049  37.0624  39.02  40.9771  42.9341  44.8924  46.8479  
2  3.98731  0.844248  5.46554  9.51482  11.5239  13.5072  15.4799  17.447  19.4113  21.3733  23.3342  25.2946  27.2543  29.2125  31.1716  33.1293  35.0875  37.0454  39.0026  40.96  42.9174  44.8749  46.8319  
1.52715  2.43908  2.96071  6.53565  9.42599  11.4663  13.4628  15.4428  17.4144  19.3818  21.3454  23.309  25.2698  27.2302  29.1889  31.1486  33.1071  35.0659  37.0255  38.9819  40.94  42.9  44.8548  46.8134  
1.64219  3.3851  1.57281  5.78836  9.40114  11.4514  13.4516  15.4334  17.4068  19.3747  21.3391  23.3022  25.2632  27.2253  29.1845  31.1425  33.1018  35.0604  37.0192  38.9767  40.9351  42.8924  44.8526  46.8076  
1.10651  1.98846  5.05305  6.93289  9.47835  11.4998  13.4884  15.4641  17.4329  19.3984  21.3614  23.323  25.2832  27.2434  29.2027  31.1608  33.1192  35.078  37.036  38.9934  40.9514  42.9085  44.8658  46.8238  
1.88296  3.41414  0.665643  5.73513  9.37485  11.4356  13.4401  15.4239  17.3973  19.3665  21.332  23.2955  25.2575  27.2178  29.1781  31.138  33.0971  35.0554  37.0135  38.9732  40.9296  42.8884  44.8475  46.8026  
1.27923  2.03995  3.47325  6.86543  9.33994  11.4148  13.4259  15.4121  17.3878  19.3574  21.3238  23.2875  25.2505  27.2114  29.172  31.1308  33.0911  35.05  37.0094  38.9662  40.9251  42.8817  44.84  46.7975  
1.66338  2.59466  1.9039  5.69909  9.25137  11.3658  13.3908  15.384  17.3639  19.3361  21.304  23.2703  25.2341  27.1953  29.1562  31.1164  33.0771  35.0365  36.994  38.9532  40.9111  42.8684  44.8282  46.7846  
0.699611  2.01381  5.98214  7.99792  9.53035  11.5346  13.5157  15.487  17.4534  19.417  21.3789  23.3394  25.2991  27.2583  29.2171  31.1758  33.1337  35.0916  37.0491  39.0083  40.9644  42.9216  44.8789  46.8364  
1.98732  4  0.000911289  0.0544266  3.55503  3.94418  4.34364  4.71171  5.04968  5.36202  5.64985  5.91593  6.16151  6.38704  6.5936  6.78372  6.95672  7.11671  7.26015  7.38902  7.5045  7.60796  7.70021  7.78066  
1.22285  3.2258  1.70109  5.61367  9.07973  11.277  13.3307  15.3378  17.3251  19.3025  21.2735  23.2426  25.2066  27.1696  29.1319  31.093  33.0543  35.0131  36.972  38.9323  40.8907  42.8496  44.8084  46.7654  
1.84752  3.31694  0.168297  5.44706  9.18299  11.3292  13.3656  15.3644  17.3479  19.3222  21.2918  23.2575  25.2218  27.1854  29.1463  31.107  33.0675  35.0261  36.9847  38.9472  40.9018  42.8609  44.8183  46.7801  
0.996397  2.00776  3.27614  6.54432  8.99603  11.2368  13.305  15.3185  17.3091  19.2885  21.2612  23.2292  25.1957  27.1599  29.1221  31.0839  33.0445  35.0051  36.9644  38.9241  40.8839  42.8411  44.8011  46.758  
1.87244  3.82171  1.42075  2.58048  0.484817  4.19918  4.64138  5.05182  5.43523  5.79308  6.1291  6.44105  6.73423  7.00812  7.26401  7.5041  7.72773  7.93626  8.13065  8.31129  8.48048  8.6341  8.77681  8.90732  
1.29422  2.07339  2.18721  5.61685  8.54518  11.0331  13.1817  15.2297  17.2379  19.2276  21.2079  23.1818  25.1513  27.1182  29.083  31.0465  33.0083  34.969  36.9301  38.8893  40.8494  42.8101  44.7677  46.7264  
1.49325  3.3016  0.212532  5.46444  8.78685  11.1401  13.2446  15.2744  17.2745  19.2589  21.2341  23.2049  25.1729  27.1387  29.1021  31.0636  33.0268  34.9865  36.9463  38.9066  40.8673  42.8244  44.7854  46.7411  
0.588574  1.81337  5.7122  5.29186  8.98886  11.2332  13.3024  15.3172  17.3078  19.287  21.2601  23.2288  25.195  27.1587  29.1217  31.0833  33.0438  35.0047  36.9636  38.9228  40.8839  42.8404  44.7991  46.7573  
1.96016  3.87766  1.77742  1.1758  1.04411  4.1951  4.63643  5.04618  5.42862  5.78614  6.11967  6.43322  6.72456  6.99915  7.25476  7.49274  7.71509  7.92258  8.11701  8.29828  8.4637  8.62076  8.76014  8.89161  
0.824564  3.22295  2.01413  3.94852  4.76326  5.85621  5.79367  5.47655  5.91305  6.32651  6.71652  7.08587  7.43748  7.77025  8.08593  8.38596  8.671  8.94161  9.19739  9.43902  9.67026  9.88749  10.0932  10.2895  
1.65106  3.30184  2.11834  1.5402  3.0391  4.24243  4.65004  5.0615  5.44625  5.80629  6.14196  6.45834  6.75186  7.02639  7.28352  7.52464  7.74827  7.96091  8.15633  8.33993  8.50778  8.66302  8.80763  8.94054  
0.584651  1.70338  3.83584  5.36436  4.72672  4.25987  4.65221  5.06455  5.44893  5.80957  6.14645  6.46066  6.75626  7.03112  7.29524  7.53185  7.75789  7.96771  8.16391  8.34619  8.51786  8.67599  8.82129  8.95079  
1.85245  3.55368  1.70331  1.10501  2.58119  4.19089  4.63124  5.04102  5.42272  5.77929  6.11217  6.42347  6.71508  6.98834  7.24436  7.48177  7.7046  7.91018  8.10217  8.28263  8.44778  8.60189  8.74244  8.87185  
0.950758  1.80437  2.19455  4.63092  3.49378  3.69362  4.04877  4.37038  4.66247  4.92899  5.17068  5.38865  5.58619  5.76272  5.91797  6.05878  6.18033  6.2858  6.38276  6.45903  6.52475  6.58261  6.61959  6.6541  
0.929207  3.84994  1.63717  2.352  3.53595  3.94075  4.33  4.69238  5.02874  5.33986  5.62415  5.88915  6.1316  6.35422  6.5575  6.74692  6.91851  7.07314  7.21292  7.34391  7.45287  7.5566  7.64303  7.72021  
0.254913  0.181151  2.85451  5.17989  2.01073  2.12759  2.19736  2.23047  2.2317  2.20586  2.15892  2.09379  2.01437  1.92467  1.82704  1.7241  1.61869  1.5115  1.40642  1.30335  1.20272  1.10608  1.0194  0.927156  
1.95865  3.98902  1.30087  0.505414  1.35675  4.01003  4.42018  4.79833  5.14985  5.4732  5.77342  6.05275  6.31103  6.54899  6.76801  6.9694  7.15744  7.33335  7.48551  7.62988  7.75941  7.87546  7.98252  8.07273  
0.861536  3.15746  1.6857  2.3202  3.44791  3.55975  3.85859  4.15408  4.41747  4.65281  4.86155  5.04778  5.21299  5.3575  5.48239  5.59295  5.68148  5.75741  5.81793  5.86677  5.89907  5.92212  5.93306  5.93121  
1.85749  2.98242  1.03872  1.32884  4.54838  4.145  4.57852  4.98008  5.35414  5.70642  6.03006  6.3312  6.61417  6.87777  7.12547  7.35446  7.56581  7.76607  7.94884  8.1184  8.27812  8.42012  8.55341  8.68279  
0.655605  1.22869  2.12522  4.7735  3.06983  3.06209  3.27567  3.47167  3.64194  3.78227  3.89221  3.98168  4.04875  4.09742  4.1235  4.13388  4.13118  4.11245  4.08196  4.04026  3.99101  3.9269  3.85879  3.78339  
1.9095  3.52415  0.377612  0.817592  3.58146  3.94995  4.34999  4.71833  5.05774  5.37097  5.661  5.92706  6.1732  6.3999  6.60795  6.8003  6.97477  7.13341  7.27843  7.40819  7.52609  7.6303  7.72317  7.80362  
0.833559  1.90447  2.90573  0.814175  4.15493  3.0621  3.28633  3.47555  3.64459  3.78486  3.89959  3.98799  4.05439  4.10158  4.13026  4.14155  4.14373  4.12016  4.09275  4.12276  4.00267  3.93804  3.87118  3.79657  
1.4237  2.97754  0.969543  1.35699  3.46075  3.58704  3.85856  4.1546  4.41747  4.65281  4.86155  5.04745  5.21299  5.3575  5.48239  5.59295  5.68148  5.75741  5.81793  5.86677  5.89907  5.92212  5.93306  5.93121  
0.34856  0.555575  3.21039  5.69732  2.34682  2.79168  2.99341  3.16294  3.28792  3.38502  3.45524  3.50072  3.52411  3.53017  3.5172  3.48971  3.44836  3.39612  3.33323  3.2604  3.18075  3.09429  3.00215  2.9071  
1.88348  3.85112  0.2633  0.420097  3.58146  3.94995  4.34999  4.71833  5.05774  5.37097  5.661  5.92706  6.1732  6.3999  6.60797  6.80083  6.9748  7.13341  7.27843  7.40819  7.52609  7.6303  7.72317  7.80362  
1.86748  0.353569  1.13065  1.43267  2.89647  2.85141  2.77662  2.88979  2.96888  3.026  3.05768  3.06575  3.05451  3.02577  2.98055  2.92222  2.85452  2.77403  2.69295  2.59847  2.49964  2.40688  2.29811  2.19834  
1.63783  2.98104  0.368608  1.18178  3.36369  3.53945  3.82769  4.09336  4.34666  4.57567  4.7789  4.95584  5.11327  5.24596  5.36131  5.46263  5.54663  5.60988  5.66325  5.70813  5.72759  5.74009  5.74557  5.73981  
0.114433  1.28282  1.38001  3.90786  3.20065  1.93467  1.97064  1.96955  1.9394  1.88543  1.81249  1.73134  1.62975  1.52836  1.41824  1.31401  1.20752  1.10338  1.0047  0.910892  0.822642  0.741086  0.664557  0.594507  
1.71246  3.60009  0.475703  0.474394  3.5924  3.78677  4.12773  4.46217  4.76739  5.04658  5.30041  5.53057  5.74059  5.93262  6.09955  6.25741  6.39016  6.51222  6.61804  6.71189  6.79209  6.85833  6.91231  6.95831  
0.0737766  2.5199  1.35241  0.696102  2.24444  2.93499  1.66543  1.88607  1.59168  1.51089  1.41416  1.30898  1.20353  1.09369  0.986323  0.885563  0.789808  0.700764  0.618065  0.542274  0.475265  0.415322  0.362443  0.314263  
1.16105  2.9154  0.496418  0.515294  3.04442  3.03597  3.07223  3.14516  3.27498  3.36474  3.43007  3.47365  3.49759  3.49997  3.4853  3.46089  3.41534  3.35988  3.29515  3.22151  3.1387  3.05567  2.95664  2.86303  
0.0476676  0.220395  3.23476  5.38521  2.00191  2.11411  2.18179  2.21216  2.21051  2.18329  2.13437  2.0671  1.98786  1.89551  1.79748  1.69376  1.58871  1.48143  1.37602  1.27164  1.17237  1.07735  0.98685  0.90117  
1.99962  3.92579  0.0521081  0.0861425  3.56326  3.94642  4.3493  4.7139  5.05285  5.36716  5.65734  5.92096  6.1662  6.39296  6.6006  6.79073  6.96629  7.12317  7.26724  7.39858  7.51399  7.61944  7.70972  7.79082  
0.96859  2.84887  0.330058  0.214523  2.04851  2.09512  2.15861  2.18839  2.18181  2.15086  2.10062  2.03114  1.94785  1.85526  1.75528  1.65101  1.54489  1.4395  1.3344  1.23364  1.1323  1.03637  0.947757  0.864548  
1.8455  3.06214  0.130849  0.0666719  3.28106  4.23594  3.87167  4.13024  4.34742  4.57567  4.7789  4.95584  5.10999  5.24596  5.36644  5.46306  5.54668  5.60988  5.66325  5.70813  5.72759  5.74008  5.74559  5.73981  
0.00955169  0.0783238  3.23476  5.82184  2.00191  2.11411  2.18179  2.21216  2.21051  2.18329  2.13437  2.0671  1.98786  1.89551  1.79748  1.69376  1.58871  1.48143  1.37602  1.27164  1.17237  1.07735  0.98685  0.90117  
