0  4  6  8.32667e-17  2.55631  6.30308  7.35359  4.0901  9.45462  5.11261  5.62388  12.6062  6.64641  7.15767  15.7577  16.8082  17.8587  18.9092  19.9598  21.0103  22.0608  23.1113  24.1618  12.2703  
0.00929043  3.99412  5.99473  0.0270936  2.55631  6.30308  7.35359  4.0901  9.45462  5.11261  5.62388  12.6062  6.64641  7.15767  15.7577  16.8082  17.8587  18.9092  19.9598  21.0103  22.0608  23.1113  24.1618  12.2703  
0.0072872  3.98844  5.95481  0.0309372  2.55631  6.30308  7.35359  4.0901  9.45462  5.11261  5.62388  12.6062  6.64641  7.15767  15.7577  16.8082  17.8587  18.9092  19.9598  21.0103  22.0608  23.1113  24.1618  12.2703  
0.0092187  3.9501  5.96619  0.027016  2.55631  6.30308  7.35359  4.0901  9.45462  5.11261  5.62388  12.6062  6.64641  7.15767  15.7577  16.8082  17.8587  18.9092  19.9598  21.0103  22.0608  23.1113  24.1618  12.2703  
0.00141891  3.92304  5.96525  0.245682  2.55631  6.30308  7.35359  4.0901  9.45462  5.11261  5.62388  12.6062  6.64641  7.15767  15.7577  16.8082  17.8587  18.9092  19.9598  21.0103  22.0608  23.1113  24.1618  12.2703  
0.00146768  3.94974  5.84346  0.000659375  2.55631  6.30308  7.35359  4.0901  9.45462  5.11261  5.62388  12.6062  6.64641  7.15767  15.7577  16.8082  17.8587  18.9092  19.9598  21.0103  22.0608  23.1113  24.1618  12.2703  
0.0233298  3.93338  5.8888  0.030561  2.55631  6.30308  7.35359  4.0901  9.45462  5.11261  5.62388  12.6062  6.64641  7.15767  15.7577  16.8082  17.8587  18.9092  19.9598  21.0103  22.0608  23.1113  24.1618  12.2703  
0.012189  3.71173  5.99795  0.0233841  2.55631  6.30308  7.35359  4.0901  9.45462  5.11261  5.62388  12.6062  6.64641  7.15767  15.7577  16.8082  17.8587  18.9092  19.9598  21.0103  22.0608  23.1113  24.1618  12.2703  
0.0068725  3.74987  5.93986  0.024354  2.55631  6.30308  7.35359  4.0901  9.45462  5.11261  5.62388  12.6062  6.64641  7.15767  15.7577  16.8082  17.8587  18.9092  19.9598  21.0103  22.0608  23.1113  24.1618  12.2703  
0.00739934  3.68102  5.95481  0.0309436  2.55631  6.30308  7.35359  4.0901  9.45462  5.11261  5.62388  12.6062  6.64641  7.15767  15.7577  16.8082  17.8587  18.9092  19.9598  21.0103  22.0608  23.1113  24.1618  12.2703  
0.0123889  3.78521  5.84568  0.0091668  2.55631  6.30308  7.35359  4.0901  9.45462  5.11261  5.62388  12.6062  6.64641  7.15767  15.7577  16.8082  17.8587  18.9092  19.9598  21.0103  22.0608  23.1113  24.1618  12.2703  
0.00966576  3.5118  5.99486  0.0250447  2.55631  6.30308  7.35359  4.0901  9.45462  5.11261  5.62388  12.6062  6.64641  7.15767  15.7577  16.8082  17.8587  18.9092  19.9598  21.0103  22.0608  23.1113  24.1618  12.2703  
0.0122081  3.69584  5.84114  0.0216232  2.55631  6.30308  7.35359  4.0901  9.45462  5.11261  5.62388  12.6062  6.64641  7.15767  15.7577  16.8082  17.8587  18.9092  19.9598  21.0103  22.0608  23.1113  24.1618  12.2703  
0.0132978  3.69706  5.80598  0.0227213  2.55631  6.30308  7.35359  4.0901  9.45462  5.11261  5.62388  12.6062  6.64641  7.15767  15.7577  16.8082  17.8587  18.9092  19.9598  21.0103  22.0608  23.1113  24.1618  12.2703  
0.0123064  3.6396  5.80951  0.0287591  2.55631  6.30308  7.35359  4.0901  9.45462  5.11261  5.62388  12.6062  6.64641  7.15767  15.7577  16.8082  17.8587  18.9092  19.9598  21.0103  22.0608  23.1113  24.1618  12.2703  
0.0059447  3.53131  5.8326  0.0161249  2.55631  6.30308  7.35359  4.0901  9.45462  5.11261  5.62388  12.6062  6.64641  7.15767  15.7577  16.8082  17.8587  18.9092  19.9598  21.0103  22.0608  23.1113  24.1618  12.2703  
0.0138147  3.47348  5.84155  0.027812  2.55631  6.30308  7.35359  4.0901  9.45462  5.11261  5.62388  12.6062  6.64641  7.15767  15.7577  16.8082  17.8587  18.9092  19.9598  21.0103  22.0608  23.1113  24.1618  12.2703  
0.0123297  3.78546  5.49385  0.0232718  2.55631  6.30308  7.35359  4.0901  9.45462  5.11261  5.62388  12.6062  6.64641  7.15767  15.7577  16.8082  17.8587  18.9092  19.9598  21.0103  22.0608  23.1113  24.1618  12.2703  
0.0123246  3.78546  5.40141  0.0232648  2.55631  6.30308  7.35359  4.0901  9.45462  5.11261  5.62388  12.6062  6.64641  7.15767  15.7577  16.8082  17.8587  18.9092  19.9598  21.0103  22.0608  23.1113  24.1618  12.2703  
0.0137672  3.341  5.80778  0.0277184  2.55631  6.30308  7.35359  4.0901  9.45462  5.11261  5.62388  12.6062  6.64641  7.15767  15.7577  16.8082  17.8587  18.9092  19.9598  21.0103  22.0608  23.1113  24.1618  12.2703  
0.0122011  3.73187  5.40173  0.0266044  2.55631  6.30308  7.35359  4.0901  9.45462  5.11261  5.62388  12.6062  6.64641  7.15767  15.7577  16.8082  17.8587  18.9092  19.9598  21.0103  22.0608  23.1113  24.1618  12.2703  
0.0122033  3.69912  5.4111  0.0216256  2.55631  6.30308  7.35359  4.0901  9.45462  5.11261  5.62388  12.6062  6.64641  7.15767  15.7577  16.8082  17.8587  18.9092  19.9598  21.0103  22.0608  23.1113  24.1618  12.2703  
0.0119229  3.43462  5.60939  0.00890366  2.55631  6.30308  7.35359  4.0901  9.45462  5.11261  5.62388  12.6062  6.64641  7.15767  15.7577  16.8082  17.8587  18.9092  19.9598  21.0103  22.0608  23.1113  24.1618  12.2703  
0.00140054  3.61609  5.43941  0.000763495  2.55631  6.30308  7.35359  4.0901  9.45462  5.11261  5.62388  12.6062  6.64641  7.15767  15.7577  16.8082  17.8587  18.9092  19.9598  21.0103  22.0608  23.1113  24.1618  12.2703  
0.0498194  3.61899  5.42771  0.0294739  2.55631  6.30308  7.35359  4.0901  9.45462  5.11261  5.62388  12.6062  6.64641  7.15767  15.7577  16.8082  17.8587  18.9092  19.9598  21.0103  22.0608  23.1113  24.1618  12.2703  
0.0121887  3.55784  5.40141  0.0232649  2.55631  6.30308  7.35359  4.0901  9.45462  5.11261  5.62388  12.6062  6.64641  7.15767  15.7577  16.8082  17.8587  18.9092  19.9598  21.0103  22.0608  23.1113  24.1618  12.2703  
0.0123729  3.51256  5.37435  0.00735431  2.55631  6.30308  7.35359  4.0901  9.45462  5.11261  5.62388  12.6062  6.64641  7.15767  15.7577  16.8082  17.8587  18.9092  19.9598  21.0103  22.0608  23.1113  24.1618  12.2703  
0.0132207  3.29667  5.47549  0.0276485  2.55631  6.30308  7.35359  4.0901  9.45462  5.11261  5.62388  12.6062  6.64641  7.15767  15.7577  16.8082  17.8587  18.9092  19.9598  21.0103  22.0608  23.1113  24.1618  12.2703  
0.0341757  2.46029  5.96982  0.0234575  2.55631  6.30308  7.35359  4.0901  9.45462  5.11261  5.62388  12.6062  6.64641  7.15767  15.7577  16.8082  17.8587  18.9092  19.9598  21.0103  22.0608  23.1113  24.1618  12.2703  
0.0236796  2.33714  5.99785  0.0321336  2.55631  6.30308  7.35359  4.0901  9.45462  5.11261  5.62388  12.6062  6.64641  7.15767  15.7577  16.8082  17.8587  18.9092  19.9598  21.0103  22.0608  23.1113  24.1618  12.2703  
0.0236076  2.25538  5.99785  0.0321791  2.55631  6.30308  7.35359  4.0901  9.45462  5.11261  5.62388  12.6062  6.64641  7.15767  15.7577  16.8082  17.8587  18.9092  19.9598  21.0103  22.0608  23.1113  24.1618  12.2703  
0.0102266  2.37275  5.84982  0.00793107  2.55631  6.30308  7.35359  4.0901  9.45462  5.11261  5.62388  12.6062  6.64641  7.15767  15.7577  16.8082  17.8587  18.9092  19.9598  21.0103  22.0608  23.1113  24.1618  12.2703  
0.00906405  2.25538  5.86675  0.00265039  2.55631  6.30308  7.35359  4.0901  9.45462  5.11261  5.62388  12.6062  6.64641  7.15767  15.7577  16.8082  17.8587  18.9092  19.9598  21.0103  22.0608  23.1113  24.1618  12.2703  
0.0102827  2.42077  5.72491  0.0409582  2.55631  6.30308  7.35359  4.0901  9.45462  5.11261  5.62388  12.6062  6.64641  7.15767  15.7577  16.8082  17.8587  18.9092  19.9598  21.0103  22.0608  23.1113  24.1618  12.2703  
0.0303565  2.48015  5.62776  0.0230322  2.55631  6.30308  7.35359  4.0901  9.45462  5.11261  5.62388  12.6062  6.64641  7.15767  15.7577  16.8082  17.8587  18.9092  19.9598  21.0103  22.0608  23.1113  24.1618  12.2703  
0.030672  2.39389  5.61534  0.00703068  2.55631  6.30308  7.35359  4.0901  9.45462  5.11261  5.62388  12.6062  6.64641  7.15767  15.7577  16.8082  17.8587  18.9092  19.9598  21.0103  22.0608  23.1113  24.1618  12.2703  
0.00710075  1.70687  5.99785  0.0323441  2.55631  6.30308  7.35359  4.0901  9.45462  5.11261  5.62388  12.6062  6.64641  7.15767  15.7577  16.8082  17.8587  18.9092  19.9598  21.0103  22.0608  23.1113  24.1618  12.2703  
0.00788757  1.73648  5.99785  0.777216  2.55631  6.30308  7.35359  4.0901  9.45462  5.11261  5.62388  12.6062  6.64641  7.15767  15.7577  16.8082  17.8587  18.9092  19.9598  21.0103  22.0608  23.1113  24.1618  12.2703  
0.00722697  2.46666  5.37435  0.0131018  2.55631  6.30308  7.35359  4.0901  9.45462  5.11261  5.62388  12.6062  6.64641  7.15767  15.7577  16.8082  17.8587  18.9092  19.9598  21.0103  22.0608  23.1113  24.1618  12.2703  
0.00886358  2.37275  5.36701  0.00795681  2.55631  6.30308  7.35359  4.0901  9.45462  5.11261  5.62388  12.6062  6.64641  7.15767  15.7577  16.8082  17.8587  18.9092  19.9598  21.0103  22.0608  23.1113  24.1618  12.2703  
0.0119465  1.57355  5.81663  0.0113895  2.55631  6.30308  7.35359  4.0901  9.45462  5.11261  5.62388  12.6062  6.64641  7.15767  15.7577  16.8082  17.8587  18.9092  19.9598  21.0103  22.0608  23.1113  24.1618  12.2703  
0.00594439  3.53131  3.41172  0.0161249  2.55631  6.30308  7.35359  4.0901  9.45462  5.11261  5.62388  12.6062  6.64641  7.15767  15.7577  16.8082  17.8587  18.9092  19.9598  21.0103  22.0608  23.1113  24.1618  12.2703  
0.00993362  3.5206  3.28431  0.0131257  2.55631  6.30308  7.35359  4.0901  9.45462  5.11261  5.62388  12.6062  6.64641  7.15767  15.7577  16.8082  17.8587  18.9092  19.9598  21.0103  22.0608  23.1113  24.1618  12.2703  
0.00683359  1.7507  5.49106  0.0167204  2.55631  6.30308  7.35359  4.0901  9.45462  5.11261  5.62388  12.6062  6.64641  7.15767  15.7577  16.8082  17.8587  18.9092  19.9598  21.0103  22.0608  23.1113  24.1618  12.2703  
0.000428353  0.962858  5.91467  0.0233305  2.55631  6.30308  7.35359  4.0901  9.45462  5.11261  5.62388  12.6062  6.64641  7.15767  15.7577  16.8082  17.8587  18.9092  19.9598  21.0103  22.0608  23.1113  24.1618  12.2703  
0.00896109  1.01836  5.8119  0.0163259  2.55631  6.30308  7.35359  4.0901  9.45462  5.11261  5.62388  12.6062  6.64641  7.15767  15.7577  16.8082  17.8587  18.9092  19.9598  21.0103  22.0608  23.1113  24.1618  12.2703  
0.00686541  0.648416  5.96619  0.00799688  2.55631  6.30308  7.35359  4.0901  9.45462  5.11261  5.62388  12.6062  6.64641  7.15767  15.7577  16.8082  17.8587  18.9092  19.9598  21.0103  22.0608  23.1113  24.1618  12.2703  
0.00700442  0.637416  5.89252  0.00675706  2.55631  6.30308  7.35359  4.0901  9.45462  5.11261  5.62388  12.6062  6.64641  7.15767  15.7577  16.8082  17.8587  18.9092  19.9598  21.0103  22.0608  23.1113  24.1618  12.2703  
0.00681079  0.663449  5.79913  0.0170996  2.55631  6.30308  7.35359  4.0901  9.45462  5.11261  5.62388  12.6062  6.64641  7.15767  15.7577  16.8082  17.8587  18.9092  19.9598  21.0103  22.0608  23.1113  24.1618  12.2703  
0.0316257  0.559689  5.79867  0.0289501  2.55631  6.30308  7.35359  4.0901  9.45462  5.11261  5.62388  12.6062  6.64641  7.15767  15.7577  16.8082  17.8587  18.9092  19.9598  21.0103  22.0608  23.1113  24.1618  12.2703  
0.00598701  1.57328  5.0403  0.0110834  2.55631  6.30308  7.35359  4.0901  9.45462  5.11261  5.62388  12.6062  6.64641  7.15767  15.7577  16.8082  17.8587  18.9092  19.9598  21.0103  22.0608  23.1113  24.1618  12.2703  
0.00679577  0.237438  5.81607  0.0203504  2.55631  6.30308  7.35359  4.0901  9.45462  5.11261  5.62388  12.6062  6.64641  7.15767  15.7577  16.8082  17.8587  18.9092  19.9598  21.0103  22.0608  23.1113  24.1618  12.2703  
0.0133283  0.297807  5.68744  0.0162612  2.55631  6.30308  7.35359  4.0901  9.45462  5.11261  5.62388  12.6062  6.64641  7.15767  15.7577  16.8082  17.8587  18.9092  19.9598  21.0103  22.0608  23.1113  24.1618  12.2703  
0.00124947  3.81824  0.111911  0.00708104  2.55631  6.30308  7.35359  4.0901  9.45462  5.11261  5.62388  12.6062  6.64641  7.15767  15.7577  16.8082  17.8587  18.9092  19.9598  21.0103  22.0608  23.1113  24.1618  12.2703  
0.0122396  0.108266  5.61763  0.00904682  2.55631  6.30308  7.35359  4.0901  9.45462  5.11261  5.62388  12.6062  6.64641  7.15767  15.7577  16.8082  17.8587  18.9092  19.9598  21.0103  22.0608  23.1113  24.1618  12.2703  
0.0118126  0.551284  5.23818  0.0136518  2.55631  6.30308  7.35359  4.0901  9.45462  5.11261  5.62388  12.6062  6.64641  7.15767  15.7577  16.8082  17.8587  18.9092  19.9598  21.0103  22.0608  23.1113  24.1618  12.2703  
0.00681682  3.50975  0.530356  0.0148296  2.55631  6.30308  7.35359  4.0901  9.45462  5.11261  5.62388  12.6062  6.64641  7.15767  15.7577  16.8082  17.8587  18.9092  19.9598  21.0103  22.0608  23.1113  24.1618  12.2703  
0.000133202  2.53779  3.83205  0.77932  2.55631  6.30308  7.35359  4.0901  9.45462  5.11261  5.62388  12.6062  6.64641  7.15767  15.7577  16.8082  17.8587  18.9092  19.9598  21.0103  22.0608  23.1113  24.1618  12.2703  
0.0228918  3.43339  0.328712  0.00934833  2.55631  6.30308  7.35359  4.0901  9.45462  5.11261  5.62388  12.6062  6.64641  7.15767  15.7577  16.8082  17.8587  18.9092  19.9598  21.0103  22.0608  23.1113  24.1618  12.2703  
0.0122205  3.05626  1.41424  0.0277884  2.55631  6.30308  7.35359  4.0901  9.45462  5.11261  5.62388  12.6062  6.64641  7.15767  15.7577  16.8082  17.8587  18.9092  19.9598  21.0103  22.0608  23.1113  24.1618  12.2703  
0.00162306  3.2981  0.276564  0.00485566  2.55631  6.30308  7.35359  4.0901  9.45462  5.11261  5.62388  12.6062  6.64641  7.15767  15.7577  16.8082  17.8587  18.9092  19.9598  21.0103  22.0608  23.1113  24.1618  12.2703  
0.0069151  2.40385  3.174  0.0202928  2.55631  6.30308  7.35359  4.0901  9.45462  5.11261  5.62388  12.6062  6.64641  7.15767  15.7577  16.8082  17.8587  18.9092  19.9598  21.0103  22.0608  23.1113  24.1618  12.2703  
0.00976538  2.28914  3.31843  0.0220087  2.55631  6.30308  7.35359  4.0901  9.45462  5.11261  5.62388  12.6062  6.64641  7.15767  15.7577  16.8082  17.8587  18.9092  19.9598  21.0103  22.0608  23.1113  24.1618  12.2703  
0.0117412  2.75085  1.42195  0.00965081  2.55631  6.30308  7.35359  4.0901  9.45462  5.11261  5.62388  12.6062  6.64641  7.15767  15.7577  16.8082  17.8587  18.9092  19.9598  21.0103  22.0608  23.1113  24.1618  12.2703  
0.00626942  2.47521  2.1085  0.00897039  2.55631  6.30308  7.35359  4.0901  9.45462  5.11261  5.62388  12.6062  6.64641  7.15767  15.7577  16.8082  17.8587  18.9092  19.9598  21.0103  22.0608  23.1113  24.1618  12.2703  
0.0004761  0.901782  3.91246  0.00694607  2.55631  6.30308  7.35359  4.0901  9.45462  5.11261  5.62388  12.6062  6.64641  7.15767  15.7577  16.8082  17.8587  18.9092  19.9598  21.0103  22.0608  23.1113  24.1618  12.2703  
0.000480286  0.901782  3.79199  0.00715179  2.55631  6.30308  7.35359  4.0901  9.45462  5.11261  5.62388  12.6062  6.64641  7.15767  15.7577  16.8082  17.8587  18.9092  19.9598  21.0103  22.0608  23.1113  24.1618  12.2703  
0.0121762  2.4356  1.41436  0.012747  2.55631  6.30308  7.35359  4.0901  9.45462  5.11261  5.62388  12.6062  6.64641  7.15767  15.7577  16.8082  17.8587  18.9092  19.9598  21.0103  22.0608  23.1113  24.1618  12.2703  
0.00116531  0.222213  3.98377  0.00773799  2.55631  6.30308  7.35359  4.0901  9.45462  5.11261  5.62388  12.6062  6.64641  7.15767  15.7577  16.8082  17.8587  18.9092  19.9598  21.0103  22.0608  23.1113  24.1618  12.2703  
0.00681657  2.56835  0.363296  0.0148296  2.55631  6.30308  7.35359  4.0901  9.45462  5.11261  5.62388  12.6062  6.64641  7.15767  15.7577  16.8082  17.8587  18.9092  19.9598  21.0103  22.0608  23.1113  24.1618  12.2703  
0.00993997  1.01872  3.22771  0.015942  2.55631  6.30308  7.35359  4.0901  9.45462  5.11261  5.62388  12.6062  6.64641  7.15767  15.7577  16.8082  17.8587  18.9092  19.9598  21.0103  22.0608  23.1113  24.1618  12.2703  
0.0337178  2.47053  0.0212191  0.0100648  2.55631  6.30308  7.35359  4.0901  9.45462  5.11261  5.62388  12.6062  6.64641  7.15767  15.7577  16.8082  17.8587  18.9092  19.9598  21.0103  22.0608  23.1113  24.1618  12.2703  
0.00293555  0.512198  3.28554  0.00613243  2.55631  6.30308  7.35359  4.0901  9.45462  5.11261  5.62388  12.6062  6.64641  7.15767  15.7577  16.8082  17.8587  18.9092  19.9598  21.0103  22.0608  23.1113  24.1618  12.2703  
0.000508831  0.25377  3.31738  0.00823029  2.55631  6.30308  7.35359  4.0901  9.45462  5.11261  5.62388  12.6062  6.64641  7.15767  15.7577  16.8082  17.8587  18.9092  19.9598  21.0103  22.0608  23.1113  24.1618  12.2703  
0.000520266  0.0463324  3.31738  0.00327689  2.55631  6.30308  7.35359  4.0901  9.45462  5.11261  5.62388  12.6062  6.64641  7.15767  15.7577  16.8082  17.8587  18.9092  19.9598  21.0103  22.0608  23.1113  24.1618  12.2703  
0.00110816  1.63143  1.79561  0.0228161  2.55631  6.30308  7.35359  4.0901  9.45462  5.11261  5.62388  12.6062  6.64641  7.15767  15.7577  16.8082  17.8587  18.9092  19.9598  21.0103  22.0608  23.1113  24.1618  12.2703  
0.0067947  1.69426  1.29123  0.0279257  2.55631  6.30308  7.35359  4.0901  9.45462  5.11261  5.62388  12.6062  6.64641  7.15767  15.7577  16.8082  17.8587  18.9092  19.9598  21.0103  22.0608  23.1113  24.1618  12.2703  
0.00663886  1.70922  0.909921  0.01691  2.55631  6.30308  7.35359  4.0901  9.45462  5.11261  5.62388  12.6062  6.64641  7.15767  15.7577  16.8082  17.8587  18.9092  19.9598  21.0103  22.0608  23.1113  24.1618  12.2703  
0.000985505  1.79638  0.266573  0.00602328  2.55631  6.30308  7.35359  4.0901  9.45462  5.11261  5.62388  12.6062  6.64641  7.15767  15.7577  16.8082  17.8587  18.9092  19.9598  21.0103  22.0608  23.1113  24.1618  12.2703  
0.0981924  0.117771  2.57376  0.00911211  2.55631  6.30308  7.35359  4.0901  9.45462  5.11261  5.62388  12.6062  6.64641  7.15767  15.7577  16.8082  17.8587  18.9092  19.9598  21.0103  22.0608  23.1113  24.1618  12.2703  
0.0010087  1.66597  0.0880913  0.00931035  2.55631  6.30308  7.35359  4.0901  9.45462  5.11261  5.62388  12.6062  6.64641  7.15767  15.7577  16.8082  17.8587  18.9092  19.9598  21.0103  22.0608  23.1113  24.1618  12.2703  
0.000687511  0.664343  1.97664  0.0470563  2.55631  6.30308  7.35359  4.0901  9.45462  5.11261  5.62388  12.6062  6.64641  7.15767  15.7577  16.8082  17.8587  18.9092  19.9598  21.0103  22.0608  23.1113  24.1618  12.2703  
0.00802156  0.133817  2.18344  0.00934018  2.55631  6.30308  7.35359  4.0901  9.45462  5.11261  5.62388  12.6062  6.64641  7.15767  15.7577  16.8082  17.8587  18.9092  19.9598  21.0103  22.0608  23.1113  24.1618  12.2703  
0.00892513  1.02179  1.40993  0.0148256  2.55631  6.30308  7.35359  4.0901  9.45462  5.11261  5.62388  12.6062  6.64641  7.15767  15.7577  16.8082  17.8587  18.9092  19.9598  21.0103  22.0608  23.1113  24.1618  12.2703  
0.0028735  0.292632  1.80754  0.00857013  2.55631  6.30308  7.35359  4.0901  9.45462  5.11261  5.62388  12.6062  6.64641  7.15767  15.7577  16.8082  17.8587  18.9092  19.9598  21.0103  22.0608  23.1113  24.1618  12.2703  
0.00048846  0.0663992  1.81435  0.00766281  2.55631  6.30308  7.35359  4.0901  9.45462  5.11261  5.62388  12.6062  6.64641  7.15767  15.7577  16.8082  17.8587  18.9092  19.9598  21.0103  22.0608  23.1113  24.1618  12.2703  
0.000427078  0.96247  0.650806  0.00365326  2.55631  6.30308  7.35359  4.0901  9.45462  5.11261  5.62388  12.6062  6.64641  7.15767  15.7577  16.8082  17.8587  18.9092  19.9598  21.0103  22.0608  23.1113  24.1618  12.2703  
0.000589833  0.284437  1.40773  0.0082145  2.55631  6.30308  7.35359  4.0901  9.45462  5.11261  5.62388  12.6062  6.64641  7.15767  15.7577  16.8082  17.8587  18.9092  19.9598  21.0103  22.0608  23.1113  24.1618  12.2703  
0.0014167  0.129647  1.37432  0.000697743  2.55631  6.30308  7.35359  4.0901  9.45462  5.11261  5.62388  12.6062  6.64641  7.15767  15.7577  16.8082  17.8587  18.9092  19.9598  21.0103  22.0608  23.1113  24.1618  12.2703  
0.00598229  0.775094  0.405461  0.0142861  2.55631  6.30308  7.35359  4.0901  9.45462  5.11261  5.62388  12.6062  6.64641  7.15767  15.7577  16.8082  17.8587  18.9092  19.9598  21.0103  22.0608  23.1113  24.1618  12.2703  
0.00162163  0.721236  0.276564  0.00485566  2.55631  6.30308  7.35359  4.0901  9.45462  5.11261  5.62388  12.6062  6.64641  7.15767  15.7577  16.8082  17.8587  18.9092  19.9598  21.0103  22.0608  23.1113  24.1618  12.2703  
0.00209905  0.637416  0.27504  0.00674701  2.55631  6.30308  7.35359  4.0901  9.45462  5.11261  5.62388  12.6062  6.64641  7.15767  15.7577  16.8082  17.8587  18.9092  19.9598  21.0103  22.0608  23.1113  24.1618  12.2703  
0.00385651  0.140343  0.859739  0.00897027  2.55631  6.30308  7.35359  4.0901  9.45462  5.11261  5.62388  12.6062  6.64641  7.15767  15.7577  16.8082  17.8587  18.9092  19.9598  21.0103  22.0608  23.1113  24.1618  12.2703  
0.000176922  0.0712837  0.58427  0.77932  2.55631  6.30308  7.35359  4.0901  9.45462  5.11261  5.62388  12.6062  6.64641  7.15767  15.7577  16.8082  17.8587  18.9092  19.9598  21.0103  22.0608  23.1113  24.1618  12.2703  
0.00201164  0.0610994  0.662694  0.00818601  2.55631  6.30308  7.35359  4.0901  9.45462  5.11261  5.62388  12.6062  6.64641  7.15767  15.7577  16.8082  17.8587  18.9092  19.9598  21.0103  22.0608  23.1113  24.1618  12.2703  
0.000309301  0.0486182  0.546399  0.00716495  2.55631  6.30308  7.35359  4.0901  9.45462  5.11261  5.62388  12.6062  6.64641  7.15767  15.7577  16.8082  17.8587  18.9092  19.9598  21.0103  22.0608  23.1113  24.1618  12.2703  
0.00281552  0.288662  0.0606196  0.000263486  2.55631  6.30308  7.35359  4.0901  9.45462  5.11261  5.62388  12.6062  6.64641  7.15767  15.7577  16.8082  17.8587  18.9092  19.9598  21.0103  22.0608  23.1113  24.1618  12.2703  
0.000216249  0.105581  0.274193  0.00514696  2.55631  6.30308  7.35359  4.0901  9.45462  5.11261  5.62388  12.6062  6.64641  7.15767  15.7577  16.8082  17.8587  18.9092  19.9598  21.0103  22.0608  23.1113  24.1618  12.2703  
0.00275183  0.138601  0.0606196  0.0133345  2.55631  6.30308  7.35359  4.0901  9.45462  5.11261  5.62388  12.6062  6.64641  7.15767  15.7577  16.8082  17.8587  18.9092  19.9598  21.0103  22.0608  23.1113  24.1618  12.2703  
0.00686514  0.0391897  0.102668  0.0200461  2.55631  6.30308  7.35359  4.0901  9.45462  5.11261  5.62388  12.6062  6.64641  7.15767  15.7577  16.8082  17.8587  18.9092  19.9598  21.0103  22.0608  23.1113  24.1618  12.2703  
