6.12323e-17 1 
0.981687 0.190503 
0.998223 0.0595874 
0.11187 0.993723 
0.5964 0.802688 
0.990465 0.137767 
0.487217 0.873281 
0.50627 0.862375 
0.993181 0.116586 
0.689956 0.723852 
0.0834454 0.996512 
0.998957 0.0456657 
0.831885 0.554948 
0.474966 0.880004 
0.632454 0.774598 
0.781156 0.624336 
0.723606 0.690213 
0.798156 0.602451 
0.987955 0.15474 
0.977895 0.209095 
0.340518 0.940238 
0.657039 0.753856 
0.459757 0.888045 
0.395195 0.918597 
0.55337 0.832936 
0.824652 0.565641 
0.38437 0.923179 
0.366887 0.930265 
0.995084 0.0990295 
0.159287 0.987232 
0.846645 0.532159 
0.321275 0.946986 
0.145399 0.989373 
0.816064 0.577962 
0.73343 0.679765 
0.953431 0.30161 
0.928511 0.371304 
0.243758 0.969836 
0.986086 0.166234 
0.712671 0.701498 
0.93704 0.349222 
0.575898 0.817521 
0.852652 0.52248 
0.0981637 0.99517 
0.789475 0.613782 
0.942801 0.333355 
0.996556 0.0829249 
0.896142 0.443767 
0.903062 0.42951 
0.609175 0.793036 
0.999744 0.0226114 
0.0345066 0.999404 
0.76368 0.645595 
0.973844 0.227219 
0.701377 0.712791 
0.966006 0.258519 
0.223973 0.974595 
0.189038 0.98197 
0.916515 0.399999 
0.305897 0.952065 
0.12983 0.991536 
0.406323 0.91373 
0.862425 0.506184 
0.881715 0.471782 
0.284925 0.95855 
0.869123 0.494596 
0.753939 0.656945 
0.932664 0.360747 
0.874641 0.484772 
0.263948 0.964537 
0.0195131 0.99981 
0.543486 0.839418 
0.585256 0.810849 
0.565019 0.825078 
0.354503 0.935055 
0.6424 0.76637 
0.88926 0.457401 
0.620594 0.784132 
0.174464 0.984664 
0.922586 0.385791 
0.668484 0.743727 
0.0623499 0.998054 
0.434895 0.900481 
0.962996 0.269517 
0.77245 0.635075 
0.421863 0.90666 
0.516662 0.856189 
0.969845 0.243721 
0.744531 0.667588 
0.948948 0.315431 
0.808133 0.589001 
0.532048 0.846714 
0.909276 0.416195 
0.445624 0.89522 
0.957919 0.287039 
0.838662 0.544652 
0.205271 0.978705 
1 0 
0.679327 0.733836 
1 0 
