0.537176 0.84347 
0.179212 0.98381 
0.998678 0.0514065 
0.0323271 0.999477 
0.691942 0.721953 
0.653192 0.757192 
0.799514 0.600647 
0.401281 0.915955 
0.346453 0.938067 
0.941291 0.337598 
0.49831 0.866999 
0.900964 0.433893 
0.442205 0.896914 
0.993135 0.116976 
0.768025 0.640419 
0.727964 0.685616 
6.12323e-17 1 
0.116403 0.993202 
0.318235 0.948012 
0.671473 0.741029 
0.99084 0.135038 
0.55759 0.830116 
0.773713 0.633537 
0.303573 0.952808 
0.269626 0.962965 
0.996128 0.0879161 
0.579234 0.815161 
0.662674 0.748908 
0.98294 0.183925 
0.913631 0.406545 
0.605479 0.795861 
0.283181 0.959067 
0.703504 0.710692 
0.882278 0.470729 
0.947421 0.319991 
0.250187 0.968198 
0.642351 0.766411 
0.487795 0.872958 
0.75979 0.650168 
0.964738 0.263214 
0.999666 0.0258316 
0.373454 0.927649 
0.865168 0.501482 
0.820806 0.571207 
0.54725 0.836969 
0.954045 0.299662 
0.195174 0.980769 
0.920676 0.390328 
0.810042 0.586372 
0.82886 0.559456 
0.427707 0.903917 
0.842971 0.537959 
0.738413 0.674349 
0.054251 0.998527 
0.359409 0.93318 
0.0145711 0.999894 
0.894646 0.446775 
0.589065 0.808086 
0.888131 0.45959 
0.836467 0.548017 
0.211673 0.977341 
0.977039 0.21306 
0.969399 0.24549 
0.980059 0.198705 
0.415491 0.909597 
0.466994 0.884261 
0.925265 0.379322 
0.985534 0.16948 
0.567102 0.823647 
0.783396 0.621523 
0.511082 0.859532 
0.994659 0.10322 
0.997344 0.0728291 
0.0911703 0.995835 
0.229664 0.97327 
0.332183 0.943215 
0.521251 0.853403 
0.933885 0.357573 
0.9578 0.287435 
0.792826 0.609449 
0.130625 0.991432 
0.929985 0.367598 
0.155727 0.9878 
0.90619 0.42287 
0.873705 0.486457 
0.714098 0.700046 
0.631361 0.775489 
0.97283 0.23152 
0.751108 0.66018 
0.681612 0.731714 
0.477931 0.878397 
0.988223 0.153022 
0.0750947 0.997176 
1 0 
0.853925 0.520397 
0.385905 0.922539 
0.961108 0.276172 
0.622124 0.782919 
0.453537 0.891238 
1 0 
