0.819753 0.0852016 4.2207 
0 0 6 
0.808694 0.777244 2.95593 
0.705806 0.633515 4.60092 
0.71724 0.282549 4.54101 
0.129834 0.142486 5.46679 
0.199085 0.799898 4.05064 
0.860916 0.259331 3.8812 
0.749607 0.326643 4.37509 
0.216335 0.238023 5.16639 
0.71272 0.228724 4.56812 
0.29072 0.162638 5.27048 
0.207951 0.0652185 5.49681 
0.207951 0.832144 3.93541 
0.012753 0.157164 5.67202 
0.0833571 0.736855 4.66818 
0.750149 0.736855 3.52916 
0.246982 0.168614 5.23628 
0.806513 0.804672 2.83244 
0.750149 0.797468 3.16886 
0.864799 0.772296 2.88786 
0.143683 0.872022 4.02928 
0.0256247 0.0068681 5.96093 
0.000881206 0.1434 5.71574 
0.774703 0.693751 3.69697 
0.0651602 0.118164 5.6731 
0.0329104 0.289967 5.55184 
0.0229016 0.0571809 5.88567 
0.829726 0.0405579 4.28534 
0.846501 0.792421 2.78685 
0.0181299 0.790649 4.46061 
0.829726 0.639279 3.86493 
0.134631 0.273781 5.31732 
0.0740682 0.701592 4.94994 
0.806412 0.822159 2.77323 
0.105578 0 5.80587 
0.336121 0.11649 5.45251 
0.719811 0.873191 3.24905 
0.880759 0.189365 3.9506 
0.693289 0.298752 4.74017 
0.0921642 0.894906 4.19416 
0.257478 0.651725 5.01348 
0.75408 0.812593 3.08289 
0.152611 0.667566 5.02289 
0.72913 0.0918735 4.70415 
0.0453662 0.0257102 5.90394 
0.0249614 0.0726539 5.85061 
0.152951 0.224554 5.27886 
0.666369 0.224554 4.91899 
0.875411 0.691399 3.46601 
0.662139 0.664822 4.71285 
0.671728 0.219878 4.88356 
0.792635 0.774743 3.03799 
0.236956 0.678336 4.82342 
0.16594 0.0537247 5.58834 
0.170152 0.0214567 5.63402 
0.276855 0.208952 5.18111 
0.741012 0.83564 3.11014 
0.703167 0.245475 4.63339 
0.795703 0.914156 2.88244 
0.117709 0.0329335 5.7339 
0.122772 0.129793 5.51298 
0.788127 0.742359 3.26604 
0.186792 0.742359 4.40161 
0.857617 0.883198 2.63649 
0.335832 0.154189 5.36476 
0.809723 0.715656 3.36605 
0.62712 0.743728 4.36361 
0.653316 0.313082 5.0562 
0.741679 0.733971 3.60762 
0.854168 0.695721 3.42422 
0.270293 0.247905 5.15177 
0.83668 0.10249 4.14026 
0.765375 0.752819 3.32185 
0.686866 0.811039 3.57893 
0.670751 0.841021 3.6236 
0.686866 0.228977 4.76357 
0.845575 0.758943 2.9756 
0.0781779 0.683761 5.07584 
0.106118 0.216489 5.39503 
0.244478 0.180129 5.21508 
0.0571735 0.0825034 5.7731 
0.813027 0.848662 2.70031 
0.642698 0.302574 5.11219 
0.642698 0.843495 3.81813 
0.823952 0.112133 4.14553 
0.744219 0.711799 3.75346 
0.843583 0.611053 4.01153 
0.301878 0.787719 4.10617 
0.782619 0.645626 4.00404 
0.682746 0.198031 4.82671 
0.760908 0.626829 4.25171 
0.803134 0.854398 2.73403 
0.732134 0.895563 3.20279 
0.647074 0.0411025 5.41511 
0.882008 0.720967 3.25314 
0.224279 0.720967 4.50966 
0.263779 0.658247 4.96936 
0.334927 0.757452 4.34079 
0.859393 0.859394 2.61401 
