0.328646 0.944453 
0.817552 0.575855 
0.995095 0.0989217 
0.504456 0.863438 
0.296207 0.955124 
0.980777 0.195133 
0.943612 0.331054 
0.698052 0.716047 
0.937846 0.34705 
6.12323e-17 1 
0.173672 0.984803 
0.847669 0.530526 
0.867028 0.498259 
0.392269 0.91985 
0.841153 0.540798 
0.619211 0.785225 
0.898922 0.438108 
0.239459 0.970906 
0.0376971 0.999289 
0.193163 0.981167 
0.907416 0.420233 
0.924501 0.381179 
0.932033 0.362372 
0.594922 0.803783 
0.686854 0.726795 
0.628228 0.778029 
0.784311 0.620368 
0.767112 0.641513 
0.707623 0.70659 
0.993122 0.11708 
0.80876 0.588138 
0.60716 0.79458 
0.999109 0.0421941 
0.750551 0.660812 
0.983042 0.183379 
0.638918 0.769275 
0.965251 0.261326 
0.372517 0.928025 
0.998108 0.0614857 
0.677501 0.735522 
0.121504 0.992591 
0.833786 0.552088 
0.666303 0.745681 
0.976699 0.214614 
0.533851 0.845579 
0.729166 0.684337 
0.40733 0.913281 
0.85445 0.519534 
0.419131 0.907926 
0.0610118 0.998137 
0.996849 0.0793259 
0.550286 0.834976 
0.825577 0.56429 
0.801972 0.597362 
0.343925 0.938997 
0.99983 0.0184342 
0.47626 0.879304 
0.0232387 0.99973 
0.948219 0.317617 
0.97244 0.233154 
0.280473 0.959862 
0.653557 0.756878 
0.521534 0.853231 
0.961123 0.276121 
0.489366 0.872079 
0.433072 0.901359 
0.254454 0.967085 
0.718747 0.695272 
0.773873 0.633341 
0.15921 0.987245 
0.968896 0.247468 
0.990233 0.139422 
0.861011 0.508586 
0.205142 0.978732 
0.893287 0.449486 
0.223653 0.974669 
0.793341 0.608778 
1 0 
0.737939 0.674867 
0.877089 0.480329 
0.570834 0.821065 
0.561031 0.827795 
0.956746 0.290926 
0.986184 0.165654 
0.885628 0.464395 
0.359295 0.933224 
0.463376 0.886162 
0.918454 0.395527 
0.760467 0.649377 
0.912278 0.409572 
0.084044 0.996462 
0.988935 0.148348 
0.58234 0.812946 
0.310636 0.950529 
0.14208 0.989855 
0.102727 0.99471 
0.266503 0.963834 
0.952668 0.304012 
0.4498 0.893129 
1 0 
