0.0728212 0.25342 0.179688 
0 0.198479 0.306273 
0.132946 0.212036 0.15732 
0.0436816 0.239393 0.220991 
0.00321716 0.0176313 0.483266 
0.198398 0.056105 0.258645 
0.266265 0.0268206 0.207986 
0.201006 0.280757 0.0223997 
0.436603 0.0439785 0.0223448 
0.165879 0.247707 0.0879742 
0.0979692 0.0886537 0.322609 
0.105504 0.0954715 0.300042 
0.342975 0.102193 0.0575878 
0.47492 0 0.027493 
0.00620024 0.404614 0.0921662 
0.0167167 0.339974 0.145003 
0.0489191 0.189965 0.262658 
0.0887798 0.264336 0.149449 
0.0963454 0.286862 0.122796 
0.234357 0.0513366 0.225821 
0.0213029 0.0634281 0.420399 
0.210225 0.154444 0.140361 
0.271797 0.108551 0.121176 
0.148172 0.00607513 0.353766 
0.368196 0.0150963 0.129603 
0.186951 0.140492 0.189179 
0.283461 0.220957 0 
0.111767 0.217311 0.174419 
0.0367126 0.0657524 0.40089 
0.0467152 0.0236716 0.434084 
0.333904 0.169197 0 
0.299295 0.171634 0.0323755 
0.0671003 0.181685 0.253034 
0.167984 0.330437 0.00384413 
0.0216628 0.476169 0.00383958 
0.0406701 0.428711 0.0341917 
0.413773 0.086706 0 
0 0 0.5 
0.0678668 0.1644 0.269299 
0.00622055 0.122564 0.371926 
0.48942 0 0.0133616 
0.00721266 0.0329416 0.46682 
0.0310553 0.141835 0.329697 
0.239468 0.0282043 0.233928 
0.0631492 0.275417 0.16627 
0 0.364665 0.137323 
0.454838 0.0107932 0.037428 
0.304092 0.161241 0.037404 
0.390992 0.0401851 0.0736036 
0.177076 0.24059 0.0837981 
0.447536 0 0.0616322 
0.401901 0.0394379 0.0607788 
0.190607 0.233009 0.0950792 
0.419857 0.0193152 0.0773868 
0.0584567 0.093439 0.348739 
0.0797746 0.131657 0.289417 
0.38025 0.0756675 0.0501049 
0.462376 0.000765217 0.0414049 
0.0504435 0.447742 0.00865857 
0.157802 0.244725 0.105741 
0.217451 0.0024657 0.287179 
0.429574 0.00487098 0.070136 
0.350517 0.151978 0.00216762 
0.0233267 0.0991519 0.382184 
0.133539 0.127524 0.243924 
0.117565 0.316046 0.0719292 
0.12225 0.182545 0.197657 
0.357042 0.0676278 0.0790513 
0.15545 0.148449 0.197075 
0.0341712 0.353632 0.114019 
0.0293347 0.0251693 0.446956 
0.0383136 0.396501 0.0662639 
0 0.38624 0.115876 
0.139031 0.0841437 0.278778 
0.280371 0.203606 0.0204774 
0.324752 0.0209834 0.156528 
0.22973 0.226822 0.0460838 
0.0714536 0.070549 0.367047 
0.0519233 0.0364665 0.41197 
0.257049 0.207915 0.0443988 
0.121365 0.297152 0.0867508 
0.0553789 0.13559 0.315583 
0.5 0 0 
0.0254587 0.374365 0.101752 
0.101927 0.0467271 0.358856 
0.250888 0.0401243 0.214636 
0.0143468 0.0316424 0.459682 
0.128737 0.30693 0.0675673 
0.00196185 0.111749 0.387813 
0.0611349 0.441792 0 
0.0834471 0.0796195 0.337867 
0.213886 0.119078 0.168818 
0.309846 0.187586 0.0105631 
0.317085 0.176532 0.0104821 
0.00976069 0.26044 0.237384 
0 0.487134 0.0141092 
0.0762977 0.419111 0.00578074 
0 0.460584 0.0404818 
0 0.5 0 
0.5 0 0 
