0.65865 0.75245 
0.913261 0.407375 
6.12323e-17 1 
0.868285 0.496066 
0.876003 0.482306 
0.299546 0.954082 
0.982628 0.185589 
0.611106 0.791549 
0.416879 0.908962 
0.976703 0.214597 
0.978655 0.205509 
0.930727 0.365716 
0.575462 0.817829 
0.99823 0.059478 
0.125379 0.992109 
0.985148 0.171709 
0.990572 0.136991 
0.644575 0.764541 
0.45465 0.89067 
0.34317 0.939273 
0.0783065 0.996929 
0.816043 0.577992 
0.389969 0.920828 
0.534084 0.845432 
0.883118 0.469152 
0.635479 0.772118 
0.907452 0.420156 
0.745626 0.666365 
0.686929 0.726725 
0.678412 0.734682 
0.97224 0.233986 
0.959578 0.281442 
0.790126 0.612945 
0.363761 0.931492 
0.99978 0.0209607 
0.234304 0.972163 
0.889449 0.457034 
0.147554 0.989054 
0.101421 0.994844 
0.757411 0.652938 
0.565399 0.824818 
0.895238 0.445588 
0.72682 0.686828 
0.50995 0.860204 
0.163964 0.986466 
0.0199754 0.9998 
0.800045 0.59994 
0.316162 0.948705 
1 0 
0.203878 0.978996 
0.993155 0.116804 
0.952602 0.304219 
0.32932 0.944218 
0.807385 0.590024 
0.994765 0.102189 
0.838021 0.545637 
0.700888 0.713272 
0.943655 0.330932 
0.218519 0.975833 
0.99909 0.0426591 
0.855736 0.517412 
0.496885 0.867816 
0.0402245 0.999191 
0.522178 0.852837 
0.847479 0.530829 
0.987849 0.155416 
0.716436 0.697653 
0.966865 0.255289 
0.996968 0.0778097 
0.376837 0.92628 
0.480438 0.877028 
0.0609525 0.998141 
0.54926 0.835651 
0.949317 0.314321 
0.964018 0.265837 
0.192034 0.981388 
0.267457 0.96357 
0.402947 0.915223 
0.440194 0.897903 
0.76544 0.643507 
0.176638 0.984276 
0.432477 0.901645 
0.831323 0.555789 
0.668967 0.743292 
0.283909 0.958851 
0.464254 0.885702 
0.903168 0.429288 
0.599444 0.800417 
0.780152 0.62559 
0.738737 0.673994 
0.621033 0.783785 
0.93562 0.353008 
0.58818 0.80873 
0.824043 0.566528 
0.772817 0.634629 
0.251187 0.967939 
0.919494 0.393104 
0.861529 0.507709 
0.926374 0.376604 
1 0 
