6.12323e-17 1 
0.192493 0.981298 
0.881352 0.47246 
0.583216 0.812317 
0.886955 0.461855 
0.998623 0.0524625 
0.905137 0.42512 
0.433561 0.901124 
0.724427 0.689352 
0.950756 0.309942 
0.457027 0.889453 
0.253018 0.967461 
0.285055 0.958511 
0.618226 0.786 
0.96476 0.26313 
0.999897 0.014328 
0.841031 0.540987 
0.923016 0.384762 
0.205091 0.978743 
0.795963 0.605345 
0.711744 0.702439 
0.223023 0.974813 
0.509277 0.860603 
0.769149 0.639069 
0.37447 0.927239 
0.178259 0.983984 
0.753112 0.657892 
0.085603 0.996329 
0.804331 0.594182 
0.733208 0.680005 
0.34731 0.93775 
0.0241061 0.999709 
0.960189 0.279353 
0.320869 0.947124 
0.482544 0.875872 
0.999477 0.032343 
0.497086 0.867701 
0.702001 0.712176 
0.822468 0.568811 
0.267574 0.963537 
0.789458 0.613804 
0.301848 0.953356 
0.99005 0.140715 
0.693649 0.720313 
0.594157 0.804349 
0.657458 0.753491 
0.987358 0.158504 
0.236977 0.971515 
0.997641 0.0686434 
0.81404 0.580809 
0.94208 0.335388 
0.984658 0.174498 
0.863632 0.504122 
0.569837 0.821758 
0.849889 0.526962 
0.779933 0.625863 
0.387826 0.921733 
0.873085 0.487568 
0.74267 0.669657 
0.899465 0.436993 
0.532907 0.846174 
0.929559 0.368673 
0.980222 0.197901 
0.448045 0.894011 
0.976744 0.214408 
0.972972 0.230925 
0.15717 0.987572 
0.857252 0.514896 
0.0656269 0.997844 
0.894814 0.446439 
0.994889 0.10097 
0.33592 0.941891 
0.968723 0.248146 
0.421678 0.906746 
0.671006 0.741452 
0.520607 0.853797 
0.911105 0.412174 
0.683805 0.729665 
0.138397 0.990377 
0.606414 0.795149 
0.404815 0.914398 
0.468937 0.883232 
0.0472551 0.998883 
0.956589 0.291441 
0.632363 0.774672 
0.102926 0.994689 
0.35901 0.933334 
0.557799 0.829976 
1 0 
0.916649 0.399693 
0.831652 0.555298 
0.64514 0.764064 
0.120336 0.992733 
0.996347 0.0853972 
0.935527 0.353255 
0.946426 0.322922 
0.545189 0.838313 
0.993154 0.116813 
0.760942 0.64882 
1 0 
