0.968246 0.25 
0.790052 0.61304 
6.12323e-17 1 
0.97235 0.233529 
0.762034 0.647537 
0.95532 0.295574 
0.781325 0.624125 
0.949034 0.315173 
1 0 
0.959604 0.281353 
0.996173 0.0873977 
0.932901 0.360133 
0.700234 0.713914 
0.451323 0.89236 
0.902467 0.430759 
0.190251 0.981736 
0.750674 0.660673 
0.919274 0.393618 
0.8601 0.510126 
0.881503 0.472178 
0.989383 0.145332 
0.412865 0.910792 
0.0187894 0.999823 
0.533704 0.845671 
0.999364 0.0356657 
0.890693 0.454606 
0.994448 0.105233 
0.640635 0.767845 
0.926967 0.375143 
0.383234 0.923651 
0.4962 0.868208 
0.964318 0.264746 
0.568755 0.822507 
0.806894 0.590696 
0.397646 0.917539 
0.683344 0.730097 
0.742643 0.669687 
0.717786 0.696264 
0.107079 0.994251 
0.673522 0.739168 
0.210207 0.977657 
0.876629 0.481167 
0.897133 0.44176 
0.999744 0.022626 
0.621577 0.783353 
0.998546 0.053914 
0.293847 0.955853 
0.167836 0.985815 
0.0371317 0.99931 
0.79838 0.602154 
0.308249 0.951306 
0.277436 0.960744 
0.839351 0.543589 
0.469552 0.882905 
0.908119 0.418712 
0.726463 0.687205 
0.980647 0.195782 
0.596986 0.802252 
0.320622 0.947207 
0.522597 0.85258 
0.354321 0.935124 
0.586381 0.810036 
0.850481 0.526006 
0.544942 0.838474 
0.482613 0.875834 
0.977354 0.211611 
0.816105 0.577903 
0.771345 0.636417 
0.66309 0.748539 
0.983623 0.180241 
0.870141 0.492804 
0.939126 0.343574 
0.943603 0.331078 
0.223581 0.974685 
0.709104 0.705104 
0.340552 0.940226 
0.369663 0.929166 
0.508338 0.861158 
0.832073 0.554667 
0.26129 0.96526 
0.651958 0.758255 
0.237439 0.971402 
0.0741074 0.99725 
0.992341 0.12353 
0.437913 0.899017 
0.692333 0.721578 
0.631694 0.775218 
0.556604 0.830778 
0.132802 0.991143 
0.0570782 0.99837 
0.425421 0.904995 
0.823524 0.567281 
0.997654 0.068457 
0.736272 0.676686 
0.986813 0.161866 
0.150575 0.988599 
0.607326 0.794453 
0.913851 0.40605 
0.0933125 0.995637 
1 0 
