6.12323e-17 1 
0.951298 0.308272 
0.683364 0.730078 
0.716213 0.697882 
0.990255 0.139263 
0.902169 0.431383 
0.988384 0.151979 
0.636922 0.770929 
0.0754344 0.997151 
0.790916 0.611925 
0.15256 0.988294 
0.301521 0.95346 
0.983655 0.180065 
1 0 
0.464894 0.885366 
0.259875 0.965642 
0.55642 0.830901 
0.171457 0.985192 
0.0214598 0.99977 
0.521988 0.852953 
0.748518 0.663114 
0.955964 0.293485 
0.510656 0.859785 
0.883838 0.467793 
0.568154 0.822922 
0.888139 0.459574 
0.942388 0.334521 
0.0398527 0.999206 
0.809795 0.586713 
0.423639 0.905831 
0.946791 0.321848 
0.997905 0.064697 
0.230212 0.973141 
0.986049 0.166458 
0.914052 0.405597 
0.098383 0.995149 
0.391365 0.920235 
0.723067 0.690778 
0.977089 0.212829 
0.375644 0.926764 
0.800184 0.599755 
0.999816 0.0191655 
0.733636 0.679542 
0.775015 0.631943 
0.979957 0.19921 
0.625225 0.780444 
0.973107 0.230355 
0.0601907 0.998187 
0.855745 0.517397 
0.759647 0.650336 
0.670864 0.74158 
0.994307 0.106556 
0.992258 0.124195 
0.996712 0.0810312 
0.92437 0.381497 
0.836113 0.548557 
0.873914 0.486081 
0.331521 0.943448 
0.894648 0.446771 
0.579811 0.814751 
0.930484 0.366333 
0.648547 0.761174 
0.698093 0.716007 
0.533012 0.846108 
0.436754 0.899581 
0.359264 0.933236 
0.78157 0.623818 
0.406885 0.913479 
0.961332 0.275392 
0.194429 0.980916 
0.216999 0.976172 
0.999231 0.0392099 
0.967074 0.254496 
0.827187 0.561927 
0.707561 0.706652 
0.590592 0.80697 
0.481798 0.876282 
0.767831 0.640652 
0.117993 0.993014 
0.313427 0.949612 
0.822394 0.568918 
0.246594 0.969119 
0.937128 0.348985 
0.286033 0.95822 
0.543302 0.839537 
0.919384 0.393362 
0.597581 0.801808 
0.612987 0.790093 
0.133707 0.991021 
0.497253 0.867605 
0.657953 0.753059 
0.848718 0.528846 
0.863538 0.504283 
0.272679 0.962105 
0.345856 0.938288 
0.909555 0.415584 
0.44994 0.893059 
0.842332 0.538958 
0.739986 0.672622 
1 0 
