0 0.384869 0.119932 
0.234297 0.246751 0.0227724 
0 0.446595 0.057215 
0.00188793 0.0284953 0.476323 
0.376712 0.00149683 0.125398 
0.47381 0.0330882 0 
0.0390033 0.473195 0.00664099 
0.134204 0.373598 0 
0.00742318 0.0900592 0.406647 
0.0886678 0.40574 0.0233073 
0.0780507 0.357156 0.0690878 
0.226453 0.109885 0.177684 
0.428925 0.0444809 0.028518 
0.265944 0.0252148 0.233165 
0.0211693 0.336705 0.150892 
0.298872 0.191668 0.0152076 
0.0588506 0.150289 0.296867 
0.143647 0.366837 0 
0.211902 0.100406 0.200512 
0.108734 0.051522 0.351826 
0.0461297 0.0218578 0.437343 
0 0.0151336 0.485238 
0.154572 0.00210656 0.344809 
0.276792 0.0037722 0.22203 
0.0712871 0.423814 0.010306 
0.0446308 0.265337 0.19633 
0.0491118 0.291978 0.162138 
0.23709 0.188797 0.0752539 
0.401362 0.0190799 0.0850493 
0.116412 0.272944 0.117679 
0.150235 0.352244 0 
0.0252389 0.0591758 0.421721 
0.290283 0.220758 0 
0.367923 0.134843 0 
0.127425 0.287395 0.0882952 
0.162751 0.311943 0.0330819 
0.261375 0.233514 0.0110979 
0.22255 0.130294 0.151047 
0.0144986 0.107069 0.38294 
0 0 0.5 
0.174605 0.198106 0.128549 
0.454336 0.0260446 0.0353121 
0.0929569 0.00532871 0.412255 
0.166416 0.298478 0.0454423 
0.0220837 0.196275 0.290553 
0.036882 0.327798 0.144504 
0 0.0505199 0.465186 
0.435459 0.0758561 0.0037833 
0.407423 0.0709723 0.0279626 
0.317734 0.146536 0.0414408 
0.16884 0.0778674 0.259963 
0.179742 0.232462 0.100515 
0 0.407854 0.0994545 
0.0183024 0.0312312 0.456557 
0.462524 0.0391856 0.00225266 
0.122383 0.226425 0.157866 
0.0471786 0.0872866 0.369249 
0.310804 0.170585 0.0258334 
0.035345 0.303889 0.172573 
0.0527764 0.114605 0.333928 
0.118751 0.171757 0.211036 
0.252138 0.110639 0.138637 
0.5 0 0 
0.325815 0 0.183581 
0.00662608 0.052795 0.445755 
0.102062 0.0109581 0.396205 
0.0617927 0.43484 0.00947122 
0.283416 0.217305 0.0124547 
0.0641693 0.206334 0.242728 
0.0574803 0.181967 0.280178 
0.0168315 0.486692 0.0068892 
0.0594496 0.32328 0.122394 
0.483177 0 0.0205432 
0.444427 0.0168071 0.0523584 
0.112076 0.0423334 0.360768 
0.244745 0.208956 0.0552507 
0.0462434 0.395124 0.0632482 
0.0326998 0.252844 0.215622 
0.217241 0.0825449 0.226377 
0.0302083 0.258113 0.21772 
0.138159 0.160072 0.205313 
0.0226286 0.166053 0.327267 
0.149113 0.046391 0.312293 
0.192286 0.0645806 0.245422 
0.356709 0.119803 0.0491837 
0 0.459829 0.0474617 
0 0.5 0 
0.0433721 0.0951305 0.375604 
0.0671487 0.147281 0.308056 
0.097995 0.214938 0.188659 
0.392389 0.075715 0.0367066 
0.348043 0.013135 0.159064 
0.0203684 0.390546 0.10707 
0.0426772 0.372147 0.0935132 
0.198209 0.277828 0.0322657 
0.336323 0.0686092 0.115447 
0.184119 0.125211 0.192752 
0 0.240429 0.270874 
0.204963 0.139386 0.156696 
0.5 0 0 
