0.749882 0.661667 0.0650011 
0.479748 0.198337 0.856854 
0.834755 0.31244 0.460328 
0.713774 0.683772 0.175351 
0.71061 0.0589887 0.705567 
0.0608664 0.863043 0.511957 
0.228531 0.966955 0.140857 
0.705921 0.184675 0.690427 
0.818869 0.0258057 0.583949 
0.278277 0.106761 0.960036 
0.0802995 0.216045 0.975619 
0.0264286 0.486854 0.877784 
0.653228 0.476771 0.592686 
0.737845 0.538531 0.420098 
0.451189 0.753935 0.495941 
0.321167 0.504561 0.814552 
0.18693 0.0473862 0.990331 
0.924892 0.234458 0.318525 
0.28576 0.850731 0.449168 
0.0149398 0.449607 0.906759 
0.204143 0.875323 0.449854 
0.957747 0.091684 0.29572 
0.472158 0.691997 0.55586 
0.52617 0.554013 0.654385 
0.646178 0.680372 0.361713 
0.238475 0.974612 0.0765702 
0.626631 0.160296 0.766528 
0.942232 0.241028 0.243421 
0.388412 0.507691 0.776806 
0.362643 0.576504 0.73899 
0.214425 0.940622 0.27589 
0.0876271 0.074121 0.996573 
0.638341 0.393296 0.667708 
0.613338 0.377891 0.709583 
0.595485 0.366891 0.717746 
0.884668 0.470353 0.0382343 
0.875724 0.465598 0.184285 
0.809791 0.430543 0.405284 
0.534944 0.772637 0.353456 
0.0769511 0.952646 0.306419 
0.0461743 0.571632 0.822161 
0.153651 0.992976 0.108567 
0.42698 0.0306521 0.910518 
0.665878 0.701147 0.266703 
0.349109 0.597334 0.732524 
0.733643 0.668891 0.160662 
0.500547 0.456368 0.745263 
0.0719947 0.821128 0.577974 
0.86322 0.124974 0.505254 
0.915415 0.414938 0.0249555 
0.402342 0.623311 0.675176 
0.910128 0.269989 0.330479 
0.567467 0.168339 0.811891 
0.961267 0.285159 0.0517783 
0.778463 0.61819 0.148704 
0.0932415 0.288354 0.965823 
0.24703 0.763952 0.606848 
0.558107 0.742505 0.396444 
0.936469 0.135578 0.334374 
6.05807e-17 1.35939e-17 1.01396 
0.440543 0.799221 0.439151 
0.901305 0.226085 0.409357 
0.764598 0.192731 0.620927 
0.310677 0.923997 0.250846 
0.849834 0.52618 0.114845 
0.170182 0.635655 0.764666 
0.969078 0.231237 0.129517 
0.200083 0.74734 0.638773 
0.515233 0.83677 0.209886 
0.416135 0.342871 0.847634 
0.295303 0.802345 0.523949 
0.465374 0.857079 0.288482 
0.260015 0.711491 0.669093 
0.495157 0.787993 0.377263 
0.0321176 0.606284 0.797223 
0.338756 0.948316 0.0153189 
0.680775 0.560476 0.475476 
0.144112 0.586241 0.805917 
0.142217 0.977303 0.223221 
0.108487 0.32358 0.943129 
0.982016 0.196955 0.0925354 
0.585479 0.724869 0.380966 
0.793483 0.250707 0.569765 
0.643738 0.642875 0.427286 
0.598835 0.433905 0.684079 
0.890809 0.401498 0.230432 
0.35722 0.145403 0.925904 
0.575966 0.329366 0.753668 
3.74942e-33 6.12326e-17 1 
6.12325e-17 1 0 
0.243024 0.895076 0.385624 
1 0 0 
0.330446 0.443434 0.839174 
0.216747 0.261464 0.947914 
0.175099 0.831078 0.537908 
0.308972 0.353015 0.887077 
0.378438 0.909418 0.182098 
0.674319 0.721948 0.200807 
0.254154 0.29557 0.930563 
6.12325e-17 0 1 
