1.52955 0.420678 4.36582 
1.6901 1.84502 3.089 
2.0032 1.34352 1.38663 
0.79129 3.20701 3.61932 
0.612352 2.70378 4.49258 
1.30013 0.35055 5.10421 
0.959333 1.70989 5.09113 
0.17259 3.31454 3.88585 
1.11624 1.37357 4.89103 
0.301725 1.94337 5.37672 
0.705346 3.78331 2.00372 
1.4382 2.18457 3.42414 
1.93816 0.76405 2.31628 
0.248249 0.631951 5.97702 
1.48947 0.888251 4.37003 
1.17129 2.90795 3.10962 
1.15883 1.29243 4.919 
0.193254 3.05205 4.26007 
0.124742 1.19687 5.88716 
0.594265 1.13492 5.64155 
0.0135826 0.0135826 6.01358 
1.79749 2.10482 1.93122 
0.425566 3.90475 1.89258 
1.36539 3.17196 1.0183 
1.07526 1.62637 4.94649 
1.45348 3.13386 0.300163 
0.869767 3.33892 2.88676 
0.446823 2.12235 5.29156 
1.56033 2.9467 0.677771 
1.77117 2.58019 0.583003 
0.555368 1.11535 5.7777 
1.91339 1.83019 1.27522 
1.10042 2.85047 3.2827 
1.71951 0.226901 3.94166 
1.65686 2.33418 2.24188 
1.37892 1.06546 4.81588 
0.648104 0.671588 5.94729 
1.13586 1.22645 5.24553 
1.01607 0.128422 5.50511 
1.05125 0.834865 5.48103 
0.830522 2.61006 4.5527 
1.55984 0.544432 4.22035 
1.24205 3.43204 0.515685 
1.59898 2.8053 0.197345 
1.86065 2.0662 1.12539 
0.471633 2.98843 4.29126 
0.211278 3.66484 3.02916 
0.99279 0.508952 5.56592 
1.25823 2.73821 3.36175 
0.777534 3.88997 1.53129 
1.74978 2.24627 1.06771 
1.67568 2.5684 0.852751 
1.33102 2.44142 3.47238 
1.21563 3.44487 0.937957 
1.30704 3.24733 1.31185 
0.464646 2.77713 4.63867 
0.328344 1.92519 5.49719 
1.39054 2.9012 2.47315 
1.42138 2.01927 3.78693 
0.707997 1.47974 5.58022 
0.633756 2.27945 5.03022 
0.144583 2.48175 5.01384 
0.355351 2.39336 4.9733 
0.0508275 2.54026 4.74723 
0.388004 3.96628 2.02698 
0.429793 3.79366 2.60896 
1.93459 1.53922 1.18957 
1.07274 3.54032 0.0743552 
0.752148 1.41438 5.40436 
0.768682 3.59837 2.66827 
0.015987 4.01599 0.015987 
1.03493 3.40357 2.80876 
1.86254 0.969008 3.20107 
0.67624 3.47612 3.1772 
1.4759 1.76572 4.02074 
0.884466 1.68046 5.15144 
0.531093 2.89704 4.425 
1.89233 2.00783 1.60908 
0.922266 3.69991 1.48102 
0.809324 3.95817 0.389021 
0.987933 0.994769 5.34988 
1.69927 2.03223 2.38556 
1.62932 2.64253 0.804056 
0.926049 3.81108 0.569399 
0.493829 1.32525 5.68486 
0.73141 1.08782 5.73686 
1.78326 1.57828 2.95842 
0.810383 3.08598 3.68635 
0.0955683 3.06478 4.11596 
1.21727 3.36249 1.70127 
0.501698 3.99309 1.66484 
0.0856051 3.85881 2.07721 
1.83429 0.281044 3.53917 
1.78404 2.17919 0.419874 
1.96079 0.0873226 2.18756 
0.112507 3.74154 2.63594 
1.99661 0.082406 1.82088 
0.401013 0.71973 5.92794 
1.53744 2.95165 0.123226 
2.01846 0.0184569 0.0184569 
