1.26552 2.92136 2.69791 
1.90045 1.91415 0.925271 
0.600215 3.6259 2.54097 
1.67738 1.89759 2.78368 
0.303356 1.08724 5.98714 
1.46526 2.71065 2.63235 
0.749135 3.91559 0.31674 
1.7036 2.18862 1.99299 
1.20962 2.77983 3.09841 
1.58117 2.36261 1.84835 
1.9897 1.12389 0.421431 
1.98512 1.15847 0.432292 
1.59156 0.395758 4.12011 
1.71707 0.37673 3.49039 
1.94935 0.951634 1.67584 
1.12741 2.52539 4.00184 
0.637988 3.67914 2.0519 
1.6209 2.86745 0.743329 
1.92387 1.64312 1.25391 
1.66042 2.19801 2.35179 
1.52064 1.72608 3.34147 
2.01727 0.0172663 0.0172663 
0.993699 0.857071 5.46576 
1.01359 3.41205 1.90612 
1.43199 0.603641 4.74451 
1.31918 1.03 4.68203 
0.100784 3.25407 3.79236 
1.45094 1.3861 4.06956 
0.840472 0.259322 5.70491 
1.5349 0.880428 4.21284 
1.40377 1.62637 4.15253 
1.96686 1.27014 0.0605038 
1.53767 0.176615 4.31207 
0.249014 1.73905 5.5795 
0.306102 3.94185 1.59447 
0.36058 3.73923 2.60089 
1.43492 3.1863 0.139227 
1.60922 1.02355 3.79608 
1.39846 1.66535 3.98003 
1.13541 0.76173 5.16576 
0.992985 0.329019 5.52168 
1.88383 0.126823 2.99327 
1.81669 0.0870277 3.09942 
0.795958 1.21214 5.4903 
0.983807 1.44862 5.15668 
1.55752 1.3109 3.71724 
0.805115 2.4156 4.70377 
1.03255 2.07809 4.56 
1.77722 2.27556 0.538281 
0.39911 3.99748 0.622915 
0.612479 0.127909 5.80794 
1.42948 1.77795 3.55609 
0.445592 2.99352 4.06163 
0.542893 3.83935 1.75374 
0.0173198 4.01732 0.0173198 
0.461753 2.90591 4.37798 
0.714453 2.18162 4.9909 
1.09162 3.39022 1.40768 
1.59989 2.54838 1.48401 
1.15837 2.81353 3.07234 
0.768081 2.47015 4.44422 
1.63257 1.71351 2.83921 
0.96832 3.55965 1.01553 
0.785431 1.55201 5.35318 
0.725969 3.78543 1.17682 
0.501278 3.34901 3.41477 
0.051895 3.9997 1.01797 
0.0133895 4.00955 0.276205 
0.572533 0.481624 5.89843 
1.28683 0.734171 4.94397 
1.84382 1.85789 1.36824 
0.131615 1.98864 5.44582 
0.481884 2.46991 4.86243 
0.939725 1.29138 5.27824 
0.921767 3.16607 3.17652 
0.868054 3.071 3.25696 
1.65472 2.30958 0.0161184 
0.272923 2.59646 4.77708 
0.21601 1.40372 5.80078 
0.546528 2.65232 4.49056 
0.337024 1.5164 5.61283 
0.684774 2.03128 5.07493 
1.49817 2.28075 3.12636 
1.33024 3.10352 1.72757 
0.667644 3.87037 0.820205 
0.182876 3.44572 3.65364 
0.166815 1.58596 5.7765 
1.18244 3.22156 2.12256 
1.58861 2.97662 0.208348 
1.23547 3.0369 2.25284 
0.0856553 3.82022 2.23493 
1.02371 3.31555 2.46435 
0.88972 3.50478 2.29319 
1.80216 2.24146 0.67958 
1.3705 0.645383 4.77933 
1.36024 2.13923 3.5924 
0.506132 1.06601 5.73891 
1.74603 1.87855 2.15849 
1.07114 0.697312 5.20651 
0.0151168 0.0151168 6.01512 
