0.917151 18.7254 0.472573 
0.670223 14.9831 0.811557 
0.781959 16.381 0.695497 
0.0934855 2.6273 2.43549 
2.15576 13.0607 0.00426631 
1.40624 2.96917 0.989148 
0.000459996 3.18649 1.65654 
2.28003 11.7909 0.000300811 
2.04179 5.71594 0.0214962 
0.0904409 0.969942 3.02942 
0.860862 2.24537 1.79752 
0.445687 22.0804 0.975585 
0.0292348 10.1773 1.41281 
0.0548084 1.80961 2.66413 
0.571729 28.963 0.872314 
2.91792 0.922323 1.87006 
0.798072 31.6179 0.657206 
1.3352 5.22869 0.0578697 
1.05773 15.8023 0.112313 
1.09266 12.0614 0.0797704 
0.188555 2.347 2.10022 
0.841706 0.594865 2.36984 
0.039552 2.87849 2.82832 
1.98347 11.0572 0.0147166 
0.192438 23.9603 1.00846 
0.74791 29.3447 0.722102 
0.990582 10.6033 0.33582 
1.01331 7.63583 0.911513 
0.825 19.9822 0.61665 
0.325389 4.2626 1.31752 
1.03344 6.05277 0.555934 
1.81491 3.70528 0.0405315 
2.19945 10.5156 0.00563583 
1.89172 7.25318 0.0171445 
1.49183 2.76056 1.71111 
1.1581 6.72648 0.151416 
1.94766 6.88356 0.0261406 
0.737024 18.3447 0.752567 
2.14724 13.8197 0.0129436 
0.0339684 2.96051 2.57668 
2.47743 8.50252 0.0123633 
0.0122887 3.18411 2.87204 
0.112071 1.36275 2.30343 
0.295493 0.727388 2.24248 
2.37425 1.18148 1.53253 
1.12717 24.9237 0.0160445 
1.0351 17.1048 0.188616 
0.129266 2.44515 1.89471 
0.471751 17.9107 0.947561 
0.718703 17.4802 0.809672 
1.72778 3.57801 0.0799499 
0.994777 23.0506 0.315991 
0.226615 23.3628 0.999745 
0.421716 2.06728 1.98522 
0.431491 5.04273 1.11686 
0.323986 0.351706 2.98701 
0.0356021 15.5041 1.17367 
0.636064 25.3859 0.794362 
0.592741 21.2065 0.888039 
0.866471 16.7843 0.581529 
0.85652 20.2484 0.592882 
0.377088 24.5172 0.958051 
1.66702 1.89081 0.375178 
1.00817 19.3642 0.238876 
0.539863 27.8692 0.887383 
0.893196 25.6131 0.545876 
0.474704 21.5479 0.923777 
0.949008 12.7372 0.451276 
0.148934 13.4528 1.19643 
0.128884 0.934155 2.46516 
0.0848714 4.38209 1.44744 
0.640858 22.9399 0.832007 
1.48975 4.43676 0.232169 
0.0253616 16.0404 1.05598 
0.401186 14.3074 1.06184 
0.026769 11.3267 1.58176 
0.0286817 8.45325 1.50697 
0.723862 30.5392 0.748378 
3.34833 1.40555 1.38425 
1.04883 26.2998 0.171336 
2.08312 13.5813 0.0139549 
1.41346 13.6416 0.0312803 
0.795804 31.1013 0.680535 
0.214368 5.31285 1.20326 
0.0601591 7.17159 1.24003 
2.56087 2.14539 0.289117 
1.29067 4.62243 0.261078 
1.01528 8.16188 0.796785 
0.515988 28.1408 0.890232 
0.61897 20.6444 0.860021 
0.0635926 29.1709 1.02326 
1.04345 29.8496 0.0434717 
0.415634 26.5775 0.952876 
0.814504 25.7928 0.633478 
0.905757 23.5992 0.511573 
0.182444 9.92778 1.09284 
0.112969 2.3843 2.05733 
0.970952 14.7859 0.425859 
0.348211 1.46124 2.15645 
0.630647 0.0172186 2.96746 
