0.711327 0.0186082 0.707411 
0.383672 0.879433 0.297387 
0.401119 0.919425 0.0660738 
0.0631193 0.985467 0.175947 
0.0507028 0.791611 0.612069 
0.277197 0.0291377 0.96374 
0.870224 0.485905 0.144349 
0.781826 0.521047 0.354368 
0.36818 0.49802 0.787993 
0.227168 0.307279 0.929074 
0.549829 0.743728 0.387402 
3.74941e-33 6.12325e-17 1 
0.493618 0.715941 0.495332 
0.455845 0.141064 0.885854 
0.155337 0.200778 0.971048 
0.677419 0.699317 0.241415 
0.0725232 0.729151 0.68623 
0.0355828 0.93718 0.364802 
0.304593 0.132169 0.952331 
0.953477 0.0985605 0.296326 
0.826708 0.423386 0.376135 
0.894657 0.458185 0.0148545 
6.12325e-17 1 0 
0.390714 0.730946 0.566693 
0.656361 0.504404 0.565989 
0.980311 0.225496 0.0559885 
6.12325e-17 0 1 
0.846347 0.172013 0.511258 
0.149083 0.663531 0.736241 
0.700204 0.179945 0.692588 
0.411984 0.912306 0.159276 
0.683166 0.454186 0.585327 
0.74119 0.645359 0.19801 
0.449749 0.899717 0.0873263 
5.45828e-17 2.88749e-17 1.00845 
0.732238 0.637565 0.262364 
0.717682 0.624891 0.320557 
0.5839 0.0639844 0.812262 
0.500483 0.603278 0.63041 
0.216987 0.0804798 0.98127 
0.198908 0.049619 0.984563 
0.905563 0.371509 0.216252 
0.942158 0.339419 0.110629 
0.671274 0.35139 0.657384 
0.139372 0.855225 0.516582 
0.1118 0.686033 0.727225 
0.141305 0.867082 0.481207 
0.0918055 0.78367 0.622769 
0.263384 0.956614 0.13946 
0.628486 0.757926 0.182952 
0.919273 0.397833 0.034298 
0.256685 0.274919 0.934503 
0.346099 0.149781 0.936982 
0.169749 0.751552 0.640209 
0.101626 0.543135 0.837875 
0.182122 0.973344 0.169855 
0.640801 0.280465 0.718381 
0.347709 0.895084 0.285392 
0.327889 0.844063 0.432126 
0.565835 0.693547 0.449224 
0.42616 0.113974 0.906062 
0.290536 0.32895 0.901433 
0.022592 0.517601 0.858802 
0.842013 0.188009 0.521779 
0.605628 0.239434 0.765557 
0.530029 0.815649 0.252107 
0.315355 0.681484 0.665264 
0.371489 0.802791 0.468289 
0.333913 0.951945 0.0782533 
0.986786 0.156264 0.078641 
0.796168 0.472249 0.399608 
0.518764 0.61245 0.600119 
0.761543 0.482035 0.440345 
0.126647 0.491577 0.867206 
0.483152 0.0402326 0.881857 
0.954039 0.0794439 0.308622 
0.839119 0.0698744 0.541999 
0.78712 0.533993 0.328894 
0.928473 0.390647 0.0460828 
0.623248 0.262226 0.750161 
0.601251 0.0477106 0.799736 
0.242108 0.93254 0.273311 
0.887296 0.409562 0.220899 
0.00653429 0.992764 0.132016 
0.435819 0.5585 0.710326 
0.555899 0.830428 0.0981847 
0.580519 0.314676 0.763134 
0.620934 0.210932 0.757889 
0.855857 0.332532 0.412128 
0.881897 0.34265 0.338966 
0.966383 0.249163 0.155011 
0.468588 0.569932 0.681582 
0.360574 0.438557 0.827427 
0.469376 0.250455 0.858222 
0.809341 0.431857 0.421644 
0.862716 0.296855 0.41935 
0.531778 0.759905 0.379104 
0.911853 0.359019 0.204082 
0.768875 0.593388 0.239083 
1 0 0 
