1 0 0 
0.890497 0.462407 0.0456778 
0.515028 0.614498 0.602704 
0.23198 0.403029 0.892364 
0.367094 0.637768 0.681762 
0.375324 0.237093 0.899723 
0.773653 0.0285911 0.643947 
0.385713 0.31282 0.871289 
0.270282 0.802337 0.537421 
0.327317 0.450101 0.837337 
0.0157937 0.767137 0.654504 
0.252461 0.749434 0.615862 
0.489445 0.459653 0.747883 
0.924885 0.344466 0.206097 
0.874449 0.50079 0.0252017 
0.527238 0.14043 0.849768 
0.673742 0.211317 0.715131 
0.743397 0.65876 0.136497 
0.629626 0.557942 0.552438 
0.128508 0.566306 0.821451 
0.688222 0.708596 0.194516 
0.740876 0.535373 0.424365 
0.671229 0.172115 0.723692 
0.361115 0.0925962 0.931283 
6.12327e-17 1.00001 0 
0.1748 0.899514 0.410355 
0.459778 0.422399 0.786729 
0.961037 0.222307 0.213953 
0.148327 0.888277 0.460754 
0.983269 0.134309 0.127807 
5.99169e-17 1.71056e-17 1.01761 
0.846943 0.415265 0.342797 
0.478202 0.854737 0.231703 
0.833893 0.332354 0.462794 
0.191611 0.911057 0.377822 
0.61193 0.268871 0.746343 
0.537563 0.528658 0.668455 
0.130436 0.620188 0.775027 
0.593344 0.0542534 0.807442 
0.322311 0.950447 0.0223675 
0.693635 0.378924 0.624666 
0.224745 0.0168387 0.981251 
0.91352 0.0684443 0.416428 
0.811318 0.572802 0.149518 
0.105489 0.392645 0.915184 
0.994742 0.0756235 0.10624 
0.186172 0.692958 0.70044 
0.878022 0.0855001 0.475978 
0.426548 0.496054 0.763014 
0.139968 0.989477 0.0727581 
0.503169 0.427252 0.75734 
0.75893 0.65016 0.103875 
0.0842025 0.852507 0.526014 
0.698737 0.598594 0.404694 
0.641247 0.433291 0.637206 
0.0276083 0.519059 0.859199 
0.567176 0.82701 0.0580644 
0.0511884 0.962385 0.279318 
0.239027 0.159999 0.966301 
0.73161 0.489722 0.485676 
0.713516 0.477611 0.518642 
0.466594 0.77907 0.432086 
0.419216 0.353795 0.844766 
0.409434 0.867357 0.308908 
0.942549 0.321236 0.139657 
0.440777 0.150224 0.888994 
0.721906 0.246037 0.650359 
0.800156 0.104173 0.593765 
0.5982 0.806056 0.0861329 
0.530864 0.791278 0.323674 
0.348357 0.512827 0.790107 
0.579969 0.411018 0.70771 
0.821389 0.580926 0.00749219 
0.565363 0.73119 0.388497 
0.0282394 0.294712 0.959122 
0.0926615 0.967035 0.24738 
0.15914 0.977787 0.172977 
0.881644 0.381642 0.289706 
0.398304 0.922338 0.0788475 
0.543304 0.718173 0.445855 
0.59277 0.585977 0.562006 
0.954163 0.186008 0.256317 
0.274637 0.932883 0.256408 
0.246637 0.837773 0.501978 
0.792765 0.487316 0.37062 
0.651847 0.736877 0.187954 
0.067163 0.123922 0.994714 
0.124039 0.263274 0.959307 
0.309322 0.119388 0.950875 
0.90088 0.347709 0.269125 
3.74941e-33 6.12325e-17 1 
0.0540177 0.336378 0.943079 
0.10926 0.680383 0.731807 
0.933456 0.36161 0.0365477 
0.862229 0.368655 0.361397 
0.773366 0.291128 0.579266 
0.974447 0.20177 0.11941 
0.21326 0.0441579 0.979036 
0.294134 0.909136 0.301223 
6.12326e-17 0 1 
