2.02212 2.03625 2.20073 
2.23779 0.237793 0.237793 
1.59017 0.657413 4.82011 
0.187455 3.89324 2.44601 
0.421545 2.13303 5.56212 
1.77874 1.98136 3.80752 
1.85976 2.07775 3.17834 
1.34534 0.26989 5.3286 
0.736679 0.138658 5.86416 
1.99211 1.63369 3.08122 
1.28937 1.78407 5.12019 
2.22186 1.82337 1.28313 
2.01399 2.32898 1.54156 
2.01015 1.57446 2.6688 
0.200437 3.20373 4.16346 
1.45379 2.42139 3.72199 
1.77244 1.43198 3.95854 
1.64769 3.03901 1.33157 
1.4995 1.64086 4.45707 
1.2038 0.509053 5.35525 
0.273224 2.60695 5.14619 
0.824111 3.83345 2.0248 
0.864167 3.76743 2.00282 
0.343975 2.48665 5.209 
0.632772 2.95371 4.48046 
1.96815 2.01378 2.3474 
1.57226 2.90127 2.29435 
0.739661 3.70728 2.87497 
0.713343 3.90679 1.70208 
1.67304 0.77159 4.73539 
1.69672 1.7152 3.94754 
1.37905 1.91643 4.37779 
0.694751 3.31775 3.58445 
0.573176 2.17224 5.50169 
0.903579 3.23314 3.62779 
2.16564 0.902401 2.63588 
0.988609 3.58853 2.59206 
1.03845 3.85815 0.662786 
1.7173 2.99346 1.43393 
0.63928 1.60785 5.63042 
1.67076 1.10943 4.55632 
1.40839 3.27551 2.5151 
0.0410881 0.0410881 6.04109 
0.840827 1.09456 5.71594 
0.150372 3.73665 2.80778 
1.54829 3.53361 0.505519 
1.91314 2.85369 0.352407 
1.90431 2.84458 0.488261 
1.80833 2.74714 1.23301 
1.7288 0.356296 4.62513 
1.945 2.56741 0.306908 
1.57056 0.966808 4.86988 
2.04888 0.731468 3.50292 
1.4341 1.39732 4.77917 
2.12263 2.06841 1.89653 
0.234644 3.63826 3.38657 
0.672179 3.98066 0.130281 
1.59382 0.31165 4.91648 
1.25088 3.63442 0.874618 
1.89324 2.65912 0.942863 
1.12715 2.76641 4.35194 
1.50497 0.87152 5.04499 
1.29582 2.01334 4.70022 
1.44473 2.67907 3.13883 
2.09512 0.431037 3.27841 
1.93443 0.370756 4.11166 
0.94345 3.8596 1.01717 
0.451003 3.10146 4.29427 
0.0836622 4.02159 1.1366 
0.482312 3.94631 2.08618 
0.60878 0.450187 5.95234 
1.10025 2.87411 4.04421 
0.538335 1.16637 6.01033 
1.15588 1.90162 4.88374 
2.14486 1.8575 1.66599 
1.626 2.80417 2.69934 
1.14499 2.62605 4.25541 
2.07335 2.21785 1.90809 
1.43771 3.36128 1.80789 
1.10638 3.67402 2.13068 
0.761365 3.18892 3.86302 
1.81377 3.18252 0.632106 
1.84743 1.51802 3.78341 
0.519991 3.71734 2.85372 
0.425178 2.38659 5.23606 
1.0368 1.48435 5.44679 
1.32503 1.21558 5.0862 
0.793591 1.34503 5.76722 
0.296484 1.69721 5.91658 
1.08246 1.27858 5.57829 
0.627887 3.47707 3.23705 
0.660158 3.42877 3.7216 
0.558028 2.2588 5.27997 
0.394361 2.79081 5.06003 
0.321886 1.79467 5.83738 
1.746 3.14726 1.15494 
0.116947 3.99597 1.58139 
0.995558 2.46942 4.41385 
0.881503 3.44564 2.75324 
0.039058 4.03906 0.039058 
