0.0755128 0.105086 0.321983 
0.242637 0.0345556 0.224646 
0 0.277859 0.225187 
0.103297 0.146951 0.251177 
0.0513187 0.0518422 0.39766 
0.297124 0.18374 0.0203411 
0.210835 0.00198902 0.287682 
0.342309 0.0756602 0.0867167 
0.365391 0.0993061 0.0390038 
0.232832 0.247123 0.0241273 
0.249557 0.13247 0.121737 
0.260881 0.118642 0.120939 
0.0607341 0.064462 0.375573 
0.0708365 0.292504 0.14517 
0.0195984 0.338207 0.142958 
0.115191 0.196562 0.189197 
0.149081 0.174808 0.17852 
0.22778 0.267088 0.00728314 
0.0406033 0.345546 0.115717 
0.0426906 0.36331 0.0970893 
0.255385 0.142495 0.1034 
0.222209 0.218868 0.0601231 
0.128216 0.0572803 0.316999 
0.152151 0.35559 0 
0.135442 0.316538 0.0493781 
0.32996 0.0804347 0.0905236 
0 0.281955 0.218233 
0.0042942 0.0167383 0.479112 
0.14665 0.274464 0.0802412 
0.113289 0.212027 0.175847 
0.184934 0.0841072 0.235223 
0.3157 0.143579 0.0441033 
0.355596 0.0840723 0.0638117 
0.241697 0.249503 0.0107442 
0.0278362 0.00805847 0.470302 
0.445387 0.0248764 0.0363486 
0.461624 0.041282 0 
0.471864 0.0316016 0 
0.162036 0.205189 0.133851 
0 0 0.5 
0.0125093 0.379513 0.108563 
0.0159727 0.48459 0 
0.270304 0.0950185 0.13758 
0.277923 0.0868952 0.13739 
0.0130238 0.395123 0.0935957 
0.0915224 0.409677 0 
0.5 0 0 
0 0.47241 0.0277798 
0.173425 0.125889 0.204223 
0.204795 0.137158 0.159001 
0.394957 0 0.111044 
0.00708537 0.0706645 0.427923 
0.116505 0.0901144 0.295825 
0.302506 0.0430724 0.155352 
0.216428 0.102492 0.181748 
0.124189 0.0472261 0.331996 
0 0.5 0 
0.0255253 0.0623665 0.412382 
0.482229 0.0131012 0.00560705 
0.0319072 0.224264 0.244366 
0.107112 0.126434 0.269222 
0.0361973 0.435066 0.0305919 
0.0998248 0.386364 0.0157167 
0.0791876 0.0589791 0.362656 
0.177263 0.0498937 0.275071 
0 0.458889 0.0415872 
0.179179 0.238194 0.0901565 
0.0641089 0 0.437269 
0.0850777 0.190601 0.231085 
0.131232 0.323337 0.0540134 
0.00821007 0.416688 0.0757989 
0.404073 0 0.0996573 
0.484348 0 0.0197982 
0.289332 0.167501 0.0449011 
0.16862 0.025576 0.307578 
0.0908969 0.0743865 0.342311 
0.197611 0.161717 0.149352 
0.0551928 0.447372 0 
0.123086 0.0252026 0.354949 
0.190007 0.288008 0.0233467 
0.0501865 0.36943 0.0814873 
0.139926 0.295566 0.0657317 
0.15723 0.332116 0.0126416 
0.0311701 0.0658404 0.404298 
0.419404 0.0183883 0.0641196 
0.0393607 0.201854 0.261911 
0.0419271 0.0101643 0.451008 
0.375291 0 0.127945 
0.0995006 0.234054 0.169208 
0.432359 0 0.0694915 
0.386565 0 0.114391 
0 0.115952 0.386361 
0.0465004 0.154373 0.301776 
0.0783083 0.259969 0.164874 
0.0224225 0.026464 0.454586 
0.199266 0.305374 0 
0.0170132 0 0.489479 
0 0.426417 0.0752834 
0.0728598 0.232075 0.19631 
0.5 0 0 
