0.712142 0.161342 
0 1 
0.331767 0.427428 
0.392996 0.377421 
0.931856 0.0358226 
0.571539 0.24809 
0.59653 0.231031 
0.254349 0.499997 
0.0578628 0.773316 
0.696567 0.168924 
0.621656 0.215278 
0.520117 0.282713 
0.435947 0.344134 
0.986157 0.00702019 
0.609234 0.223254 
0.446731 0.335821 
0.97253 0.0143988 
0.213612 0.542389 
0 1 
0.0406746 0.816087 
0.0317026 0.838121 
0.722978 0.155273 
0.150892 0.618378 
0.918344 0.0430976 
0.159527 0.606714 
0.311984 0.445144 
0.0105794 0.931141 
0.00257671 0.971403 
0.0153774 0.895112 
0.124268 0.655048 
0.414646 0.359564 
0.00495236 0.948186 
0.321726 0.436444 
0.469409 0.32003 
0.0728544 0.745135 
0.186253 0.573942 
0.176983 0.5845 
0.734868 0.146735 
0.168712 0.595757 
0.116996 0.670849 
0.74763 0.138907 
0.141763 0.630128 
0.878176 0.0650591 
0.54596 0.265465 
0.798654 0.110095 
0.303295 0.453735 
0.65866 0.191829 
0.0261128 0.8573 
0.785616 0.117526 
0.425473 0.351758 
0.709712 0.161771 
0.373082 0.392951 
0.891692 0.0577759 
0.532837 0.273809 
0.685244 0.175738 
0.945451 0.0285668 
0.404363 0.367939 
0.294142 0.462168 
0.232816 0.521804 
0.480949 0.310216 
0.362756 0.401482 
0.0210606 0.878558 
0.671079 0.184536 
0.851583 0.0799381 
0.088148 0.715988 
0.45739 0.327501 
0.0973389 0.699695 
0.0460402 0.801681 
0.079796 0.729297 
0.132873 0.643999 
0.584315 0.239025 
0.276623 0.477708 
0.244506 0.511507 
0.352336 0.410026 
0.195147 0.563441 
0.052408 0.786704 
0.634133 0.207439 
0.0126299 0.919597 
0.760528 0.132305 
0.49594 0.300982 
0.286481 0.469051 
0.958851 0.0212697 
0.510014 0.290851 
0.342099 0.418687 
0.825075 0.0947876 
0.558582 0.256077 
0.864849 0.0725809 
0.383511 0.384399 
0.811787 0.102469 
1 0 
0.772889 0.124668 
0.266125 0.488634 
0.223188 0.532181 
1 0 
0.838364 0.0873361 
0.108847 0.685821 
0.20459 0.553047 
0.904965 0.0503773 
0.646271 0.199668 
0.0663078 0.761434 
