0.0234835 1.02571 
0.626295 0.67338 
0.0633963 1.02511 
0.702588 0.576303 
0.431209 0.865716 
0.847137 0.356824 
0.536817 0.771589 
0.854484 0.346325 
0.824268 0.395978 
0.818236 0.407778 
0.453452 0.847452 
0.563815 0.741265 
0.969543 0.142889 
0.1802 1.0082 
0.860195 0.333938 
0.884429 0.300854 
0.985908 0.112993 
0.545128 0.761627 
0.587209 0.717251 
0.607685 0.694129 
0.896558 0.276247 
0.869172 0.32408 
0.905378 0.264939 
0.496998 0.806101 
0.598539 0.703268 
0.553566 0.751444 
0.839831 0.368896 
0.44205 0.856947 
0.260933 0.976382 
0.516118 0.787491 
0.874851 0.309675 
0.919463 0.236948 
0.93211 0.210491 
0.275268 0.967987 
0.616614 0.683689 
0.287795 0.962403 
0.954184 0.169431 
0.674423 0.607261 
0.997562 0.0806152 
0.995689 0.0997899 
0.330607 0.932704 
0.464846 0.837807 
0.297176 0.955608 
0.69015 0.581263 
0.19298 1.00016 
0.163665 1.01127 
0.728113 0.541793 
0.796964 0.444044 
0.781198 0.470214 
0.830333 0.380179 
0.211794 0.995986 
0.506845 0.797437 
0.356817 0.914596 
0.631813 0.660465 
0.684395 0.595879 
0.660487 0.632094 
0.963234 0.158324 
0.575699 0.729353 
0.88834 0.287356 
0.526174 0.779163 
0.809337 0.41685 
1.0154 0.0529339 
1.00712 0.0632442 
0.0983718 1.02183 
0.476085 0.828021 
0.420222 0.874294 
0.119893 1.01807 
0.319416 0.942294 
0.753556 0.503748 
0.947521 0.184994 
0.346484 0.927099 
0.309428 0.94976 
0.941099 0.198968 
0.65175 0.641009 
0.737188 0.531651 
0.372161 0.908999 
0.772251 0.480826 
0.744299 0.51567 
0.0855336 1.02443 
0.141947 1.01336 
0.764542 0.487925 
0.486578 0.817517 
0.243378 0.982257 
0.924395 0.222287 
0.91022 0.249361 
0.396861 0.89178 
0.409556 0.883195 
0.229856 0.986677 
0.66394 0.617808 
0.786311 0.456057 
0.719248 0.554004 
0.708111 0.563213 
0.385915 0.90244 
0.642762 0.649646 
0.976095 0.127308 
1.02163 0.0419309 
0.806671 0.429752 
1.02348 0.0257068 
0.0397408 1.02559 
1.02348 0.0257068 
