0.386406 0.381666 
0.155398 0.609327 
0.213419 0.540453 
0.691521 0.170672 
0.47877 0.310755 
0.809649 0.103414 
0.766119 0.126215 
0.102553 0.68383 
0.675544 0.180858 
0.0117311 0.91062 
0.347498 0.412655 
0.56493 0.249705 
0.0644878 0.752142 
0.75248 0.135751 
0.0938798 0.69568 
0.397288 0.3726 
0.038963 0.808392 
0.463565 0.320529 
1.18643 8.49665e-05 
0.707013 0.162788 
0.939528 0.0332736 
0.37367 0.392384 
0.22356 0.529971 
0.647348 0.197404 
0.000133415 1.05806 
0.338338 0.423431 
0.908549 0.0535362 
0.986028 0.0146408 
0.185069 0.573749 
0.301064 0.454681 
0.278657 0.475139 
0.359927 0.402593 
0.425135 0.352218 
0.736896 0.144988 
1.01083 0.000636434 
0.5187 0.282132 
0.580993 0.239869 
0.233538 0.519361 
0.781885 0.118343 
0.266239 0.486252 
0.128115 0.645746 
0.662765 0.189804 
0.492406 0.299816 
0.449891 0.330682 
1.04198 0.00011737 
0.17494 0.585066 
1.09183 0.000109665 
0.634274 0.205513 
0.312585 0.444312 
0.999942 0.00722337 
7.69381e-05 1.07716 
0.608612 0.222017 
0.873027 0.0706991 
0.0793729 0.724327 
0.438213 0.342075 
0.0189573 0.877416 
0.00152106 0.982639 
0.0864241 0.709827 
0.0338064 0.82102 
0.409947 0.362426 
0.973458 0.0171961 
0.00245806 0.963536 
0.00598559 0.946835 
0.000794882 1.00345 
0.00599494 0.928826 
0.110971 0.670446 
0.289157 0.463778 
0.0434199 0.794396 
0.194034 0.562148 
0.0259414 0.849244 
0.0279813 0.835122 
0.119935 0.658491 
0.595571 0.231564 
0.720385 0.154336 
0.838263 0.0866167 
0.254646 0.497184 
0.527718 0.276394 
0.823395 0.0945872 
0.165468 0.595167 
1.16652 9.22215e-05 
0.0721966 0.738653 
0.0141865 0.892265 
0.887851 0.060067 
0.243895 0.508867 
0.0219178 0.861259 
0.85233 0.0783728 
0.136241 0.633027 
0.507009 0.289712 
0.794877 0.110825 
0.537059 0.268747 
0.146278 0.6216 
0.922794 0.0439275 
0.000141322 1.02364 
0.0572403 0.767234 
0.204152 0.551598 
0.0496744 0.781027 
0.956693 0.0239513 
0.327839 0.435198 
0.622323 0.214678 
0.551354 0.25932 
