0.112593 1.70707 2.4493 
0.972473 0.136161 1.91239 
0.295347 0.445769 3.40944 
1.13116 0.429312 1.05971 
0.994454 0.120888 1.98168 
1.5276 0.126886 0.879826 
0.657187 0.0599513 3.12404 
1.589 0.122013 0.0255579 
1.75456 0.0577358 0.553428 
1.65819 0.106913 0.0352024 
0.606455 1.19224 0.0206683 
0.0718572 2.23359 1.7641 
0.501221 0.730612 1.22694 
1.05963 0.589011 0.0565997 
0.478783 0.175319 2.79394 
0.152973 0.778552 3.58188 
0.519501 1.44812 0.0419867 
0.182912 2.41408 0.946479 
0.761002 0.946035 0.0755934 
0.313049 1.94446 0.3968 
0.398696 1.73785 0.0723346 
1.87145 0.0284566 0.0638113 
1.81235 0.0344776 1.11763 
0.0627006 3.3684 0.0347534 
0.0433076 2.73433 1.62933 
0.853686 0.238595 1.80353 
0.105774 3.0248 0.25246 
0.517005 1.38913 0.510275 
1.39021 0.25139 0.119135 
0.0468823 0.503819 5.0951 
1.25809 0.360797 0.124262 
1.21814 0.344141 0.835421 
0.802463 0.0291802 2.89524 
0.714326 0.0353971 4.88263 
1.32252 0.0316966 2.41239 
0.086602 1.9128 2.55488 
0.415803 1.64116 0.430716 
0.13941 0.234562 4.35017 
0.837139 0.836663 0.466671 
0.58319 1.26947 0.459484 
0.675705 0.0226721 5.38405 
0.116297 2.81504 0.26586 
0.259471 0.484325 2.98946 
0.0796193 1.13346 3.00104 
0.163945 2.55759 0.228069 
1.4843 0.186244 0.196182 
0.248907 2.13477 0.607988 
0.920463 0.678689 0.478794 
1.96916 0.0180414 0.457398 
0.198519 0.595958 3.47534 
0.0448925 1.2499 3.80649 
2.00465 0.00464537 0.00464537 
0.732917 0.0507346 2.73961 
0.0165678 3.63049 4.19983 
0.183917 1.49722 1.23211 
0.0244111 2.31665 5.64431 
0.182971 0.0229363 5.50755 
0.0385123 0.392736 5.85228 
0.786898 0.898818 0.677188 
0.0476037 3.50865 0.371291 
0.546119 1.34035 0.342231 
1.36749 0.221553 0.991543 
0.0391452 1.0293 4.9963 
0.0408849 3.92233 0.040019 
0.0353771 3.82654 0.437539 
0.0254312 3.72722 1.36314 
0.0895589 2.00108 1.43015 
0.465179 0.712777 2.21549 
0.0523289 0.565214 3.73225 
0.321148 1.06701 1.69001 
0.213233 1.31959 2.09516 
0.0788322 0.40089 4.45489 
0.0704123 3.28475 0.580845 
0.323034 2.09635 0.064251 
0.366927 0.320365 3.18576 
1.1048 0.517437 0.0956761 
0.952787 0.634529 0.292168 
0.638082 1.16608 0.725 
0.451544 0.247458 2.57718 
1.02577 0.531709 0.703868 
1.44101 0.0277266 1.29493 
0.184058 0.146017 4.83599 
0.378074 0.0987708 4.59743 
1.18943 0.372299 0.762758 
1.71756 0.0860289 0.206625 
0.700491 0.981912 0.169758 
0.0232141 3.14322 4.14925 
0.0367266 3.5798 1.55418 
0.00449373 4.00449 0.00449373 
0.889188 0.719876 0.923261 
0.228551 0.12665 3.96959 
0.0318295 2.48721 2.29309 
0.10256 1.81361 1.50159 
0.0174014 3.127 5.73777 
0.425753 0.834543 1.85403 
0.027393 2.91589 3.27008 
0.122446 0.294002 4.685 
0.153867 0.268758 4.10527 
0.0300808 2.63967 2.11903 
0.00390906 0.00390906 6.00391 
