0.663723 2.69319 
1.28536 1.45987 
1.30896 1.40307 
1.98563 0.0428006 
0.424587 3.17141 
0.223813 3.57505 
0.462469 3.09541 
1.79583 0.433881 
1.69476 0.634317 
1.57173 0.878741 
0.591805 2.83834 
0.0827874 3.8571 
0.201608 3.6161 
0.54066 2.94076 
0.783944 2.45413 
0.403362 3.20874 
0.622124 2.77922 
0.312205 3.39158 
0.27873 3.45894 
0.182491 3.65765 
0.50481 3.00481 
0.00188016 4.00188 
1.21434 1.59975 
1.23289 1.55411 
1.67439 0.665552 
1.52081 0.974121 
1.77365 0.476726 
1.48719 1.04274 
1.87257 0.27728 
1.24838 1.52355 
1.94946 0.120759 
1.36451 1.29573 
1.1834 1.64918 
1.38303 1.25883 
1.73134 0.558462 
1.16644 1.69567 
0.863964 2.29259 
1.96764 0.0787299 
1.32702 1.3644 
1.34715 1.32637 
1.07992 1.85837 
0.384795 3.24816 
0.814557 2.40025 
1.10648 1.81932 
1.89459 0.23675 
1.54952 0.921683 
1.44975 1.12555 
1.71921 0.591498 
0.768002 2.49023 
1.61786 0.783006 
0.724052 2.57264 
0.913051 2.20291 
0.557952 2.90335 
1.06245 1.89249 
0.0424788 3.94047 
1.4616 1.09437 
1.83617 0.345623 
1.03606 1.95845 
0.941239 2.14345 
0.6868 2.65582 
0.847201 2.32286 
0.263423 3.50041 
0.573864 2.8826 
0.142342 3.73972 
1.90979 0.196052 
0.70297 2.61711 
0.243312 3.53379 
0.118275 3.78318 
1.00404 2.00987 
1.81599 0.387005 
1.43691 1.1622 
1.93102 0.159717 
1.04708 1.92768 
1.26765 1.48709 
1.59704 0.826956 
1.40784 1.19912 
1.50889 1.00889 
0.0689425 3.89074 
0.101171 3.81669 
0.36687 3.29933 
0.162689 3.69773 
0.886143 2.24514 
0.525728 2.96593 
0.985665 2.05139 
0.832621 2.35544 
0.751492 2.52729 
1.75158 0.527372 
0.0257372 3.97532 
1.12094 1.77887 
0.645975 2.73372 
0.340317 3.3466 
0.297008 3.43058 
0.448118 3.13016 
0.489493 3.04457 
1.63569 0.751792 
1.655 0.719128 
1.85332 0.311342 
0.960617 2.10686 
1.14885 1.72211 
2.00225 0.00225401 
