1.62074 0.984428 4.1524 
1.03365 0.64578 5.48197 
1.89317 1.13129 2.76153 
0.731215 1.3872 5.53627 
1.6194 2.7243 0.820108 
0.250337 1.51563 5.68403 
0.821785 3.55599 2.23758 
1.64625 2.32551 2.26596 
1.95305 1.82681 0.986254 
0.369654 2.16111 5.32461 
0.54411 3.89038 1.98511 
1.60035 2.14933 3.12912 
1.68638 2.27921 2.19882 
0.959769 3.72612 1.56108 
0.97905 3.35666 2.47772 
0.426475 3.68232 2.52673 
0.15801 1.35333 5.87878 
0.994294 3.7259 0.563872 
0.78379 2.83279 4.1168 
0.190372 3.6271 3.2253 
0.133648 1.5471 5.74017 
1.05016 0.398959 5.40235 
0.691636 2.77922 4.32756 
1.09978 2.89163 3.43468 
1.44309 1.66149 4.05902 
0.658993 0.4944 5.89032 
1.2611 2.22444 4.00421 
0.103033 3.40496 3.45903 
0.86863 1.61454 5.19163 
0.505402 3.99064 1.31484 
1.24204 1.91984 4.37363 
0.90358 3.48039 2.6656 
0.705465 2.53585 4.50808 
1.08576 1.7386 4.78788 
0.316665 2.97776 4.16823 
1.28502 3.27798 0.628307 
1.16157 3.33329 1.42735 
0.0460835 4.03453 0.0345997 
0.799294 3.59887 2.60367 
1.72601 1.20579 3.54583 
0.401958 2.07471 5.33622 
1.54496 2.92782 0.957129 
1.4693 2.80051 1.92061 
0.847417 3.78403 1.18404 
1.42258 2.10503 3.7695 
0.434051 0.793197 6.00461 
1.42831 1.46873 4.25904 
1.51644 0.837021 4.45066 
0.945937 1.23683 5.40696 
1.83899 1.06227 2.89387 
1.95978 1.50557 1.82624 
1.22325 1.78988 4.63287 
0.275694 1.21063 5.92685 
0.361762 2.74504 4.58821 
0.500458 2.60246 4.70324 
0.333657 2.48278 4.90739 
1.57536 2.6483 1.73796 
1.98155 1.28486 1.68799 
1.80371 1.70586 3.04813 
1.90154 1.8902 0.74265 
1.61646 1.43793 3.64315 
1.15225 3.51253 0.104878 
1.29815 3.08836 0.0169159 
0.480219 3.40198 3.40556 
1.57356 2.55344 2.05786 
1.33965 0.564184 4.85049 
1.18573 3.15642 2.41518 
1.21417 3.2974 2.35409 
0.223244 2.35332 5.07931 
0.455494 3.80299 2.44365 
0.891414 1.95055 5.02103 
0.591111 2.03679 5.2883 
1.91035 1.68614 1.50819 
1.76074 0.172014 3.81666 
1.37232 0.173587 4.97645 
0.81485 3.84725 1.14442 
1.07433 0.959712 5.36755 
0.752287 3.94562 0.138589 
0.649761 3.94275 1.28356 
0.611306 0.874586 5.80029 
0.965231 0.730927 5.59225 
0.512717 1.15697 5.83254 
0.0312029 0.0350623 6.02974 
1.49932 1.84271 3.89746 
1.31934 1.31988 4.69611 
1.70916 2.42084 0.932255 
1.75418 1.57909 3.06822 
0.629505 0.23555 5.94076 
1.35767 0.380432 4.82668 
0.95863 0.313807 5.61734 
1.66689 0.125914 3.95066 
1.40774 0.89866 4.66026 
0.932918 3.02065 3.61668 
1.12711 3.69373 0.175511 
0.561024 3.43832 3.35222 
1.78246 2.50969 0.41628 
1.13396 0.690124 5.25354 
1.47639 2.37283 2.97531 
1.86445 0.082613 2.80757 
2.02671 0.0267149 0.0267149 
