0.305991 0.973949 5.83701 
0.603328 1.45471 5.417 
0.765985 1.77044 5.02257 
1.14684 2.20622 3.88556 
0.986983 1.27256 5.02349 
0.052733 0.0535659 6.04999 
1.11097 1.23733 4.81416 
1.23838 2.62043 2.95236 
0.434566 3.89933 1.20322 
1.32116 2.14515 3.45302 
0.80856 1.30027 5.27534 
1.66111 2.07702 1.89231 
1.99152 0.783447 0.979492 
1.17389 0.63922 4.93372 
1.93432 1.1305 1.24049 
1.14044 2.57498 3.35961 
0.0501377 0.0565203 6.04999 
1.31002 3.15265 0.277415 
0.0532631 0.0500007 6.04999 
0.696901 1.4007 5.35366 
0.56254 3.7737 1.61118 
1.86711 1.67063 0.661182 
0.905805 3.32845 2.3358 
0.203947 3.96216 1.21208 
0.897978 3.37922 2.19243 
0.177824 3.29831 3.53024 
0.794937 3.51498 2.04799 
0.456849 3.05296 3.82099 
1.7858 1.85505 1.29575 
0.951324 2.28034 4.23283 
1.89493 0.903489 1.98056 
0.925978 2.51706 3.97424 
0.832733 2.25444 4.47176 
0.083412 0.727417 5.96248 
0.673012 3.60264 2.07705 
0.705767 3.5674 2.12184 
0.738977 3.74553 1.04987 
0.363248 3.99932 0.202893 
1.54322 2.06045 2.66504 
0.94807 1.95204 4.58886 
0.784109 1.49727 5.19168 
1.75785 0.434237 3.11871 
1.48885 2.66047 1.47641 
1.10008 3.12075 2.25445 
0.536681 3.13101 3.58693 
1.56979 1.91272 2.77124 
0.233995 0.262689 6.01603 
0.479763 1.08637 5.69988 
0.485886 3.92161 0.801034 
0.82185 0.321605 5.57017 
0.859028 2.94689 3.40073 
0.873883 3.00572 3.24912 
1.42456 2.91998 0.730106 
1.34298 3.09219 0.410806 
0.728596 2.70026 4.05647 
1.69206 1.37017 2.8449 
0.191901 3.65605 2.61138 
0.3394 1.23288 5.71551 
1.62654 2.01683 2.26962 
0.116103 3.18092 3.77889 
1.19855 1.59705 4.37925 
0.346604 2.34344 4.88461 
1.28725 2.32592 3.30089 
0.134376 4.04644 0.0500326 
0.2546 3.47301 3.09303 
0.276413 3.83794 1.85401 
1.5178 0.149286 4.12283 
1.44992 2.81855 1.1065 
1.73808 0.930921 2.98383 
0.971275 1.17147 5.10286 
1.35783 1.52498 4.01373 
1.13788 2.76444 3.01147 
1.0255 1.81276 4.57151 
1.39281 0.603562 4.41833 
1.2307 1.01944 4.6694 
1.06204 1.99383 4.32555 
0.175449 3.23796 3.65435 
1.6441 2.39435 0.923921 
1.89902 1.57336 0.142713 
1.03876 3.40262 1.43237 
1.45902 2.86966 0.5435 
2.04842 0.208818 0.0500326 
0.292629 3.897 1.52359 
0.243494 3.70092 2.43168 
0.629718 1.33602 5.45871 
1.59445 0.959883 3.60939 
1.44441 0.841726 4.18404 
2.02081 0.704812 0.330016 
1.79971 1.62403 1.74472 
1.37592 2.45392 2.72862 
1.27759 2.74729 2.51324 
1.96021 0.562157 1.65307 
1.99809 0.0774184 1.40749 
0.576954 1.31899 5.51604 
0.399389 0.480979 5.92226 
0.640065 0.872234 5.64868 
0.752518 2.10603 4.74541 
0.507973 0.855148 5.76435 
1.83384 0.405161 2.71033 
2.05 0.0504017 0.0500326 
