1.99395 0.973715 0.314326 
0.306401 2.01365 5.22035 
0.260455 3.56431 2.84519 
0.0511049 0.0684392 6.04994 
0.0501084 0.068569 6.04994 
1.28081 1.57122 4.19238 
0.904169 0.206281 5.4702 
1.76436 0.363663 3.10408 
0.421443 1.91932 5.23613 
0.928236 3.32072 2.28353 
0.951712 1.53876 4.91779 
0.203828 0.111976 6.0315 
0.578343 0.161805 5.83442 
0.128691 0.0500171 6.04535 
1.74883 0.448352 3.15948 
1.19056 2.66758 3.02922 
1.4687 2.63895 1.72468 
0.855382 1.96282 4.73293 
0.775048 3.7129 1.08964 
1.306 3.03307 1.3842 
1.56444 0.771976 3.81636 
1.03658 3.39999 1.46046 
0.457849 3.7604 1.92804 
1.32532 1.27629 4.29012 
1.79702 1.72986 1.52712 
0.372265 1.37695 5.62705 
1.9795 1.09515 0.238506 
2.05 0.0504346 0.0500534 
0.598356 1.48577 5.40309 
1.87332 0.952927 2.11039 
1.77708 1.60058 1.98524 
0.69751 3.83388 0.157639 
1.66467 0.559395 3.50712 
1.54397 1.32065 3.55425 
1.97228 1.08095 0.643403 
1.24364 2.90281 2.25575 
0.904709 2.09276 4.52619 
1.52153 2.19745 2.52699 
0.269745 0.50611 5.9743 
0.111959 0.671154 5.9743 
1.06884 2.47184 3.7189 
0.618827 3.48642 2.60297 
0.539144 1.21349 5.59985 
1.637 0.345074 3.67448 
2.01682 0.415694 0.990033 
1.26302 3.02546 1.73441 
0.438848 2.33528 4.8342 
1.02129 3.45467 1.24493 
0.231824 3.72663 2.34954 
1.43352 2.88372 0.889857 
1.35503 2.72295 2.19396 
1.39668 2.80827 1.64996 
1.83202 0.750642 2.56301 
1.84745 0.610505 2.54314 
0.481495 2.11583 5.02213 
0.752816 2.60006 4.16378 
1.55451 1.87485 2.90226 
0.17471 3.21916 3.6917 
0.706968 0.247728 5.70929 
0.877472 1.79067 4.84794 
0.20343 3.94902 1.30813 
1.13427 0.191615 5.08727 
1.48228 0.839855 4.06663 
0.84363 1.14959 5.30461 
1.22134 1.43204 4.44933 
1.07228 3.09368 2.44802 
1.91206 0.893957 1.83659 
0.994587 2.41626 3.97066 
1.21305 2.25029 3.64624 
0.829539 2.04219 4.69769 
0.913974 1.98884 4.61333 
1.11951 3.16027 2.0348 
0.662467 2.54689 4.36236 
1.61607 2.31639 1.5894 
1.37175 2.35981 2.9262 
0.650769 2.81084 3.99989 
1.16392 2.15857 3.90084 
0.728501 3.07025 3.41637 
0.51487 1.03401 5.69592 
1.42356 2.95747 0.0500218 
1.49974 2.13528 2.75191 
1.5962 2.51444 0.954447 
1.72448 1.69102 2.21931 
0.333841 0.651787 5.92027 
1.69679 0.835984 3.24419 
0.494198 3.28435 3.31907 
0.678179 3.60458 2.05492 
0.184458 1.63912 5.54139 
1.92973 1.36199 0.621506 
0.287894 4.00868 0.530279 
0.335573 2.94155 4.10631 
0.407202 3.66682 2.37777 
1.50987 2.74586 0.733111 
0.741168 3.79467 0.437196 
1.09275 2.98963 2.6521 
0.818775 3.36274 2.49722 
0.610263 1.82763 5.15539 
0.546712 3.89462 0.772534 
0.0570077 1.25097 5.77314 
0.0733382 4.04973 0.0500218 
