0.545758 3.85266 
1.35604 2.94945 
0.336565 3.94655 
0.696532 3.75427 
0.0754609 3.99934 
1.04231 3.42286 
1.54849 2.54588 
1.43124 2.80481 
1.70507 2.10919 
1.79839 1.76643 
1.95851 0.839718 
1.77236 1.86986 
1.93925 1.0041 
1.74944 1.9483 
0.663673 3.77699 
0.886633 3.59281 
0.518811 3.86697 
0.0393 4.00049 
1.21313 3.19054 
0.110757 3.99776 
1.06854 3.38634 
0.730167 3.72951 
0.22103 3.97813 
0.000623574 4.00062 
1.72553 2.044 
0.261015 3.97184 
1.98602 0.533441 
1.33874 2.98159 
0.942742 3.53534 
0.18449 3.98632 
1.8676 1.44841 
1.84329 1.56546 
1.65496 2.26372 
1.83317 1.61363 
2.00035 0.0972127 
1.14022 3.2946 
1.29934 3.0482 
0.601456 3.82038 
0.632812 3.79925 
1.98924 0.480047 
1.68004 2.19402 
1.55844 2.51936 
1.22929 3.16294 
1.25399 3.12554 
1.76186 1.91344 
1.91022 1.20787 
1.8081 1.74128 
1.51277 2.63578 
1.60219 2.40347 
1.99954 0.185628 
0.916736 3.56684 
0.817776 3.65689 
0.303271 3.95773 
1.31553 3.02474 
0.573862 3.83706 
1.64043 2.30821 
0.860755 3.61997 
1.73566 2.00366 
1.98028 0.606042 
1.93072 1.07165 
1.9973 0.272419 
1.37756 2.9196 
1.69455 2.14769 
0.409583 3.91866 
1.47826 2.70739 
1.01866 3.45149 
1.39263 2.88228 
0.455004 3.89952 
0.785635 3.68487 
0.484756 3.88407 
0.147422 3.9917 
1.11786 3.32847 
1.96703 0.774096 
1.78614 1.81735 
1.57509 2.47674 
1.82304 1.67274 
1.94955 0.927318 
1.92147 1.14768 
1.41434 2.84422 
1.58982 2.44054 
1.97354 0.69215 
1.89982 1.2844 
1.62527 2.34327 
1.99506 0.349819 
1.0916 3.35929 
1.66616 2.22488 
1.85882 1.5002 
1.49623 2.66528 
0.371033 3.93365 
0.838561 3.6357 
1.18406 3.23493 
1.99202 0.422767 
1.45042 2.7685 
1.27568 3.08657 
1.52475 2.59322 
0.980573 3.49334 
0.766634 3.69679 
1.16109 3.26886 
1.88284 1.36941 
2.00052 0.000519471 
