1.76502 1.71957 1.97844 
1.93884 1.53753 0.878107 
1.55416 2.67831 1.02118 
0.567143 0.980212 5.76467 
0.217142 3.96786 1.21795 
0.553329 3.47242 2.86885 
0.664095 3.82656 1.57458 
0.870485 2.45238 4.48471 
1.4835 2.37235 2.91041 
1.67967 1.7741 2.91839 
0.254998 3.70198 2.52887 
1.55528 2.74729 0.457148 
1.18081 2.52804 3.55291 
0.778771 3.75859 0.22059 
1.77844 2.09836 0.727378 
1.64138 1.91749 2.71324 
1.09242 0.781828 5.13886 
1.95408 0.0147518 1.48143 
0.515969 2.25818 5.07238 
1.32354 3.00462 1.87931 
0.757716 0.666898 5.63268 
1.88073 1.93559 0.102978 
1.07236 0.834437 5.25439 
0.0168865 0.0168865 6.01689 
1.41989 3.08529 0.320321 
1.17215 3.30562 1.76962 
0.11322 3.93091 1.5681 
0.738465 1.48048 5.3647 
0.942045 1.99713 4.61734 
0.466236 1.7965 5.39226 
1.41483 1.38728 4.38185 
0.958783 2.79964 3.64074 
1.62908 2.28752 2.24202 
1.52181 0.102002 4.3278 
0.67445 1.26041 5.53419 
1.31896 3.26098 0.0959745 
1.2763 3.20704 0.422298 
1.43485 0.0721781 4.46401 
1.703 0.0654475 3.51013 
0.622926 2.10603 4.99948 
0.0156139 3.42744 3.1475 
1.04191 3.65799 0.516224 
1.89109 1.45623 2.36949 
0.921184 2.23766 4.51738 
1.39224 2.35768 3.06035 
1.73943 1.01895 3.1088 
0.851576 3.31915 2.84252 
0.478273 3.57134 2.95383 
1.32923 0.921401 4.7071 
1.87477 1.6936 0.668077 
1.07789 3.49253 0.617697 
0.0490563 3.3586 3.41886 
0.0162054 4.01621 0.0162054 
1.84782 1.5914 1.67547 
1.80982 1.6009 2.13086 
1.60075 0.715615 4.0859 
0.693698 3.5353 2.43869 
0.0838063 3.99332 1.35282 
0.0590904 3.83058 2.05803 
1.77077 0.2178 3.30311 
2.01701 0.017007 0.017007 
0.358994 2.61042 4.64624 
1.1323 2.89474 3.16263 
1.02169 3.61677 1.25713 
0.152819 3.23697 3.97355 
1.1065 3.13718 2.73561 
0.436627 1.33884 5.77235 
0.837873 0.585849 5.69373 
1.32379 0.124521 4.92616 
0.987186 1.84934 4.88112 
0.89845 2.65493 4.14354 
0.742633 3.88034 1.11221 
0.798656 2.6159 4.15872 
1.4601 1.73527 3.70116 
1.38445 1.5163 4.25116 
1.91874 0.685922 2.34816 
0.280569 3.19622 3.84277 
1.28467 2.84479 2.59982 
1.58469 2.70457 0.821126 
1.24034 2.16986 3.99716 
1.50364 1.83221 3.4839 
1.32934 2.41901 3.37539 
0.995848 0.375751 5.48209 
1.14079 0.272019 5.20866 
1.40143 0.461712 4.56483 
1.82799 2.05545 1.41043 
0.498902 0.548464 6.0002 
0.309307 1.22194 5.83397 
0.609204 0.319982 5.9148 
0.343075 1.1375 5.81229 
1.12838 2.51535 3.74415 
0.637694 3.16169 3.66089 
0.167216 1.20451 5.96196 
0.40217 0.765832 5.94588 
0.571268 2.98883 3.94652 
0.194009 1.06846 5.90378 
1.36368 0.589657 4.79845 
1.20003 0.493879 5.18732 
1.53683 1.27886 3.87505 
1.98723 0.638133 0.0118949 
