1.86477 3.10364 0.393698 
1.90269 1.36616 3.35471 
0.842832 2.95586 4.0229 
0.29846 3.12059 4.21304 
0.617368 1.57223 5.69498 
0.642896 1.97741 5.4098 
0.131824 3.52704 3.30408 
0.787469 1.10923 5.59413 
0.892896 2.10119 4.9221 
0.99067 1.85089 4.89286 
0.340457 2.75998 4.83854 
0.323231 3.85043 2.34723 
1.8465 2.4584 2.24967 
0.683822 3.80608 2.42666 
2.15179 0.42941 3.4791 
0.17323 3.3216 3.87423 
1.728 2.43024 3.20105 
0.970641 3.73296 2.03525 
1.38379 3.66808 0.505033 
1.08537 3.59588 1.20508 
0.0930067 4.01024 1.30724 
1.17779 1.0533 5.22271 
1.43549 0.243032 5.05992 
0.937132 0.175217 5.72277 
0.835377 3.91367 0.153399 
1.21052 2.61228 4.08851 
2.08804 1.40627 2.97553 
2.16546 0.37745 3.06578 
0.244895 3.4912 3.72042 
1.4728 3.27344 1.7732 
0.196325 3.01632 4.43059 
1.15268 3.89007 0.285566 
0.0409277 4.04093 0.0409277 
2.22174 0.742507 2.50613 
1.9348 0.621188 3.63569 
1.63346 0.281908 4.70455 
1.50692 0.213598 4.79027 
1.92477 2.66392 0.988524 
1.0071 3.82074 0.605868 
1.78439 2.84976 1.11868 
1.98873 2.57297 1.06073 
1.48979 2.25188 3.572 
0.470399 1.2771 5.86294 
1.81803 2.18973 3.00938 
0.950325 3.77444 1.71789 
0.441898 1.43401 5.89816 
2.17642 1.65082 2.52763 
1.59442 1.18119 4.27047 
1.61922 1.68685 3.86578 
1.70866 0.294444 4.53708 
0.579918 1.61722 5.65729 
0.812031 0.776155 5.76549 
1.27125 1.93298 4.37301 
0.907555 0.6656 5.82699 
0.709652 1.9025 5.46515 
1.56806 2.88327 2.4582 
0.657095 2.17425 5.1458 
0.281459 3.89152 2.8654 
2.11756 0.540702 2.89997 
1.32823 2.35176 3.78268 
1.86235 2.40245 1.81678 
1.76516 2.80187 1.50452 
0.52477 3.99795 1.38701 
0.364047 3.95085 1.96526 
1.29272 3.68375 0.345123 
1.26117 3.63129 0.78013 
1.42452 3.42175 0.888261 
1.07484 2.32078 4.5285 
1.3429 3.36472 1.58849 
1.67863 2.9098 1.63794 
0.385376 3.99204 1.51532 
0.504578 2.05589 5.49961 
1.52749 3.00332 2.6514 
0.406696 1.69564 5.9323 
2.04654 1.74312 2.01676 
0.46609 2.57425 4.98907 
1.35022 0.717571 5.29415 
2.10119 2.13607 0.670136 
1.02857 0.821394 5.54143 
1.12427 1.14217 5.36389 
1.19497 3.23169 2.72797 
1.90011 2.0163 2.65188 
1.04951 3.46777 2.57591 
1.3278 3.38483 2.11843 
0.744271 1.04019 5.68321 
0.0461305 0.0461305 6.04613 
0.551876 0.995767 5.9355 
0.717353 0.523762 5.98748 
0.233082 3.17987 4.14726 
1.7927 0.878779 3.97782 
1.2389 2.2389 4.48154 
1.47506 2.71039 3.16054 
0.868198 0.882714 5.63597 
1.95376 1.82201 3.03856 
1.69438 1.09578 4.57525 
1.44274 1.46708 4.64645 
1.95132 0.95152 3.40986 
1.97013 2.4937 1.68146 
2.0062 2.1503 1.62996 
2.23632 0.23632 0.23632 
