2.03839 1.04224 
0.197383 4.09079 
1.51587 2.91092 
1.61504 2.69571 
1.06979 3.58824 
0.284154 4.07735 
2.0141 1.22305 
0.968775 3.69353 
0.258103 4.08196 
1.50412 2.9343 
2.03154 1.0967 
0.90246 3.75549 
0.537822 3.99648 
1.32024 3.25941 
0.620671 3.95473 
0.935173 3.72539 
0.480902 4.02017 
0.15806 4.09326 
0.573442 3.97965 
1.15579 3.48715 
1.84591 2.02934 
1.98331 1.41461 
2.08233 0.549443 
0.43923 4.03568 
1.4666 3.00686 
1.01911 3.64293 
1.99403 1.35194 
1.42758 3.07922 
0.222914 4.08714 
1.53658 2.86943 
0.770557 3.86036 
1.69689 2.49085 
1.30826 3.27562 
1.23747 3.37877 
1.57834 2.77887 
1.00034 3.66476 
1.35946 3.19564 
2.08663 0.471274 
2.04404 0.994499 
1.19096 3.4416 
1.87751 1.91023 
1.71322 2.44654 
1.44322 3.0502 
2.08988 0.388326 
0.368918 4.05821 
1.96029 1.54183 
1.82269 2.11114 
1.93968 1.64274 
2.00263 1.29836 
0.598011 3.96679 
1.92458 1.71266 
2.06596 0.781573 
1.88991 1.86324 
1.68243 2.52936 
1.55765 2.82427 
2.09203 0.322822 
1.21516 3.41012 
1.64534 2.62284 
1.97117 1.48213 
0.34749 4.0679 
0.403814 4.04814 
0.514344 4.00746 
1.25965 3.34742 
1.04051 3.62028 
0.871453 3.7817 
1.12368 3.52588 
1.40848 3.11267 
0.850307 3.79922 
1.75468 2.32967 
1.95034 1.59004 
1.10629 3.54873 
1.59593 2.73989 
1.48551 2.97076 
0.792933 3.84403 
1.34166 3.22346 
1.90359 1.80469 
2.05892 0.856158 
0.316506 4.07068 
0.825813 3.81994 
1.17431 3.4631 
0.687514 3.9292 
1.77089 2.28037 
2.05164 0.930001 
1.73632 2.38227 
1.83384 2.07267 
2.0717 0.708609 
1.39014 3.14379 
0.712644 3.9008 
1.8062 2.16932 
1.914 1.75922 
1.66633 2.57078 
0.658018 3.93402 
2.0252 1.15236 
1.78733 2.2277 
0.740186 3.88225 
2.07818 0.621052 
1.28019 3.31853 
1.86096 1.97399 
1.62987 2.66034 
2.09755 0.249188 
