3.35798e+07 75.269 -50.1076 1.6248 -4.76097 -44.4032 97.9125 -58.9461 30.9222 -60.8734 -7.30648 
602.445 -44.7657 74.7503 20.8398 -63.2301 42.6341 -68.187 -65.1595 -10.8454 -69.0472 43.0466 
601.297 -44.7659 74.7503 20.8427 -63.2305 43.9839 -67.7856 -65.1595 -10.8493 -69.0483 43.0466 
601.288 -44.7659 75.3602 20.8427 -63.2301 43.9839 -67.7856 -65.1595 -10.8493 -69.0483 43.0466 
601.258 -44.7659 75.2515 20.8313 -63.2302 43.9794 -67.7879 -65.1165 -10.8497 -69.1364 42.9785 
601.231 -44.7578 75.0954 20.8288 -63.2302 44.0076 -67.7879 -65.0968 -10.8493 -69.1774 42.9445 
601.231 -44.7643 75.0954 20.8288 -63.2302 44.0076 -67.7879 -65.0968 -10.8493 -69.1774 42.9445 
601.23 -44.7657 75.0954 20.8284 -63.2302 44.0076 -67.7879 -65.0968 -10.8493 -69.1774 42.9445 
600.668 -44.8596 74.3542 20.7881 -63.2302 28.6061 -55.6018 -64.9898 -10.8495 -69.3959 42.7896 
600.585 -44.8266 74.3542 20.7881 -63.2304 28.6978 -55.6018 -64.9898 -10.8493 -69.3959 42.7896 
600.507 -44.8106 74.5382 20.793 -63.2302 28.6978 -55.6018 -64.9904 -10.8493 -69.3959 42.7887 
600.284 -44.7562 74.5382 20.8216 -63.2296 28.6978 -55.6018 -65.098 -10.8493 -69.1743 42.9561 
600.278 -44.7658 74.5382 20.8216 -63.2303 28.6978 -55.7126 -65.098 -10.8491 -69.1743 42.9561 
600.278 -44.7659 74.5382 20.8216 -63.2302 28.916 -55.7126 -65.098 -10.8493 -69.1743 42.9561 
600.269 -44.7659 74.6399 20.8216 -63.2302 28.7708 -55.7126 -65.098 -10.8493 -69.1743 42.9561 
600.247 -44.7659 74.6334 20.8226 -63.2302 28.7864 -55.6988 -65.0773 -10.8493 -69.2174 42.9153 
600.21 -44.7665 74.5785 20.843 -63.2302 28.7994 -55.6704 -65.1159 -10.8492 -69.1392 42.9639 
600.209 -44.7658 74.6383 20.8433 -63.2302 28.8054 -55.7119 -65.1185 -10.8493 -69.1337 42.9687 
600.068 -43.5132 74.6025 20.8423 -48.6904 28.8134 -55.6731 -65.1132 -17.1034 -69.1447 42.9594 
600.03 -43.5159 74.5008 20.8437 -48.7211 28.808 -55.7793 -65.1181 -17.0902 -69.1347 42.9672 
600.011 -43.5192 74.5008 20.8436 -48.7583 28.808 -55.7775 -65.1209 -17.0746 -69.1288 42.9731 
600.004 -43.519 74.6046 20.8435 -48.7576 28.808 -55.7775 -65.1209 -17.0746 -69.1288 42.9731 
600.003 -43.519 74.6046 20.8431 -48.7574 28.808 -55.7749 -65.1209 -17.0746 -69.1287 42.9733 
600 -43.5189 74.6046 20.8431 -48.7574 28.808 -55.7145 -65.1209 -17.0746 -69.1287 42.9733 
600 -43.5189 74.6046 20.8431 -48.7574 28.808 -55.7145 -65.1209 -17.0746 -69.1287 42.9733 
600 -43.5189 74.616 20.8431 -48.7574 28.808 -55.7145 -65.1209 -17.0746 -69.1287 42.9733 
600 -43.5189 74.616 20.8431 -48.7574 28.808 -55.6907 -65.1209 -17.0746 -69.1287 42.9733 
600 -43.5189 74.616 20.8431 -48.7574 28.808 -55.6907 -65.1209 -17.0746 -69.1287 42.9733 
600 -43.5189 74.616 20.8431 -48.7574 28.808 -55.6966 -65.1209 -17.0746 -69.1287 42.9733 
600 -43.5189 74.62 20.8415 -48.7574 28.805 -55.7009 -65.1158 -17.0746 -69.1392 42.9656 
600 -43.5189 74.62 20.8415 -48.7574 28.805 -55.7009 -65.1158 -17.0746 -69.1392 42.9656 
600 -43.5189 74.62 20.8415 -48.7574 28.805 -55.7009 -65.1158 -17.0746 -69.1392 42.9656 
600 -43.5189 74.62 20.8415 -48.7574 28.805 -55.7009 -65.1158 -17.0746 -69.1392 42.9656 
600 -43.5189 74.62 20.8419 -48.7574 28.805 -55.7009 -65.1157 -17.0747 -69.1394 42.9648 
600 -43.5189 74.62 20.8419 -48.7574 28.805 -55.7009 -65.1157 -17.0746 -69.1394 42.9648 
600 -43.5189 74.62 20.8416 -48.7574 28.8069 -55.6987 -65.1142 -17.0747 -69.1425 42.9624 
600 -43.5189 74.62 20.8416 -48.7574 28.8069 -55.6987 -65.1142 -17.0746 -69.1425 42.9624 
600 -43.5189 74.6197 20.8416 -48.7574 28.8069 -55.6987 -65.1142 -17.0746 -69.1424 42.9624 
600 -43.5189 74.6191 20.842 -48.7574 28.8091 -55.7005 -65.1151 -17.0746 -69.1407 42.9635 
600 -43.5189 74.6173 20.842 -48.7574 28.8082 -55.7009 -65.115 -17.0746 -69.1409 42.9634 
600 -43.5189 74.6173 20.842 -48.7574 28.808 -55.7009 -65.115 -17.0746 -69.1409 42.9634 
600 -43.5189 74.6172 20.842 -48.7574 28.808 -55.7009 -65.115 -17.0746 -69.1409 42.9634 
600 -43.5189 74.6172 20.842 -48.7574 28.808 -55.7009 -65.115 -17.0746 -69.1409 42.9634 
600 -43.5189 74.6172 20.842 -48.7574 28.808 -55.7009 -65.115 -17.0746 -69.1409 42.9634 
600 -43.5189 74.6172 20.842 -48.7574 28.808 -55.7009 -65.115 -17.0746 -69.1409 42.9634 
600 -43.5189 74.6172 20.842 -48.7574 28.808 -55.7009 -65.115 -17.0746 -69.1409 42.9634 
600 -43.5189 74.6172 20.842 -48.7574 28.808 -55.7009 -65.115 -17.0746 -69.1409 42.9634 
600 -43.5189 74.6172 20.842 -48.7574 28.808 -55.7009 -65.115 -17.0746 -69.1409 42.9634 
600 -43.5189 74.6172 20.842 -48.7574 28.808 -55.7009 -65.115 -17.0746 -69.1409 42.9634 
600 -43.5189 74.6172 20.842 -48.7574 28.808 -55.7009 -65.115 -17.0746 -69.1409 42.9634 
600 -43.5189 74.6172 20.842 -48.7574 28.808 -55.7009 -65.115 -17.0746 -69.1409 42.9634 
600 -43.5189 74.6172 20.842 -48.7574 28.808 -55.7009 -65.115 -17.0746 -69.1409 42.9634 
600 -43.5189 74.6172 20.842 -48.7574 28.808 -55.7009 -65.115 -17.0746 -69.1409 42.9634 
600 -43.5189 74.6172 20.842 -48.7574 28.808 -55.7009 -65.115 -17.0746 -69.1409 42.9634 
600 -43.5189 74.6172 20.842 -48.7574 28.808 -55.7009 -65.115 -17.0746 -69.1409 42.9634 
600 -43.5189 74.6172 20.842 -48.7574 28.808 -55.7009 -65.115 -17.0746 -69.1409 42.9634 
600 -43.5189 74.6172 20.842 -48.7574 28.808 -55.7009 -65.115 -17.0746 -69.1409 42.9634 
600 -43.5189 74.6172 20.842 -48.7574 28.808 -55.7009 -65.115 -17.0746 -69.1409 42.9634 
600 -43.5189 74.6172 20.842 -48.7574 28.808 -55.7009 -65.115 -17.0746 -69.1409 42.9634 
600 -43.5189 74.6172 20.842 -48.7574 28.808 -55.7009 -65.115 -17.0746 -69.1409 42.9634 
600 -43.5189 74.6172 20.842 -48.7574 28.808 -55.7009 -65.115 -17.0746 -69.1409 42.9634 
600 -43.5189 74.6172 20.842 -48.7574 28.808 -55.7009 -65.115 -17.0746 -69.1409 42.9634 
600 -43.5189 74.6172 20.842 -48.7574 28.808 -55.7009 -65.115 -17.0746 -69.1409 42.9634 
600 -43.5189 74.6172 20.842 -48.7574 28.808 -55.7009 -65.115 -17.0746 -69.1409 42.9634 
600 -43.5189 74.6172 20.842 -48.7574 28.808 -55.7009 -65.115 -17.0746 -69.1409 42.9634 
600 -43.5189 74.6172 20.842 -48.7574 28.808 -55.7009 -65.115 -17.0746 -69.1409 42.9634 
600 -43.5189 74.6172 20.842 -48.7574 28.808 -55.7009 -65.115 -17.0746 -69.1409 42.9634 
600 -43.5189 74.6172 20.842 -48.7574 28.808 -55.7009 -65.115 -17.0746 -69.1409 42.9634 
600 -43.5189 74.6172 20.842 -48.7574 28.808 -55.7009 -65.115 -17.0746 -69.1409 42.9634 
600 -43.5189 74.6172 20.842 -48.7574 28.808 -55.7009 -65.115 -17.0746 -69.1409 42.9634 
600 -43.5189 74.6172 20.842 -48.7574 28.808 -55.7009 -65.115 -17.0746 -69.1409 42.9634 
600 -43.5189 74.6172 20.842 -48.7574 28.808 -55.7009 -65.115 -17.0746 -69.1409 42.9634 
600 -43.5189 74.6172 20.842 -48.7574 28.808 -55.7009 -65.115 -17.0746 -69.1409 42.9634 
600 -43.5189 74.6172 20.842 -48.7574 28.808 -55.7009 -65.115 -17.0746 -69.1409 42.9634 
600 -43.5189 74.6172 20.842 -48.7574 28.808 -55.7009 -65.115 -17.0746 -69.1409 42.9634 
600 -43.5189 74.6172 20.842 -48.7574 28.808 -55.7009 -65.115 -17.0746 -69.1409 42.9634 
600 -43.5189 74.6172 20.842 -48.7574 28.808 -55.7009 -65.115 -17.0746 -69.1409 42.9634 
600 -43.5189 74.6172 20.842 -48.7574 28.808 -55.7009 -65.115 -17.0746 -69.1409 42.9634 
600 -43.5189 74.6172 20.842 -48.7574 28.808 -55.7009 -65.115 -17.0746 -69.1409 42.9634 
600 -43.5189 74.6172 20.842 -48.7574 28.808 -55.7009 -65.115 -17.0746 -69.1409 42.9634 
600 -43.5189 74.6172 20.842 -48.7574 28.808 -55.7009 -65.115 -17.0746 -69.1409 42.9634 
600 -43.5189 74.6172 20.842 -48.7574 28.808 -55.7009 -65.115 -17.0746 -69.1409 42.9634 
600 -43.5189 74.6172 20.842 -48.7574 28.808 -55.7009 -65.115 -17.0746 -69.1409 42.9634 
600 -43.5189 74.6172 20.842 -48.7574 28.808 -55.7009 -65.115 -17.0746 -69.1409 42.9634 
600 -43.5189 74.6172 20.842 -48.7574 28.808 -55.7009 -65.115 -17.0746 -69.1409 42.9634 
600 -43.5189 74.6172 20.842 -48.7574 28.808 -55.7009 -65.115 -17.0746 -69.1409 42.9634 
600 -43.5189 74.6172 20.842 -48.7574 28.808 -55.7009 -65.115 -17.0746 -69.1409 42.9634 
600 -43.5189 74.6172 20.842 -48.7574 28.808 -55.7009 -65.115 -17.0746 -69.1409 42.9634 
600 -43.5189 74.6172 20.842 -48.7574 28.808 -55.7009 -65.115 -17.0746 -69.1409 42.9634 
600 -43.5189 74.6172 20.842 -48.7574 28.808 -55.7009 -65.115 -17.0746 -69.1409 42.9634 
600 -43.5189 74.6172 20.842 -48.7574 28.808 -55.7009 -65.115 -17.0746 -69.1409 42.9634 
600 -43.5189 74.6172 20.842 -48.7574 28.808 -55.7009 -65.115 -17.0746 -69.1409 42.9634 
600 -43.5189 74.6172 20.842 -48.7574 28.808 -55.7009 -65.115 -17.0746 -69.1409 42.9634 
600 -43.5189 74.6172 20.842 -48.7574 28.808 -55.7009 -65.115 -17.0746 -69.1409 42.9634 
600 -43.5189 74.6172 20.842 -48.7574 28.808 -55.7009 -65.115 -17.0746 -69.1409 42.9634 
600 -43.5189 74.6172 20.842 -48.7574 28.808 -55.7009 -65.115 -17.0746 -69.1409 42.9634 
600 -43.5189 74.6172 20.842 -48.7574 28.808 -55.7009 -65.115 -17.0746 -69.1409 42.9634 
600 -43.5189 74.6172 20.842 -48.7574 28.808 -55.7009 -65.115 -17.0746 -69.1409 42.9634 
600 -43.5189 74.6172 20.842 -48.7574 28.808 -55.7009 -65.115 -17.0746 -69.1409 42.9634 
600 -43.5189 74.6172 20.842 -48.7574 28.808 -55.7009 -65.115 -17.0746 -69.1409 42.9634 
600 -43.5189 74.6172 20.842 -48.7574 28.808 -55.7009 -65.115 -17.0746 -69.1409 42.9634 