1.3048 2.99737 
1.10112 4.10357 
0.839225 3.10176 
0.938955 2.98104 
0.750727 4.44839 
1.55331 3.29349 
1.11469 3.31426 
1.73819 4.60125 
0.718082 3.80625 
0.976573 3.00688 
1.49057 2.40078 
1.34809 2.19335 
1.36809 2.12801 
1.41215 2.2013 
1.4723 3.0967 
0.903393 3.13006 
0.837263 3.20562 
1.14048 4.43509 
0.809351 4.55348 
1.10522 3.71501 
1.5618 3.62212 
1.14626 4.55225 
1.04639 3.17612 
1.77059 3.71206 
0.936226 2.98791 
1.25646 2.60851 
1.43404 2.57539 
1.59392 4.36174 
1.48534 3.07584 
0.974319 2.9794 
0.880203 3.71203 
0.562 3.76775 
1.19508 4.6026 
1.07354 4.32946 
0.970458 3.72846 
1.32662 3.35582 
0.650587 3.90612 
1.06419 3.43695 
1.7495 4.48898 
1.56632 4.24607 
1.74432 3.76398 
0.849917 2.95906 
1.03067 3.21701 
0.884462 2.89554 
1.46933 2.29125 
1.15899 4.01262 
1.75686 4.07199 
0.933591 2.96075 
0.867663 3.49263 
1.6643 4.51611 
1.22641 4.59852 
1.21017 3.85042 
1.76127 4.4391 
1.55327 3.24052 
1.10181 4.23359 
0.713011 4.49069 
1.25332 2.75466 
0.672095 4.37605 
1.22076 3.61446 
1.24914 4.09057 
1.09214 4.29114 
2.12336 2.90255 
0.810893 4.55072 
1.49204 3.02858 
1.24779 2.92882 
0.911025 3.13428 
1.26239 4.48397 
1.07958 4.05149 
1.07112 3.27121 
1.27343 2.45225 
0.827613 4.59606 
1.00318 3.00061 
1.08978 3.82908 
0.93246 3.76956 
1.01361 3.02787 
1.24717 3.46977 
0.651644 3.74201 
1.38794 2.149 
0.950964 3.32622 
1.03943 3.35808 
0.917888 3.19154 
0.759816 4.47226 
1.06283 3.74391 
1.01145 3.0819 
1.08766 3.54469 
1.67402 2.92573 
1.11904 4.09645 
1.07889 4.28209 
0.771461 4.54727 
0.754056 4.53417 
0.957062 4.07172 
1.18767 4.34863 
1.43229 2.44857 
1.05802 4.23155 
1.4089 2.41305 
1.62121 4.50428 
1.38917 2.15066 
1.22047 3.75922 
1.14298 4.29972 
1.35958 2.58682 
2.27738e-17 4 
2 1.70804e-17 
2 1.70804e-17 
1.38951 0.794947 
1.91344 0.794945 
0.832974 1.59328 
1.2904 1.59328 
0.734982 2.38997 
0.391236 2.38997 
0.107417 3.18052 
0.302871 3.18052 
0.0659986 3.53232 
1.93341 0.503141 
0.747623 2.21491 
0.809813 1.64255 
1.94017 0.417024 
0.0721435 3.44241 
0.307845 3.10798 
0.779159 1.85318 
1.94361 0.376021 
0.0804313 3.33701 
0.344422 2.63949 
0.312411 3.04225 
1.30489 1.39141 
0.0558522 3.69076 
1.92893 0.563976 
1.29949 1.46413 
1.91526 0.766258 
0.742234 2.2879 
1.34988 0.932564 
0.352916 2.55916 
1.96814 0.140196 
0.338702 2.70101 
0.0887909 3.25553 
1.95017 0.302833 
0.000746013 3.93551 
1.97924 0.0691119 
0.32949 2.81104 
1.32195 1.18429 
1.30762 1.35585 
0.765462 1.99482 
0.0510606 3.76426 
1.95782 0.226651 
0.772653 1.91717 
1.98842 0.0280968 
0.0413587 3.8951 
0.326307 2.8518 
0.752143 2.15581 
0.770978 1.93462 
1.9521 0.282662 
0.0609108 3.61122 
0.372674 2.4302 
0.060842 3.6123 
0.756796 2.09722 
0.323214 2.89256 
1.31806 1.22825 
1.92402 0.633689 
1.31541 1.25939 
1.34306 0.982989 
1.92018 0.690658 
0.0479644 3.80939 
0.0539029 3.72104 
0.738096 2.34565 
0.0750211 3.40341 
0.304071 3.16297 
0.359633 2.50582 
0.0459433 3.83738 
0.00426609 3.8951 
1.36506 0.847778 
0.763275 2.01978 
0.341993 2.66493 
0.333432 2.76242 
0.363462 2.4797 
0.78981 1.76231 
0.753776 2.13498 
1.29334 1.55064 
0.0428155 3.87774 
0.354676 2.54428 
0.32049 2.92933 
0.784529 1.80513 
0.740122 2.31721 
1.33479 1.05395 
1.34083 1.00112 
1.9202 0.690301 
1.32589 1.14183 
1.3599 0.872243 
0.796798 1.71267 
0.802294 1.67944 
0.315609 2.99695 
1.31178 1.30346 
0.0847696 3.29128 
1.98132 0.0583707 
1.33006 1.09917 
0.333432 2.76242 
1.96584 0.157827 
1.92566 0.61012 
1.37249 0.820605 
0.379034 2.40736 
1.33471 1.05472 
1.96252 0.184911 
