2.61291 1.18593 2.75593 
2.02986 3.33899 1.43628 
1.47892 2.90422 5.38329 
1.77662 1.17086 5.77955 
2.30661 1.12656 2.87208 
1.42571 1.51195 5.96386 
1.95139 3.21506 2.39382 
0.981602 3.03075 5.29355 
2.29791 2.30232 2.81662 
1.27017 2.70048 5.71991 
1.7111 2.08224 5.4654 
1.94351 3.27676 1.97096 
1.79061 2.41522 5.1169 
2.44233 1.50905 2.93844 
1.01062 2.73566 5.76633 
0.811949 1.17697 6.61301 
1.05382 1.6985 6.32851 
1.83278 3.70551 2.61359 
1.81617 3.78171 1.89487 
1.19749 1.29762 6.33552 
1.3353 4.16987 2.48862 
2.38452 1.30887 4.05012 
2.00934 2.3428 4.7919 
1.84495 3.89223 1.98307 
1.52107 4.0186 2.04745 
1.31218 0.808445 6.43531 
1.87767 1.88785 5.21232 
1.71228 2.24686 5.04016 
2.58238 1.94425 2.43608 
0.738022 0.865761 6.43967 
1.45161 3.27435 4.39883 
1.13103 1.35018 6.26316 
2.0097 2.2367 4.31854 
2.56841 1.26044 2.60955 
1.63339 1.62657 6.06957 
1.80936 2.87558 4.3647 
2.03527 3.45384 2.8998 
1.99791 1.96759 4.62248 
1.19166 3.7221 4.19803 
1.80378 2.39456 5.15834 
2.32646 2.07175 2.90775 
1.78363 2.11204 5.2915 
1.55612 1.83047 5.31476 
1.08476 3.51847 4.80936 
1.04306 4.30287 2.85461 
1.79647 4.00499 2.1759 
1.40175 3.8715 3.59175 
2.25192 1.10735 4.09658 
1.78353 2.36041 4.93207 
1.96496 2.72905 4.39824 
1.39959 0.795262 5.91717 
2.25469 1.21762 3.70242 
1.8484 1.68963 4.97311 
2.42122 2.2896 2.02784 
1.33691 0.848516 6.40265 
2.1754 1.63489 4.51882 
1.86208 2.36987 4.24835 
1.94832 2.12884 5.38917 
1.01728 1.00173 6.56401 
2.1132 1.46721 4.14959 
1.79612 1.76398 5.63428 
1.94981 2.56171 4.73235 
1.1641 2.43715 5.93843 
2.2527 1.45952 3.0794 
1.33695 2.65926 5.1231 
2.41039 2.15512 2.70162 
2.2172 1.66937 4.33694 
1.35733 3.23084 4.62998 
0.723749 1.56527 6.17144 
1.9417 2.3755 4.3243 
2.0348 2.95341 3.10598 
1.26326 1.62141 5.95538 
1.07709 1.75576 6.29096 
2.38429 1.57343 2.88867 
1.48835 3.27911 4.7373 
2.3732 1.25107 2.83425 
1.51182 3.13632 4.53323 
2.03506 2.49095 3.96342 
2.26191 2.40968 0.812098 
2.00849 3.03207 3.46063 
2.32189 2.41842 2.5694 
2.28534 1.30352 3.75682 
2.34894 2.06241 3.65215 
1.40003 2.0359 5.89059 
1.20181 4.20577 2.46484 
0.86997 4.1689 3.00362 
2.12436 3.02582 1.55519 
2.45797 2.10971 1.13006 
2.08468 1.84788 4.96708 
1.62472 0.731181 5.63709 
1.38677 1.53508 6.13258 
2.24569 1.96682 3.61603 
1.17652 1.07294 6.50944 
1.01953 0.950631 6.14086 
2.2373 2.81898 3.11905 
1.92473 2.86159 3.69287 
2.05543 2.08793 4.19299 
1.65 4.01575 2.74152 
0.99046 0.937447 6.60097 
1.76063 3.50135 2.80389 
0.00826283 4.00826 0.00826282 
0.00826282 0.00826282 6.00826 
2.00826 0.00826282 0.00826282 
0.00873744 0.00826282 6.00826 
1.28137 0.574059 4.85242 
0.079826 3.99514 1.30792 
0.0368894 3.51133 3.00986 
1.92583 1.12252 2.26391 
0.593386 1.91646 5.3127 
1.42082 3.02583 0.0721417 
0.441991 2.13419 5.17802 
1.60899 2.26955 2.08636 
1.3464 0.458054 4.7453 
1.23669 2.94431 2.42183 
0.722914 1.02979 5.58112 
0.130797 3.78933 2.46278 
0.785647 3.84987 0.71757 
1.85584 1.64414 1.63288 
0.279619 1.72516 5.60926 
0.763765 2.33821 4.75505 
1.97792 1.09424 0.957116 
0.492738 1.76772 5.49753 
1.14813 3.46579 0.532209 
1.5046 1.1621 4.12759 
0.391157 3.86931 1.99519 
1.02145 3.62002 0.994768 
1.8208 2.04303 0.295498 
1.94554 0.032325 1.78065 
1.28001 1.42449 4.52775 
0.0270989 2.75179 4.41983 
0.232936 3.84505 2.30841 
0.690515 2.58391 4.59119 
0.330588 3.32366 3.57625 
0.917569 0.79824 5.48724 
1.52573 1.60575 3.71206 
1.65095 0.701042 3.94724 
1.91937 1.34377 1.85925 
0.779534 2.67191 4.30609 
1.37388 1.20572 4.34272 
0.337202 3.9515 1.12764 
0.83126 0.65697 5.62729 
1.00758 3.08595 3.04244 
1.16756 0.111764 5.19699 
0.172049 3.44626 3.47688 
0.73378 2.93149 3.65153 
0.66481 1.76356 5.40022 
0.549746 0.747531 5.85061 
0.419284 0.286341 5.9831 
0.531937 0.821067 5.7898 
0.845321 1.79439 5.1393 
1.47641 2.45957 2.81984 
0.567115 1.95316 5.33436 
1.27354 2.29735 3.81674 
1.17492 3.27981 1.89327 
1.07558 1.55302 4.85842 
0.515981 0.319266 5.91585 
0.607737 2.43203 4.65692 
0.632845 3.35825 3.21071 
1.96706 1.55602 0.444403 
0.259059 3.22491 3.97021 
0.98461 3.68435 0.0984368 
1.79141 0.342456 3.36243 
1.65799 1.86122 2.53735 
1.57231 2.83185 0.227072 
1.52616 2.91802 1.19687 
1.21071 0.940694 4.97604 
1.10304 2.18435 4.20972 
1.75483 2.0162 2.2959 
1.40194 2.3886 3.02917 
1.89859 0.0961866 2.66831 
0.560489 1.19052 5.72072 
1.56713 2.23632 2.68371 
0.949121 3.58439 1.38756 
1.98309 1.23739 0.440545 
0.0830463 3.66693 2.74771 
1.19281 1.25214 4.97428 
0.86655 3.82377 0.198099 
1.13043 0.940931 5.10526 
0.943955 2.54349 4.07708 
1.77147 0.956284 3.27007 
1.2689 2.8647 2.91384 
1.90744 1.66886 0.336529 
1.70126 2.4824 0.628137 
1.72316 2.24835 1.46003 
1.67746 1.31646 3.50119 
1.27404 3.16729 1.60035 
0.873711 3.73526 1.64003 
1.03266 3.12791 2.66987 
1.59855 2.07195 2.63112 
1.21145 3.0066 2.6071 
0.0962496 3.69663 2.71042 
1.75946 1.29415 2.88426 
0.80006 0.177761 5.80704 
1.80672 0.21323 3.37231 
0.991585 0.875317 5.33951 
0.955207 3.14088 3.13893 
1.31325 3.24322 1.39168 
0.643435 0.431287 5.8532 
0.118598 3.94486 1.86769 
1.12674 0.239644 5.37484 
