6.1106 3.12562 6.62775 
2.41718 4.64392 7.80072 
2.9653 0.82 8.93104 
0.789825 0.904848 9.14969 
0.893009 0.348735 9.1479 
5.02966 6.29655 3.58238 
3.94831 1.64095 8.68691 
1.18851 2.06866 9.19057 
7.54861 5.4065 1.85982 
2.98032 5.86 7.30085 
4.2522 3.08657 8.13542 
9.53143 0.930542 0.518011 
3.70419 7.651 3.73722 
5.82071 5.2016 4.47569 
2.25123 7.3827 5.62249 
2.73559 1.55449 8.66352 
8.50487 1.43093 4.36116 
1.88582 9.22425 1.63697 
2.1369 5.52384 7.25097 
4.69107 5.00606 6.78911 
0.39623 2.30107 9.45103 
7.00685 4.35316 5.15005 
3.52105 8.91336 1.14708 
8.87015 2.8511 3.08269 
1.31939 8.62944 3.79014 
1.86539 5.67658 7.08707 
2.46384 1.7439 9.16563 
2.16948 3.1506 8.56005 
0.521016 3.03794 8.8479 
5.50221 2.81706 7.16875 
4.90232 5.87964 5.60736 
5.29863 7.15494 3.67784 
8.53291 4.40037 2.08388 
2.07822 2.4654 8.64717 
3.76035 1.37899 8.42855 
4.90423 0.673221 7.98753 
5.99705 7.64432 1.0794 
6.14969 6.59095 2.17325 
4.12032 7.87598 3.12949 
4.21438 8.79388 0.977616 
2.27056 2.9136 8.83631 
1.00497 9.18762 1.93533 
1.51561 0.915757 9.38253 
3.63601 1.66352 8.31998 
6.27625 6.04552 4.38136 
4.00354 3.84571 7.58008 
1.13688 1.92248 9.24997 
3.02946 1.13935 8.76243 
1.58213 0.804026 9.18958 
2.59921 4.84843 7.59328 
1.22349 0.871486 9.67665 
7.01324 5.68186 4.01938 
3.61378 3.33749 7.63315 
3.75383 8.78515 0.814606 
2.65507 8.14629 3.90836 
0.65286 1.6387 9.30729 
1.41255 3.3135 9.0258 
4.01864 7.15266 4.95378 
2.40335 1.46603 9.24788 
3.57622 1.71636 8.56835 
2.22301 0.996757 9.06401 
2.90922 6.20178 6.70536 
8.62158 2.66864 0.813555 
5.333 3.53501 6.81567 
4.06954 7.11273 4.75089 
0.0518596 0.424457 9.57102 
2.13092 5.7076 6.57158 
7.94662 1.00669 4.88476 
7.59833 1.27263 6.00215 
2.36409 1.67567 8.95204 
2.05994 0.854527 8.90301 
7.59197 1.07163 6.05766 
9.57289 0.997955 0.299923 
0.331095 1.84604 9.04377 
3.66614 2.01209 8.60848 
1.23324 3.48067 8.60679 
1.13891 0.900204 9.61248 
1.89916 1.1035 9.35434 
3.63702 3.05723 8.25746 
7.81355 1.46386 4.37536 
3.5292 3.27046 8.53402 
3.99604 4.48666 7.32649 
5.97166 3.23962 6.48515 
3.31292 5.64216 6.88164 
7.63419 3.27257 4.20817 
5.78484 6.01787 4.41504 
7.81593 4.79178 1.47053 
0.619232 0.154723 9.75982 
0.155301 1.69455 9.67216 
0.84551 8.88887 3.57198 
4.35472 7.8604 3.67066 
6.07927 4.36266 5.21042 
1.10507 9.35248 0.449964 
5.53266 3.47649 7.25931 
2.6319 9.47354 0.0317037 
7.65231 4.60904 0.506349 
9.02039 1.53987 3.85338 
4.46599 5.5393 6.60197 
0.688716 1.90875 9.81706 
1.64011 3.01198 9.05689 
4.32978e-17 4.32978e-17 1 
0.707107 0.707107 0 
0.707107 0.707107 0 
4.32978e-17 4.32978e-17 1 
0.606773 0.606773 0.513472 
0.0164932 0.0164932 0.999728 
0.582047 0.582047 0.567841 
0.676865 0.676865 0.289321 
0.544846 0.544846 0.637405 
0.618706 0.618706 0.484153 
0.595573 0.595573 0.53906 
0.696791 0.696791 0.170189 
0.12156 0.12156 0.985112 
0.679788 0.679788 0.275275 
0.276635 0.276635 0.920297 
0.440867 0.440867 0.781839 
0.296964 0.296964 0.907538 
0.0961533 0.0961533 0.990711 
0.0367582 0.0367582 0.998648 
0.668831 0.668831 0.324546 
0.532899 0.532899 0.657295 
0.503587 0.503587 0.701997 
0.493783 0.493783 0.715791 
0.631135 0.631135 0.450928 
0.161673 0.161673 0.973511 
0.216243 0.216243 0.952091 
0.466 0.466 0.752123 
0.622224 0.622224 0.475052 
0.0709438 0.0709438 0.994954 
0.632104 0.632104 0.448208 
0.561075 0.561075 0.608597 
0.0868034 0.0868034 0.992437 
0.687267 0.687267 0.235217 
0.36531 0.36531 0.856211 
0.706441 0.706441 0.0433898 
0.598365 0.598365 0.532839 
0.106397 0.106397 0.988615 
0.684957 0.684957 0.248332 
0.700992 0.700992 0.131226 
0.42982 0.42982 0.794046 
0.276635 0.276635 0.920297 
0.187482 0.187482 0.96421 
0.411971 0.411971 0.812748 
0.639565 0.639565 0.426514 
0.530285 0.530285 0.661509 
0.690616 0.690616 0.214704 
0.174429 0.174429 0.969097 
0.703396 0.703396 0.102313 
0.225822 0.225822 0.947633 
0.174429 0.174429 0.969097 
0.414988 0.414988 0.809673 
0.475848 0.475848 0.739687 
0.329623 0.329623 0.884702 
0.403738 0.403738 0.82097 
0.393322 0.393322 0.83102 
0.209042 0.209042 0.955302 
0.668831 0.668831 0.324546 
0.142056 0.142056 0.979612 
0.316878 0.316878 0.893967 
0.15511 0.15511 0.975644 
0.445919 0.445919 0.776088 
0.515315 0.515315 0.684764 
0.490537 0.490537 0.720241 
0.557744 0.557744 0.61469 
0.549807 0.549807 0.628828 
0.70542 0.70542 0.0690385 
0.641092 0.641092 0.421903 
0.244976 0.244976 0.938069 
0.234121 0.234121 0.943597 
0.508518 0.508518 0.694852 
0.198005 0.198005 0.959994 
0.702763 0.702763 0.110674 
0.567988 0.567988 0.595634 
0.663227 0.663227 0.346786 
0.567988 0.567988 0.595634 
0.349635 0.349635 0.869201 
0.576008 0.576008 0.580025 
0.049653 0.049653 0.997532 
0.522526 0.522526 0.673746 
0.187911 0.187911 0.964043 
0.265808 0.265808 0.926656 
0.296964 0.296964 0.907538 
0.25991 0.25991 0.929996 
0.450241 0.450241 0.771082 
0.463719 0.463719 0.754937 
0.663227 0.663227 0.346786 
0.576008 0.576008 0.580025 
0.199003 0.199003 0.959581 
0.106397 0.106397 0.988615 
0.700992 0.700992 0.131226 
0.386205 0.386205 0.83767 
0.373925 0.373925 0.84874 
0.403738 0.403738 0.82097 
0.658639 0.658639 0.363852 
0.517095 0.517095 0.682075 
0.0446829 0.0446829 0.998001 
0.69348 0.69348 0.195373 
0.454258 0.454258 0.766355 
0.313392 0.313392 0.896421 
0.304822 0.304822 0.902312 
