9.79855 9.71281 
5.70733 5.51551 
6.92815 5.52145 
8.30823 8.23754 
6.01681 3.69464 
8.23363 7.48167 
7.90321 6.33964 
11.8586 7.33024 
6.71546 8.16267 
10.4143 8.1499 
7.50682 6.59471 
9.70723 4.65185 
7.83211 7.4949 
11.4627 5.90449 
6.446 5.41237 
10.4552 7.28467 
9.83342 8.65073 
10.1897 6.60413 
8.49659 8.72289 
2.17247 6.44028 
10.534 9.31846 
10.7301 6.8939 
8.56856 6.67766 
10.7652 6.32297 
7.72611 9.02454 
11.0646 8.7999 
5.82059 8.83773 
7.64789 9.5014 
7.65279 7.3965 
7.46149 7.08253 
6.51758 5.21938 
6.45743 8.9253 
7.88995 6.62695 
8.35684 10.7922 
3.73462 5.93238 
5.03834 7.75819 
9.35747 5.35129 
4.66805 7.16947 
5.40253 7.70138 
6.83798 6.2068 
5.83268 4.99531 
7.82376 7.87419 
7.27965 8.90382 
9.53582 7.33114 
7.09709 4.27502 
7.07253 6.821 
8.50444 7.25186 
7.43716 9.5096 
7.63493 6.20735 
5.70964 7.34527 
8.56454 8.20305 
10.2182 10.7985 
8.83379 8.86631 
8.31115 6.49074 
5.77576 8.18666 
7.09066 8.94183 
6.86833 8.69888 
8.649 9.06404 
5.41916 6.18823 
5.89415 6.89672 
8.17088 8.36411 
4.33217 6.51694 
8.73418 11.0833 
5.85304 7.39402 
7.29908 3.98434 
5.53292 4.23677 
5.30943 7.0012 
10.5527 7.27206 
4.77163 6.66311 
6.54989 6.47513 
8.2203 11.7829 
8.78524 6.82642 
6.60886 6.89848 
7.01636 7.27179 
10.0808 6.12372 
9.61023 8.28139 
4.95399 3.14127 
7.23914 8.99036 
5.17665 9.39722 
8.98183 4.15273 
10.8569 7.69636 
6.50622 11.2027 
8.38011 4.6723 
9.38284 7.05562 
5.84788 6.39761 
7.78247 9.37162 
9.15773 8.86551 
7.9758 11.4239 
5.4163 7.89478 
8.26974 6.06747 
7.64059 9.95919 
8.57617 5.77905 
7.62053 5.09945 
5.65556 10.6044 
9.55587 7.51456 
5.0116 5.06849 
8.34203 9.34881 
8.3515 9.03313 
6.86516 5.37673 
8.26494 7.53045 
1.00051 1.0066e-15 
3.56088e-11 1.00345 
0.000138856 1 
0.750031 0.466652 
0.522859 0.500075 
0.926887 0.161453 
0.999974 0.000988755 
0.750039 0.266237 
0.405982 0.777819 
0.406589 0.688105 
0.406474 0.761695 
0.407557 0.663119 
0.445853 0.558807 
0.89286 0.161784 
0.442311 0.570358 
0.408695 0.636952 
0.912649 0.161541 
0.907048 0.161728 
0.757836 0.248762 
0.8774 0.162151 
0.40865 0.646416 
0.407983 0.654109 
0.408771 0.625775 
0.866409 0.162405 
0.406459 0.772355 
0.752 0.25195 
0.770632 0.239313 
0.88393 0.162056 
0.825115 0.18036 
0.829734 0.176263 
0.806293 0.206891 
0.798619 0.208348 
0.452818 0.556042 
0.409459 0.609129 
0.517948 0.500136 
0.429666 0.57864 
0.824344 0.18654 
0.490714 0.520159 
0.8212 0.190779 
0.777405 0.23316 
0.412792 0.600678 
0.437281 0.57289 
0.789687 0.224302 
0.459737 0.551659 
0.797652 0.213365 
0.432299 0.574258 
0.477414 0.531866 
0.750858 0.257987 
0.764274 0.242573 
0.775923 0.23828 
0.462141 0.546633 
0.492717 0.514676 
0.811216 0.193221 
0.497377 0.507657 
0.763873 0.245592 
0.791764 0.214974 
0.470478 0.535908 
0.808779 0.197803 
0.81533 0.191627 
0.423967 0.580285 
0.8532 0.166978 
0.840743 0.168172 
0.412567 0.606538 
0.494805 0.511504 
0.806536 0.201061 
0.42304 0.589776 
0.791122 0.219376 
0.454186 0.552288 
0.409153 0.617736 
0.415865 0.595874 
0.475136 0.534452 
0.508554 0.500173 
0.502807 0.502234 
0.501188 0.505195 
0.836597 0.170179 
0.464075 0.543092 
0.4231 0.584273 
0.418184 0.590872 
0.481892 0.527892 
0.856999 0.165675 
0.750209 0.263222 
0.485978 0.524025 
0.487854 0.523945 
0.860812 0.162972 
0.468208 0.540061 
0.832862 0.172836 
0.408908 0.619698 
0.784631 0.226732 
0.481995 0.527121 
0.847175 0.16799 
0.508506 0.501641 
0.781305 0.22964 
0.417789 0.594675 
0.46784 0.541724 
0.846516 0.168156 
0.859283 0.163781 
0.834164 0.172256 
0.784327 0.227005 
0.405497 0.860554 
0.000138856 2.07006 
