1.06206 1.1258 4.27253 
1.03409 1.54224 3.82394 
0.8889 1.97465 3.07645 
0.938356 1.67454 3.77058 
0.733562 1.0865 4.98409 
1.28673 1.26875 3.52936 
0.955768 1.33407 3.40657 
1.47915 1.42504 2.88211 
0.727335 1.06016 5.52301 
0.977561 2.45713 2.48162 
1.34077 2.7138 1.26422 
1.09249 1.16963 3.94126 
1.20608 1.61507 2.90009 
1.23307 1.55312 3.02369 
1.32594 2.37753 1.35043 
0.919627 1.752 3.65216 
0.716409 0.89808 5.24845 
1.05425 1.49437 3.87089 
0.826588 1.39298 4.6113 
1.0538 1.63648 3.83219 
1.36775 1.68588 2.5764 
1.09794 1.95033 2.94817 
0.987863 1.43763 4.26569 
1.52275 1.73609 1.99127 
0.952444 1.95789 3.05674 
1.14459 1.78028 2.64875 
1.29183 1.61392 3.33968 
1.29242 1.27628 3.22642 
1.3287 2.02755 1.95293 
0.98021 2.08781 3.15797 
0.91176 2.04678 3.35374 
0.558836 0.733836 5.84712 
1.11176 1.63781 3.5339 
1.03717 1.94465 2.45995 
0.893917 1.15584 5.21386 
1.19721 1.57806 3.42447 
0.584752 0.612072 6.46303 
1.03427 1.77285 3.57494 
1.49789 1.50485 2.65331 
1.26545 1.27968 3.2143 
1.37857 1.1969 3.11527 
0.834078 1.34784 4.14616 
0.885986 1.06027 5.01095 
0.735357 0.896124 5.20021 
1.30747 2.95937 0.96096 
1.01651 1.35991 3.6651 
1.35657 1.05879 3.56879 
0.909056 1.47962 3.92164 
0.719305 0.841058 5.59599 
1.48185 2.21034 1.56188 
1.15135 1.70277 3.66044 
1.10871 1.65135 3.15044 
1.39871 1.09787 3.5851 
1.32776 1.42816 3.18853 
1.06097 1.83194 3.24233 
0.758675 1.36721 4.4504 
0.856828 0.812564 5.00498 
0.741231 1.44269 4.26082 
1.11066 1.62454 3.15561 
1.144 1.62605 3.37426 
1.01433 1.62028 3.08027 
1.78808 1.567 1.52738 
0.725948 0.866863 5.89886 
1.29086 1.57938 2.79811 
1.15369 1.90182 2.51596 
0.893461 1.43171 4.2512 
1.18775 1.94316 3.02613 
0.804107 0.832588 5.47539 
1.04575 1.85686 3.55029 
1.16851 1.90744 2.40398 
0.793977 1.08493 5.4194 
0.986344 1.69317 3.82802 
1.02119 1.48853 4.00722 
0.962237 2.15716 2.27028 
0.995056 1.71315 3.77549 
0.956177 0.972778 4.68365 
0.635789 0.842539 5.75531 
1.18551 1.41245 3.31317 
0.866518 1.12431 5.0872 
1.02678 2.26317 2.75426 
0.854224 1.18164 4.80829 
0.733159 1.01508 5.40144 
1.01587 1.61263 3.71564 
0.994591 1.74516 3.64322 
1.03789 1.60458 3.9035 
1.27072 1.2806 2.67939 
1.04357 1.49969 3.97062 
1.00297 1.4825 3.7705 
0.780084 1.24306 4.81758 
0.783303 1.34866 4.56695 
0.743994 0.892445 4.81626 
1.11648 1.83654 2.95253 
1.09296 1.03785 4.12832 
1.0044 1.60827 3.48166 
1.27761 1.74802 2.96953 
1.41957 2.13323 1.38563 
1.11866 1.15054 3.9832 
1.12326 1.70955 3.03944 
1.08068 1.84911 2.79292 
1.14232 1.24088 3.97838 
1.00046 2.00046 0.00046369 
0.000417144 0.000417144 6.00042 
2.99993 1.00003 0.999967 
1.00087 1.99957 0.000434562 
0.000417144 0.000417144 6.00042 
0.168746 0.325933 5.04382 
0.304092 0.585615 4.2667 
0.187107 0.362775 4.9313 
0.288838 0.54593 4.399 
0.326553 0.624099 4.15602 
0.498983 0.935537 3.22002 
0.358106 0.703427 3.8998 
0.205379 0.39952 4.81922 
0.408265 0.815316 3.55477 
0.103717 0.191511 5.46584 
2.89874 1.0207 1.15185 
0.456007 0.864676 3.43183 
0.151981 0.286108 5.18407 
2.37888 1.06063 2.18634 
0.0359958 0.043457 5.97884 
0.337523 0.654137 4.05619 
0.402429 0.776964 3.68746 
0.435477 0.835536 3.51332 
2.4813 1.27514 0.745914 
2.64943 1.17529 0.824714 
0.944236 1.22024 2.37431 
2.51855 1.23981 0.800166 
0.236051 0.458936 4.64143 
1.05548 1.97226 0.0277431 
0.0697708 0.122064 5.68651 
1.74089 1.63423 0.372001 
0.0864601 0.161739 5.54502 
2.83007 1.08154 0.936267 
0.260791 0.512458 4.47403 
2.68198 1.13621 0.971301 
1.0988 1.86802 0.27439 
0.384702 0.731586 3.83325 
0.0308382 0.0587155 5.83405 
0.392587 0.686167 4.02748 
1.38477 1.71333 0.497251 
0.513817 0.907813 3.3338 
1.03928 1.47299 1.50201 
0.599542 1.13798 2.59683 
1.28304 1.75938 0.44478 
0.477494 0.889035 3.36481 
0.0527614 0.0937497 5.75649 
1.14776 1.92634 0.0739548 
1.45171 1.77685 0.243012 
0.549872 0.967122 3.14857 
0.0803688 0.143735 5.61728 
1.33335 1.82507 0.196067 
1.06499 1.49895 1.40463 
0.658741 1.09295 2.77315 
0.519272 0.972082 3.10827 
1.259 1.57772 1.01795 
0.750029 1.41981 1.73463 
2.00096 1.05932 2.86907 
0.248607 0.481487 4.57624 
1.53003 1.21703 2.23848 
1.61079 1.69465 0.30541 
0.591466 1.15823 2.52978 
1.9651 1.32435 1.29364 
1.47478 1.5609 0.8988 
0.229322 0.432946 4.73949 
0.805955 1.35771 1.92064 
2.58399 1.20823 0.79207 
0.270854 0.500088 4.55321 
2.32232 1.07455 2.18838 
2.98667 1.00666 0.993336 
1.93761 1.30528 1.44511 
2.07048 1.25671 1.51476 
0.118474 0.21994 5.38081 
1.67782 1.44008 1.1407 
0.578881 1.11979 2.64879 
1.79434 1.60993 0.401219 
0.140698 0.251742 5.3117 
0.885438 1.38596 1.81362 
1.60752 1.33528 1.63731 
2.60019 1.01218 2.12349 
1.13996 1.58643 1.08471 
1.83691 1.32093 1.45902 
1.6218 1.39904 1.35877 
1.51223 1.66728 0.522482 
0.931207 1.27885 2.39265 
1.41142 1.79431 0.205717 
1.30113 1.84944 0.150564 
1.90515 1.37956 1.12091 
0.224779 0.423998 4.76641 
2.76406 1.09634 1.01273 
1.222 1.26259 2.16623 
0.051457 0.080893 5.83195 
2.13359 1.03419 2.94911 
0.119046 0.225219 5.35432 
1.56804 1.30901 1.8598 
0.390011 0.75136 3.76606 
0.557098 0.999186 3.04124 
1.9797 1.51811 0.519214 
2.0666 1.05301 2.90983 
1.38103 1.81189 0.191318 
2.28048 1.35554 0.71796 
