0.994531444553641
0.994525844143652
0.994504846175996
0.994527598437869
0.994469232519412
0.994365976406128
0.994015904441496
0.994571637080836
0.994466302292299
0.994581301251366
0.994493018071468
0.994562494095686
0.994640030193388
0.994502016353572
0.994598724092118
0.994424991142975
0.994474238787741
0.994188981443658
0.994559109743609
0.994492260860319
0.994565356035629
0.994444325243289
0.994491965732762
0.994488421680977
0.994545988338166
0.994522907310963
0.994420463803989
0.994508620362546
0.994429852255025
0.994014522238851
0.994003515927448
0.994544052355092
0.99453919615377
0.994316291442937
0.994569052702449
