7.90385e+08 -34.2823 25.9148 73.5296 16.4704 -45.8564 -95.5447 -31.7643 -36.7123 69.2517 -40.684 
4622.13 -36.2876 69.962 -62.2823 71.8202 -75.5412 -3.81543 -35.5289 -45.5057 65.2117 -31.4287 
1333.23 -39.7987 69.7776 -62.3352 72.1975 -75.387 19.6234 -38.7161 -44.9006 67.4079 -32.8244 
862.566 -39.9523 69.7821 -62.8275 72.5221 -75.266 20.6483 -38.8939 -44.5146 67.2884 -32.8882 
812.664 -39.9523 69.7473 -62.5234 72.2439 -75.266 20.6483 -39.2979 -44.5146 67.6161 -32.8882 
651.937 -39.732 70.2641 -62.4061 72.0411 -74.8118 19.1419 -38.1734 -41.961 66.8167 -32.8156 
435.56 -42.8095 68.7604 -63.2697 72.5841 -75.8427 39.34 -37.8162 -48.0569 66.0505 -34.1883 
367.068 -42.8095 68.7604 -63.2697 72.554 -75.8427 39.34 -37.7872 -48.0569 66.025 -34.1782 
350.272 -42.5285 68.8018 -62.6294 72.1181 -75.8131 37.4493 -37.8436 -47.8818 66.4377 -34.0706 
284.955 -42.2395 69.0293 -63.0919 72.4669 -75.7274 35.5303 -38.01 -47.3683 66.3101 -33.9493 
268.689 -41.786 68.6875 -62.6966 72.1936 -76.0377 32.4994 -38.0692 -49.0025 66.5754 -33.7675 
251.01 -41.9339 69.0952 -62.6961 72.2217 -75.6827 33.5289 -38.2691 -46.9865 66.737 -33.8121 
186.296 -41.3448 69.4325 -63.8395 72.9418 -75.6361 29.8127 -38.1567 -46.4722 65.9457 -33.4933 
171.174 -41.3451 69.4216 -63.7466 72.8882 -75.6634 29.8155 -38.1498 -46.6073 65.9951 -33.493 
165.72 -41.3449 69.3913 -63.5003 72.7222 -75.6925 29.8081 -38.1957 -46.7696 66.1716 -33.4951 
159.484 -41.3449 69.3913 -63.5003 72.7222 -75.6925 29.8081 -38.1639 -46.7761 66.1716 -33.5081 
142.927 -41.3449 69.3913 -63.5003 72.7222 -75.6925 29.8081 -38.1724 -46.7761 66.1716 -33.4996 
142.927 -41.3449 69.3913 -63.5003 72.7222 -75.6925 29.8081 -38.1724 -46.7761 66.1716 -33.4996 
142.927 -41.3449 69.3913 -63.5003 72.7222 -75.6925 29.8081 -38.1724 -46.7761 66.1716 -33.4996 
142.203 -41.3449 69.3913 -63.5003 72.7222 -75.6925 29.8081 -38.1763 -46.7761 66.1716 -33.4996 
141.211 -41.5133 69.4758 -63.4943 72.719 -75.6193 30.9378 -38.1763 -46.3624 66.1716 -33.5655 
140.917 -41.495 69.4573 -63.5018 72.7248 -75.635 30.8148 -38.1799 -46.4518 66.1703 -33.5584 
133.861 -41.5061 69.4883 -63.3738 72.6159 -75.6168 30.894 -38.0292 -46.3364 66.123 -33.5655 
133.69 -41.4972 69.4852 -63.3479 72.5981 -75.6195 30.8351 -38.0317 -46.3518 66.1397 -33.5619 
128.727 -41.5013 69.3302 -63.1784 72.487 -75.6712 30.856 -38.0344 -46.7397 66.2315 -33.5655 
116.413 -41.509 69.3272 -63.1785 72.4873 -75.6712 30.9078 -38.0223 -46.7503 66.2347 -33.5658 
115.796 -41.509 69.3272 -63.1785 72.4873 -75.6712 30.9078 -38.011 -46.7503 66.2347 -33.5658 
115.285 -41.4896 69.2673 -63.1924 72.4982 -75.7152 30.7767 -38.0204 -47.007 66.2347 -33.5585 
113.294 -41.4896 69.2673 -63.1924 72.4997 -75.7152 30.7767 -38.0252 -47.007 66.2347 -33.5585 
113.294 -41.4896 69.2673 -63.1924 72.4997 -75.7152 30.7767 -38.0252 -47.007 66.2347 -33.5585 
108.603 -41.4896 69.2673 -63.1924 72.5059 -75.7152 30.7767 -38.0099 -47.007 66.2347 -33.5585 
108.233 -41.4896 69.2673 -63.1924 72.5059 -75.716 30.7767 -38.0149 -47.007 66.2347 -33.5585 
108.233 -41.4896 69.2673 -63.1924 72.5059 -75.716 30.7767 -38.0149 -47.007 66.2347 -33.5585 
108.1 -41.4896 69.2673 -63.1924 72.5059 -75.716 30.7767 -38.0149 -47.0148 66.2347 -33.5585 
104.519 -41.49 69.2672 -63.1979 72.5169 -75.716 30.7789 -38.0087 -47.0153 66.2348 -33.5587 
103.783 -41.5064 69.23 -63.2247 72.5352 -75.7459 30.8918 -38.0013 -47.1835 66.214 -33.5648 
103.548 -41.4646 69.2312 -63.3362 72.6152 -75.7429 30.61 -38.0044 -47.1723 66.1548 -33.549 
103.187 -41.4646 69.2312 -63.0944 72.4498 -75.7429 30.61 -37.9956 -47.1723 66.288 -33.549 
103.187 -41.4646 69.2312 -63.0944 72.4498 -75.7429 30.61 -37.9956 -47.1723 66.288 -33.549 
103.187 -41.4646 69.2312 -63.0944 72.4498 -75.7429 30.61 -37.9956 -47.1723 66.288 -33.549 
102.261 -41.4317 69.1665 -63.2032 72.524 -75.7933 30.3873 -37.9766 -47.463 66.2116 -33.537 
102.171 -41.4349 69.1702 -63.2008 72.5221 -75.7904 30.4089 -37.9756 -47.4453 66.2122 -33.5383 
102.071 -41.4742 69.257 -63.18 72.5083 -75.7284 30.6735 -37.9819 -47.08 66.2289 -33.5533 
101.794 -41.4493 69.261 -63.3675 72.6379 -75.72 30.5067 -37.9579 -47.0368 66.1057 -33.5435 
101.694 -41.4173 69.2481 -63.3519 72.6271 -75.7298 30.2902 -37.9575 -47.0939 66.1144 -33.5317 
101.693 -41.4173 69.2481 -63.3519 72.6271 -75.7297 30.2902 -37.9575 -47.0939 66.1144 -33.5317 
101.509 -41.4669 69.203 -63.1379 72.4782 -75.765 30.6195 -37.9564 -47.2928 66.2367 -33.5522 
101.248 -41.4231 69.2165 -63.2078 72.5261 -75.7554 30.3282 -37.9507 -47.248 66.1925 -33.5344 
101.155 -41.4231 69.2122 -63.2078 72.5261 -75.7563 30.3282 -37.9507 -47.248 66.1925 -33.5344 
100.768 -41.4714 69.2035 -63.2629 72.564 -75.7621 30.6486 -37.9497 -47.2828 66.1595 -33.5544 
100.759 -41.4714 69.2035 -63.2629 72.564 -75.7621 30.6486 -37.9497 -47.2846 66.1595 -33.5544 
100.759 -41.4714 69.2035 -63.2629 72.564 -75.7621 30.6486 -37.9497 -47.2846 66.1595 -33.5544 
100.759 -41.4714 69.2035 -63.2629 72.564 -75.7621 30.6486 -37.9497 -47.2846 66.1595 -33.5544 
100.65 -41.4845 69.2211 -63.2404 72.5485 -75.7473 30.7362 -37.9501 -47.2005 66.1727 -33.5597 
100.65 -41.4845 69.2211 -63.2404 72.5485 -75.7473 30.7362 -37.9501 -47.2005 66.1727 -33.5597 
100.647 -41.482 69.2247 -63.2404 72.5485 -75.7442 30.7197 -37.9501 -47.1834 66.1727 -33.5587 
100.647 -41.482 69.2247 -63.2404 72.5485 -75.7442 30.7197 -37.9501 -47.1834 66.1727 -33.5587 
100.647 -41.482 69.2247 -63.2404 72.5485 -75.7442 30.7197 -37.9501 -47.1834 66.1727 -33.5587 
100.647 -41.482 69.2247 -63.2404 72.5485 -75.7442 30.7197 -37.9501 -47.1834 66.1727 -33.5587 
100.625 -41.482 69.2247 -63.2404 72.549 -75.7442 30.7197 -37.9501 -47.1834 66.1727 -33.5587 
100.625 -41.482 69.2247 -63.2404 72.549 -75.7442 30.7197 -37.9501 -47.1834 66.1727 -33.5587 
100.625 -41.482 69.2247 -63.2404 72.549 -75.7442 30.7197 -37.9501 -47.1834 66.1727 -33.5587 
100.625 -41.482 69.2247 -63.2404 72.549 -75.7442 30.7197 -37.9501 -47.1834 66.1727 -33.5587 
100.598 -41.4965 69.2312 -63.2429 72.5506 -75.7389 30.8173 -37.9491 -47.1528 66.1705 -33.5643 
100.598 -41.4965 69.2312 -63.2429 72.5506 -75.7389 30.8173 -37.9491 -47.1528 66.1705 -33.5643 
100.588 -41.4965 69.2312 -63.2429 72.5506 -75.7389 30.8173 -37.9486 -47.1528 66.1705 -33.5643 
100.573 -41.5004 69.2355 -63.2582 72.5612 -75.7351 30.8434 -37.9471 -47.132 66.1606 -33.5657 
100.535 -41.5004 69.2339 -63.2582 72.5612 -75.727 30.8434 -37.9468 -47.0966 66.1606 -33.5657 
100.535 -41.5004 69.2339 -63.2582 72.5612 -75.727 30.8434 -37.9468 -47.0966 66.1606 -33.5657 
100.492 -41.5066 69.2249 -63.2587 72.5613 -75.7342 30.8828 -37.9457 -47.1381 66.1595 -33.5691 
100.492 -41.5066 69.2249 -63.2587 72.5613 -75.7342 30.8828 -37.9457 -47.1381 66.1595 -33.5691 
100.476 -41.5008 69.2271 -63.2588 72.5612 -75.7326 30.8442 -37.9452 -47.1289 66.1589 -33.5669 
100.474 -41.4911 69.2223 -63.2592 72.5616 -75.7366 30.7784 -37.9454 -47.1513 66.1588 -33.5632 
100.474 -41.4911 69.2223 -63.2592 72.5616 -75.7366 30.7784 -37.9454 -47.1513 66.1588 -33.5632 
100.451 -41.4946 69.2284 -63.2686 72.568 -75.7314 30.8024 -37.9443 -47.122 66.1526 -33.5643 
100.451 -41.4946 69.2284 -63.2686 72.568 -75.7314 30.8024 -37.9443 -47.122 66.1526 -33.5643 
100.433 -41.4994 69.216 -63.2678 72.5673 -75.7418 30.8349 -37.9429 -47.1802 66.152 -33.5661 
100.432 -41.4994 69.2164 -63.2678 72.5673 -75.7418 30.8349 -37.9429 -47.1802 66.152 -33.5661 
100.432 -41.4994 69.2164 -63.2678 72.5673 -75.7418 30.8349 -37.9429 -47.1802 66.152 -33.5661 
100.432 -41.4994 69.2164 -63.2678 72.5673 -75.7418 30.8349 -37.9429 -47.1802 66.152 -33.5661 
100.414 -41.4883 69.2164 -63.2678 72.5677 -75.7418 30.7598 -37.9429 -47.1802 66.152 -33.562 
100.414 -41.4883 69.2164 -63.2678 72.5677 -75.7418 30.7598 -37.9429 -47.1802 66.152 -33.562 
100.405 -41.4883 69.2164 -63.2678 72.5677 -75.7418 30.7598 -37.9425 -47.1802 66.152 -33.562 
100.399 -41.4895 69.2167 -63.2678 72.5682 -75.7416 30.768 -37.9423 -47.1802 66.152 -33.5624 
100.39 -41.4904 69.2163 -63.2691 72.569 -75.7419 30.774 -37.9414 -47.1819 66.1511 -33.5628 
100.177 -41.4733 69.2166 -63.2285 72.5363 -75.7276 30.6567 -37.9089 -47.1179 66.1476 -33.5569 
100.144 -41.4984 69.2175 -63.2238 72.5328 -75.7278 30.8253 -37.907 -47.1174 66.149 -33.5666 
100.072 -41.4872 69.2068 -63.2557 72.5553 -75.74 30.7506 -37.9041 -47.1835 66.1291 -33.5622 
100.063 -41.4872 69.2147 -63.2506 72.5518 -75.7331 30.7506 -37.9039 -47.1443 66.1321 -33.5622 
100.06 -41.494 69.2142 -63.2503 72.5516 -75.7339 30.7964 -37.9038 -47.1484 66.1323 -33.5647 
100.023 -41.4939 69.2217 -63.2669 72.5626 -75.7359 30.7946 -37.8969 -47.1479 66.1176 -33.5649 
100 -41.4946 69.2201 -63.2526 72.5524 -75.7369 30.7975 -37.8945 -47.155 66.1241 -33.566 
100 -41.4946 69.2202 -63.2526 72.5524 -75.7369 30.7975 -37.8945 -47.1549 66.124 -33.566 
100 -41.4946 69.2202 -63.2526 72.5524 -75.7369 30.7975 -37.8944 -47.1549 66.124 -33.566 
100 -41.4946 69.2202 -63.2526 72.5524 -75.7369 30.7975 -37.8944 -47.1549 66.124 -33.566 
100 -41.4946 69.2202 -63.2526 72.5524 -75.7369 30.7975 -37.8944 -47.1549 66.124 -33.566 
100 -41.4946 69.2202 -63.2526 72.5524 -75.7369 30.7975 -37.8944 -47.1549 66.124 -33.566 
100 -41.4946 69.2202 -63.2526 72.5524 -75.7369 30.7975 -37.8944 -47.1549 66.124 -33.566 
100 -41.4946 69.2202 -63.2526 72.5524 -75.7369 30.7975 -37.8944 -47.1549 66.124 -33.566 
100 -41.4946 69.2202 -63.2526 72.5524 -75.7369 30.7975 -37.8944 -47.1549 66.124 -33.566 
100 -41.4946 69.2202 -63.2526 72.5524 -75.7369 30.7975 -37.8944 -47.1549 66.124 -33.566 