1.05245e+09 -39.5926 -27.3875 54.7691 -16.3817 69.3804 52.6494 10.6185 -15.78 3.23111 -29.1005 
2816.82 -39.9983 70.5558 -61.9034 71.1759 -74.6013 20.6483 -35.2227 -40.4475 64.5636 -33.019 
1800.9 -40.0223 71.3667 -61.5448 71.3973 -74.7187 21.528 -38.6452 -40.5681 67.6109 -32.7929 
1441.48 -40.4215 69.3587 -65.9519 74.4094 -76.5603 24.1053 -38.2939 -50.7503 64.8071 -32.9636 
825.15 -41.4047 70.3089 -66.4105 74.6422 -75.3616 29.9865 -37.3571 -44.4818 63.8661 -33.6039 
520.173 -43.0579 69.8688 -63.6671 72.7586 -75.4873 41.0838 -37.4532 -45.1633 65.5236 -34.2505 
373.198 -43.0579 69.7244 -63.6671 72.7586 -75.4873 41.0838 -37.4796 -45.5346 65.5236 -34.2505 
373.198 -43.0579 69.7244 -63.6671 72.7586 -75.4873 41.0838 -37.4796 -45.5346 65.5236 -34.2505 
339.98 -43.1135 69.4666 -63.0702 72.3391 -75.6647 41.4973 -37.4482 -46.6219 65.8415 -34.2582 
339.201 -43.1135 69.4666 -63.0702 72.3391 -75.6647 41.4973 -37.4482 -46.6219 65.8469 -34.2582 
305.362 -42.1432 69.4666 -63.0702 72.3391 -75.6647 34.885 -37.4482 -46.6219 65.8469 -33.9189 
188.13 -42.1121 69.6068 -63.3704 72.5574 -75.471 34.8789 -37.4029 -45.55 65.6552 -33.8319 
184.622 -42.1121 69.5771 -63.3704 72.5574 -75.471 34.8789 -37.4029 -45.6074 65.6552 -33.8319 
135.666 -41.224 69.6009 -63.3202 72.5764 -75.4726 28.9205 -37.8816 -45.5961 66.0553 -33.479 
135.666 -41.224 69.6009 -63.3202 72.5764 -75.4726 28.9205 -37.8816 -45.5961 66.0553 -33.479 
135.421 -41.2212 69.6009 -63.3202 72.5764 -75.4726 28.9205 -37.8816 -45.5961 66.0553 -33.479 
126.495 -41.2094 69.417 -63.3434 72.591 -75.6178 28.8446 -37.8658 -46.4263 66.0296 -33.4736 
125.728 -41.1923 69.2743 -63.1869 72.4818 -75.7291 28.737 -37.8658 -47.0673 66.1249 -33.4644 
117.328 -41.1923 69.2743 -63.1869 72.4818 -75.7291 28.737 -37.8789 -47.0673 66.1249 -33.462 
112.952 -41.7787 69.3414 -63.3382 72.5912 -75.6879 32.6688 -37.8287 -46.8014 66.0073 -33.6906 
112.952 -41.7787 69.3414 -63.3382 72.5912 -75.6879 32.6688 -37.8287 -46.8014 66.0073 -33.6906 
112.952 -41.7787 69.3414 -63.3382 72.5912 -75.6879 32.6688 -37.8287 -46.8014 66.0073 -33.6906 
110.943 -41.7787 69.3414 -63.3382 72.5934 -75.6879 32.6688 -37.8218 -46.8171 66.0073 -33.6906 
109.177 -41.7345 69.2786 -63.2423 72.527 -75.7402 32.3698 -37.8261 -47.1138 66.0653 -33.6742 
109.177 -41.7345 69.2786 -63.2423 72.527 -75.7402 32.3698 -37.8261 -47.1138 66.0653 -33.6742 
108.331 -41.6886 69.2602 -63.2692 72.5462 -75.7424 32.06 -37.8261 -47.1249 66.053 -33.6567 
107.529 -41.7465 69.2486 -63.2217 72.5148 -75.7412 32.4662 -37.8359 -47.1241 66.0882 -33.6726 
107.529 -41.7465 69.2486 -63.2217 72.5148 -75.7412 32.4662 -37.8359 -47.1241 66.0882 -33.6726 
106.483 -41.7465 69.2486 -63.2217 72.5148 -75.7412 32.4662 -37.8359 -47.1421 66.0882 -33.6726 
106.43 -41.7465 69.2486 -63.2217 72.5148 -75.7407 32.4662 -37.8359 -47.1421 66.0882 -33.6726 
106.43 -41.7465 69.2486 -63.2217 72.5148 -75.7407 32.4662 -37.8359 -47.1421 66.0882 -33.6726 
106.43 -41.7465 69.2486 -63.2217 72.5148 -75.7407 32.4662 -37.8359 -47.1421 66.0882 -33.6726 
105.348 -41.6507 69.1386 -63.1932 72.4975 -75.8291 31.824 -37.8573 -47.6489 66.1215 -33.6349 
103.627 -41.6611 69.2368 -63.3556 72.6159 -75.7425 31.895 -37.8396 -47.1631 66.0176 -33.6385 
102.611 -41.4385 69.2444 -63.2344 72.5362 -75.7562 30.4056 -37.8553 -47.2298 66.1008 -33.5499 
101.647 -41.4385 69.2444 -63.2344 72.5362 -75.7554 30.4056 -37.8476 -47.2154 66.1008 -33.5499 
101.627 -41.4385 69.2444 -63.2337 72.5362 -75.7554 30.4056 -37.8476 -47.2154 66.1008 -33.5499 
101.627 -41.4385 69.2444 -63.2337 72.5362 -75.7554 30.4056 -37.8476 -47.2154 66.1008 -33.5499 
101.627 -41.4385 69.2444 -63.2337 72.5362 -75.7554 30.4056 -37.8476 -47.2154 66.1008 -33.5499 
101.627 -41.4385 69.2444 -63.2337 72.5362 -75.7554 30.4056 -37.8476 -47.2154 66.1008 -33.5499 
101.516 -41.4646 69.2535 -63.1914 72.5071 -75.7463 30.5819 -37.851 -47.1657 66.1274 -33.5598 
101.508 -41.4646 69.2535 -63.1914 72.5071 -75.7463 30.5819 -37.851 -47.1657 66.1274 -33.5592 
101.508 -41.4646 69.2535 -63.1914 72.5071 -75.7463 30.5819 -37.851 -47.1657 66.1274 -33.5592 
101.486 -41.4673 69.2535 -63.1918 72.5073 -75.7463 30.6002 -37.8517 -47.1654 66.1272 -33.5603 
101.373 -41.5128 69.2338 -63.2198 72.5276 -75.7501 30.9079 -37.851 -47.188 66.1115 -33.5771 
101.151 -41.5133 69.2395 -63.277 72.5668 -75.7402 30.9114 -37.8505 -47.1389 66.0785 -33.5774 
101.15 -41.5133 69.2395 -63.277 72.5668 -75.7402 30.9114 -37.8505 -47.1389 66.0785 -33.5774 
101.15 -41.5133 69.2395 -63.277 72.5668 -75.7402 30.9114 -37.8505 -47.1389 66.0785 -33.5774 
100.994 -41.4939 69.2255 -63.3045 72.5861 -75.7507 30.7809 -37.8506 -47.2053 66.0625 -33.5699 
100.82 -41.4928 69.2235 -63.2656 72.56 -75.7528 30.7727 -37.8596 -47.2166 66.0919 -33.5697 
100.757 -41.5088 69.2239 -63.2358 72.5398 -75.7504 30.8797 -37.8647 -47.2057 66.1127 -33.5761 
100.757 -41.5088 69.2239 -63.2358 72.5398 -75.7504 30.8797 -37.8647 -47.2057 66.1127 -33.5761 
100.679 -41.5013 69.2244 -63.235 72.5391 -75.7495 30.8292 -37.8648 -47.2037 66.1134 -33.5732 
100.679 -41.5013 69.2244 -63.235 72.5391 -75.7495 30.8292 -37.8648 -47.2037 66.1134 -33.5732 
100.679 -41.5013 69.2244 -63.235 72.5391 -75.7495 30.8292 -37.8648 -47.2037 66.1134 -33.5732 
100.679 -41.5013 69.2244 -63.235 72.5391 -75.7495 30.8292 -37.8648 -47.2037 66.1134 -33.5732 
100.677 -41.5013 69.2252 -63.235 72.5391 -75.7495 30.8292 -37.8648 -47.2037 66.1134 -33.5732 
100.658 -41.5013 69.2252 -63.235 72.5391 -75.7495 30.8292 -37.8648 -47.2082 66.1134 -33.5732 
100.619 -41.4964 69.2348 -63.2307 72.5362 -75.7405 30.7968 -37.8665 -47.1584 66.1165 -33.5714 
100.619 -41.4964 69.2348 -63.2307 72.5362 -75.7405 30.7968 -37.8665 -47.1584 66.1165 -33.5714 
100.521 -41.521 69.2184 -63.2414 72.5445 -75.7469 30.9653 -37.8684 -47.2029 66.1129 -33.5795 
100.496 -41.516 69.2224 -63.2394 72.543 -75.7432 30.9315 -37.8676 -47.1823 66.1133 -33.5775 
100.423 -41.516 69.2224 -63.2394 72.5415 -75.7432 30.9315 -37.8684 -47.1823 66.1133 -33.5775 
100.391 -41.4861 69.2293 -63.2436 72.5443 -75.7385 30.7308 -37.8678 -47.1544 66.1105 -33.5659 
100.371 -41.4824 69.2323 -63.245 72.5453 -75.7359 30.706 -37.872 -47.1394 66.1105 -33.5645 
100.371 -41.4824 69.2323 -63.245 72.5453 -75.7359 30.706 -37.872 -47.1394 66.1105 -33.5645 
100.345 -41.4839 69.2313 -63.2454 72.5454 -75.7367 30.7163 -37.8722 -47.1439 66.1104 -33.5651 
100.337 -41.4839 69.2313 -63.2454 72.5454 -75.7367 30.7163 -37.87 -47.1439 66.1104 -33.5651 
100.337 -41.4839 69.2313 -63.2454 72.5454 -75.7367 30.7163 -37.87 -47.1439 66.1104 -33.5651 
100.27 -41.4927 69.215 -63.2436 72.5442 -75.7502 30.7764 -37.872 -47.2199 66.1121 -33.5681 
100.27 -41.4927 69.215 -63.2436 72.5442 -75.7502 30.7764 -37.872 -47.2199 66.1121 -33.5681 
100.27 -41.4927 69.215 -63.2436 72.5442 -75.7502 30.7764 -37.872 -47.2199 66.1121 -33.5681 
100.266 -41.4927 69.215 -63.2436 72.5439 -75.7502 30.7764 -37.872 -47.2199 66.1121 -33.5681 
100.266 -41.4927 69.215 -63.2436 72.5439 -75.7502 30.7764 -37.872 -47.2199 66.1121 -33.5681 
100.258 -41.495 69.2181 -63.2472 72.5463 -75.7477 30.7923 -37.8715 -47.2058 66.1096 -33.569 
100.255 -41.4979 69.223 -63.2484 72.5472 -75.7439 30.8111 -37.8718 -47.1836 66.1091 -33.5702 
100.237 -41.5094 69.2393 -63.2442 72.5446 -75.7285 30.8894 -37.8724 -47.0977 66.1124 -33.5743 
100.21 -41.508 69.2226 -63.2509 72.5494 -75.742 30.8795 -37.8746 -47.1761 66.1098 -33.5741 
100.21 -41.508 69.2226 -63.2509 72.5494 -75.742 30.8795 -37.8746 -47.1761 66.1098 -33.5741 
100.195 -41.4901 69.2245 -63.2653 72.5593 -75.7407 30.7598 -37.8749 -47.1684 66.1016 -33.5671 
100.187 -41.4906 69.2203 -63.2616 72.5565 -75.7428 30.7629 -37.8749 -47.1805 66.1038 -33.5672 
100.185 -41.494 69.2201 -63.2614 72.5563 -75.743 30.7855 -37.8749 -47.1815 66.1039 -33.5685 
100.185 -41.494 69.2201 -63.2614 72.5563 -75.743 30.7855 -37.8749 -47.1815 66.1039 -33.5685 
100.176 -41.4868 69.2232 -63.2463 72.5459 -75.7404 30.7376 -37.8753 -47.1669 66.1128 -33.5657 
100.153 -41.5106 69.222 -63.2618 72.5566 -75.7407 30.8986 -37.8764 -47.1697 66.1044 -33.5744 
100.133 -41.5053 69.2268 -63.2484 72.5478 -75.7366 30.8625 -37.88 -47.1462 66.1149 -33.5725 
100.127 -41.4976 69.2249 -63.2483 72.5477 -75.738 30.8108 -37.8801 -47.1547 66.1152 -33.5696 
100.114 -41.4897 69.2248 -63.251 72.5496 -75.737 30.7583 -37.8805 -47.1501 66.1139 -33.5664 
100.075 -41.4772 69.2087 -63.2466 72.5468 -75.7462 30.6779 -37.8821 -47.2081 66.1178 -33.5601 
100.022 -41.4942 69.2151 -63.2467 72.5471 -75.7401 30.7933 -37.8857 -47.1745 66.1205 -33.5664 
100.019 -41.4964 69.2174 -63.2512 72.5503 -75.7382 30.8078 -37.8853 -47.1636 66.1176 -33.5672 
100 -41.4945 69.2201 -63.2529 72.5526 -75.737 30.797 -37.8943 -47.1556 66.1237 -33.5659 
100 -41.4945 69.2201 -63.2529 72.5526 -75.7369 30.7967 -37.8944 -47.1552 66.1238 -33.5659 
100 -41.4945 69.2202 -63.2529 72.5526 -75.7369 30.7967 -37.8944 -47.1551 66.1238 -33.5659 
100 -41.4945 69.2202 -63.2529 72.5526 -75.7369 30.7967 -37.8944 -47.1551 66.1238 -33.5659 
100 -41.4945 69.2202 -63.2529 72.5526 -75.7369 30.7967 -37.8944 -47.1551 66.1238 -33.5659 
100 -41.4945 69.2202 -63.2529 72.5526 -75.7369 30.7967 -37.8944 -47.1551 66.1238 -33.5659 
100 -41.4945 69.2202 -63.2529 72.5526 -75.7369 30.7967 -37.8944 -47.1551 66.1238 -33.5659 
100 -41.4945 69.2202 -63.2529 72.5526 -75.7369 30.7967 -37.8944 -47.1551 66.1238 -33.5659 
100 -41.4945 69.2202 -63.2529 72.5526 -75.7369 30.7967 -37.8944 -47.1551 66.1238 -33.5659 
100 -41.4945 69.2202 -63.2529 72.5526 -75.7369 30.7967 -37.8944 -47.1551 66.1238 -33.5659 