1.57431 1.27007e-173 0.672546 
2.13399 2.73998e-152 0.00158852 
1.59055 1.27533e-156 9.43459e-29 
2.10015 3.37599e-97 1.64076e-106 
2.08277 1.23282e-13 0.237033 
2.06961 4.60088e-28 3.00524e-74 
1.61124 2.41415e-71 5.40371e-16 
2.51695 2.23222e-33 6.56683e-99 
1.35862 1.75846e-30 3.29001e-17 
1.93335 0.038216 7.73307e-28 
1.84253 0.00136276 7.11644e-14 
0.935808 1.46599e-29 1.36321 
1.4173 0.000642999 6.26506e-91 
1.87717 1.11359e-12 1.48076e-34 
1.7799 1.08925e-121 8.85731e-39 
1.98346 3.10978e-10 7.22918e-17 
1.89711 4.4323e-07 5.36299e-45 
1.92735 7.97868e-23 4.2064e-25 
1.9587 3.32472e-41 3.5231e-12 
1.69646 2.99015e-42 6.13237e-13 
1.54972 7.32531e-12 5.33087e-21 
1.5665 0.163765 2.66692e-146 
1.97881 1.95552e-08 8.98478e-35 
1.62785 1.50939e-209 2.27714e-107 
1.64855 2.43546e-17 5.49452e-59 
1.83106 8.05165e-23 2.67723e-67 
1.61232 7.61722e-142 2.05049e-66 
2.05996 3.98367e-23 2.85993e-25 
0.996823 7.17128e-47 1.38904 
1.9038 8.56228e-36 0.000113474 
2.08861 3.19049e-05 4.32581e-220 
2.24404 4.38012e-45 4.45305e-108 
2.04709 2.29718e-21 0.04874 
2.28089 1.12045e-07 2.30147e-97 
1.81479 6.47348e-183 1.47278e-39 
1.84035 2.84649e-51 5.13325e-19 
1.57598 1.83619e-24 0.000441226 
1.81928 3.04127e-11 2.22991e-27 
1.91322 3.23646e-62 3.0391e-127 
2.30647 1.71373e-10 1.63127e-20 
1.81665 2.62174e-52 1.93393e-123 
1.73693 4.92252e-120 4.39029e-22 
1.63756 3.80443e-12 2.68417e-58 
1.71387 4.17983e-142 1.66582e-39 
1.93008 1.46078e-24 8.60593e-09 
1.99557 4.52838e-30 3.66176e-11 
1.7956 1.76068e-44 3.14361e-20 
1.97188 3.83063e-08 6.67822e-34 
1.5557 3.89728e-23 1.69019e-10 
2.37335 3.2367e-88 1.57989e-44 
1.91856 3.83422e-18 8.22871e-122 
1.84271 0.75715 3.90601e-78 
2.34239 1.5003e-126 3.82654e-16 
1.78274 3.7763e-22 5.26664e-45 
1.8565 4.06659e-21 9.87541e-221 
1.51825 2.41459e-06 2.51793e-36 
1.70349 4.23997e-07 8.71663e-41 
1.66789 5.23004e-140 1.11415e-50 
2.04318 9.34257e-10 6.5866e-25 
2.14948 8.25826e-80 3.28886e-96 
1.76926 0.0128603 1.97738e-15 
2.13721 2.46253e-36 1.42043e-36 
1.84587 0.00254419 1.07775e-84 
1.96279 3.40813e-63 0.273321 
2.0481 5.74949e-62 1.25007e-20 
1.84217 1.06874e-52 6.17355e-219 
2.13352 3.00916e-93 2.5351e-88 
1.80986 0.138258 3.99869e-24 
1.80755 2.0453e-72 4.32086e-20 
1.80198 0.0114183 2.01145e-33 
1.80185 1.5139e-72 5.58544e-132 
2.08725 2.92524e-26 4.49551e-62 
1.96307 1.95415e-10 3.06894e-39 
1.79515 2.18678e-05 7.16369e-24 
2.06964 2.45145e-46 1.01742e-261 
1.55946 1.66736e-21 6.38672e-38 
2.14145 2.32197e-31 2.09652e-78 
1.83012 1.71975e-05 5.46765e-29 
1.48816 1.69526e-22 2.18559e-84 
2.05323 8.57383e-13 7.77106e-40 
1.76786 2.24802e-101 1.18818e-33 
1.79368 6.44668e-14 3.45111e-163 
1.89564 8.97714e-44 9.33603e-11 
2.04348 2.88715e-05 1.18208e-68 
1.63146 6.28563e-13 1.22988e-12 
1.50335 0.2298 3.89186e-14 
1.50363 2.72245e-55 7.41092e-19 
1.68887 2.63876e-24 1.53547e-52 
1.96136 3.34735e-11 3.80892e-46 
1.61212 8.75122e-31 1.43265e-05 
1.95883 6.31588e-45 6.03837e-73 
2.15779 1.34648e-10 2.35274e-66 
1.41784 3.66216e-81 2.533e-126 
1.9358 2.53479e-110 8.45024e-09 
1.99126 2.40138e-51 7.74015e-37 
1.79863 8.15246e-06 2.64303e-15 
1.81563 7.55112e-100 5.50152e-28 
1.85486 2.99751e-06 3.72737e-07 
1.62425 3.22148e-40 1.34063e-28 
2.04791 1.43199e-58 4.98e-25 
1 0 0 
4.95561e-17 3.59665e-17 1 
6.12323e-17 1 0 
0.915632 0.402018 0 
0.883859 0.467753 0 
0.319889 0.947455 0 
0.972874 0.231335 0 
0.946114 0.323835 0 
0.545121 0 0.838357 
0.397493 0.917605 0 
0.849379 0.527783 0 
0.230823 0.972996 0 
0.599227 0 0.800579 
2.75224e-17 0.449475 0.893293 
2.35724e-17 0.384966 0.922931 
5.14112e-17 0.839609 0.543191 
0.649729 0 0.760166 
0.361817 0 0.932249 
0.742952 0.669345 0 
0.694102 0 0.719877 
0.466423 0.884562 0 
1.91476e-17 0.312704 0.949851 
0.809801 0 0.586705 
0.489224 0 0.872158 
4.92828e-17 0.804848 0.59348 
0.428582 0 0.903503 
0.61807 0.786123 0 
1.39101e-17 0.227169 0.973855 
3.7202e-17 0.607555 0.794277 
0.287723 0 0.957714 
5.34249e-17 0.872494 0.488624 
3.40771e-17 0.55652 0.830834 
3.09207e-17 0.504973 0.863135 
5.5295e-17 0.903035 0.429566 
0.771975 0 0.635653 
0.735905 0 0.677085 
0.904486 0 0.426504 
0.780601 0.625029 0 
0.816062 0.577964 0 
5.71308e-17 0.933017 0.359832 
0.830246 0.337928 0.443278 
0.662135 0.749385 0 
0.703711 0.710486 0 
0.804915 0.475015 0.355629 
0.845302 0 0.53429 
0.874689 0 0.484685 
0.570898 0.821021 0 
0.520532 0.853842 0 
0.696905 0.626896 0.348315 
0.932535 0 0.36108 
5.87769e-17 0.9599 0.280342 
0.957857 0 0.287246 
4.01264e-17 0.655314 0.755357 
4.25228e-17 0.694451 0.71954 
0.338293 0.640116 0.689789 
4.49048e-17 0.733351 0.67985 
4.71559e-17 0.770115 0.637905 
0.563674 0.748477 0.349363 
0.354224 0.757372 0.548555 
0.488081 0.319983 0.812027 
0.682825 0.476249 0.55402 
0.646966 0.582948 0.491535 
0.497681 0.71528 0.4906 
0.291535 0.302476 0.907477 
0.760883 0.420354 0.494328 
0.447786 0.44393 0.776153 
0.589627 0.540703 0.599983 
0.338968 0.403419 0.849914 
0.981376 0 0.192098 
0.477609 0.594795 0.646613 
0.309272 0.816281 0.48789 
0.192401 0 0.981316 
0.727783 0.528079 0.437565 
0.602245 0.668905 0.435737 
0.547166 0.632485 0.548245 
0.883986 0.300033 0.358536 
0.44711 0.781935 0.434362 
0.433066 0.678123 0.593803 
0.524223 0.498319 0.690557 
0.76648 0.565577 0.304355 
0.86038 0.420202 0.288404 
0.410661 0.545155 0.730865 
0.646199 0.700315 0.303292 
0.311723 0.493409 0.81202 
0.415595 0.844364 0.338127 
6.01471e-17 0.982276 0.187441 
0.557471 0.39257 0.731515 
0.410862 0.283316 0.866559 
0.291647 0.866274 0.4056 
0.303441 0.715627 0.629127 
0.786165 0.286889 0.547393 
0.508033 0.808356 0.297428 
0.925077 0.275855 0.261028 
0.717469 0.340632 0.607624 
0.280206 0.579308 0.765432 
0.578487 0.272144 0.768954 
0.363196 0.894807 0.259632 
0.253532 0.918486 0.303489 
0.627503 0.431079 0.648391 
0.658908 0.298679 0.690385 
