2.02289 3.36806 
1.24425 4.23822 
1.65687 3.88331 
2.19274 2.69543 
2.0849 3.10745 
1.62957 3.64951 
2.53191 1.51684 
2.52356 2.11754 
2.00244 3.03948 
2.1681 2.56252 
1.94001 3.56734 
2.2485 2.30205 
1.88514 3.22859 
1.90801 3.42839 
2.45521 2.07075 
2.04444 3.19271 
1.93896 3.36456 
2.08593 3.09289 
2.25367 2.68096 
2.00535 3.00312 
2.08708 3.13285 
2.03065 3.49599 
2.22388 2.98224 
1.81937 3.51866 
1.93811 3.51926 
1.6653 3.63589 
2.26724 2.21719 
1.1173 4.30052 
2.25147 2.38886 
2.09007 3.09496 
2.12371 3.05156 
1.97381 3.18124 
2.11021 2.91151 
1.94561 3.49507 
1.26461 4.23739 
2.22127 2.93411 
2.20723 2.77063 
2.05797 3.09944 
2.18788 2.82468 
2.52311 1.23957 
2.32109 2.66164 
1.50371 3.99085 
2.13196 2.71466 
1.90762 3.21692 
1.93339 3.0728 
1.59771 3.9282 
2.02149 2.73736 
1.80265 3.48285 
1.7209 3.54697 
1.70132 3.90439 
1.81811 3.44669 
2.01866 3.0026 
1.62961 3.79605 
1.88351 3.35161 
1.81664 3.38661 
1.82156 3.39576 
2.35891 2.74926 
1.67728 3.6048 
1.57726 4.02514 
1.91062 3.59113 
1.96349 2.84783 
2.13722 3.03131 
2.42646 2.37028 
2.02591 3.22441 
2.3889 2.22169 
2.33269 1.62616 
1.44561 3.95197 
2.20731 2.31785 
2.16492 2.79041 
2.27739 2.23827 
2.04735 3.07304 
2.37611 2.31818 
2.02533 3.51938 
1.78446 3.52778 
1.95128 3.15815 
1.71237 3.82451 
1.90745 3.12626 
1.6723 3.65719 
1.80936 3.51422 
2.4919 1.15914 
2.26116 2.60641 
2.12509 3.05511 
1.9095 3.32543 
1.60674 3.93153 
2.4665 1.82217 
1.70708 3.87282 
1.47129 4.07466 
2.54956 1.54791 
2.13725 2.85413 
2.03323 2.9093 
1.57163 3.77855 
1.90381 3.67371 
2.27441 2.21784 
1.98963 3.38252 
1.64955 3.72455 
1.88107 3.58524 
1.77202 3.7055 
1.89803 3.50467 
2.13346 3.17345 
1.66488 3.75484 
2.05 0.0500002 
0.0500231 4.05 
0.577902 3.90814 
0.543836 3.92615 
0.610768 3.88955 
0.508441 3.9435 
0.642561 3.8704 
0.471427 3.96019 
0.673409 3.85072 
0.432542 3.97615 
0.703377 3.83053 
0.391356 3.99131 
0.760967 3.78873 
0.788764 3.76711 
0.732519 3.80988 
0.815947 3.74504 
0.842549 3.72253 
0.347219 4.00558 
0.868584 3.69961 
0.894126 3.67627 
0.919159 3.65253 
0.94374 3.6284 
0.299106 4.01885 
0.967876 3.60387 
0.991579 3.57898 
1.06043 3.50198 
1.08264 3.47558 
1.10452 3.44882 
1.12607 3.42169 
1.14729 3.39422 
1.16821 3.36639 
0.245034 4.03094 
1.18881 3.33823 
1.20914 3.3097 
1.22918 3.28081 
1.24895 3.25158 
1.28769 3.19205 
1.26843 3.22202 
1.30669 3.16174 
1.32544 3.13107 
1.34394 3.10006 
1.36221 3.06867 
1.38022 3.03698 
1.39801 3.00491 
1.41559 2.97245 
1.43294 2.93963 
1.45006 2.90646 
1.46697 2.87291 
1.48366 2.83898 
1.50015 2.80468 
1.51644 2.76997 
1.53251 2.73489 
1.54839 2.69939 
1.56407 2.66349 
1.57955 2.62719 
1.59484 2.59045 
1.60995 2.55325 
1.63957 2.47756 
1.65412 2.43899 
1.62485 2.51564 
1.66847 2.39995 
1.68262 2.36046 
1.6966 2.32044 
1.71038 2.27992 
1.72399 2.23885 
1.73741 2.19723 
1.75064 2.15505 
0.180062 4.04153 
1.76369 2.1123 
1.77655 2.06893 
1.78923 2.02494 
1.80171 1.98029 
1.81401 1.93496 
1.82612 1.88891 
1.83804 1.84212 
1.84976 1.79454 
1.87262 1.69688 
1.86129 1.74615 
1.88375 1.6467 
1.89467 1.59554 
1.90539 1.54335 
1.91589 1.49006 
1.92618 1.43559 
1.93624 1.37984 
1.94606 1.32271 
1.95565 1.26408 
1.96499 1.20381 
1.97407 1.14172 
1.98288 1.0776 
1.9914 1.01119 
1.99962 0.942144 
2.00752 0.870037 
2.01507 0.794292 
2.02224 0.71408 
2.029 0.62818 
2.03527 0.534545 
2.04098 0.429365 
2.046 0.302988 
1.03784 3.52802 
1.0149 3.55369 
