1.05658 1.99431 6.48565 
1.11604 4.39672 2.66958 
2.26432 2.59803 1.04364 
2.0826 2.50782 3.82977 
2.0126 3.1247 3.43829 
1.99124 1.05422 5.04151 
1.45055 1.40262 5.84029 
2.56336 1.60883 1.85162 
2.30354 2.15743 2.66394 
1.4569 3.12502 4.46972 
0.662303 2.49998 5.85942 
1.50625 1.92335 6.02596 
2.27136 2.12909 3.05663 
1.81538 3.68705 2.85995 
2.40408 1.88987 2.96107 
1.1884 1.38172 6.24295 
1.82559 2.05886 4.3431 
2.45917 1.35103 3.92822 
2.11421 1.77997 3.79041 
0.678337 3.05321 5.34959 
1.12827 0.773226 6.41506 
2.07219 1.31578 4.39165 
1.19511 3.92124 3.61197 
1.36918 1.97473 5.59517 
0.771744 0.864786 6.70225 
2.29625 1.81006 3.15461 
1.91612 2.73858 4.03498 
1.55052 2.72624 4.99338 
1.69508 2.94828 4.5175 
1.69302 2.74405 4.45613 
0.734202 1.41651 6.44954 
1.85629 3.3629 3.27225 
2.41184 1.68013 2.99883 
1.50947 2.88378 4.38062 
1.69076 2.77433 4.51689 
1.75037 3.58989 2.57283 
2.0391 3.16357 3.17683 
1.03542 0.866705 6.64155 
1.73613 3.37946 2.61755 
1.82208 2.59619 4.66721 
0.814236 1.86274 6.40355 
2.09446 2.79599 3.21042 
1.46389 2.82011 5.29974 
1.79112 3.04051 3.83487 
1.34537 3.74783 4.14524 
1.39704 1.87193 5.70016 
1.33142 1.92681 5.99951 
2.21186 3.0206 0.930491 
1.7537 1.57013 5.49256 
1.94931 1.79183 5.00464 
1.15219 1.9224 6.21841 
1.36909 2.22642 5.49031 
1.60466 2.50012 5.36117 
1.39033 1.2959 6.23116 
1.93374 3.15085 3.6237 
1.75741 1.74735 5.443 
0.807723 1.4116 6.47861 
1.84993 1.60186 5.21965 
1.49958 2.80518 5.2021 
2.09706 1.43092 4.60345 
1.46808 3.39934 4.29626 
1.78813 2.88893 4.08466 
1.88918 2.24536 4.70464 
1.84734 3.05574 4.03321 
1.42703 1.84695 5.87973 
2.32785 2.4548 2.89551 
1.71207 2.96751 4.06691 
1.89395 3.38809 3.63562 
1.47405 1.52938 5.80458 
1.35367 2.09908 5.72965 
1.499 2.71478 5.07798 
2.24122 1.91447 3.7761 
2.56822 1.58543 2.24297 
2.53619 1.92408 1.93842 
1.86633 2.71596 4.55325 
1.58009 2.42061 5.34311 
1.0095 1.5417 6.46565 
1.28416 2.8127 5.35545 
1.51305 1.28835 5.83497 
2.39235 1.33376 2.98313 
1.92329 1.53887 4.98454 
2.43808 2.00439 1.80368 
0.969883 3.05005 4.94389 
2.05894 1.55309 4.91768 
1.67127 3.4781 3.74125 
2.26126 1.30531 4.43013 
1.65962 3.45254 3.58391 
2.16432 3.08603 2.50525 
2.39466 2.31502 2.28897 
1.97981 3.54884 2.61099 
1.15374 2.86701 5.27868 
1.88415 0.896809 5.21432 
1.45958 3.62787 3.61944 
1.49133 3.05417 4.00043 
1.98262 2.38441 4.24775 
1.53074 1.99632 5.63972 
1.58581 3.39482 4.3698 
2.44734 2.34166 1.83786 
0.758533 1.39397 6.53218 
0.726199 4.19587 3.56449 
2.04615 0.0461451 0.0461451 
0.0461451 4.04615 0.0461451 
0.0461451 0.0461451 6.04615 
1.08768 3.46094 0.0461451 
0.961023 3.60311 0.0461451 
1.6376 2.46876 0.0461451 
1.71458 2.25188 0.0461451 
1.39019 3.00828 0.0461451 
1.29205 3.17519 0.0461451 
1.19806 3.31606 0.0461451 
1.48213 2.83034 0.0461451 
1.5622 2.65504 0.0461451 
0.821374 3.73343 0.0461451 
1.90699 1.51212 0.0461451 
0.0461451 3.40498 3.30436 
0.678233 3.84112 0.0461451 
1.78625 2.01797 0.0461451 
0.504126 3.93986 0.0461451 
0.0461451 3.25874 3.62082 
1.84602 1.79024 0.0461451 
0.0461451 3.77342 2.22369 
1.5792 0.0461451 3.89942 
1.96176 1.1958 0.0461451 
0.0461451 2.79769 4.40106 
1.65515 0.0461451 3.60983 
0.0461451 3.5414 2.96372 
0.0461451 1.81969 5.42413 
0.0461451 3.6553 2.63294 
0.0461451 3.87968 1.75905 
0.0461451 2.96787 4.14406 
0.0461451 3.11746 3.89007 
0.0461451 1.55721 5.60155 
1.49845 0.0461451 4.17136 
1.15675 3.08381 2.08017 
0.0461451 1.28275 5.75222 
1.84452 0.0461451 2.67156 
0.727707 2.30581 4.55508 
0.0461451 0.939698 5.89452 
0.0461451 2.61686 4.64296 
0.0461451 2.25988 5.04351 
0.0461451 2.44833 4.84369 
0.0461451 2.05879 5.2313 
1.72038 0.0461451 3.32829 
1.7817 0.0461451 3.02785 
1.9023 0.0461451 2.28045 
1.99607 0.0461451 1.3803 
1.054 2.91886 2.92536 
1.95082 0.0461451 1.87644 
1.25683 0.0461451 4.82194 
1.54825 2.29345 2.12698 
0.771558 3.06903 3.31782 
0.967697 0.0461451 5.37124 
1.1382 1.50309 4.57281 
1.00257 2.08308 4.33938 
0.707509 3.46636 2.44264 
1.18347 2.55597 3.23759 
0.962789 2.73122 3.54131 
1.42226 0.0461451 4.40007 
1.34184 0.0461451 4.61677 
1.75632 1.66609 1.98866 
1.45007 2.59546 1.95354 
1.37114 2.41285 2.80235 
0.662665 2.00545 4.93917 
1.16656 0.0461451 5.01626 
1.07051 0.0461451 5.19941 
1.20736 1.86541 4.09797 
0.91314 3.20273 2.65685 
0.846102 1.40137 5.15576 
1.58383 1.48599 3.21713 
1.28968 2.13015 3.5548 
1.09871 2.33175 3.82438 
0.685593 2.89684 3.79253 
0.91471 1.81528 4.75446 
1.00736 3.33344 1.88197 
1.25893 2.756 2.54412 
0.855616 0.0461451 5.53275 
0.732707 0.0461451 5.68154 
0.60466 3.69144 1.86111 
0.0461451 3.97257 1.19161 
0.594447 0.0461451 5.81627 
0.876672 2.50796 4.06558 
0.660945 1.20453 5.4848 
2.00885 0.815025 0.0461451 
1.62769 1.84322 2.54057 
1.69544 1.30011 2.87114 
1.4872 2.06054 2.90625 
1.87022 1.27135 1.68233 
1.0373 1.25477 4.93201 
1.30106 1.28383 4.33335 
0.621908 3.31368 3.0451 
1.33204 2.89384 1.74089 
1.67365 2.08514 1.72147 
0.616653 2.667 4.24325 
0.856619 3.54128 1.6593 
0.412706 0.0461451 5.94451 
0.591203 1.67646 5.27547 
1.80165 1.14047 2.40612 
1.52103 1.21048 3.70293 
1.43696 1.83488 3.42131 
1.38394 1.5057 3.93197 
