1.63012 2.20375 5.03415 
2.55105 2.33516 3.34989 
2.63878 2.60151 1.576 
0.797618 0.932234 6.73882 
1.80485 1.21734 6.06494 
1.9445 3.57664 3.7014 
1.18166 2.83476 5.49658 
2.18847 2.7884 3.14923 
1.89142 2.05487 5.68758 
0.864178 1.05509 6.50351 
1.27334 3.26684 5.17284 
2.40774 1.14241 2.23113 
2.37579 1.64275 3.8181 
0.933686 2.76655 5.92068 
1.64307 1.14131 5.49703 
2.05206 3.01339 3.74629 
0.790501 2.55058 6.00357 
1.62135 3.16325 4.80872 
2.3368 2.94313 2.40841 
2.23807 2.1107 4.62928 
0.960837 1.33113 6.68663 
2.14089 3.09032 1.56668 
2.00837 1.78606 5.06946 
1.15617 1.36238 6.64133 
0.839039 0.914903 6.62167 
0.680809 0.997492 6.64758 
2.65574 1.3067 3.14927 
1.85541 2.2449 5.44361 
0.973007 3.05664 5.67251 
1.0273 4.2974 3.39213 
0.585557 0.567676 6.48041 
1.36532 2.12206 5.97602 
1.88588 3.33201 3.08589 
2.30432 3.23504 1.24169 
1.95059 1.92892 4.88389 
0.664107 1.72153 6.40957 
2.29004 1.26335 4.31673 
1.1569 1.98546 6.32969 
1.9522 2.38565 4.51173 
0.769752 4.39772 2.68727 
2.23154 2.8649 2.05972 
0.960871 2.51474 6.32988 
1.72953 2.13606 5.86896 
0.983579 1.09408 6.75799 
1.19141 1.15637 6.54566 
0.821211 1.26165 6.72425 
0.692165 0.776114 6.6107 
2.33608 2.32605 3.7663 
1.00275 1.48085 6.83771 
2.01703 2.54896 4.54388 
0.641592 1.25521 6.48605 
1.09785 0.860391 6.66009 
1.87991 3.12836 3.83568 
0.928676 2.68199 6.22435 
2.33503 2.08411 3.74417 
2.36852 0.94523 4.54822 
2.11453 3.82909 1.87648 
0.900323 0.770199 6.73174 
1.41714 1.03229 6.61837 
1.99224 1.24337 4.27115 
1.58877 3.8582 2.02482 
0.990926 1.96796 6.3187 
1.88533 2.07305 5.5163 
1.7352 2.44888 5.71663 
1.91009 2.93004 2.38867 
1.81236 2.19457 5.47575 
2.07076 1.89106 5.09775 
0.913734 0.807915 6.75988 
1.14071 3.42409 5.3143 
1.293 3.35583 4.97072 
0.927083 0.838846 6.58255 
0.766067 0.971497 6.70588 
2.13955 3.21221 4.05939 
1.82798 2.28209 5.51567 
1.06945 1.59371 6.68253 
2.51964 2.054 3.05032 
1.42804 2.80259 5.11585 
0.938558 1.39791 6.85148 
1.31533 4.3447 2.38894 
1.38182 1.95854 5.91453 
0.871693 4.50676 2.90019 
2.17598 2.52855 3.30471 
1.37532 2.93174 5.60227 
1.07094 1.34256 6.57611 
1.70386 3.94166 2.90306 
0.897546 1.68302 6.73094 
0.778747 1.99505 6.31954 
1.73791 3.96658 3.40471 
2.30492 1.43886 4.83892 
0.494713 0.69937 6.43773 
1.86693 3.6472 4.23699 
0.994892 1.12895 6.81891 
2.16877 2.25452 4.86445 
1.73491 2.22784 5.76523 
0.765067 4.58711 1.77759 
2.22606 2.93849 3.65694 
1.07329 1.0542 6.81365 
1.52075 1.04386 5.88642 
0.72846 0.941787 6.55717 
1.69133 3.56661 4.61752 
0.109609 3.99946 0.00495267 
0.00500447 0.00492407 6.00492 
2.00417 0.114382 0.00504858 
2.00423 0.109621 0.0106588 
1.83826 1.6035 0.00494673 
0.0274325 0.864335 5.8644 
0.062307 2.19522 5.02249 
0.0333497 1.09014 5.77924 
1.1495 0.0648569 4.92438 
1.08498 0.0614776 5.05407 
0.0904723 3.27008 3.46124 
0.0656595 2.32316 4.89108 
0.0927444 3.35678 3.26861 
1.21152 0.0681049 4.78904 
0.0949202 3.43982 3.06764 
0.0688715 2.44574 4.75449 
0.0384956 1.28652 5.68771 
1.01744 0.0579404 5.17858 
0.0588096 2.06176 5.14835 
0.947462 0.0542757 5.29631 
0.873914 0.0504238 5.40851 
0.0551881 1.92355 5.26748 
0.0880994 3.17952 3.6466 
0.0431248 1.46319 5.59079 
0.0970205 3.51997 2.85508 
0.0513871 1.77849 5.38106 
0.0777013 2.78271 4.31664 
0.0748779 2.67496 4.46757 
0.796185 0.046353 5.51501 
0.0473798 1.62557 5.4889 
0.0201285 0.585594 5.94118 
0.0856358 3.0855 3.82444 
1.74902 1.96316 0.00530962 
0.0990218 3.59634 2.6315 
0.0830855 2.98818 3.99494 
0.0719564 2.56347 4.61258 
0.10092 3.66877 2.39519 
0.0804364 2.88708 4.1592 
0.713356 0.0420151 5.61561 
0.102713 3.7372 2.14301 
1.27091 0.0712154 4.64876 
1.32668 0.0741362 4.50664 
1.38035 0.0769471 4.35942 
0.104383 3.80093 1.87278 
0.623664 0.0373178 5.71034 
1.62213 0.0896092 3.53272 
1.43262 0.0796845 4.20518 
1.57725 0.0872589 3.71092 
1.53075 0.0848238 3.88201 
1.48249 0.0822962 4.04686 
1.55052 2.54394 0.00532211 
0.105954 3.8609 1.57135 
1.65244 2.27331 0.0050978 
1.91789 1.17309 0.00506318 
0.524811 0.0321407 5.7985 
0.107379 3.91527 1.23004 
1.66465 0.0918363 3.35011 
1.70531 0.0939656 3.16085 
1.74421 0.096003 2.96377 
0.412813 0.0262751 5.87871 
1.78153 0.0979574 2.75685 
1.44182 2.78757 0.0066562 
0.10862 3.96264 0.81737 
1.81704 0.0998173 2.53974 
1.85058 0.101574 2.31154 
1.88219 0.103229 2.06908 
1.91172 0.104776 1.80888 
1.07653 3.3829 0.00520584 
1.93968 0.10624 1.51713 
1.96477 0.107554 1.19104 
1.2106 3.19661 0.0053051 
0.277073 0.0191662 5.94906 
0.929625 3.55205 0.00539073 
1.32282 3.0139 0.00545394 
1.98676 0.108706 0.79635 
0.766619 3.70378 0.00550691 
0.57441 3.8396 0.00535863 
0.762361 1.52945 5.06525 
0.80762 2.47058 4.06965 
1.22134 1.62279 4.10287 
1.10308 2.24296 3.73 
1.52319 1.67372 3.0028 
1.44573 2.26868 2.4103 
0.802838 3.12441 2.89878 
1.12859 2.93048 2.32407 
1.32607 2.03051 3.33043 
1.66127 1.52143 2.48155 
0.730632 3.48824 1.99474 
0.949685 3.25067 2.06964 
0.973376 1.95778 4.36127 
1.03244 1.44726 4.67576 
1.34929 2.66624 1.95372 
1.59739 2.05227 1.94011 
0.727303 2.07969 4.6544 
0.740942 2.8547 3.58981 
1.41059 1.47627 3.65809 
1.778 1.40177 1.82564 
1.23411 2.49951 2.90316 
0.00500187 0.00746682 6.00493 
1.00425 2.70553 3.26097 
