0.935783 0.63242 4.98615 
0.580986 0.585422 6.42852 
1.20214 0.913855 1.71942 
1.07654 0.61152 5.07797 
0.908229 1.08824 4.99736 
0.706845 1.02792 3.20982 
0.523497 0.52349 6.38331 
0.847775 1.76783 1.93723 
1.09577 0.583653 6.53674 
0.648053 1.3245 6.36404 
0.636656 0.814964 6.02814 
0.679854 0.497753 5.12082 
0.617973 0.567873 5.5419 
0.592544 2.07196 6.37266 
0.582271 0.872823 4.71749 
1.01611 0.894883 3.0752 
0.576991 0.576173 6.47398 
0.705802 1.12145 4.54283 
1.34757 0.732856 3.58898 
0.571519 0.856799 5.13722 
1.76949 0.583709 1.78874 
0.533699 0.574544 5.81857 
0.716267 0.614896 6.51095 
0.78667 0.675394 6.42152 
0.557731 0.52771 5.27372 
0.623137 1.26939 6.42251 
0.586357 0.806457 6.41798 
0.565965 0.888418 5.42383 
0.606044 0.878355 5.34075 
0.545972 1.14627 6.39224 
0.681394 0.736514 5.1964 
1.20186 0.768369 3.05251 
1.39514 0.618051 6.52991 
0.826411 0.669128 6.32394 
0.634685 1.07737 4.204 
0.757269 0.957766 6.59316 
0.556287 1.52509 6.06448 
0.665658 2.12676 6.59803 
1.12422 0.845355 5.66926 
0.645121 0.744475 4.75784 
0.958786 1.11482 5.72219 
0.937087 0.701339 4.48012 
0.681415 0.537682 6.22661 
0.592761 0.710648 6.30725 
0.703012 0.942932 5.92397 
0.645327 1.96877 3.31528 
0.93702 1.12087 4.83129 
0.515512 0.503469 5.49362 
0.706569 0.644992 4.13935 
0.776623 1.17626 3.28397 
0.921734 1.13349 3.15705 
0.882751 0.979707 6.48397 
0.779992 0.51182 4.13343 
0.840417 2.32629 4.41868 
0.644382 0.987991 4.36546 
0.767958 1.7106 3.26576 
0.592032 0.801 4.09406 
0.81062 0.588272 5.55063 
0.720157 0.732243 6.36318 
0.475718 0.653555 5.47097 
0.611221 0.586061 6.31161 
0.54832 0.644969 4.61506 
0.79497 0.860664 3.33019 
0.66397 0.805702 4.2126 
0.590074 0.698739 5.36337 
0.693886 1.69788 5.4123 
0.855261 0.963715 5.9012 
1.10743 1.11194 4.28368 
0.652701 0.898462 6.38328 
0.73156 0.606533 6.30771 
0.841676 1.0206 6.6554 
0.720751 1.01837 3.75889 
1.04529 1.43197 2.06053 
0.518796 0.495241 6.48081 
1.24481 1.26434 4.16953 
0.622771 0.625007 6.1183 
0.743308 1.72727 5.27953 
0.980494 1.04846 4.79 
0.761223 1.03624 2.91753 
0.627751 0.793909 6.24515 
0.71851 0.887292 5.17123 
0.700016 1.04242 2.91802 
0.664722 1.85606 1.66822 
0.635129 0.626163 6.62 
0.69207 1.06877 3.02179 
1.21341 1.18037 3.52525 
0.817775 1.14144 2.9963 
0.64644 0.812795 4.40475 
0.852804 1.88086 4.92257 
0.935599 0.71363 6.51062 
0.611867 1.77765 6.2668 
1.07464 0.504065 3.38666 
0.979992 0.639154 4.30073 
0.624793 0.643277 5.1968 
0.707103 0.545876 4.81889 
0.674735 1.02176 4.20911 
0.63538 2.69329 3.92685 
0.625592 1.74882 3.5785 
0.768147 1.0627 6.19723 
0.5615 0.571772 5.32908 
1.38964 0.000148321 1.19257 
0.000148321 2.77911 1.19257 
0.000148321 0.000148321 6.00014 
0.3768 0.000262165 3.59625 
0.000211747 0.765697 3.58546 
0.821073 0.000166013 2.39942 
0.000156553 1.64239 2.39928 
0.000150297 0.207316 4.77416 
0.104926 0.000151893 4.77223 
0.0380961 0.441288 3.58705 
1.01608 0.10137 1.19326 
0.838894 0.22717 1.19267 
0.308042 1.03039 1.19401 
0.207028 1.31979 1.19258 
1.25931 0.00751452 1.31441 
0.462706 0.17266 2.39045 
1.19149 0.0268719 1.19799 
0.00374229 2.5205 1.31605 
0.128422 0.20165 3.58547 
0.196617 0.587434 2.39146 
0.412577 0.8032 1.19257 
0.0759567 0.299739 3.62415 
0.00658538 0.6094 3.63905 
0.914732 0.156936 1.23493 
0.641274 0.392834 1.52206 
0.252185 1.16225 1.2234 
0.0132329 2.39489 1.19312 
0.142017 0.137395 3.87749 
0.757416 0.288774 1.24791 
0.562928 0.525645 1.24654 
0.0345587 2.13789 1.22251 
0.505426 0.630832 1.19513 
0.629618 0.452352 1.19259 
0.31231 0.0155801 3.58577 
0.690019 0.369338 1.20689 
0.0626425 1.94869 1.19448 
0.856166 0.18175 1.49852 
0.950938 0.117212 1.47605 
0.157939 1.46675 1.23262 
0.0481784 0.346454 3.87581 
0.0931933 0.22373 3.8909 
0.359214 0.891586 1.24035 
0.0838303 0.936729 2.39021 
0.0178159 0.486226 3.83295 
0.455216 0.692912 1.28616 
1.11604 0.0456784 1.27839 
0.375932 0.815844 1.54745 
0.584789 0.464531 1.53943 
0.0384002 1.1554 2.3966 
0.620033 0.0524067 2.39679 
0.65681 0.0236848 2.6108 
0.132648 1.51716 1.52058 
0.707685 0.31627 1.53099 
0.044652 2.00149 1.46806 
0.785443 0.240163 1.51923 
0.0202673 2.23144 1.42256 
0.185437 0.109507 3.59903 
0.296932 0.337583 2.74154 
0.235671 0.478957 2.45819 
0.52741 0.104938 2.43608 
0.52246 0.557944 1.50004 
1.04404 0.0683171 1.45507 
0.0701976 1.82711 1.49635 
0.417765 0.73228 1.55608 
0.0900463 0.837887 2.72513 
0.39305 0.232822 2.45309 
0.266617 1.08349 1.44715 
0.224543 1.20331 1.44548 
0.739289 0.010483 2.39028 
0.171789 1.37686 1.43951 
0.151815 0.677397 2.45793 
0.327557 0.930186 1.46071 
0.289624 0.402613 2.39018 
0.338051 0.315733 2.40596 
0.116036 0.80312 2.40544 
0.251034 0.0302522 3.83983 
0.00519855 1.48002 2.39039 
0.213565 0.0672473 3.6909 
0.474577 0.12728 2.72003 
0.558401 0.0676422 2.68793 
0.252824 0.411374 2.75947 
0.0124359 1.33515 2.47686 
0.202119 0.51346 2.75979 
0.350343 0.259295 2.7542 
0.415465 0.18268 2.7421 
0.165946 0.599064 2.76304 
0.124185 0.717278 2.75655 
0.0481953 1.0548 2.53488 
0.0223681 1.20317 2.67423 
0.0623105 0.953498 2.73729 
0.00486549 0.107752 4.99525 
0.0226356 0.0815486 4.77159 
0.477438 0.617954 1.66164 
0.102819 1.65116 1.51357 
0.0906133 1.76185 1.2404 
0.125895 1.62214 1.19274 
0.0613648 0.0110335 4.84325 
0.193834 1.27592 1.66993 
0.291947 0.994681 1.68359 
0.0296611 0.0322743 5.07914 
