1709.15 53.4393 -62.9961 -11.2217 11.7532 8.08121 -77.5836 -48.5946 89.1869 27.4299 21.4141 
1400.1 21.4615 -50.4218 -12.3204 48.2619 -31.0142 -38.3408 -4.31106 99.2486 3.23646 77.8639 
1400.1 21.4615 -50.4218 -12.3204 47.5975 -33.1398 -37.2393 -4.35673 99.9992 3.23646 80.9527 
1400.09 22.6077 -49.0521 -9.48634 47.601 -38.7246 -34.4642 -0.711681 99.9966 7.04143 86.994 
1400.09 21.9797 -45.2369 -13.5854 47.5278 -43.0752 -35.5131 -6.32977 99.9816 2.16041 87.3915 
1400.08 22.137 -45.2369 -13.5854 47.4673 -43.0752 -35.16 -6.32977 99.9991 2.04384 87.3915 
1400.08 22.137 -45.2369 -13.5854 47.4474 -43.0752 -34.5563 -6.32977 99.9991 2.04384 87.4369 
1400.08 22.137 -45.2369 -13.5854 47.4469 -43.0752 -34.5629 -6.32977 99.9991 2.04384 87.4369 
1400.08 22.137 -45.2369 -13.5854 47.4469 -43.0752 -34.5629 -6.32977 99.9992 2.04384 87.4369 
1400.08 22.137 -45.2369 -13.5854 47.4469 -43.0752 -34.5629 -6.32977 99.9992 2.04384 87.4369 
1400.08 22.137 -45.2369 -13.5854 47.4469 -43.0752 -34.5629 -6.32977 99.9992 2.04384 87.4369 
1400.08 20.2139 -69.3412 -14.4178 58.6283 16.2612 -12.5196 -7.43495 61.5201 1.14937 38.5647 
1400.04 20.477 -69.2303 -14.357 57.3365 16.0999 -12.467 -7.37122 65.1007 1.21016 38.6274 
1400.04 20.3331 -69.2172 -14.357 57.3081 16.0999 -12.6208 -7.37122 65.1491 1.21016 38.6274 
1400.03 20.5773 -68.7008 -14.8322 57.3226 14.9185 -12.7084 -8.03271 65.2797 0.555292 39.4655 
1400.02 20.3773 -68.1721 -14.8322 57.2444 14.5533 -12.6217 -8.03271 65.2526 0.555292 39.1514 
1400.01 20.3773 -68.1134 -14.8322 57.2399 14.8506 -12.6217 -8.03271 65.2672 0.479382 38.6887 
1400.01 20.3176 -68.1586 -14.8225 57.2378 14.9664 -12.674 -8.0183 65.2447 0.536993 38.5902 
1400.01 20.2634 -68.234 -15.0678 57.2178 15.2559 -12.7237 -8.34588 65.3045 0.229633 38.3935 
1400.01 20.3174 -68.234 -15.0678 57.2178 15.2559 -12.7237 -8.33647 65.2867 0.201343 38.2993 
1400.01 20.3174 -68.234 -15.0678 57.2178 15.2559 -12.7237 -8.33647 65.2909 0.201343 38.2993 
1400.01 20.3163 -68.194 -14.9929 57.2299 15.2258 -12.6948 -8.23686 65.2983 0.29498 38.2732 
1400.01 20.3205 -68.194 -14.9929 57.2299 15.2258 -12.6948 -8.23686 65.2797 0.29498 38.2732 
1400.01 20.3127 -68.194 -14.994 57.229 15.2503 -12.7176 -8.23819 65.2833 0.29498 38.2468 
1400.01 20.3127 -68.194 -14.994 57.2183 15.2503 -12.7176 -8.23819 65.2896 0.29498 38.2468 
1400.01 20.3127 -68.194 -14.994 57.2223 15.2818 -12.6329 -8.23819 65.2829 0.29498 38.2223 
1400.01 20.3019 -68.1913 -14.9941 57.2164 15.2833 -12.6616 -8.23997 65.2726 0.294769 38.1928 
1400.01 20.3019 -68.1807 -14.9941 57.2164 15.2833 -12.6616 -8.23997 65.2885 0.294769 38.1928 
1400.01 20.2943 -68.1459 -15.0326 57.2187 15.2468 -12.6616 -8.2726 65.2754 0.263716 38.1615 
1400.01 20.2943 -68.1459 -15.0326 57.2076 15.2563 -12.6616 -8.2726 65.2896 0.263716 38.1615 
1400.01 20.3044 -68.0908 -15.1079 57.2249 15.1839 -12.6063 -8.37202 65.2289 0.168147 38.1813 
1400.01 20.3506 -68.0908 -15.0998 57.2181 15.1839 -12.6063 -8.37202 65.2784 0.168147 38.1813 
1400.01 20.3276 -68.0908 -15.0998 57.2184 15.1825 -12.6183 -8.37202 65.2901 0.168147 38.1763 
1400 20.3325 -68.1156 -15.0352 57.2158 15.2398 -12.6046 -8.28615 65.2869 0.248756 38.1317 
1400 20.3325 -68.1156 -15.0352 57.2158 15.2398 -12.6617 -8.28615 65.287 0.248756 38.1317 
1400 20.3329 -68.1156 -15.0352 57.2158 15.2398 -12.6617 -8.28615 65.287 0.248756 38.1317 
1400 20.3329 -68.1156 -15.0353 57.2158 15.2398 -12.6617 -8.28615 65.2881 0.248756 38.1317 
1400 20.3328 -68.0932 -15.0288 57.2158 15.236 -12.6626 -8.27758 65.2887 0.257028 38.136 
1400 20.3328 -68.0893 -15.0288 57.2158 15.236 -12.6626 -8.27758 65.2819 0.235729 38.1192 
1400 20.3328 -68.0728 -15.0288 57.2159 15.236 -12.6626 -8.27758 65.289 0.251058 38.0941 
1400 20.3383 -68.0512 -15.0288 57.2159 15.1814 -12.6626 -8.27758 65.2873 0.251058 38.0941 
1400 20.3318 -67.9923 -15.069 57.2183 15.1814 -12.6524 -8.32605 65.2861 0.204583 38.0664 
1400 20.3296 -67.9681 -15.0521 57.2193 15.1348 -12.6483 -8.30355 65.2851 0.252383 38.0722 
1400 20.3222 -67.9669 -15.0367 57.2198 15.1369 -12.666 -8.30355 65.2836 0.296431 38.0493 
1400 20.3222 -67.9279 -15.0367 57.2198 15.1369 -12.666 -8.30355 65.2836 0.296431 38.0493 
1400 20.3222 -67.9279 -15.0367 57.216 15.1369 -12.666 -8.30355 65.2835 0.296431 38.021 
1400 20.3317 -67.9279 -15.0367 57.2176 15.1369 -12.6561 -8.30355 65.2835 0.296431 38.021 
1400 20.3317 -67.9279 -15.0367 57.2176 15.1369 -12.6561 -8.30355 65.2837 0.296431 37.9894 
1400 20.3317 -67.9279 -15.0367 57.2176 15.1369 -12.6561 -8.30355 65.2836 0.296431 37.9894 
1400 20.3317 -67.9237 -15.0266 57.2176 15.1369 -12.6561 -8.30355 65.2721 0.296431 37.9894 
1400 20.3317 -67.9237 -15.0266 57.2176 15.1369 -12.6561 -8.30355 65.2837 0.296431 37.9894 
1400 20.3317 -67.9176 -15.0266 57.2176 15.1369 -12.6561 -8.30355 65.2836 0.296431 37.9894 
1400 20.3332 -67.8818 -15.0345 57.2197 15.1146 -12.6529 -8.31394 65.2836 0.286657 37.9723 
1400 20.3332 -67.8818 -15.0345 57.2197 15.1146 -12.6529 -8.31394 65.2834 0.286657 37.9723 
1400 20.3332 -67.8818 -15.0345 57.2142 15.1146 -12.6529 -8.31394 65.2835 0.286657 37.9695 
1400 20.3332 -67.8818 -15.0262 57.2142 15.1146 -12.6529 -8.31394 65.2835 0.29807 37.9695 
1400 20.3332 -67.8818 -15.0331 57.2148 15.1146 -12.6529 -8.31394 65.2835 0.29807 37.9695 
1400 20.3305 -67.8818 -15.0331 57.217 15.1146 -12.6529 -8.31394 65.2834 0.29807 37.9695 
1400 20.3305 -67.8818 -15.0331 57.217 15.1146 -12.6529 -8.31384 65.2834 0.29807 37.9695 
1400 20.3305 -67.8818 -15.0331 57.217 15.1146 -12.6529 -8.30097 65.2834 0.29807 37.9695 
1400 20.3305 -67.8794 -15.0331 57.217 15.1146 -12.6495 -8.30097 65.2834 0.29807 37.9695 
1400 20.3305 -67.8794 -15.0266 57.2175 15.1146 -12.6495 -8.30097 65.2834 0.29807 37.9695 
1400 20.3305 -67.8794 -15.0266 57.2174 15.1146 -12.6495 -8.30191 65.2834 0.29807 37.9695 
1400 20.3305 -67.8794 -15.0266 57.2164 15.1146 -12.6495 -8.30191 65.2834 0.29807 37.9695 
1400 20.33 -67.8794 -15.0266 57.2163 15.1146 -12.6495 -8.30191 65.2834 0.29807 37.9695 
1400 20.33 -67.8794 -15.0266 57.2163 15.1108 -12.6495 -8.30191 65.2834 0.29807 37.9695 
1400 20.3294 -67.8794 -15.0266 57.2163 15.1108 -12.6495 -8.30191 65.2838 0.29807 37.9695 
1400 20.3274 -67.8794 -15.0266 57.2163 15.1108 -12.6495 -8.30191 65.2833 0.29807 37.9695 
1400 20.3274 -67.8794 -15.0266 57.2163 15.1108 -12.6495 -8.30191 65.2834 0.293514 37.9695 
1400 20.3273 -67.8794 -15.0266 57.2159 15.1108 -12.6475 -8.30191 65.2834 0.293514 37.9695 
1400 20.3273 -67.8794 -15.0266 57.216 15.1108 -12.6475 -8.30191 65.2834 0.293514 37.9695 
1400 20.3273 -67.8794 -15.0266 57.216 15.1108 -12.6475 -8.30191 65.2834 0.293514 37.9695 
1400 20.3273 -67.8794 -15.0266 57.216 15.1108 -12.6475 -8.30191 65.2834 0.293514 37.9695 
1400 20.3273 -67.8794 -15.0266 57.216 15.1108 -12.6475 -8.30191 65.2834 0.293514 37.9695 
1400 20.3273 -67.8794 -15.0314 57.216 15.1108 -12.6475 -8.30191 65.2834 0.293514 37.9695 
1400 20.3273 -67.8794 -15.0314 57.216 15.1108 -12.6475 -8.30191 65.2834 0.293514 37.9695 
1400 20.3273 -67.8794 -15.0314 57.216 15.1108 -12.6475 -8.30191 65.2834 0.293514 37.9695 
1400 20.3273 -67.8794 -15.0314 57.216 15.1108 -12.6475 -8.30191 65.2834 0.293514 37.9695 
1400 20.3273 -67.8794 -15.0314 57.216 15.1108 -12.6475 -8.30191 65.2834 0.293514 37.9695 
1400 20.3273 -67.8794 -15.0314 57.216 15.1108 -12.6475 -8.30191 65.2834 0.293514 37.9695 
1400 20.3273 -67.8794 -15.0291 57.216 15.1108 -12.6475 -8.3036 65.2834 0.293514 37.9695 
1400 20.3273 -67.8794 -15.0291 57.216 15.1108 -12.6475 -8.3036 65.2834 0.293514 37.9695 
1400 20.3273 -67.8794 -15.0291 57.216 15.1108 -12.6475 -8.3036 65.2834 0.293514 37.9695 
1400 20.3273 -67.8794 -15.0292 57.216 15.1108 -12.6471 -8.3036 65.2834 0.293514 37.9695 
1400 20.3273 -67.8794 -15.0292 57.216 15.1108 -12.6471 -8.30267 65.2834 0.293514 37.9695 
1400 20.3273 -67.8794 -15.0302 57.216 15.1108 -12.6471 -8.30267 65.2834 0.293514 37.9695 
1400 20.3273 -67.8794 -15.0302 57.2158 15.1108 -12.6471 -8.30274 65.2834 0.293488 37.9695 
1400 20.3273 -67.8794 -15.0302 57.2159 15.1108 -12.6471 -8.30274 65.2834 0.293488 37.9695 
1400 20.3273 -67.8794 -15.0302 57.2159 15.1108 -12.6471 -8.30274 65.2834 0.293488 37.9695 
1400 20.3273 -67.8794 -15.0302 57.2161 15.1114 -12.6471 -8.30297 65.2834 0.295702 37.9691 
1400 20.3278 -67.8775 -15.03 57.2162 15.1115 -12.6477 -8.30275 65.2836 0.295257 37.9688 
1400 20.3272 -67.8774 -15.0298 57.216 15.111 -12.6474 -8.30303 65.2834 0.294652 37.9689 
1400 20.3272 -67.8774 -15.0298 57.216 15.111 -12.6474 -8.30303 65.2834 0.294652 37.9689 
1400 20.3272 -67.8774 -15.0298 57.216 15.111 -12.6474 -8.30303 65.2834 0.294652 37.9689 
1400 20.3272 -67.8774 -15.0298 57.216 15.111 -12.6474 -8.30303 65.2834 0.294652 37.9689 
1400 20.3272 -67.8774 -15.0298 57.216 15.111 -12.6474 -8.30303 65.2834 0.294652 37.9689 
1400 20.3272 -67.8774 -15.0298 57.216 15.111 -12.6474 -8.30303 65.2834 0.294652 37.9689 
1400 20.3272 -67.8774 -15.0298 57.216 15.111 -12.6474 -8.30303 65.2834 0.294652 37.9689 
1400 20.3272 -67.8774 -15.0298 57.216 15.111 -12.6474 -8.30303 65.2834 0.294652 37.9689 
1400 20.3272 -67.8774 -15.0298 57.216 15.111 -12.6474 -8.30303 65.2834 0.294652 37.9689 
1400 20.3272 -67.8774 -15.0298 57.216 15.111 -12.6474 -8.30303 65.2834 0.294652 37.9689 