1573.06 24.1295 85.7244 21.3997 88.3693 -97.1995 77.8252 45.1889 54.6897 67.7009 -19.1127 
1400.11 20.1571 -51.3961 -12.7926 47.6371 -22.0146 -37.8723 -5.43537 99.1286 3.11704 66.4508 
1400.09 22.1082 -47.9847 -11.9737 47.9258 -33.5324 -34.9993 -4.34797 98.9288 4.16554 77.9025 
1400.09 20.3519 -71.4745 -14.4112 57.4262 16.1557 -13.9772 -7.30808 65.3923 1.03278 41.9619 
1400.07 20.2743 -69.5321 -14.6738 57.314 13.9238 -13.7831 -7.656 65.6351 0.63996 42.2142 
1400.06 20.3025 -69.9128 -14.4803 57.3143 14.8433 -13.2105 -7.45181 65.3853 0.742022 41.4994 
1400.06 20.379 -69.9128 -14.7609 57.3094 14.8433 -13.2105 -7.81253 65.4152 0.426661 41.4994 
1400.01 20.429 -67.9203 -14.7464 57.2156 14.8594 -12.6254 -7.82 65.3881 0.445231 38.3668 
1400.01 20.429 -67.9203 -14.7464 57.2156 14.8594 -12.6254 -7.82 65.3239 0.445231 38.3713 
1400.01 20.429 -67.9203 -14.787 57.2278 14.8594 -12.6254 -7.82 65.3206 0.445231 38.3713 
1400.01 20.3321 -67.9203 -14.784 57.2278 14.8594 -12.6254 -7.82 65.2752 0.445231 38.3713 
1400.01 20.4677 -67.942 -15.1737 57.2406 14.9724 -12.6339 -8.34104 65.3165 -0.0520688 38.2464 
1400.01 20.4677 -67.942 -15.1737 57.2513 14.9724 -12.6339 -8.34104 65.3074 -0.0520688 38.2464 
1400.01 20.3437 -68.005 -15.1747 57.2137 15.1207 -12.6939 -8.34481 65.322 -0.0511834 38.1278 
1400.01 20.3437 -67.9957 -15.1747 57.2246 15.1207 -12.6939 -8.34481 65.302 -0.0511834 38.1278 
1400.01 20.3437 -67.9957 -15.1747 57.2246 15.1207 -12.6939 -8.34481 65.2911 -0.0511834 38.1278 
1400.01 20.3437 -67.9957 -15.1747 57.2131 15.1207 -12.642 -8.38581 65.2917 -0.0511834 38.1278 
1400.01 20.3437 -67.9957 -15.1747 57.2131 15.1207 -12.642 -8.38581 65.2913 -0.0511834 38.1278 
1400.01 20.3437 -67.9957 -15.1747 57.2233 15.1207 -12.642 -8.38581 65.2913 -0.0511834 38.1278 
1400.01 20.3437 -67.9957 -15.1747 57.2176 15.1207 -12.642 -8.38581 65.2913 -0.0511834 38.1278 
1400 20.3449 -68.0106 -15.1221 57.2176 15.1477 -12.6387 -8.31603 65.2897 0.202 38.1118 
1400 20.3349 -67.9957 -15.0431 57.2183 15.1396 -12.6819 -8.21146 65.2939 0.301333 38.1005 
1400 20.3349 -67.9868 -15.0431 57.2183 15.1396 -12.6662 -8.21198 65.2901 0.122258 38.1005 
1400 20.3303 -67.9868 -15.0431 57.2207 15.1396 -12.6662 -8.21198 65.2901 0.122258 38.1005 
1400 20.3303 -67.9868 -15.0431 57.2207 15.1396 -12.6662 -8.21198 65.2889 0.122258 38.1005 
1400 20.3303 -67.9868 -15.0431 57.2191 15.1396 -12.6662 -8.21198 65.2884 0.122258 38.0641 
1400 20.3252 -67.9547 -15.0431 57.2157 15.1396 -12.6662 -8.21198 65.2891 0.122258 38.0739 
1400 20.3252 -67.9547 -15.0431 57.2157 15.1396 -12.6662 -8.21198 65.2848 0.221926 38.0739 
1400 20.3252 -67.9547 -15.0357 57.2157 15.1396 -12.6377 -8.21198 65.2814 0.221926 38.0204 
1400 20.3252 -67.9547 -15.0357 57.2157 15.1396 -12.6377 -8.21198 65.2814 0.221926 38.0204 
1400 20.3252 -67.9547 -14.9977 57.2157 15.1396 -12.6377 -8.25704 65.2829 0.305566 38.0304 
1400 20.3288 -67.9482 -14.9977 57.2155 15.1396 -12.6459 -8.24307 65.2836 0.305566 38.0304 
1400 20.3288 -67.9482 -15.0145 57.2155 15.1396 -12.6459 -8.28514 65.2838 0.305566 38.0304 
1400 20.3288 -67.9482 -15.0145 57.2161 15.1396 -12.6459 -8.28514 65.2838 0.305566 38.0264 
1400 20.3288 -67.9482 -15.0145 57.2161 15.1396 -12.6459 -8.28514 65.2839 0.305566 38.0264 
1400 20.3288 -67.9482 -15.0145 57.2161 15.1396 -12.6459 -8.28514 65.2839 0.305566 38.0264 
1400 20.3288 -67.9482 -15.0145 57.2161 15.1396 -12.6459 -8.28514 65.2839 0.305566 38.0264 
1400 20.3288 -67.9482 -15.0145 57.2161 15.1396 -12.6459 -8.28514 65.2839 0.305566 38.0106 
1400 20.3288 -67.9482 -15.0145 57.2161 15.1396 -12.6459 -8.28514 65.2839 0.305566 38.0106 
1400 20.3288 -67.9482 -15.0145 57.2161 15.1396 -12.6459 -8.28514 65.2839 0.305566 38.0106 
1400 20.3288 -67.9308 -15.0145 57.2161 15.1441 -12.6459 -8.28514 65.2809 0.305566 37.9763 
1400 20.3288 -67.9308 -15.0145 57.2161 15.1441 -12.6459 -8.28514 65.2828 0.305566 37.9763 
1400 20.3253 -67.9262 -15.0226 57.2161 15.1392 -12.6545 -8.29612 65.2831 0.295303 37.9765 
1400 20.3253 -67.9262 -15.0226 57.2161 15.1392 -12.6545 -8.29612 65.2837 0.295303 37.9772 
1400 20.3253 -67.9262 -15.0226 57.2161 15.1392 -12.6545 -8.29612 65.2837 0.295303 37.9772 
1400 20.3253 -67.9141 -15.0226 57.2161 15.1392 -12.6545 -8.29612 65.2837 0.295303 37.9772 
1400 20.3253 -67.9141 -15.0226 57.2161 15.1392 -12.6545 -8.29612 65.2837 0.295303 37.9772 
1400 20.3253 -67.9068 -15.0226 57.2161 15.1392 -12.6429 -8.29612 65.2835 0.295303 37.9772 
1400 20.3253 -67.9068 -15.0226 57.2161 15.1392 -12.6429 -8.29612 65.2835 0.295303 37.9772 
1400 20.3253 -67.9068 -15.0226 57.2161 15.1392 -12.6429 -8.29612 65.2835 0.295303 37.9772 
1400 20.3253 -67.9068 -15.0226 57.2161 15.1392 -12.6429 -8.29612 65.2835 0.295303 37.9772 
1400 20.3253 -67.9068 -15.0226 57.2161 15.1392 -12.6429 -8.29612 65.2835 0.295303 37.9772 
1400 20.3253 -67.9044 -15.0226 57.2161 15.1392 -12.6429 -8.29612 65.2835 0.295303 37.9772 
1400 20.3253 -67.9044 -15.0226 57.2161 15.1392 -12.6429 -8.29612 65.2833 0.295303 37.9772 
1400 20.3253 -67.9044 -15.0226 57.216 15.1392 -12.6429 -8.29612 65.2831 0.295303 37.9772 
1400 20.3253 -67.9041 -15.0226 57.2159 15.138 -12.6429 -8.29612 65.2833 0.295303 37.9639 
1400 20.3253 -67.9041 -15.0226 57.2159 15.138 -12.6429 -8.29612 65.2833 0.295303 37.9639 
1400 20.3298 -67.8973 -15.0193 57.2157 15.1233 -12.6429 -8.29183 65.2833 0.299391 37.9748 
1400 20.3293 -67.8955 -15.0286 57.2131 15.1215 -12.6541 -8.30128 65.2836 0.287923 37.9745 
1400 20.3293 -67.8955 -15.0286 57.2163 15.1215 -12.6541 -8.30128 65.2836 0.287923 37.9745 
1400 20.3288 -67.8955 -15.0286 57.2163 15.1215 -12.6541 -8.30128 65.2836 0.287923 37.9745 
1400 20.3288 -67.8778 -15.0286 57.2163 15.1215 -12.6541 -8.30128 65.2835 0.287923 37.9745 
1400 20.3288 -67.8778 -15.0286 57.2163 15.1215 -12.6541 -8.30128 65.2834 0.287923 37.9745 
1400 20.3288 -67.8778 -15.0286 57.2163 15.1215 -12.6429 -8.30128 65.2834 0.288418 37.9745 
1400 20.3288 -67.8778 -15.0286 57.2163 15.1215 -12.6429 -8.30128 65.2834 0.288418 37.9745 
1400 20.3288 -67.8778 -15.0286 57.2163 15.1215 -12.6429 -8.30128 65.2834 0.288418 37.9733 
1400 20.3288 -67.8778 -15.0286 57.2159 15.1215 -12.6429 -8.30128 65.2834 0.288418 37.9661 
1400 20.3288 -67.8778 -15.0286 57.2159 15.1215 -12.6429 -8.30128 65.2834 0.288418 37.9661 
1400 20.3288 -67.8778 -15.0286 57.2159 15.1098 -12.6429 -8.30128 65.2834 0.288418 37.9661 
1400 20.3288 -67.8778 -15.0286 57.2159 15.1098 -12.6429 -8.30128 65.2834 0.288418 37.9661 
1400 20.3288 -67.8778 -15.0286 57.2159 15.1098 -12.6429 -8.30128 65.2834 0.288418 37.9661 
1400 20.3288 -67.8778 -15.0286 57.2159 15.1098 -12.6429 -8.30128 65.2834 0.288418 37.9661 
1400 20.3288 -67.8767 -15.0286 57.2159 15.1098 -12.6429 -8.30128 65.2834 0.288418 37.9661 
1400 20.3288 -67.8767 -15.0286 57.2159 15.1098 -12.6429 -8.30128 65.2834 0.288418 37.9661 
1400 20.3288 -67.8767 -15.0286 57.2159 15.1098 -12.6429 -8.30128 65.2833 0.296953 37.9661 
1400 20.3288 -67.8767 -15.0299 57.2159 15.1098 -12.6487 -8.30128 65.2834 0.294807 37.9661 
1400 20.3288 -67.8767 -15.0299 57.2159 15.1098 -12.6474 -8.30128 65.2834 0.294624 37.9661 
1400 20.3288 -67.8767 -15.0299 57.2159 15.1098 -12.6474 -8.30128 65.2834 0.294624 37.9661 
1400 20.3288 -67.8767 -15.0299 57.2159 15.1098 -12.6474 -8.30128 65.2834 0.294624 37.9661 
1400 20.3261 -67.8767 -15.0299 57.2159 15.1098 -12.6474 -8.30128 65.2834 0.294618 37.9661 
1400 20.3265 -67.8767 -15.0299 57.2159 15.1122 -12.6474 -8.30128 65.2834 0.294618 37.9661 
1400 20.3265 -67.8767 -15.0299 57.2159 15.1122 -12.6474 -8.30128 65.2834 0.294618 37.9661 
1400 20.3265 -67.8767 -15.0292 57.2159 15.1122 -12.6474 -8.30166 65.2834 0.294618 37.9661 
1400 20.3265 -67.8767 -15.0292 57.2159 15.1122 -12.6474 -8.30166 65.2834 0.294618 37.9661 
1400 20.3267 -67.8765 -15.0295 57.216 15.1115 -12.6475 -8.30199 65.2834 0.294324 37.9662 
1400 20.3267 -67.8765 -15.0295 57.216 15.1115 -12.6475 -8.30199 65.2834 0.294324 37.9663 
1400 20.3267 -67.8765 -15.0295 57.216 15.1115 -12.6475 -8.30199 65.2834 0.294324 37.9663 
1400 20.3273 -67.8766 -15.0298 57.216 15.1115 -12.6475 -8.30199 65.2834 0.294324 37.968 
1400 20.3273 -67.8766 -15.0298 57.216 15.1115 -12.6475 -8.30199 65.2834 0.294324 37.968 
1400 20.3273 -67.8766 -15.0296 57.216 15.1115 -12.6475 -8.30302 65.2834 0.294527 37.968 
1400 20.3273 -67.8766 -15.0296 57.216 15.111 -12.6475 -8.30302 65.2834 0.294527 37.9685 
1400 20.3272 -67.8773 -15.0298 57.216 15.111 -12.6475 -8.30303 65.2834 0.294651 37.9689 
1400 20.3272 -67.8773 -15.0298 57.216 15.111 -12.6475 -8.30303 65.2834 0.294652 37.9689 
1400 20.3272 -67.8773 -15.0298 57.216 15.111 -12.6475 -8.30303 65.2834 0.294652 37.9689 
1400 20.3272 -67.8773 -15.0298 57.216 15.111 -12.6475 -8.30303 65.2834 0.294652 37.9689 
1400 20.3272 -67.8773 -15.0298 57.216 15.111 -12.6475 -8.30303 65.2834 0.294652 37.9689 
1400 20.3272 -67.8773 -15.0298 57.216 15.111 -12.6475 -8.30303 65.2834 0.294652 37.9689 
1400 20.3272 -67.8773 -15.0298 57.216 15.111 -12.6475 -8.30303 65.2834 0.294652 37.9689 
1400 20.3272 -67.8773 -15.0298 57.216 15.111 -12.6475 -8.30303 65.2834 0.294652 37.9689 
1400 20.3272 -67.8773 -15.0298 57.216 15.111 -12.6475 -8.30303 65.2834 0.294652 37.9689 
1400 20.3272 -67.8773 -15.0298 57.216 15.111 -12.6475 -8.30303 65.2834 0.294652 37.9689 