1718.08 -74.7627 -12.7041 -35.7703 63.4277 27.7303 45.1055 -55.2228 93.5151 -34.7631 -68.4807 
1113.72 62.6371 -3.9255 -41.763 -51.6572 -25.862 43.3014 -68.1941 46.5658 19.8936 20.7112 
1113.25 62.6371 -3.9255 -41.763 -51.6572 -25.862 43.3014 -84.097 36.29 19.8936 20.7112 
1113.01 62.6371 -3.9255 -41.763 -51.6572 -20.4517 43.3014 -84.097 36.2889 24.6824 20.7112 
1112.71 62.6392 -3.93229 -41.7745 -51.6629 -20.4333 43.2917 -84.1123 36.3097 24.6679 20.695 
1111.04 62.6392 -3.93229 -41.7745 -51.6629 -20.0714 43.2917 -84.1123 47.7121 24.6679 18.8802 
1110.68 62.6392 -3.93229 -41.7745 -51.6629 -20.0714 43.2917 -84.1123 47.7007 24.6679 18.8802 
1110.61 62.6392 -3.93229 -41.7745 -51.6629 -20.0714 43.2917 -84.1123 47.6996 24.6679 18.8802 
1110.43 62.6392 -3.93229 -41.7745 -51.6659 -20.0714 43.2917 -84.1123 47.6997 24.6679 18.8802 
1110.43 62.6392 -3.93229 -41.7745 -51.6659 -20.0714 43.2917 -84.1123 47.6997 24.6679 18.8802 
1110.4 62.6392 -3.93229 -41.7745 -51.6659 -20.0714 43.2917 -84.1123 47.6997 24.6679 18.8802 
1110.4 62.6392 -3.93229 -41.7745 -51.6659 -20.0714 43.2917 -84.1123 47.6997 24.6679 18.8802 
1110.4 62.6392 -3.93229 -41.7745 -51.6659 -20.0714 43.2917 -84.1123 47.6997 24.6679 18.8802 
1110.4 62.6392 -3.93229 -41.7745 -51.6659 -20.0714 43.2917 -84.1123 47.6997 24.6679 18.8802 
1110.4 62.6392 -3.93229 -41.7745 -51.6659 -20.0714 43.2917 -84.1123 47.6997 24.6679 18.8802 
1110.4 62.6392 -3.93229 -41.7745 -51.6659 -20.0714 43.2917 -84.1123 47.6997 24.6679 18.8802 
1110.4 62.6392 -3.93229 -41.7745 -51.6659 -20.0714 43.2917 -84.1123 47.6997 24.6679 18.8802 
1110.4 62.6392 -3.93229 -41.7745 -51.6659 -20.0714 43.2917 -84.1123 47.6997 24.6679 18.8802 
1107.26 62.6392 -13.6589 -34.8165 -37.4943 -20.0714 43.2917 -71.7894 38.7597 25.1111 18.8802 
1107.26 62.6392 -13.6589 -34.8165 -37.4943 -20.0714 43.2917 -71.7894 38.7597 25.1111 18.8802 
1105.19 62.6392 -19.1635 -34.8165 -37.4943 -20.0714 43.2917 -71.7894 48.3357 25.1111 18.8802 
1105.19 62.6392 -19.1635 -34.8165 -37.4943 -20.0714 43.2917 -71.7894 48.3357 25.1111 18.8802 
1105.19 62.6392 -19.1635 -34.8165 -37.4943 -20.0714 43.2917 -71.7894 48.3357 25.1111 18.8802 
1105.19 62.6392 -19.1635 -34.8165 -37.4943 -20.0714 43.2917 -71.7894 48.3357 25.1111 18.8802 
1105.19 62.6392 -19.1635 -34.8165 -37.4943 -20.0714 43.2917 -71.7894 48.3357 25.1111 18.8802 
1105.14 62.6392 -19.1635 -34.8165 -37.4943 -20.0714 30.7473 -71.7894 48.3357 25.1111 18.8802 
1105.14 62.6392 -19.1635 -34.8165 -37.4943 -20.0714 30.7473 -71.7894 48.3357 25.1111 18.8802 
1105.14 62.6392 -19.1635 -34.8165 -37.4943 -20.0714 30.7473 -71.7894 48.3357 25.1111 18.8802 
1105.14 62.6392 -19.1635 -34.8165 -37.4943 -20.0714 30.7473 -71.7894 48.3357 25.1111 18.8802 
1105.14 62.6392 -19.1635 -34.8165 -37.4943 -20.0714 30.7473 -71.7894 48.3357 25.1111 18.8802 
1105.14 62.6392 -19.1635 -34.8165 -37.4943 -20.0714 30.7473 -71.7894 48.3357 25.1111 18.8802 
1105.14 62.6392 -19.1635 -34.8165 -37.4943 -20.0714 30.7473 -71.7894 48.3357 25.1111 18.8802 
1105.14 62.6392 -19.1635 -34.8165 -37.4943 -20.0714 30.7473 -71.7894 48.3357 25.1111 18.8802 
1105.14 62.6392 -19.1635 -34.8165 -37.4943 -20.0714 30.7473 -71.7894 48.3357 25.1111 18.8802 
1104.97 62.6392 -19.1635 -34.8165 -37.4943 -20.0714 34.6137 -69.3757 48.3357 25.1111 18.8802 
1104.68 62.6398 -19.1627 -34.8165 -37.4961 -20.0717 34.6146 -69.3757 48.3352 25.1097 18.8787 
1104.68 62.6398 -19.1627 -34.8165 -37.4961 -20.0717 34.6146 -69.3757 48.3352 25.1097 18.8787 
1104.68 62.6398 -19.1627 -34.8165 -37.4961 -20.0717 34.6146 -69.3757 48.3352 25.1097 18.8787 
1104.68 62.6398 -19.1627 -34.8165 -37.4961 -20.0717 34.6146 -69.3757 48.3352 25.1097 18.8787 
1104.59 62.1248 -19.1627 -34.8165 -37.4961 -18.4183 36.1089 -69.3757 49.1895 25.1097 18.8787 
1104.21 62.1248 -19.1627 -29.9723 -37.4961 -18.4183 36.1089 -69.3757 49.1895 25.1097 18.8787 
1103.67 62.1248 -19.1634 -29.9723 -37.4961 -18.4183 36.2299 -69.3757 49.1895 25.1097 18.8787 
1103.36 62.1248 -19.1634 -29.9662 -37.4961 -18.4183 36.25 -69.3743 49.1895 25.1097 18.8787 
1103.36 62.1248 -19.1634 -29.9662 -37.4961 -18.4183 36.25 -69.3743 49.1895 25.1097 18.8787 
1103.36 62.1248 -19.1634 -29.9662 -37.4961 -18.4183 36.25 -69.3743 49.1895 25.1097 18.8787 
1103.36 62.1248 -19.1634 -29.9662 -37.4961 -18.4183 36.25 -69.3743 49.1895 25.1097 18.8787 
1103.36 62.1248 -19.1634 -29.9662 -37.4961 -18.4183 36.25 -69.3743 49.1895 25.1097 18.8787 
1103.36 62.1248 -19.1634 -29.9662 -37.4961 -18.4183 36.25 -69.3743 49.1895 25.1097 18.8787 
1103.36 62.1248 -19.1634 -29.9662 -37.4961 -18.4183 36.25 -69.3743 49.1895 25.1097 18.8787 
1103.36 62.1248 -19.1634 -29.9662 -37.4961 -18.4183 36.25 -69.3743 49.1895 25.1097 18.8787 
1103.36 62.1248 -19.1634 -29.9662 -37.4961 -18.4183 36.25 -69.3743 49.1895 25.1097 18.8787 
1103.36 62.1248 -19.1634 -29.9662 -37.4961 -18.4183 36.25 -69.3743 49.1895 25.1097 18.8787 
1103.36 62.1248 -19.1634 -29.9662 -37.4961 -18.4183 36.25 -69.3743 49.1895 25.1097 18.8787 
1103.35 62.1248 -19.1634 -29.9662 -37.4961 -18.4183 36.25 -69.3743 49.1895 25.1097 18.8787 
1103.35 62.1248 -19.1634 -29.9662 -37.4961 -18.4183 36.25 -69.3743 49.1895 25.1097 18.8787 
1103.35 62.1248 -19.1634 -29.9662 -37.4961 -18.4183 36.25 -69.3743 49.1895 25.1097 18.8787 
1102.58 60.6975 -19.1634 -29.6443 -37.1386 -16.1769 36.3582 -70.7683 48.5564 26.5566 18.8787 
1102.58 60.6975 -19.1634 -29.6443 -37.1386 -16.1769 36.3582 -70.7683 48.5564 26.5566 18.8787 
1102.51 60.6975 -19.1634 -29.6443 -37.1386 -16.1755 36.3582 -70.7724 48.5564 26.5566 18.8787 
1102.46 60.6975 -19.1634 -29.6447 -37.1386 -16.1755 36.3599 -70.7724 48.5564 26.5566 18.8787 
1102.38 60.6975 -19.1634 -29.6455 -37.1386 -16.1755 36.3599 -70.7724 48.5564 26.5566 18.8787 
1102.38 60.6975 -19.1634 -29.6455 -37.1386 -16.1755 36.3599 -70.7724 48.5564 26.5566 18.8787 
1102.35 60.6975 -19.1634 -29.6455 -37.1386 -16.1755 36.3672 -70.7724 48.5564 26.5566 18.8787 
1102.31 60.6975 -19.1634 -29.6455 -37.1386 -16.1752 36.3666 -70.7724 48.5562 26.5566 18.8789 
1102.26 60.6975 -19.1638 -29.6455 -37.1386 -16.1752 36.3666 -70.7724 48.5562 26.5566 18.8789 
1102.26 60.6975 -19.1638 -29.6455 -37.1386 -16.1752 36.3666 -70.7724 48.5562 26.5566 18.8789 
1102.26 60.6975 -19.1638 -29.6455 -37.1386 -16.1752 36.3666 -70.7724 48.5562 26.5566 18.8789 
1102.26 60.6975 -19.1638 -29.6455 -37.1386 -16.1752 36.3666 -70.7724 48.5562 26.5566 18.8789 
1102.26 60.6975 -19.1638 -29.6455 -37.1386 -16.1752 36.3666 -70.7724 48.5562 26.5566 18.8789 
1102.26 60.6975 -19.1638 -29.6455 -37.1386 -16.1752 36.3666 -70.7724 48.5562 26.5566 18.8789 
1102.25 60.6975 -19.1638 -29.6455 -37.1386 -16.1752 36.3666 -70.7724 48.5562 26.5566 18.8789 
1102.25 60.6975 -19.1638 -29.6455 -37.1386 -16.1752 36.3666 -70.7724 48.5562 26.5566 18.8789 
1102.25 60.6975 -19.1638 -29.6455 -37.1386 -16.1752 36.3666 -70.7724 48.5562 26.5566 18.8789 
1102.25 60.6975 -19.1638 -29.6455 -37.1386 -16.1752 36.3666 -70.7724 48.5562 26.5566 18.8789 
1102.25 60.6975 -19.1638 -29.6455 -37.1386 -16.1752 36.3666 -70.7724 48.5562 26.5566 18.8789 
1102.25 60.6975 -19.1638 -29.6455 -37.1386 -16.1752 36.3666 -70.7724 48.5562 26.5566 18.8789 
1102.25 60.6975 -19.1638 -29.6455 -37.1386 -16.1752 36.3666 -70.7724 48.5562 26.5566 18.8789 
1102.25 60.6975 -19.1638 -29.6455 -37.1386 -16.1752 36.3666 -70.7724 48.5562 26.5566 18.8789 
1102.25 60.6975 -19.1638 -29.6455 -37.1386 -16.1752 36.3666 -70.7724 48.5562 26.5566 18.8789 
1102.25 60.6975 -19.1638 -29.6455 -37.1386 -16.1752 36.3666 -70.7724 48.5562 26.5566 18.8789 
1102.25 60.6975 -19.1638 -29.6455 -37.1386 -16.1752 36.3666 -70.7724 48.5562 26.5566 18.8789 
1102.25 60.6975 -19.1638 -29.6455 -37.1386 -16.1752 36.3666 -70.7724 48.5562 26.5566 18.8789 
1101.4 56.4036 -19.7574 -28.4371 -36.7894 -11.8245 35.5148 -70.0696 47.1335 26.1765 16.6639 
1101.32 56.4036 -19.7574 -28.4371 -36.7894 -11.8245 35.5202 -70.0696 47.1335 26.1765 16.6639 
1101.31 56.4036 -19.7575 -28.4371 -36.7894 -11.8245 35.5202 -70.0696 47.1335 26.1765 16.6639 
1101.27 56.4105 -19.758 -28.436 -36.7966 -11.823 35.5278 -70.0696 47.1428 26.1696 16.6662 
1101.26 56.4105 -19.758 -28.436 -36.7966 -11.823 35.5278 -70.0696 47.1428 26.1696 16.6662 
1101.17 58.7041 -19.9685 -29.8255 -35.955 -14.2859 36.6042 -71.0103 47.6262 25.4054 17.0514 
1101.09 58.7009 -19.9597 -29.8273 -35.9545 -14.2742 36.6071 -71.0002 47.5969 25.4085 17.057 
1100.74 57.5769 -18.7288 -29.8098 -35.1848 -13.4222 34.915 -71.4727 48.0834 25.7426 17.2138 
1100.3 57.6212 -19.0222 -29.6139 -35.7706 -13.2313 35.2579 -70.5917 47.4698 25.8094 17.1033 
1100.16 57.455 -19.1602 -29.4388 -35.7293 -13.1272 35.5194 -70.5032 47.6932 25.66 17.0252 
1100.16 57.455 -19.1602 -29.4388 -35.7293 -13.1272 35.5194 -70.5032 47.6932 25.66 17.0252 
1100.16 57.455 -19.1602 -29.4388 -35.7293 -13.1272 35.5194 -70.5032 47.6932 25.66 17.0252 
1100.16 57.455 -19.1602 -29.4388 -35.7293 -13.1272 35.5194 -70.5032 47.6932 25.66 17.0252 
1100.16 57.455 -19.1602 -29.4388 -35.7293 -13.1272 35.5194 -70.5032 47.6932 25.66 17.0252 
1100.16 57.455 -19.1602 -29.4388 -35.7293 -13.1272 35.5194 -70.5032 47.6932 25.66 17.0252 
1100.16 57.455 -19.1602 -29.4388 -35.7293 -13.1272 35.5194 -70.5032 47.6932 25.66 17.0252 
1100.16 57.455 -19.1602 -29.4388 -35.7293 -13.1272 35.5194 -70.5032 47.6932 25.66 17.0252 
1100.16 57.455 -19.1602 -29.4388 -35.7293 -13.1272 35.5194 -70.5032 47.6932 25.66 17.0252 
1100.16 57.455 -19.1602 -29.4388 -35.7293 -13.1272 35.5194 -70.5032 47.6932 25.66 17.0252 