0.998905836703586
0.998905856760432
0.998905842159117
0.998905849082233
0.99890584590017
0.998905851598653
0.998905841810373
0.998905857629083
0.99890584413815
0.998905840809023
0.998905842301663
0.9989058470266
0.998905850370425
0.998905838956666
0.998905843795388
0.998905850461931
0.998905849033895
0.998905852976526
0.998905858562005
0.998905846545944
0.998905847046121
0.998905849711508
0.998906352160054
0.99890584750361
0.998905858244804
0.998905848956722
0.998905855497685
0.998905847827761
0.998905847515099
0.998905848544331
0.998905856122232
0.998905842000952
0.998905845161384
0.998905846253629
0.998905840480728
