0.99586885736636
0.995868993613512
0.995869003927309
0.995868993753117
0.995868966417562
0.99586895624337
0.995868968883534
0.995869002198229
0.995868991363973
0.995868925660109
0.995868953637791
0.995868978654005
0.995868971202876
0.995868978654005
0.995868993458959
0.995868971202876
0.995868953567988
0.99586916369731
0.995868956103764
0.995868978584202
0.995868949610445
0.9958689036656
0.995868953567988
0.9958690418345
0.995869010432736
0.995868993613512
0.995869003927309
0.995868956173567
0.995868978654005
0.995868966345704
0.995868993613512
0.995868968667101
0.995868991363973
0.995868991433776
0.995868968953337
