0.917091112624606
0.91381438205754
0.914122634623433
0.914124929293617
0.913836904013833
0.916570650570159
0.913260772572115
0.915839738794341
0.914687340103207
0.916309356683639
0.913442974234137
0.917267720399743
0.915697318992854
0.914058783532397
0.916893502700927
0.916693834674663
0.914030992380975
0.91272991986032
0.914474741483188
0.916646103174367
0.917146249545538
0.915787925828106
0.914136797979382
0.913264995636114
0.913491881660731
0.915066480864364
0.914704407750347
0.914609362584522
0.913751417051175
0.916151932446902
0.915513790639749
0.915347631746313
0.913538565187709
0.916094790177548
0.914562817228031
