0.97734256949558
0.977354852712928
0.977332477742281
0.977360584970881
0.977361544751553
0.977367722086061
0.97734732577576
0.977352463838834
0.97733692618278
0.977353697677836
0.977354629173598
0.977369902398582
0.9773571446786
0.977339637141622
0.977352465387285
0.977369994961919
0.977348928960276
0.977347053212854
0.977347921750765
0.97734730917086
0.977357334277054
0.977355917964905
0.977346102308157
0.977361825965028
0.977347867000955
0.977363622501617
0.977344359461391
0.977351836092982
0.977358907125224
0.977359295792356
0.97735323862397
0.977366624650178
0.977345927468999
0.977351110805903
0.977362920711333
