0.896662928819201
0.901080407542133
0.889458272295011
0.896347917317548
0.897662944536802
0.898486673717149
0.896910163200542
0.897225193433698
0.897223384526458
0.898682731959359
0.896138459599431
0.897116891745391
0.898531616703798
0.89896754513316
0.901186949590003
0.896970963039989
0.900016760477544
0.898362853691389
0.898033069734054
0.896348877841172
0.89650795471334
0.897406682618899
0.89893173193744
0.900511321949405
0.902205923657775
0.898077179150217
0.889193221731915
0.909223521874975
0.896286127261869
0.900286184614271
0.898129295759139
0.900714568715811
0.889219606499334
0.898465950385976
0.906174514888096
