3.22022e+07 46.3688 85.6547 31.0406 53.1111 49.4096 -75.4499 59.9185 -16.8947 49.6932 -51.4758 
1198.93 96.8767 100 57.6687 83.6461 4.22241 8.49789 -50.6866 -99.9999 -13.149 16.3951 
1193.2 97.9904 100 58.6935 83.3205 4.29765 7.95681 -50.2147 -100 -12.9057 15.8841 
1192.53 97.7682 100 58.4033 83.2576 3.96066 8.00663 -50.35 -99.9998 -13.0069 15.4883 
1192.46 97.8869 100 58.4 83.2576 3.80698 8.00603 -50.3494 -100 -13.007 15.7745 
1191.96 98.9294 100 59.2185 83.2579 3.80368 8.00601 -50.3441 -100 -13.0071 14.8056 
1191.47 98.9853 100 59.2675 83.2102 3.74728 7.94437 -50.2897 -99.9999 -12.9902 15.1725 
1190.77 99.5761 100 59.2187 83.0801 2.82367 7.78225 -50.1966 -100 -12.942 15.029 
1190.77 99.5761 100 59.2187 83.0801 2.82367 7.78225 -50.1966 -100 -12.942 15.2023 
1190.74 99.6034 100 59.2315 83.0801 2.82367 7.78209 -50.1966 -100 -12.9419 14.7594 
1190.72 99.6034 100 59.2315 83.0801 2.82367 7.78172 -50.194 -100 -12.942 14.7594 
1190.68 99.6158 100 59.2509 83.0802 2.82491 7.7813 -50.1897 -100 -12.942 14.7773 
1190.57 99.6521 100 59.2509 82.8902 2.81659 7.52385 -50.0216 -100 -12.8523 14.7773 
1190.53 99.6664 100 59.2568 82.8897 2.81659 7.52372 -50.0216 -100 -12.8523 14.7773 
1190.53 99.6664 100 59.258 82.8897 2.81659 7.52372 -50.0216 -100 -12.8523 14.7773 
1190.52 99.6664 100 59.2801 82.8897 2.81659 7.52372 -50.0216 -100 -12.8523 14.8996 
1190.41 99.9166 100 59.4532 82.8897 2.81659 7.52372 -50.021 -100 -12.8523 14.8996 
1190.37 99.9994 100 59.5098 82.8898 2.78483 7.52357 -50.0208 -100 -12.8522 14.8205 
1190.37 100 100 59.5331 82.8898 2.78483 7.52357 -50.0208 -100 -12.8522 14.8297 
1190.37 100 100 59.5331 82.8898 2.78483 7.52357 -50.0208 -100 -12.8522 15.0669 
1190.36 100 100 59.5211 82.8898 2.77932 7.52357 -50.0208 -100 -12.8522 14.9639 
1190.36 100 100 59.5211 82.8898 2.77932 7.52357 -50.0207 -99.9988 -12.8522 14.9639 
1190.36 100 100 59.5211 82.8897 2.77932 7.52357 -50.0207 -99.9988 -12.8522 14.9639 
1190.36 100 100 59.5211 82.8897 2.77932 7.52357 -50.0208 -99.9988 -12.8522 14.9639 
1190.36 100 100 59.5211 82.8897 2.77932 7.52357 -50.0208 -99.9988 -12.8522 14.9639 
1190.36 100 100 59.5211 82.8897 2.77932 7.52357 -50.0209 -99.9988 -12.8522 14.9639 
1190.36 100 100 59.5211 82.8897 2.77932 7.52357 -50.0209 -99.9988 -12.8522 14.9639 
1190.36 100 100 59.5211 82.8897 2.77932 7.52357 -50.0209 -99.9988 -12.8522 14.9639 
1190.36 100 100 59.5211 82.8897 2.77932 7.52357 -50.0209 -99.9988 -12.8522 14.9639 
1190.36 100 100 59.5211 82.8897 2.77932 7.52357 -50.0209 -99.9988 -12.8522 14.9639 
1190.36 100 100 59.5211 82.8897 2.77932 7.52357 -50.0209 -99.9988 -12.8522 14.9639 
1190.36 100 100 59.5211 82.8897 2.77932 7.52357 -50.0209 -99.9988 -12.8522 14.9639 
1190.36 100 100 59.5211 82.8897 2.77932 7.52357 -50.0209 -99.9988 -12.8522 14.9639 
1190.36 100 100 59.5211 82.8897 2.77932 7.52357 -50.0209 -99.9988 -12.8522 14.9639 
1190.36 100 100 59.5211 82.8897 2.77932 7.52357 -50.0209 -99.9988 -12.8522 14.9639 
1190.36 100 100 59.5211 82.8897 2.77932 7.52357 -50.0209 -99.9988 -12.8522 14.9639 
1190.36 100 100 59.5211 82.8897 2.77932 7.52357 -50.0209 -99.9988 -12.8522 14.9639 
1190.36 100 100 59.5211 82.8897 2.77932 7.52357 -50.0209 -99.9988 -12.8522 14.9639 
1190.36 100 100 59.5211 82.8897 2.77932 7.52357 -50.0209 -99.9988 -12.8522 14.9639 
1190.36 100 100 59.5211 82.8897 2.77932 7.52357 -50.0209 -99.9988 -12.8522 14.9639 
1190.36 100 100 59.5211 82.8897 2.77932 7.52357 -50.0209 -99.9988 -12.8522 14.9639 
1190.36 100 100 59.5211 82.8897 2.77932 7.52357 -50.0209 -99.9988 -12.8522 14.9639 
1190.36 100 100 59.5211 82.8897 2.77932 7.52357 -50.0209 -99.9988 -12.8522 14.9639 
1190.36 100 100 59.5211 82.8897 2.77932 7.52357 -50.0209 -99.9988 -12.8522 14.9639 
1190.36 100 100 59.5211 82.8897 2.77932 7.52357 -50.0209 -99.9988 -12.8522 14.9639 
1190.36 100 100 59.5211 82.8897 2.77932 7.52357 -50.0209 -99.9988 -12.8522 14.9639 
1190.36 100 100 59.5211 82.8897 2.77932 7.52357 -50.0209 -99.9988 -12.8522 14.9639 
1190.36 100 100 59.5211 82.8897 2.77932 7.52357 -50.0209 -99.9988 -12.8522 14.9639 
1190.36 100 100 59.5211 82.8897 2.77932 7.52357 -50.0209 -99.9988 -12.8522 14.9639 
1190.36 100 100 59.5211 82.8897 2.77932 7.52357 -50.0209 -99.9988 -12.8522 14.9639 
1190.36 100 100 59.5211 82.8897 2.77932 7.52357 -50.0209 -99.9988 -12.8522 14.9639 
1190.36 100 100 59.5211 82.8897 2.77932 7.52357 -50.0209 -99.9988 -12.8522 14.9639 
1190.36 100 100 59.5211 82.8897 2.77932 7.52357 -50.0209 -99.9988 -12.8522 14.9639 
1190.36 100 100 59.5211 82.8897 2.77932 7.52357 -50.0209 -99.9988 -12.8522 14.9639 
1190.36 100 100 59.5211 82.8897 2.77983 7.52356 -50.0209 -99.9988 -12.8522 14.9639 
1190.36 100 100 59.5211 82.8897 2.77983 7.52356 -50.0209 -99.9988 -12.8522 14.9639 
1190.36 100 100 59.5211 82.8897 2.77983 7.52356 -50.0209 -99.9988 -12.8522 14.9639 
1190.36 100 100 59.5211 82.8897 2.77983 7.52356 -50.0209 -99.9988 -12.8522 14.9639 
1190.36 100 100 59.5211 82.8897 2.77983 7.52356 -50.0209 -99.9988 -12.8522 14.9639 
1190.36 100 100 59.5211 82.8897 2.77983 7.52356 -50.0209 -99.9988 -12.8522 14.9639 
1190.36 100 100 59.5211 82.8897 2.77983 7.52356 -50.0209 -99.9988 -12.8522 14.9639 
1190.36 100 99.9998 50.1954 71.7305 12.054 5.23611 -58.4447 -98.4999 -19.9963 23.1717 
1190.33 100 99.9987 50.1976 71.8116 12.0611 5.3221 -58.483 -98.3407 -20.0116 22.9665 
1190.33 100 99.9976 50.1976 71.8116 12.059 5.3221 -58.483 -98.3407 -20.0116 22.9546 
1190.33 100 99.9998 50.1987 71.805 12.0671 5.31451 -58.4786 -98.3414 -20.0098 22.9546 
1190.33 100 99.9996 50.1987 71.805 12.0621 5.31451 -58.4786 -98.3439 -20.0098 22.9546 
1190.32 100 99.9964 50.1987 71.805 12.0621 5.31451 -58.4786 -98.3426 -20.0098 22.9546 
1190.32 100 99.9964 50.1989 71.805 12.0624 5.31451 -58.4786 -98.3426 -20.0098 22.9546 
1190.32 100 99.9964 50.1989 71.805 12.0624 5.31451 -58.4786 -98.3426 -20.0098 22.9546 
1190.32 100 99.9964 50.1989 71.805 12.0624 5.31451 -58.4786 -98.3426 -20.0098 22.9546 
1190.32 100 99.9964 50.1989 71.805 12.0624 5.31451 -58.4786 -98.3426 -20.0098 22.9546 
1190.32 100 99.9964 50.1989 71.805 12.0624 5.31451 -58.4786 -98.3426 -20.0098 22.9546 
1190.32 100 99.9964 50.1992 71.805 12.0624 5.31451 -58.4786 -98.3426 -20.0098 22.9546 
1190.32 100 99.9964 50.1992 71.805 12.0624 5.31451 -58.4786 -98.3425 -20.0098 22.9546 
1190.32 100 99.9964 50.1992 71.805 12.0624 5.31451 -58.4786 -98.3425 -20.0098 22.9546 
1190.32 100 99.9977 50.1992 71.797 12.059 5.29423 -58.4586 -98.3425 -19.9968 22.9546 
1190.32 100 99.9997 50.1992 71.8066 12.059 5.29887 -58.4558 -98.3425 -19.9931 22.9546 
1190.32 100 100 50.1992 71.8066 12.059 5.29887 -58.4558 -98.3425 -19.9931 22.9546 
1190.32 100 100 50.1992 71.8066 12.059 5.29887 -58.4558 -98.3425 -19.9931 22.9546 
1190.32 100 100 50.1992 71.8066 12.0571 5.29887 -58.4558 -98.3425 -19.9931 22.9546 
1190.32 100 100 50.1992 71.8066 12.0571 5.29887 -58.4558 -98.3425 -19.9931 22.9546 
1190.32 100 100 50.1992 71.8066 12.0571 5.29887 -58.4558 -98.3425 -19.9931 22.9546 
1190.32 100 100 50.1992 71.8066 12.0571 5.29887 -58.4558 -98.3425 -19.9931 22.9546 
1190.32 100 100 50.1992 71.8066 12.0571 5.29887 -58.4558 -98.3425 -19.9931 22.9546 
1190.32 100 100 50.1992 71.8028 12.0613 5.29423 -58.4535 -98.3425 -19.9918 22.9546 
1190.32 100 100 50.1992 71.8028 12.0613 5.29423 -58.4534 -98.3425 -19.9918 22.9546 
1190.32 100 100 50.1992 71.8028 12.0613 5.29423 -58.4534 -98.3425 -19.9918 22.9546 
1190.32 100 100 50.1992 71.8028 12.0613 5.29423 -58.4534 -98.3425 -19.9918 22.9546 
1190.32 100 100 50.1992 71.8028 12.0613 5.29423 -58.4534 -98.3425 -19.9918 22.9546 
1190.32 99.9999 99.996 50.2018 71.8009 12.0662 5.29645 -58.4584 -98.186 -19.9955 22.748 
1190.32 100 99.9952 50.2017 71.801 12.062 5.29649 -58.4586 -98.1796 -19.9955 22.7279 
1190.32 100 99.999 50.2006 71.7952 12.0603 5.28765 -58.4527 -98.089 -19.9917 22.6001 
1190.32 100 99.999 50.2006 71.7952 12.0603 5.28767 -58.4526 -98.089 -19.9917 22.6001 
1190.32 100 99.999 50.2006 71.7952 12.0603 5.28767 -58.4526 -98.089 -19.9917 22.6001 
1190.32 100 99.999 50.2006 71.7952 12.0603 5.28767 -58.4526 -98.089 -19.9917 22.6001 
1190.32 100 99.999 50.2006 71.7952 12.0603 5.28767 -58.4526 -98.089 -19.9917 22.6001 
1190.32 100 99.999 50.2006 71.7952 12.0603 5.28767 -58.4526 -98.089 -19.9917 22.6001 
1190.32 100 99.999 50.2006 71.7952 12.0603 5.28767 -58.4526 -98.089 -19.9917 22.6001 
1190.32 100 99.999 50.2006 71.7952 12.0603 5.28767 -58.4526 -98.089 -19.9917 22.6001 
1190.32 100 99.999 50.2006 71.7952 12.0603 5.28767 -58.4526 -98.089 -19.9917 22.6001 
1190.32 100 99.999 50.2006 71.7952 12.0603 5.28767 -58.4526 -98.089 -19.9917 22.6001 