1172.83 41.6481 -42.7564 -27.4183 89.8691 -29.0726 -72.0293 -8.71794 -1.96855 96.4193 -96.4726 
1000.41 87.6881 39.4649 56.4166 75.572 -25.2292 -53.3537 -39.1988 93.5623 15.1282 33.5592 
1000.41 87.6881 39.4649 56.4166 75.572 -25.2292 -53.3537 -39.1988 93.562 15.1282 33.5592 
1000.4 87.6881 39.4649 56.4166 75.572 -25.2292 -53.3537 -39.1988 93.5617 15.1282 33.5592 
1000.4 87.6881 39.4649 56.4166 75.572 -25.2292 -53.3537 -39.1988 93.5617 15.1282 33.5592 
1000.4 87.6881 39.4649 56.4166 75.572 -25.2292 -53.3537 -39.1988 93.5617 15.1282 33.5592 
1000.4 87.6881 39.4649 56.4166 75.572 -25.2292 -53.3537 -39.1988 93.5617 15.1282 33.5592 
1000.4 87.6881 39.4649 56.4166 75.572 -25.2292 -53.3537 -39.1988 93.5617 15.1282 33.5592 
1000.4 87.6881 39.4649 56.4166 75.572 -25.2292 -53.3537 -39.1988 93.5617 15.1282 33.5592 
1000.4 87.6881 39.4649 56.4166 75.572 -25.2292 -53.3537 -39.1988 93.5617 15.1282 33.5592 
1000.4 87.6881 39.4649 56.4166 75.572 -25.2292 -53.3537 -39.1988 93.5617 15.1282 33.5592 
1000.4 87.6881 39.4649 56.4166 75.572 -25.2292 -53.3537 -39.1988 93.5618 15.1282 33.5592 
1000.4 87.6881 39.4649 56.4166 75.572 -25.2292 -53.3537 -39.1988 93.5618 15.1282 33.5592 
1000.4 87.6881 39.4649 56.4166 75.572 -25.2292 -53.3537 -39.1988 93.5618 15.1282 33.5592 
1000.25 83.7543 32.1501 58.881 76.0865 -25.2292 -50.1524 -49.2657 93.9243 26.4236 31.7946 
1000.25 83.7543 32.1501 58.881 76.0865 -25.2292 -50.1524 -49.2657 93.9243 26.4236 31.7946 
1000.24 83.7543 32.1501 58.881 76.0865 -25.2292 -50.1524 -49.2657 93.9227 26.4236 31.7946 
1000.24 83.7543 32.1501 58.881 76.0865 -25.2292 -50.1524 -49.2657 93.9227 26.4236 31.7946 
1000.24 83.7543 32.1501 58.881 76.0865 -25.2292 -50.1524 -49.2657 93.923 26.4236 31.7946 
1000.24 83.7543 32.1501 58.881 76.0865 -25.2292 -50.1524 -49.2657 93.9231 26.4236 31.7946 
1000.23 83.7543 32.1501 58.881 76.0865 -25.2292 -50.1524 -49.2657 93.9232 26.4236 31.7946 
1000.23 83.7543 32.1501 58.881 76.0865 -25.2292 -50.1524 -49.2657 93.9232 26.4236 31.7946 
1000.23 83.7543 32.1501 58.881 76.0865 -25.2292 -50.1524 -49.2657 87.2185 26.4236 31.7946 
1000.22 83.7543 32.1501 58.881 76.0865 -25.2292 -50.1524 -49.2657 87.2128 26.4236 31.7946 
1000.21 83.7543 32.1501 58.8808 76.0865 -25.2292 -50.1524 -49.2657 87.2129 26.4236 31.7946 
1000.21 83.7543 32.1501 58.8808 76.0865 -25.2292 -50.1524 -49.2657 87.213 26.4236 31.7946 
1000.2 83.7543 32.1501 58.8808 76.0865 -25.2292 -50.1524 -49.2657 87.2137 26.4236 31.7946 
1000.2 83.7543 32.1501 58.8808 76.0865 -25.2292 -50.1524 -49.2657 87.2137 26.4236 31.7946 
1000.2 83.7543 32.1501 58.8808 76.0865 -25.2292 -50.1524 -49.2657 87.2137 26.4236 31.7946 
1000.2 83.7543 32.1501 58.8808 76.0865 -25.2292 -50.1524 -49.2657 87.2137 26.4236 31.7946 
1000.2 83.7543 32.1501 58.8808 76.0865 -25.2292 -50.1524 -49.2657 87.2137 26.4236 31.7946 
1000.2 83.7543 32.1501 58.8808 76.0865 -25.2292 -50.1524 -49.2657 87.2137 26.4236 31.7946 
1000.2 83.7543 32.1501 58.8808 76.086 -25.2292 -50.1524 -49.2657 87.2137 26.4236 31.7946 
1000.2 83.7543 32.1501 58.8808 76.086 -25.2292 -50.1524 -49.2657 87.2137 26.4236 31.7946 
1000.2 83.7543 32.1501 58.8808 76.086 -25.2292 -50.1524 -49.2657 87.2137 26.4236 31.7946 
1000.2 83.7543 32.1501 58.8808 76.086 -25.2292 -50.1524 -49.2657 87.2137 26.4236 31.7946 
1000.2 83.7543 32.1501 58.8808 76.086 -25.2292 -50.1524 -49.2657 87.2137 26.4236 31.7946 
1000.2 83.7543 32.1501 58.8808 76.086 -25.2292 -50.1524 -49.2657 87.2137 26.4236 31.7946 
1000.2 83.7543 32.1501 58.8808 76.086 -25.2292 -50.1524 -49.2657 87.2137 26.4236 31.7946 
1000.2 83.7543 32.1501 58.8808 76.086 -25.2292 -50.1524 -49.2657 87.2137 26.4236 31.7946 
1000.2 83.7543 32.1501 58.8808 76.086 -25.2292 -50.1524 -49.2657 87.2137 26.4236 31.7946 
1000.2 83.7543 32.1501 58.8808 76.086 -25.2292 -50.1524 -49.2657 87.2137 26.4236 31.7946 
1000.2 83.7543 32.1501 58.8808 76.086 -25.2292 -50.1524 -49.2657 87.2137 26.4236 31.7946 
1000.2 83.7543 32.1501 58.8808 76.086 -25.2292 -50.1524 -49.2657 87.2137 26.4236 31.7946 
1000.2 83.7543 32.1501 58.8808 76.086 -25.2292 -50.1524 -49.2657 87.2137 26.4236 31.7946 
1000.2 83.7543 32.1501 58.8808 76.086 -25.2292 -50.1524 -49.2657 87.2137 26.4236 31.7946 
1000.2 83.7543 32.1501 58.8808 76.086 -25.2292 -50.1524 -49.2657 87.2137 26.4236 31.7946 
1000.2 83.7543 32.1501 58.8808 76.086 -25.2292 -50.1524 -49.2657 87.2137 26.4236 31.7946 
1000.2 83.7543 32.1501 58.8808 76.086 -25.2292 -50.1524 -49.2657 87.2137 26.4236 31.7946 
1000.2 83.7543 32.1501 58.8808 76.086 -25.2292 -50.1524 -49.2657 87.2137 26.4236 31.7946 
1000.2 83.7543 32.1501 58.8808 76.086 -25.2292 -50.1524 -49.2657 87.2137 26.4236 31.7946 
1000.2 83.7543 32.1501 58.8808 76.086 -25.2292 -50.1524 -49.2657 87.2137 26.4236 31.7946 
1000.2 83.7543 32.1501 58.8808 76.086 -25.2292 -50.1524 -49.2657 87.2137 26.4236 31.7946 
1000.2 83.7543 32.1501 58.8808 76.086 -25.2292 -50.1524 -49.2657 87.2137 26.4236 31.7946 
1000.2 83.7543 32.1501 58.8808 76.086 -25.2292 -50.1524 -49.2657 87.2137 26.4236 31.7946 
1000.2 83.7543 32.1501 58.8808 76.086 -25.2292 -50.1524 -49.2657 87.2137 26.4236 31.7946 
1000.2 83.7543 32.1501 58.8808 76.086 -25.2292 -50.1524 -49.2657 87.2137 26.4236 31.7946 
1000.2 83.7543 32.1501 58.8808 76.086 -25.2292 -50.1524 -49.2657 87.2137 26.4236 31.7946 
1000.2 83.7543 32.1501 58.8808 76.086 -25.2292 -50.1524 -49.2657 87.2137 26.4236 31.7946 
1000.2 83.7543 32.1501 58.8808 76.086 -25.2292 -50.1524 -49.2657 87.2137 26.4236 31.7946 
1000.2 83.7543 32.1501 58.8808 76.086 -25.2292 -50.1524 -49.2657 87.2137 26.4236 31.7946 
1000.2 83.7543 32.1501 58.8808 76.086 -25.2292 -50.1524 -49.2657 87.2137 26.4236 31.7946 
1000.2 83.7543 32.1501 58.8808 76.086 -25.2292 -50.1524 -49.2657 87.2137 26.4236 31.7946 
1000.2 83.7543 32.1501 58.8808 76.086 -25.2292 -50.1524 -49.2657 87.2137 26.4236 31.7946 
1000.19 72.024 34.0705 59.6521 74.0012 -17.3147 -49.4793 -55.3759 96.45 35.7702 35.3591 
1000.18 72.024 34.0705 59.43 74.0012 -17.3147 -49.4793 -55.3759 96.8312 35.7702 35.3591 
1000.18 72.024 34.0705 59.43 74.0012 -17.3147 -49.4793 -55.3759 96.8312 35.7702 35.3591 
1000.18 72.024 34.0705 59.43 74.0012 -17.3147 -49.4793 -55.3759 96.8312 35.7702 35.3591 
1000.17 72.6703 37.6354 58.3497 74.9324 -21.6947 -55.3005 -45.1178 83.0532 33.2705 33.5152 
1000.16 71.4193 25.6921 61.785 71.6243 -14.6092 -49.5764 -66.3057 83.6331 22.4477 33.8701 
1000.16 71.4193 25.6921 61.785 71.6243 -18.0225 -47.3904 -66.3057 83.6331 22.4477 33.8701 
1000.13 67.4566 37.7784 57.2283 74.5776 -18.2608 -55.2131 -58.5696 83.1084 29.831 31.7322 
1000.13 67.4566 37.7784 57.2283 74.5776 -18.2608 -55.2131 -58.5696 83.1084 29.831 31.7322 
1000.13 67.4566 37.7784 57.2283 74.5776 -18.2608 -55.2131 -58.5696 83.1084 29.831 31.7322 
1000.13 67.4566 37.7784 57.228 74.5776 -18.2608 -55.2131 -58.5696 83.1084 29.831 31.7322 
1000.13 67.4566 37.7784 57.228 74.5776 -18.2608 -55.2131 -58.5696 83.1084 29.831 31.7322 
1000.13 67.4566 37.7784 57.228 74.5776 -18.2608 -55.2131 -58.5696 83.1084 29.831 31.7322 
1000.13 67.4566 37.7784 57.228 74.5776 -18.2608 -55.2131 -58.5696 83.1084 29.831 31.7322 
1000.13 67.4566 37.7784 57.2281 74.5776 -18.2608 -55.2131 -58.5696 83.1084 29.831 31.7322 
1000.13 67.4566 37.7784 57.2281 74.5776 -18.2608 -55.2131 -58.5696 83.1084 29.831 31.7322 
1000.11 68.8022 29.4989 60.1836 69.0227 -15.167 -44.7281 -61.119 80.5908 28.79 32.5955 
1000.08 72.5241 27.1973 61.5792 68.2353 -16.7789 -48.6514 -57.9817 78.8446 25.7071 32.6378 
1000.08 72.5241 27.1973 61.5792 68.2353 -16.7789 -48.6514 -57.9817 78.8446 25.7071 32.6378 
1000.07 72.5241 27.1973 61.5792 68.2353 -16.7789 -48.6514 -57.9817 78.8446 25.7071 32.6374 
1000.07 72.5241 27.1973 61.5792 68.2353 -16.7789 -48.6514 -57.9817 78.8446 25.7071 32.6374 
1000.07 67.8386 29.1942 64.6176 68.3803 -14.6887 -50.0229 -55.4513 83.7685 27.3696 31.4721 
1000.04 69.883 28.9291 61.9533 66.561 -12.399 -50.1969 -54.8525 80.7067 27.1663 32.743 
1000.04 69.883 28.9291 61.9533 66.561 -12.399 -50.1969 -54.8525 80.7067 27.1663 32.743 
1000.04 69.883 28.9291 61.9533 66.561 -12.399 -50.1969 -54.8525 80.7067 27.1663 32.743 
1000.04 69.883 28.9291 61.9648 66.5678 -12.399 -50.1969 -54.8525 80.7067 27.1663 32.743 
1000.04 69.883 28.9291 61.9648 66.5678 -12.399 -50.1969 -54.8525 80.7067 27.1663 32.743 
1000.03 69.0582 29.8313 62.241 67.4531 -13.6257 -50.0236 -57.2046 79.5813 27.6262 34.658 
1000.03 69.0582 29.8313 62.241 67.4531 -13.6257 -50.0236 -57.2046 79.5813 27.6262 34.658 
1000.03 69.0582 29.8313 62.241 67.4531 -13.6257 -50.0236 -57.2046 79.5813 27.6262 34.658 
1000.03 69.0582 29.8313 62.241 67.4531 -13.6257 -50.0236 -57.2046 79.5813 27.6262 34.658 
1000.03 69.0582 29.8313 62.241 67.4531 -13.6257 -50.0236 -57.2046 79.5813 27.6262 34.658 
1000.03 69.0582 29.8313 62.241 67.4531 -13.6257 -50.0236 -57.2046 79.5813 27.6262 34.658 
1000.03 69.0582 29.8313 62.241 67.4531 -13.6257 -50.0236 -57.2046 79.5813 27.6262 34.658 
1000.03 69.0582 29.8313 62.241 67.4531 -13.6257 -50.0236 -57.2046 79.5813 27.6262 34.658 
1000.03 69.0582 29.8313 62.241 67.4531 -13.6257 -50.0236 -57.2046 79.5813 27.6262 34.658 
1000.03 69.0582 29.8313 62.241 67.4531 -13.6257 -50.0236 -57.2046 79.5813 27.6262 34.658 