0.577351  0.577351  0.577349  
0.577351  0.577351  0.577349  
4.32978e-17  4.32978e-17  1  
0.577351  0.577351  0.577349  
0.688247  0.688247  0.229414  
0.301511  0.301511  0.904534  
0.703527  0.703527  0.100501  
0.457496  0.457496  0.762493  
0.650945  0.650945  0.390566  
0.140027  0.140027  0.980196  
0.706322  0.706322  0.0470872  
0.523206  0.523206  0.672689  
0.673189  0.673189  0.305994  
0.219379  0.219379  0.950655  
0.697877  0.697877  0.161048  
0.38236  0.38236  0.841191  
0.619586  0.619586  0.481899  
0.0663715  0.0663715  0.995585  
0.706923  0.706923  0.0228039  
0.551784  0.551784  0.625355  
0.6815  0.6815  0.266673  
0.260331  0.260331  0.929761  
0.701121  0.701121  0.129836  
0.420903  0.420903  0.803543  
0.636524  0.636524  0.435516  
0.102358  0.102358  0.989467  
0.705223  0.705223  0.0729528  
0.491705  0.491705  0.718646  
0.663085  0.663085  0.347328  
0.179143  0.179143  0.967376  
0.693643  0.693643  0.194216  
0.342377  0.342377  0.874961  
0.599918  0.599918  0.529336  
0.0322245  0.0322245  0.998961  
0.707031  0.707031  0.0146359  
0.564945  0.564945  0.601394  
0.683055  0.683055  0.258595  
0.280926  0.280926  0.917694  
0.699049  0.699049  0.150539  
0.439472  0.439472  0.783409  
0.643843  0.643843  0.413439  
0.120995  0.120995  0.985251  
0.703775  0.703775  0.0969583  
0.50781  0.50781  0.695887  
0.647527  0.647527  0.401767  
0.199146  0.199146  0.959522  
0.678913  0.678913  0.279563  
0.362513  0.362513  0.858585  
0.580264  0.580264  0.571477  
0.0490616  0.0490616  0.99759  
0.705006  0.705006  0.0770288  
0.516872  0.516872  0.682412  
0.626073  0.626073  0.464828  
0.239797  0.239797  0.940741  
0.672216  0.672216  0.310245  
0.401845  0.401845  0.822825  
0.535878  0.535878  0.652434  
0.0841437  0.0841437  0.992895  
0.687556  0.687556  0.233523  
0.413191  0.413191  0.811508  
0.538672  0.538672  0.647815  
0.159423  0.159423  0.974253  
0.606687  0.606687  0.513674  
0.322016  0.322016  0.890287  
0.423208  0.423208  0.801118  
0.015869  0.015869  0.999748  
0.706913  0.706913  0.0234065  
0.37704  0.37704  0.845979  
0.541336  0.541336  0.64336  
0.2556  0.2556  0.932382  
0.639337  0.639337  0.427197  
0.276344  0.276344  0.920472  
0.39363  0.39363  0.83073  
0.130464  0.130464  0.982832  
0.676953  0.676953  0.288909  
0.256092  0.256092  0.932113  
0.388245  0.388245  0.835782  
0.167086  0.167086  0.971681  
0.491402  0.491402  0.71906  
0.175597  0.175597  0.968675  
0.249521  0.249521  0.93567  
0.0576583  0.0576583  0.99667  
0.683669  0.683669  0.25533  
0.175582  0.175582  0.96868  
0.287478  0.287478  0.913626  
0.105665  0.105665  0.988772  
0.393883  0.393883  0.83049  
0.106319  0.106319  0.988632  
0.153541  0.153541  0.97614  
0.0642317  0.0642317  0.995866  
0.419302  0.419302  0.805215  
0.0775289  0.0775289  0.993971  
0.115222  0.115222  0.986634  
0.0413687  0.0413687  0.998287  
0.128541  0.128541  0.983338  
0.0330446  0.0330446  0.998907  
0.0388545  0.0388545  0.998489  
0.013453  0.013453  0.999819  
0.301835  0.301835  0.904318  
0.00494237  0.00494237  0.999976  
