1  1.05217e-45  3.37897e-41  
0.996933  0.0553384  0.0553465  
0.991631  0.12248  0.0408333  
0.98657  0.0516303  0.154964  
0.976448  0.213594  0.0304446  
0.978672  0.105698  0.176151  
0.973171  0.197305  0.11836  
0.953122  0.0392467  0.300032  
0.937691  0.346703  0.0230872  
0.956398  0.179306  0.230549  
0.944087  0.300142  0.136436  
0.924017  0.0859606  0.372562  
0.914661  0.393874  0.090876  
0.920066  0.162109  0.35665  
0.92  0.309382  0.240589  
0.859793  0.033852  0.50952  
0.839912  0.542442  0.0174508  
0.895492  0.294476  0.333733  
0.869244  0.460397  0.180134  
0.847306  0.142975  0.511498  
0.821458  0.560735  0.103839  
0.847519  0.245683  0.47048  
0.843986  0.442675  0.302865  
0.765951  0.0642777  0.639678  
0.752576  0.655013  0.0677325  
0.811772  0.329729  0.48198  
0.792042  0.540773  0.283256  
0.732941  0.123858  0.668922  
0.738966  0.64879  0.181661  
0.743167  0.243266  0.623317  
0.758977  0.488271  0.430751  
0.634728  0.021901  0.772426  
0.614969  0.788453  0.0124947  
0.723205  0.47288  0.503348  
0.675276  0.693591  0.250867  
0.652985  0.221656  0.724209  
0.607895  0.783604  0.128173  
0.659318  0.367594  0.655877  
0.6519  0.638398  0.409235  
0.556802  0.0988432  0.824743  
0.531907  0.843783  0.0714546  
0.617437  0.463648  0.635454  
0.587614  0.727068  0.35508  
0.527446  0.17179  0.832039  
0.525146  0.824647  0.21019  
0.54097  0.326332  0.775151  
0.555452  0.640311  0.530542  
0.433276  0.0394489  0.900397  
0.421364  0.905798  0.0445152  
0.516657  0.546214  0.659329  
0.476985  0.809697  0.341872  
0.437712  0.221478  0.87141  
0.415868  0.890454  0.184787  
0.446994  0.392443  0.803856  
0.450107  0.721334  0.526384  
0.352428  0.0785304  0.932538  
0.350949  0.929428  0.114009  
0.409128  0.492442  0.76819  
0.392077  0.802328  0.450051  
0.32759  0.151847  0.932538  
0.341569  0.898691  0.275109  
0.337927  0.319861  0.885152  
0.356529  0.680948  0.639685  
0.25524  0.0130197  0.96679  
0.24431  0.969667  0.00763216  
0.321784  0.658959  0.679874  
0.281951  0.906311  0.314807  
0.26821  0.293263  0.917638  
0.2356  0.960649  0.147124  
0.26839  0.483414  0.833233  
0.259564  0.820678  0.509032  
0.205267  0.128402  0.970247  
0.18805  0.979364  0.0740465  
0.231507  0.5854  0.776989  
0.210143  0.884382  0.416782  
0.180584  0.210452  0.960781  
0.174881  0.956812  0.232223  
0.180634  0.394755  0.900855  
0.182333  0.766724  0.615539  
0.130969  0.0567435  0.989761  
0.121712  0.991747  0.0402883  
0.152661  0.642265  0.751126  
0.134646  0.917941  0.373169  
0.118382  0.256437  0.959284  
0.106286  0.975722  0.191494  
0.112009  0.448562  0.886705  
0.108523  0.811859  0.573679  
0.0776568  0.0933194  0.992603  
0.0727976  0.991036  0.112016  
0.0803453  0.550412  0.831018  
0.0729057  0.876768  0.475356  
0.054826  0.171441  0.983668  
0.0527127  0.958341  0.280721  
0.0450816  0.351866  0.934964  
0.0407556  0.738826  0.672663  
0.0265839  0.0235337  0.99937  
0.0210974  0.99949  0.0239657  
0.0216705  0.673065  0.739266  
0.0130534  0.935844  0.352172  
1.72134e-17  0.281117  0.959674  
