1  6.82406e-15  6.55826e-13  
0.99693  0.0553524  0.0553745  
0.99163  0.122486  0.0408233  
0.986572  0.0516587  0.154942  
0.976446  0.213594  0.0304996  
0.978672  0.105688  0.176159  
0.97319  0.197286  0.118231  
0.953027  0.0428355  0.299842  
0.937743  0.34656  0.0231026  
0.956432  0.17931  0.230405  
0.944084  0.300169  0.136396  
0.924165  0.0840767  0.372626  
0.914673  0.39386  0.0908183  
0.920211  0.161442  0.356579  
0.91998  0.309406  0.240634  
0.859811  0.0339553  0.509482  
0.839911  0.542443  0.0174915  
0.89551  0.294481  0.33368  
0.869259  0.460372  0.180131  
0.847279  0.143197  0.511482  
0.82147  0.56074  0.103723  
0.847402  0.246349  0.470342  
0.844039  0.442707  0.302668  
0.765887  0.0655621  0.639624  
0.75258  0.655012  0.0676904  
0.81193  0.329173  0.482094  
0.792092  0.540686  0.283282  
0.732959  0.123661  0.668939  
0.738972  0.648805  0.181585  
0.743115  0.243874  0.623142  
0.759049  0.488182  0.430724  
0.634745  0.0206154  0.772447  
0.614905  0.788502  0.012513  
0.723219  0.472591  0.503599  
0.675345  0.693595  0.250671  
0.653135  0.220198  0.724518  
0.608027  0.783526  0.128028  
0.659277  0.367743  0.655834  
0.651835  0.638549  0.409105  
0.556694  0.100699  0.824592  
0.531932  0.843763  0.0715016  
0.617449  0.463484  0.635563  
0.587604  0.72711  0.355012  
0.527459  0.171647  0.83206  
0.525102  0.824678  0.210179  
0.540997  0.326091  0.775234  
0.555539  0.640461  0.530271  
0.433241  0.0414741  0.900323  
0.421353  0.905803  0.0445276  
0.516642  0.546319  0.659255  
0.476751  0.809818  0.34191  
0.437691  0.221609  0.871388  
0.415897  0.890457  0.184704  
0.446802  0.392284  0.804041  
0.450144  0.7213  0.5264  
0.352429  0.078189  0.932566  
0.350918  0.92945  0.113929  
0.408231  0.492642  0.768538  
0.392111  0.802388  0.449914  
0.327593  0.151666  0.932566  
0.341466  0.898758  0.275019  
0.337948  0.319366  0.885323  
0.356553  0.680974  0.639644  
0.255253  0.00815795  0.96684  
0.2443  0.96967  0.00763452  
0.321778  0.65897  0.679865  
0.281722  0.906382  0.31481  
0.267495  0.293314  0.917831  
0.235207  0.96075  0.147095  
0.268404  0.48333  0.833278  
0.259485  0.820728  0.508992  
0.205108  0.127166  0.970443  
0.188026  0.979375  0.0739674  
0.230504  0.58554  0.777182  
0.211087  0.884206  0.416679  
0.179619  0.21046  0.96096  
0.174787  0.956835  0.232197  
0.178944  0.394758  0.901191  
0.18151  0.766843  0.615635  
0.130967  0.0557806  0.989816  
0.121813  0.991734  0.0403051  
0.154409  0.642112  0.7509  
0.134541  0.917939  0.373212  
0.118539  0.256431  0.959266  
0.105232  0.975831  0.19152  
0.109607  0.448684  0.886944  
0.108506  0.811847  0.573699  
0.0774186  0.0933153  0.992622  
0.0726516  0.991052  0.111971  
0.0804403  0.550401  0.831016  
0.072479  0.876795  0.475371  
0.0538075  0.171466  0.98372  
0.0527281  0.958357  0.280663  
0.0452914  0.351862  0.934955  
0.0432904  0.738747  0.672591  
0.026581  0.0229666  0.999383  
0.0210745  0.999491  0.0239587  
0.0205929  0.67308  0.739283  
0.0124632  0.935842  0.352199  
9.31265e-13  0.28104  0.959696  
