0.5  2.70894e-14  0  
0.450006  0.0249956  0.0249982  
0.429291  0.0530317  0.0176776  
0.413406  0.0216473  0.0649464  
0.400005  0.0874982  0.0124971  
0.388199  0.0419249  0.0698757  
0.377532  0.0765437  0.0459245  
0.36772  0.0165232  0.115757  
0.358581  0.132583  0.00883637  
0.350004  0.0656225  0.0843732  
0.341885  0.108703  0.0494113  
0.334172  0.0310927  0.134735  
0.326799  0.140728  0.0324737  
0.319727  0.0563345  0.123938  
0.312929  0.105224  0.0818475  
0.306375  0.0120633  0.181562  
0.300014  0.193758  0.00622891  
0.293848  0.0966325  0.109519  
0.287868  0.15247  0.0596617  
0.282056  0.0476743  0.17027  
0.276395  0.188668  0.034937  
0.270876  0.0787538  0.15037  
0.26548  0.139244  0.0952757  
0.260209  0.0224791  0.217312  
0.255053  0.221983  0.0229633  
0.250003  0.10156  0.148438  
0.245046  0.167314  0.0876396  
0.240191  0.0405947  0.219214  
0.235428  0.206699  0.0578724  
0.230744  0.0757247  0.193531  
0.22614  0.145489  0.128371  
0.22161  0.00869712  0.269693  
0.217159  0.278425  0.0044155  
0.212773  0.139126  0.148101  
0.208455  0.214103  0.077442  
0.20425  0.0692022  0.226548  
0.199991  0.257821  0.0421888  
0.195863  0.109297  0.19484  
0.191782  0.187818  0.1204  
0.187746  0.0341499  0.278104  
0.183777  0.291521  0.0247018  
0.179853  0.135061  0.185086  
0.175962  0.217716  0.106322  
0.172133  0.0563399  0.271527  
0.168339  0.264292  0.0673693  
0.164599  0.0995748  0.235827  
0.160875  0.185458  0.153668  
0.157214  0.0160484  0.326738  
0.153591  0.330172  0.016237  
0.150001  0.158593  0.191406  
0.146448  0.24859  0.104962  
0.14293  0.0725262  0.284544  
0.139444  0.298585  0.0619705  
0.135993  0.119438  0.24457  
0.132563  0.212431  0.155006  
0.129195  0.0289497  0.341855  
0.125833  0.333244  0.0409234  
0.122492  0.147464  0.230044  
0.119207  0.243944  0.136848  
0.11585  0.0540159  0.330134  
0.112697  0.296532  0.0907708  
0.109483  0.103729  0.286788  
0.106281  0.203011  0.190708  
0.103201  0.00585102  0.390948  
0.0999996  0.396878  0.003122  
0.096872  0.198413  0.204715  
0.0937941  0.301482  0.104724  
0.0907212  0.0991194  0.310159  
0.0876793  0.357559  0.0547617  
0.0846692  0.152499  0.262832  
0.0816714  0.258184  0.160145  
0.0785726  0.049384  0.372043  
0.0757344  0.394435  0.0298307  
0.0728044  0.183534  0.243662  
0.069884  0.292346  0.137771  
0.06699  0.0777708  0.355239  
0.064111  0.350756  0.0851326  
0.0612377  0.133685  0.305077  
0.0584037  0.244951  0.196645  
0.0555922  0.0243044  0.420103  
0.0527869  0.42975  0.017463  
0.0499816  0.20743  0.242589  
0.0472254  0.321894  0.13088  
0.0444752  0.0960879  0.359437  
0.0417335  0.383082  0.0751841  
0.0390213  0.154859  0.306119  
0.0363141  0.271692  0.191994  
0.0336308  0.0400622  0.426307  
0.0309593  0.421405  0.0476352  
0.0282998  0.187947  0.283754  
0.0255992  0.307619  0.166782  
0.0229822  0.070801  0.406217  
0.0203948  0.370945  0.108661  
0.0176738  0.131881  0.350445  
0.0151594  0.253784  0.231057  
0.0125886  0.0114164  0.475995  
0.0100991  0.478421  0.0114797  
0.00755528  0.234685  0.25776  
0.00470412  0.359861  0.135435  
0.00238794  0.11274  0.384872  
