0.57735  0.57735  0.577351  
0.57735  0.57735  0.577351  
0.688247  0.688247  0.229415  
0.301509  0.301509  0.904535  
0.703527  0.703527  0.100502  
0.457496  0.457496  0.762492  
0.650945  0.650945  0.390566  
0.140027  0.140027  0.980196  
0.706322  0.706322  0.0470881  
0.523204  0.523204  0.672692  
0.67319  0.67319  0.305993  
0.219381  0.219381  0.950654  
0.697877  0.697877  0.161049  
0.382358  0.382358  0.841193  
0.619585  0.619585  0.481901  
0.066371  0.066371  0.995585  
0.706923  0.706923  0.0228025  
0.551784  0.551784  0.625354  
0.681501  0.681501  0.266671  
0.260332  0.260332  0.92976  
0.701121  0.701121  0.129836  
0.420902  0.420902  0.803544  
0.636524  0.636524  0.435517  
0.102357  0.102357  0.989468  
0.705223  0.705223  0.072954  
0.491705  0.491705  0.718646  
0.663084  0.663084  0.34733  
0.179141  0.179141  0.967376  
0.693643  0.693643  0.19421  
0.342376  0.342376  0.874961  
0.599917  0.599917  0.529338  
0.0322245  0.0322245  0.998961  
0.707034  0.707034  0.0143891  
0.564946  0.564946  0.601392  
0.683902  0.683902  0.254077  
0.280926  0.280926  0.917693  
0.69937  0.69937  0.147523  
0.439471  0.439471  0.78341  
0.644035  0.644035  0.412841  
0.120995  0.120995  0.985251  
0.703934  0.703934  0.0946306  
0.507809  0.507809  0.695888  
0.650241  0.650241  0.392902  
0.199145  0.199145  0.959522  
0.680389  0.680389  0.27229  
0.362512  0.362512  0.858586  
0.585986  0.585986  0.559679  
0.0490617  0.0490617  0.99759  
0.705139  0.705139  0.0745482  
0.52499  0.52499  0.669904  
0.630732  0.630732  0.452056  
0.239795  0.239795  0.940743  
0.674584  0.674584  0.29979  
0.401845  0.401845  0.822825  
0.544977  0.544977  0.637181  
0.0841416  0.0841416  0.992895  
0.68912  0.68912  0.224113  
0.425407  0.425407  0.798785  
0.549009  0.549009  0.630221  
0.159422  0.159422  0.974253  
0.614445  0.614445  0.49489  
0.322018  0.322018  0.890286  
0.437758  0.437758  0.785326  
0.0158685  0.0158685  0.999748  
0.706934  0.706934  0.0220913  
0.393322  0.393322  0.831021  
0.554996  0.554996  0.619644  
0.270324  0.270324  0.92404  
0.64685  0.64685  0.403943  
0.293157  0.293157  0.91001  
0.41363  0.41363  0.811062  
0.130462  0.130462  0.982832  
0.68118  0.68118  0.268305  
0.275237  0.275237  0.921135  
0.412159  0.412159  0.812557  
0.182219  0.182219  0.966226  
0.515475  0.515475  0.684522  
0.193146  0.193146  0.961972  
0.273861  0.273861  0.921955  
0.0576586  0.0576586  0.99667  
0.688507  0.688507  0.22785  
0.197878  0.197878  0.960046  
0.321434  0.321434  0.890708  
0.121892  0.121892  0.98503  
0.436683  0.436683  0.786521  
0.125454  0.125454  0.984135  
0.182743  0.182743  0.966028  
0.0784054  0.0784054  0.993834  
0.478489  0.478489  0.736271  
0.0987586  0.0987586  0.990199  
0.150344  0.150344  0.977135  
0.0565198  0.0565198  0.9968  
0.1816  0.1816  0.966459  
0.0507271  0.0507271  0.997423  
0.0656477  0.0656477  0.995681  
0.0239861  0.0239861  0.999425  
0.55116  0.55116  0.626454  
0.0292927  0.0292927  0.999142  
0.0370782  0.0370782  0.998624  
0.00651251  0.00651251  0.999958  
