0.57735  0.57735  0.57735  
0.57735  0.57735  0.57735  
0.688247  0.688247  0.229415  
0.301511  0.301511  0.904534  
0.703527  0.703527  0.100503  
0.457496  0.457496  0.762493  
0.650944  0.650944  0.390567  
0.140026  0.140026  0.980197  
0.706322  0.706322  0.0470864  
0.523205  0.523205  0.672691  
0.673189  0.673189  0.305994  
0.219382  0.219382  0.950654  
0.697877  0.697877  0.161047  
0.382358  0.382358  0.841193  
0.619586  0.619586  0.481899  
0.0663718  0.0663718  0.995585  
0.706923  0.706923  0.0228039  
0.551785  0.551785  0.625354  
0.681501  0.681501  0.266672  
0.260331  0.260331  0.929761  
0.701122  0.701122  0.129832  
0.420903  0.420903  0.803543  
0.636524  0.636524  0.435516  
0.102359  0.102359  0.989467  
0.705223  0.705223  0.0729535  
0.491705  0.491705  0.718647  
0.663084  0.663084  0.34733  
0.179144  0.179144  0.967375  
0.693642  0.693642  0.194218  
0.342376  0.342376  0.874961  
0.599917  0.599917  0.529337  
0.0322243  0.0322243  0.998961  
0.707034  0.707034  0.014389  
0.564945  0.564945  0.601394  
0.683903  0.683903  0.254076  
0.280923  0.280923  0.917695  
0.69937  0.69937  0.147523  
0.439472  0.439472  0.783408  
0.644035  0.644035  0.412842  
0.120994  0.120994  0.985252  
0.703933  0.703933  0.0946329  
0.50781  0.50781  0.695887  
0.650242  0.650242  0.392902  
0.199146  0.199146  0.959522  
0.680389  0.680389  0.27229  
0.362515  0.362515  0.858584  
0.585985  0.585985  0.55968  
0.0490607  0.0490607  0.99759  
0.705139  0.705139  0.0745491  
0.524989  0.524989  0.669906  
0.630732  0.630732  0.452056  
0.239796  0.239796  0.940742  
0.674583  0.674583  0.29979  
0.401845  0.401845  0.822825  
0.544977  0.544977  0.637182  
0.0841426  0.0841426  0.992895  
0.68912  0.68912  0.224117  
0.425406  0.425406  0.798786  
0.549009  0.549009  0.630221  
0.159423  0.159423  0.974253  
0.614445  0.614445  0.49489  
0.322018  0.322018  0.890285  
0.437757  0.437757  0.785326  
0.0158688  0.0158688  0.999748  
0.706934  0.706934  0.0220916  
0.39332  0.39332  0.831022  
0.554996  0.554996  0.619644  
0.270324  0.270324  0.92404  
0.64685  0.64685  0.403943  
0.293157  0.293157  0.91001  
0.413629  0.413629  0.811062  
0.130464  0.130464  0.982832  
0.68118  0.68118  0.268304  
0.275239  0.275239  0.921134  
0.412162  0.412162  0.812555  
0.182217  0.182217  0.966226  
0.515475  0.515475  0.684523  
0.193146  0.193146  0.961971  
0.27386  0.27386  0.921955  
0.0576574  0.0576574  0.99667  
0.688506  0.688506  0.227856  
0.197883  0.197883  0.960044  
0.321432  0.321432  0.890709  
0.121892  0.121892  0.98503  
0.436685  0.436685  0.78652  
0.125454  0.125454  0.984136  
0.182742  0.182742  0.966028  
0.0784058  0.0784058  0.993834  
0.478489  0.478489  0.736272  
0.0987588  0.0987588  0.990199  
0.150344  0.150344  0.977135  
0.0565198  0.0565198  0.9968  
0.1816  0.1816  0.966459  
0.0507271  0.0507271  0.997423  
0.0656476  0.0656476  0.995681  
0.0239858  0.0239858  0.999425  
0.551162  0.551162  0.626451  
0.0292924  0.0292924  0.999142  
0.037078  0.037078  0.998624  
0.00651298  0.00651298  0.999958  
