1  6.24222e-27  
6.12323e-17  1  
0.999987  0.00512754  
0.999879  0.0155413  
0.999658  0.026169  
0.999315  0.0370113  
0.998844  0.0480724  
0.998237  0.059354  
0.997486  0.0708596  
0.996584  0.0825892  
0.995521  0.0945457  
0.994288  0.106731  
0.992877  0.119145  
0.991278  0.131788  
0.989482  0.144659  
0.987478  0.157759  
0.985255  0.171092  
0.982805  0.184647  
0.980116  0.198428  
0.977177  0.212428  
0.973976  0.226649  
0.970505  0.241081  
0.96675  0.255722  
0.962702  0.270563  
0.958349  0.2856  
0.953679  0.300825  
0.948684  0.316227  
0.94335  0.331798  
0.937671  0.347525  
0.931633  0.363402  
0.925229  0.37941  
0.91845  0.395537  
0.91129  0.411766  
0.903737  0.428088  
0.89579  0.444477  
0.887443  0.460918  
0.878688  0.477397  
0.869526  0.493887  
0.859952  0.510374  
0.849966  0.526837  
0.83957  0.543252  
0.828768  0.559593  
0.817559  0.575845  
0.805952  0.59198  
0.793953  0.607979  
0.781567  0.623821  
0.768809  0.639478  
0.755688  0.654931  
0.742218  0.670158  
0.728412  0.68514  
0.714285  0.699855  
0.699855  0.714285  
0.68514  0.728411  
0.670158  0.742218  
0.654931  0.755689  
0.639478  0.768809  
0.623821  0.781567  
0.607978  0.793954  
0.591981  0.805952  
0.575845  0.817559  
0.559593  0.828767  
0.543251  0.83957  
0.526838  0.849966  
0.510377  0.859951  
0.49389  0.869525  
0.477397  0.878688  
0.46092  0.887442  
0.444477  0.89579  
0.428087  0.903738  
0.411767  0.911289  
0.395536  0.91845  
0.37941  0.925229  
0.363401  0.931633  
0.347528  0.93767  
0.331799  0.94335  
0.316226  0.948684  
0.300824  0.95368  
0.285601  0.958349  
0.270564  0.962702  
0.255722  0.96675  
0.241081  0.970505  
0.226648  0.973977  
0.212429  0.977177  
0.198428  0.980116  
0.184648  0.982805  
0.17109  0.985255  
0.15776  0.987477  
0.144661  0.989481  
0.131788  0.991278  
0.119145  0.992877  
0.10673  0.994288  
0.0945464  0.99552  
0.0825894  0.996584  
0.0708561  0.997487  
0.0593541  0.998237  
0.0480726  0.998844  
0.0370114  0.999315  
0.0261682  0.999658  
0.0155416  0.999879  
0.00512722  0.999987  
