2.99901  0  0  
1.22434e-16  1.99949  0  
4.63354e-17  4.00304e-17  1  
0.998509  0.0385962  0.0386098  
0.993761  0.105811  0.0352655  
0.988772  0.0471743  0.141788  
0.97919  0.200906  0.0286863  
0.980568  0.100937  0.168221  
0.975024  0.190447  0.114274  
0.955511  0.041676  0.291997  
0.94033  0.339511  0.022612  
0.957937  0.176228  0.226496  
0.945621  0.296128  0.13457  
0.925645  0.0847758  0.368774  
0.916032  0.39084  0.0901665  
0.921036  0.161134  0.354582  
0.920671  0.308153  0.239597  
0.86054  0.0318732  0.508385  
0.840174  0.542035  0.0174847  
0.895398  0.294583  0.33389  
0.868843  0.46107  0.180351  
0.846485  0.14356  0.512692  
0.820219  0.562489  0.104147  
0.846017  0.247147  0.472412  
0.842284  0.444869  0.304383  
0.763309  0.065564  0.642698  
0.749548  0.658437  0.068103  
0.809864  0.328776  0.485827  
0.7887  0.544615  0.285213  
0.728849  0.123665  0.673413  
0.734505  0.653471  0.182967  
0.738346  0.245532  0.62814  
0.754222  0.492128  0.434695  
0.628578  0.0250737  0.777342  
0.608439  0.793501  0.0125862  
0.717008  0.477192  0.508122  
0.668327  0.699556  0.252905  
0.64558  0.223237  0.730337  
0.599948  0.78956  0.129064  
0.651528  0.369913  0.662326  
0.64339  0.644481  0.413151  
0.547638  0.101803  0.830499  
0.522578  0.849547  0.0719849  
0.607668  0.46815  0.641542  
0.577453  0.733638  0.358224  
0.517136  0.171712  0.838502  
0.514382  0.83099  0.211819  
0.52974  0.328778  0.781844  
0.54369  0.646267  0.535481  
0.42209  0.044296  0.905471  
0.410036  0.910969  0.0447916  
0.503481  0.551237  0.665315  
0.464065  0.816056  0.344524  
0.424848  0.223379  0.877272  
0.402947  0.896127  0.185982  
0.433159  0.395187  0.810062  
0.434529  0.727539  0.530917  
0.339708  0.0770976  0.937366  
0.337763  0.934214  0.114716  
0.39384  0.496049  0.773838  
0.376843  0.807864  0.45315  
0.313692  0.153219  0.937081  
0.326739  0.903721  0.276641  
0.322727  0.321357  0.890268  
0.340163  0.685474  0.64375  
0.242249  0.00743451  0.970186  
0.23128  0.972857  0.00763424  
0.304049  0.663022  0.684073  
0.266113  0.910583  0.316264  
0.252105  0.294576  0.921774  
0.22031  0.964187  0.147668  
0.250048  0.48592  0.837471  
0.242295  0.824492  0.511377  
0.190686  0.128766  0.973169  
0.173999  0.981945  0.0742215  
0.21408  0.587797  0.78017  
0.19309  0.887559  0.418276  
0.164975  0.21104  0.963455  
0.159134  0.959409  0.232833  
0.163326  0.395967  0.903623  
0.164401  0.769183  0.617519  
0.117058  0.0564013  0.991522  
0.108117  0.993318  0.0403626  
0.134956  0.643932  0.753086  
0.117317  0.919959  0.37405  
0.100863  0.256941  0.961149  
0.0909474  0.977215  0.19178  
0.0933352  0.449436  0.888423  
0.0901934  0.813337  0.57476  
0.0640127  0.0933994  0.993569  
0.0583677  0.991984  0.112075  
0.064751  0.551039  0.831964  
0.0555637  0.877749  0.475888  
0.0369049  0.171606  0.984474  
0.0367132  0.959042  0.280876  
0.027505  0.352092  0.935561  
0.0258524  0.739193  0.672997  
0.0129957  0.0239907  0.999628  
0.00797918  0.999681  0.0239809  
0.00359424  0.673224  0.73943  
