0.886305  0.275627  0.660874  
0.886305  0.275627  0.660874  
0.836631  0.303697  0.622753  
0.680508  0.247386  0.716453  
0.785763  0.375374  0.608924  
0.663439  0.272041  0.706902  
0.689294  0.336658  0.67122  
0.593118  0.23525  0.775339  
0.732861  0.397912  0.606503  
0.630646  0.263013  0.741167  
0.68085  0.383562  0.686138  
0.547682  0.240043  0.808808  
0.698285  0.451351  0.657722  
0.555464  0.245652  0.803915  
0.623965  0.260448  0.751252  
0.461426  0.224767  0.863427  
0.738993  0.431617  0.602687  
0.563318  0.286173  0.798513  
0.64769  0.400853  0.722256  
0.45679  0.222753  0.864627  
0.688813  0.365886  0.673309  
0.477508  0.297507  0.853757  
0.571142  0.229179  0.792403  
0.372281  0.232275  0.900696  
0.705315  0.630495  0.651841  
0.461779  0.350303  0.862982  
0.571142  0.229179  0.792403  
0.350693  0.255169  0.908764  
0.628051  0.347028  0.742978  
0.37204  0.241088  0.900698  
0.472745  0.294368  0.856334  
0.398964  0.223536  1.00842  
0.737517  0.803728  0.601483  
0.422824  0.358647  0.882062  
0.563456  0.624518  0.797918  
0.299337  0.295327  0.923186  
0.647277  0.408227  0.723065  
0.327447  0.324478  0.915178  
0.446945  0.33646  0.870603  
0.269802  0.257994  0.942862  
0.685351  0.68436  0.676395  
0.319455  0.345348  0.918028  
0.456821  0.225249  0.864635  
0.205394  0.279767  0.940376  
0.548275  0.255571  0.808547  
0.241026  0.323727  0.935636  
0.337877  0.546201  0.912537  
0.333713  0.240375  0.979887  
0.698402  0.872978  0.65767  
0.262505  0.342842  0.9309  
0.414972  0.635362  0.883995  
0.171702  0.295231  0.944194  
0.529371  1.15936  0.823488  
0.195523  0.353589  0.941087  
0.287422  0.325235  0.924821  
0.245496  0.264781  1.03435  
0.588022  0.658044  0.779578  
0.187375  0.400157  0.941798  
0.291372  0.394122  0.924048  
0.164277  0.286007  0.947844  
0.38221  0.867033  0.900068  
0.133169  0.32467  0.946811  
0.195549  0.567925  0.940979  
0.370079  0.228477  0.909082  
0.730452  1.17248  0.611443  
0.16701  0.416469  0.943628  
0.298951  0.550457  0.922519  
0.10319  0.321333  0.948123  
0.4469  1.29702  0.86922  
0.113572  0.357328  0.947217  
0.179504  0.360024  0.942735  
8.18103e-05  0.290387  0.956931  
0.55178  0.227316  0.805902  
0.106581  0.344334  0.947538  
0.179504  0.360024  0.942735  
8.18103e-05  0.290387  0.956931  
0.25687  1.18129  0.931728  
0.0662159  0.344456  0.950043  
0.106581  0.344334  0.947538  
0.165643  0.282703  0.946754  
0.583583  0.738447  0.781822  
0.0736154  0.396146  0.949451  
0.125115  0.439047  0.946592  
0.0391661  0.303167  0.953618  
0.195549  0.567925  0.940979  
0.0454401  0.389113  0.951152  
0.0682516  0.413606  0.949856  
8.18103e-05  0.290387  0.956931  
0.225904  1.0822  0.936718  
0.0351347  0.390673  0.951602  
0.0538663  0.669695  0.950067  
8.18103e-05  0.290387  0.956931  
0.060353  1.02821  0.949856  
0.0180266  0.31836  0.954046  
0.0235766  0.334489  0.952863  
0.0264258  0.290387  0.956931  
0.294085  1.17726  0.923323  
0.0106979  0.361472  0.954827  
0.0132088  0.496451  0.954337  
0.00155461  0.291931  0.956628  
