1.00733  9.95107e-07  
2.79029e-07  1.00135  
0.991649  0.00500841  
0.971024  0.0150376  
0.954307  0.024709  
0.934912  0.0346188  
0.914687  0.0439749  
0.899081  0.0533331  
0.880564  0.0620611  
0.864213  0.0715038  
0.848122  0.0800096  
0.830828  0.0891319  
0.816037  0.0979165  
0.799339  0.106262  
0.784659  0.114658  
0.769624  0.123007  
0.755348  0.131153  
0.741726  0.13919  
0.727524  0.147256  
0.714075  0.155201  
0.700987  0.163044  
0.68796  0.170845  
0.675431  0.178574  
0.662738  0.186072  
0.650403  0.193818  
0.638424  0.20129  
0.626567  0.20875  
0.615007  0.216265  
0.603468  0.223476  
0.592216  0.230936  
0.580866  0.238199  
0.569947  0.245356  
0.558927  0.252552  
0.548386  0.259732  
0.53795  0.266928  
0.527439  0.27393  
0.517231  0.281017  
0.507251  0.288135  
0.497213  0.295159  
0.487527  0.302197  
0.477582  0.309216  
0.467974  0.316163  
0.458534  0.323032  
0.449198  0.33  
0.4399  0.336864  
0.430735  0.343808  
0.421633  0.350712  
0.412677  0.357672  
0.403857  0.364669  
0.395017  0.371586  
0.386311  0.378519  
0.377717  0.385551  
0.369099  0.392511  
0.360648  0.399587  
0.352299  0.406633  
0.343836  0.413733  
0.335582  0.420803  
0.327424  0.427918  
0.319459  0.435018  
0.31131  0.442181  
0.303332  0.449317  
0.295469  0.456622  
0.287597  0.463898  
0.27981  0.471387  
0.272046  0.478744  
0.264287  0.486132  
0.256554  0.493723  
0.24885  0.501444  
0.241148  0.509096  
0.233559  0.516962  
0.225944  0.524941  
0.218295  0.533024  
0.211014  0.541173  
0.203154  0.549424  
0.19609  0.557768  
0.188387  0.566248  
0.181257  0.574829  
0.173758  0.583592  
0.166492  0.592483  
0.15909  0.601553  
0.151588  0.610898  
0.144348  0.620383  
0.136837  0.630236  
0.12962  0.640327  
0.122122  0.650677  
0.114815  0.661401  
0.107332  0.672483  
0.0999628  0.684021  
0.0925154  0.696053  
0.0849748  0.70865  
0.077461  0.721873  
0.0698507  0.735889  
0.062205  0.750852  
0.0544757  0.766942  
0.0466096  0.784544  
0.038584  0.803959  
0.0305849  0.825875  
0.0222605  0.851583  
0.0137112  0.884248  
0.00473767  0.932666  
