1.00616  7.06716e-07  
0.983259  0.00976645  
0.962808  0.0192688  
0.945925  0.028827  
0.926007  0.0382905  
0.90893  0.0477872  
0.891623  0.0568586  
0.874811  0.0655579  
0.857738  0.0744537  
0.841874  0.0828959  
0.826327  0.0916301  
0.811152  0.0996559  
0.795368  0.108398  
0.78148  0.116671  
0.767315  0.124859  
0.753204  0.132719  
0.739395  0.140519  
0.725826  0.148596  
0.712811  0.156427  
0.699828  0.164023  
0.686821  0.171571  
0.674446  0.179193  
0.662398  0.186734  
0.650103  0.194001  
0.638464  0.201427  
0.626702  0.208724  
0.615216  0.216076  
0.603751  0.223091  
0.592788  0.230444  
0.581733  0.237488  
0.571114  0.244578  
0.56052  0.251696  
0.550166  0.258639  
0.539815  0.265657  
0.529626  0.272548  
0.519571  0.279431  
0.509627  0.286281  
0.499795  0.293412  
0.490066  0.300169  
0.480524  0.307047  
0.471011  0.313821  
0.461689  0.320645  
0.452449  0.327438  
0.44335  0.334261  
0.434349  0.341055  
0.425421  0.347878  
0.416597  0.354704  
0.407881  0.361454  
0.399233  0.368304  
0.390706  0.37516  
0.382204  0.381988  
0.373824  0.388817  
0.365464  0.395652  
0.357233  0.402542  
0.349021  0.409457  
0.340906  0.416365  
0.332837  0.423319  
0.324844  0.430257  
0.316904  0.437227  
0.309025  0.444237  
0.301198  0.45144  
0.293421  0.458525  
0.285687  0.46564  
0.278019  0.47289  
0.270354  0.480233  
0.262766  0.48756  
0.255193  0.494944  
0.247677  0.502401  
0.240208  0.509987  
0.232792  0.517638  
0.225412  0.525482  
0.218054  0.533231  
0.21073  0.541058  
0.203403  0.549074  
0.196101  0.557424  
0.188796  0.565719  
0.181524  0.574094  
0.174255  0.58268  
0.167023  0.591457  
0.159798  0.600391  
0.152579  0.609488  
0.145363  0.618852  
0.138159  0.628497  
0.130941  0.638303  
0.123723  0.648522  
0.116489  0.658942  
0.109241  0.669827  
0.101956  0.680837  
0.0946806  0.692421  
0.087331  0.704817  
0.0799722  0.71796  
0.0725407  0.730859  
0.0650454  0.745709  
0.0574842  0.760429  
0.0498174  0.777188  
0.0420308  0.795137  
0.0341763  0.81543  
0.0260913  0.838963  
0.0177664  0.867194  
0.00933918  0.904987  
