1.06279  0.00845933  
0.0199338  1.04112  
1.01786  0.0129657  
1.01195  0.0226067  
1.00729  0.0308213  
1.00167  0.0447997  
0.996095  0.0548467  
0.991586  0.066103  
0.983451  0.0769928  
0.978476  0.0877682  
0.974154  0.0988763  
0.970191  0.11011  
0.964645  0.121611  
0.962632  0.133937  
0.957976  0.141867  
0.952099  0.155617  
0.943315  0.168936  
0.932715  0.179872  
0.926162  0.191525  
0.920296  0.203049  
0.9065  0.214032  
0.9065  0.214032  
0.891454  0.240148  
0.888621  0.250863  
0.883255  0.266302  
0.876941  0.278444  
0.867915  0.291023  
0.860024  0.303731  
0.853929  0.316906  
0.845213  0.330436  
0.836567  0.34417  
0.831763  0.358301  
0.82416  0.367317  
0.817145  0.386206  
0.805864  0.398505  
0.797801  0.40944  
0.784846  0.428627  
0.784845  0.428643  
0.768523  0.456702  
0.761899  0.46288  
0.761899  0.46288  
0.751241  0.497066  
0.720545  0.507014  
0.719692  0.507014  
0.719692  0.507014  
0.704532  0.555859  
0.685671  0.56616  
0.678595  0.577179  
0.667829  0.594724  
0.657232  0.608522  
0.645438  0.618861  
0.63349  0.638518  
0.621761  0.653377  
0.615654  0.667198  
0.601445  0.678379  
0.588273  0.694412  
0.574052  0.703818  
0.55584  0.715202  
0.549174  0.736901  
0.536587  0.744651  
0.527155  0.757271  
0.513259  0.771785  
0.502252  0.780534  
0.487196  0.800064  
0.470606  0.815159  
0.454712  0.824121  
0.444069  0.838872  
0.428918  0.84993  
0.386509  0.870264  
0.386509  0.870264  
0.386509  0.870264  
0.374652  0.890891  
0.365158  0.897052  
0.350411  0.903461  
0.336394  0.918704  
0.324183  0.923362  
0.298948  0.935271  
0.287406  0.944704  
0.283142  0.952722  
0.268473  0.957474  
0.256119  0.963711  
0.222235  0.96896  
0.222235  0.96896  
0.207695  0.977187  
0.20229  0.987083  
0.18531  0.992425  
0.174228  0.995278  
0.152025  0.996414  
0.151436  0.997093  
0.121329  1.00161  
0.121329  1.00161  
0.0318504  1.00845  
0.0318504  1.00845  
0.0318504  1.00845  
0.0318504  1.00845  
0.0318504  1.00845  
0.0318504  1.00845  
0.0318504  1.00845  
0.0318504  1.00845  
0.0240479  1.01191  
