1.00057  1.19823e-06  
0.997666  0.00248672  
0.995115  0.00497663  
0.992581  0.00748658  
0.990055  0.00999011  
0.987542  0.0124868  
0.985033  0.0149854  
0.982527  0.0174816  
0.980026  0.0199831  
0.977525  0.0224826  
0.975029  0.0249817  
0.972532  0.0274782  
0.970038  0.0299768  
0.967545  0.0324683  
0.965053  0.0349707  
0.962561  0.03746  
0.960071  0.0399744  
0.95758  0.0424698  
0.955089  0.0449676  
0.952598  0.0474708  
0.950107  0.0499563  
0.947615  0.0524484  
0.945123  0.0549439  
0.94263  0.0574385  
0.940137  0.0599424  
0.937642  0.0624748  
0.935146  0.0649427  
0.93265  0.0674068  
0.930153  0.0699163  
0.927655  0.0723796  
0.925157  0.0749198  
0.922658  0.0773999  
0.920158  0.0799147  
0.917658  0.0824353  
0.915157  0.0848862  
0.912657  0.0873769  
0.910156  0.0898706  
0.907655  0.0923763  
0.905154  0.0948772  
0.902653  0.0973942  
0.900152  0.0999162  
0.897651  0.102426  
0.89515  0.104911  
0.89265  0.107431  
0.890149  0.109903  
0.887649  0.112451  
0.885149  0.114938  
0.882649  0.117453  
0.880149  0.119914  
0.87765  0.122435  
0.875151  0.124896  
0.872652  0.127387  
0.870153  0.129893  
0.867655  0.132394  
0.865157  0.134894  
0.862659  0.137378  
0.860161  0.139922  
0.857663  0.142386  
0.855165  0.14493  
0.852667  0.147388  
0.850169  0.149934  
0.847671  0.152405  
0.845173  0.154923  
0.842673  0.157402  
0.840173  0.159895  
0.837671  0.162397  
0.835168  0.164859  
0.832661  0.167389  
0.830156  0.16986  
0.82765  0.172363  
0.825147  0.174873  
0.822646  0.17737  
0.820147  0.179869  
0.817649  0.182364  
0.815151  0.184863  
0.812653  0.18736  
0.810153  0.189859  
0.807656  0.192356  
0.805154  0.194854  
0.802659  0.197351  
0.800158  0.199849  
0.797662  0.202346  
0.795163  0.204846  
0.792667  0.207345  
0.790169  0.209847  
0.787673  0.21235  
0.785177  0.214854  
0.782681  0.217366  
0.780184  0.21987  
0.777686  0.22237  
0.775188  0.224873  
0.772688  0.227356  
0.770187  0.229847  
0.767687  0.232329  
0.765186  0.234826  
0.762691  0.237333  
0.760173  0.239853  
0.75767  0.242381  
0.755143  0.244921  
0.752688  0.247472  
