1.19753  1.36967e-05  3.86031e-05  
0.428577  0.217486  0.428605  
5.02372e-06  2.98571e-06  1.00463  
0.931245  0.0344617  0.035951  
0.880319  0.0936881  0.0306061  
0.845114  0.0390405  0.120938  
0.812879  0.166729  0.0236228  
0.790006  0.0806742  0.133909  
0.765496  0.149462  0.0897042  
0.744141  0.0313206  0.226841  
0.736694  0.246101  0.017757  
0.70624  0.129628  0.166084  
0.688911  0.214905  0.0970284  
0.683089  0.0593852  0.272149  
0.698452  0.233494  0.0687866  
0.643513  0.112599  0.246404  
0.627525  0.209421  0.163392  
0.616563  0.0227393  0.364289  
0.738463  0.24618  0.015391  
0.588179  0.19348  0.219339  
0.648934  0.216694  0.134775  
0.566026  0.0950622  0.342868  
0.684786  0.228299  0.0869672  
0.541265  0.157981  0.301569  
0.590048  0.196895  0.213275  
0.520811  0.0450201  0.438814  
0.702137  0.236239  0.0638291  
0.517285  0.191257  0.310334  
0.589945  0.196945  0.213409  
0.479896  0.0805838  0.443438  
0.631931  0.211601  0.157442  
0.458222  0.152623  0.390074  
0.52366  0.177567  0.301802  
0.442859  0.0130051  0.548958  
0.738548  0.247019  0.0152864  
0.489712  0.166204  0.347063  
0.584154  0.195461  0.221177  
0.405747  0.13939  0.459033  
0.645713  0.216186  0.139074  
0.425554  0.144673  0.432619  
0.506206  0.170569  0.325081  
0.371209  0.068053  0.563363  
0.679781  0.228642  0.0936768  
0.418579  0.140072  0.441935  
0.511827  0.170679  0.317592  
0.338458  0.113639  0.548792  
0.573029  0.210283  0.235989  
0.355975  0.123351  0.525402  
0.431381  0.144499  0.42488  
0.310176  0.0277152  0.665419  
0.693222  0.233055  0.0757594  
0.376846  0.126103  0.497564  
0.481744  0.164656  0.357691  
0.294278  0.100105  0.607657  
0.557156  0.188436  0.257168  
0.312164  0.106879  0.583803  
0.392028  0.133495  0.477319  
0.25017  0.0586759  0.69268  
0.59776  0.22095  0.20305  
0.303277  0.101244  0.595667  
0.394325  0.147184  0.474242  
0.231453  0.0814918  0.691446  
0.458707  0.159889  0.3884  
0.244388  0.0838676  0.674178  
0.30996  0.103636  0.586772  
0.198448  0.00706957  0.796587  
0.731834  0.244069  0.0242456  
0.279556  0.0963464  0.627269  
0.396535  0.143409  0.47129  
0.200755  0.0670341  0.73236  
0.499635  0.181207  0.333876  
0.214397  0.072747  0.714151  
0.290383  0.097113  0.612865  
0.155359  0.0541499  0.792888  
0.568154  0.20435  0.242502  
0.201087  0.0671714  0.731931  
0.286855  0.0992781  0.617535  
0.139892  0.0470897  0.813545  
0.357575  0.127165  0.523253  
0.14599  0.0518914  0.805357  
0.196723  0.0670135  0.737724  
0.102002  0.0376789  0.864033  
0.585885  0.209621  0.218832  
0.145979  0.0501362  0.805394  
0.221659  0.0752931  0.704464  
0.0935387  0.0311902  0.875309  
0.290561  0.0981625  0.61267  
0.0940537  0.0313924  0.874623  
0.130031  0.053001  0.826702  
0.0593945  0.0206035  0.920849  
0.307353  0.10693  0.59025  
0.0706527  0.0242779  0.905808  
0.101048  0.0372207  0.865299  
0.0392701  0.0134187  0.947682  
0.111316  0.0384836  0.851616  
0.0316851  0.0135915  0.957772  
0.036997  0.0127971  0.950737  
0.0132216  0.00505658  0.982402  
0.230989  0.0805226  0.692032  
0.00491037  0.00294646  0.993471  
