2.06926  0.069464  0.069464  
1.54042  0.151184  0.151184  
1.39778  0.23356  0.124163  
1.49925  0.144345  0.294106  
1.26939  0.331947  0.106961  
1.36512  0.209398  0.302687  
1.24665  0.308148  0.212674  
1.46995  0.132444  0.51032  
1.13191  0.462299  0.095653  
1.23252  0.287537  0.349843  
1.12722  0.405779  0.222334  
1.335  0.187222  0.579747  
1.05737  0.49489  0.167638  
1.21548  0.271397  0.51372  
1.08787  0.411954  0.335846  
1.41172  0.122492  0.864856  
0.97006  0.651099  0.0882263  
1.07489  0.400115  0.4442  
0.976811  0.550042  0.257516  
1.18479  0.257987  0.742759  
0.920146  0.650146  0.176998  
1.07719  0.362487  0.628873  
0.957365  0.535177  0.388107  
1.24902  0.171388  1.05473  
0.857214  0.755086  0.14039  
0.993373  0.444802  0.618034  
0.886889  0.627575  0.361807  
1.12843  0.248441  1.03594  
0.830552  0.737688  0.256567  
1.01186  0.378756  0.859877  
0.88104  0.591602  0.530173  
1.10569  0.110144  1.33053  
0.762849  0.958468  0.0835751  
0.865085  0.5897  0.623261  
0.774521  0.793641  0.331401  
0.967329  0.374309  1.06525  
0.727262  0.917406  0.208217  
0.87581  0.519439  0.871597  
0.767135  0.752738  0.507459  
0.909436  0.222258  1.31364  
0.678261  1.03522  0.151307  
0.803752  0.620927  0.825169  
0.708127  0.859658  0.455372  
0.833975  0.319784  1.27555  
0.658831  0.994782  0.305329  
0.812486  0.518984  1.13412  
0.705394  0.802516  0.676849  
0.884397  0.152753  1.763  
0.599313  1.20848  0.125481  
0.707141  0.743674  0.883165  
0.62198  1.00736  0.465461  
0.70795  0.393467  1.34056  
0.577143  1.15652  0.295074  
0.702682  0.625597  1.20821  
0.616259  0.945548  0.708769  
0.755783  0.223368  1.88553  
0.530941  1.29162  0.219554  
0.640793  0.757143  1.14225  
0.560679  1.07464  0.633343  
0.655802  0.342518  1.73857  
0.514414  1.24016  0.42784  
0.572394  0.545947  1.38679  
0.553415  0.993672  0.937659  
0.703149  0.107564  2.46973  
0.456664  1.60617  0.081564  
0.527713  1.00787  1.03767  
0.462546  1.33288  0.508331  
0.516669  0.558007  1.59813  
0.424444  1.51688  0.29114  
0.466183  0.783995  1.30095  
0.44801  1.26618  0.811734  
0.537403  0.362977  2.28115  
0.381396  1.69405  0.192332  
0.428031  0.969545  1.26947  
0.395717  1.43429  0.712656  
0.457045  0.519756  2.12514  
0.35679  1.64146  0.451016  
0.38941  0.767761  1.66301  
0.373325  1.34367  1.09241  
0.419776  0.222582  2.71683  
0.304328  1.98153  0.14719  
0.322251  1.1181  1.29588  
0.307642  1.69271  0.729466  
0.34532  0.665396  2.29869  
0.272519  1.93292  0.435189  
0.291607  0.951025  1.81209  
0.275051  1.60573  1.15626  
0.296239  0.339682  2.94395  
0.225112  2.18815  0.308968  
0.233236  1.15705  1.71151  
0.220445  1.87936  1.05073  
0.208132  0.548083  2.81523  
0.186366  2.19954  0.693366  
0.190609  0.95743  2.45147  
0.162092  1.61384  1.47553  
0.183963  0.172782  4.3744  
0.128255  2.87541  0.136807  
0.119616  1.63026  1.79143  
0.104556  2.5857  1.01643  
0.0916839  0.775773  3.48779  
