2.06926  0.069464  0.069464  
1.54042  0.151184  0.151184  
1.39779  0.23356  0.124162  
1.49925  0.144346  0.294099  
1.26939  0.331946  0.106962  
1.36512  0.209398  0.30268  
1.24665  0.308149  0.212663  
1.46996  0.132444  0.510303  
1.13191  0.462299  0.095653  
1.23252  0.287537  0.349843  
1.12722  0.40578  0.222319  
1.33501  0.187219  0.579739  
1.05737  0.494892  0.167626  
1.21548  0.271398  0.513708  
1.08787  0.411955  0.335837  
1.41168  0.122496  0.864948  
0.97006  0.651099  0.0882262  
1.0749  0.400118  0.444142  
0.976813  0.550044  0.257501  
1.1848  0.257987  0.742722  
0.920146  0.650146  0.176997  
1.07719  0.362488  0.628859  
0.95737  0.535177  0.38809  
1.24908  0.171376  1.05461  
0.857214  0.755086  0.14039  
0.993373  0.444802  0.618035  
0.886891  0.627577  0.361795  
1.12843  0.248441  1.03594  
0.830555  0.737683  0.256568  
1.01186  0.378757  0.85988  
0.881156  0.59144  0.530242  
1.1057  0.110143  1.3305  
0.762849  0.958469  0.0835742  
0.865089  0.589702  0.623229  
0.774521  0.793642  0.3314  
0.967322  0.374307  1.06529  
0.727263  0.917406  0.208211  
0.875812  0.519437  0.871597  
0.767138  0.752732  0.507462  
0.909438  0.222247  1.31366  
0.678263  1.03522  0.151303  
0.803752  0.620925  0.825171  
0.708128  0.85966  0.455363  
0.834039  0.319779  1.27553  
0.658836  0.994772  0.305332  
0.812494  0.518989  1.13408  
0.705392  0.80252  0.676845  
0.884391  0.152754  1.76302  
0.599313  1.20848  0.125481  
0.707143  0.74367  0.883168  
0.62198  1.00736  0.465462  
0.707258  0.393722  1.34158  
0.577142  1.15652  0.29508  
0.702682  0.625597  1.20821  
0.616259  0.945549  0.708766  
0.755791  0.223366  1.88549  
0.530952  1.2916  0.219551  
0.640792  0.757144  1.14224  
0.56068  1.07464  0.63334  
0.655823  0.342483  1.73863  
0.514431  1.24012  0.427854  
0.572403  0.545919  1.38682  
0.553414  0.993673  0.937658  
0.702173  0.107563  2.46978  
0.456666  1.60617  0.081564  
0.527713  1.00787  1.03767  
0.462546  1.33288  0.508334  
0.516667  0.557992  1.5982  
0.424444  1.51689  0.291115  
0.46619  0.783957  1.30097  
0.447995  1.26621  0.811744  
0.537529  0.362641  2.28176  
0.381399  1.69405  0.192317  
0.428027  0.973395  1.26946  
0.395718  1.43429  0.712653  
0.457099  0.519714  2.12498  
0.356782  1.64153  0.450906  
0.389372  0.767805  1.66313  
0.373326  1.34367  1.0924  
0.419816  0.22248  2.71713  
0.304329  1.98153  0.147187  
0.322242  1.11812  1.29588  
0.307641  1.69272  0.729465  
0.345902  0.662212  2.3034  
0.272516  1.93294  0.435175  
0.29158  0.951068  1.81218  
0.274891  1.60618  1.15541  
0.296219  0.339715  2.94394  
0.225113  2.18815  0.308963  
0.233237  1.15705  1.71152  
0.220445  1.87936  1.05073  
0.225282  0.548481  2.81751  
0.18664  2.19828  0.693051  
0.190237  0.963657  2.4488  
0.159658  1.57198  1.43743  
0.174234  0.163986  4.00793  
0.128447  2.87396  0.136769  
0.119823  1.62965  1.78965  
0.10452  2.58597  1.01653  
0.0920926  0.737153  3.55985  
