2.06926  0.069464  0.069464  
0.069464  4.06892  0.069464  
0.0909647  0.0909647  6.09096  
1.61018  0.12905  0.129049  
1.43387  0.214787  0.117905  
1.51849  0.138743  0.277292  
1.28715  0.319317  0.105157  
1.37713  0.204079  0.293822  
1.25703  0.301441  0.208641  
1.47663  0.1309  0.49952  
1.13907  0.455691  0.0952115  
1.23785  0.284411  0.345821  
1.13175  0.402125  0.220671  
1.33819  0.186107  0.574886  
1.06021  0.492188  0.167009  
1.21744  0.270364  0.511434  
1.08929  0.410819  0.334963  
1.41248  0.122374  0.863116  
0.9704  0.650693  0.0882132  
1.07473  0.400233  0.444334  
0.976194  0.550671  0.257762  
1.18378  0.258449  0.744411  
0.918691  0.651858  0.177314  
1.07538  0.363686  0.631148  
0.955177  0.537312  0.389572  
1.2462  0.17196  1.06026  
0.854331  0.758918  0.140787  
0.990153  0.447359  0.62176  
0.883378  0.631493  0.363858  
1.12394  0.249955  1.04412  
0.826459  0.742963  0.258044  
1.00722  0.381639  0.86724  
0.876313  0.596487  0.534482  
1.09815  0.110501  1.34162  
0.757626  0.966921  0.0837093  
0.859466  0.595378  0.629299  
0.76879  0.801434  0.334216  
0.96016  0.37792  1.07708  
0.721071  0.92701  0.209787  
0.868764  0.525273  0.881987  
0.76027  0.761477  0.513062  
0.898691  0.223903  1.32704  
0.671111  1.04756  0.152353  
0.795687  0.628952  0.83617  
0.7003  0.870922  0.460865  
0.817919  0.321498  1.28381  
0.650647  1.00834  0.308785  
0.801631  0.525713  1.15006  
0.69626  0.814486  0.686738  
0.874584  0.154406  1.79662  
0.590256  1.22647  0.126354  
0.696721  0.755647  0.897602  
0.612129  1.02371  0.472359  
0.694861  0.39857  1.36081  
0.567005  1.17586  0.299092  
0.687616  0.634004  1.22547  
0.604894  0.9628  0.721337  
0.743161  0.227007  1.92847  
0.519872  1.31516  0.222444  
0.626196  0.770374  1.16289  
0.548352  1.0961  0.645317  
0.642273  0.349466  1.78059  
0.501937  1.26562  0.435621  
0.55726  0.556158  1.41508  
0.538883  1.0154  0.958065  
0.657556  0.107848  2.48768  
0.44328  1.64143  0.0818416  
0.511583  1.03093  1.06146  
0.447968  1.36495  0.519458  
0.500377  0.571819  1.64136  
0.409768  1.55417  0.296851  
0.446498  0.798155  1.32532  
0.431  1.30056  0.833058  
0.514822  0.371139  2.34236  
0.365482  1.73989  0.195787  
0.400375  0.976909  1.27391  
0.37764  1.4772  0.732882  
0.435149  0.535292  2.19608  
0.338703  1.69262  0.463437  
0.368958  0.793436  1.7216  
0.351306  1.38589  1.12633  
0.394992  0.228956  2.82672  
0.285038  2.05003  0.149973  
0.297829  1.14633  1.32933  
0.28554  1.75839  0.756164  
0.316323  0.686987  2.37946  
0.250352  2.01278  0.450861  
0.266088  0.994207  1.89782  
0.247232  1.66873  1.19962  
0.275974  0.370486  3.27124  
0.20057  2.29668  0.321229  
0.205086  1.22066  1.80828  
0.193365  2.02633  1.13042  
0.188125  0.568569  2.93289  
0.156539  2.34487  0.735995  
0.148891  0.972908  2.47046  
0.126667  1.69217  1.54755  
0.13306  0.181908  4.79548  
0.0780757  3.43071  0.149823  
0.0720742  1.95515  2.18078  
