2  1.01122e-11  1.65395e-15  
1.56823  0.0871107  0.087018  
1.40506  0.173576  0.0578217  
1.56582  0.0819714  0.245918  
1.26115  0.275878  0.0394036  
1.4207  0.153417  0.25558  
1.27186  0.257863  0.154728  
1.57762  0.0709206  0.496481  
1.11071  0.410674  0.0273785  
1.28389  0.240646  0.309437  
1.14484  0.364003  0.165456  
1.43744  0.133728  0.579236  
1.05747  0.455353  0.105065  
1.29145  0.227555  0.500452  
1.122  0.377285  0.293442  
1.57954  0.0624019  0.935921  
0.937352  0.605351  0.0194947  
1.12344  0.369476  0.418731  
0.987986  0.523274  0.204733  
1.29187  0.218357  0.779673  
0.912508  0.622864  0.115147  
1.15128  0.33475  0.638831  
0.985087  0.51669  0.353464  
0.980127  0.123352  1.19242  
0.837392  0.728811  0.0753755  
1.05413  0.428263  0.625895  
0.903753  0.617046  0.323189  
1.28006  0.216332  1.16825  
0.828608  0.727477  0.203613  
1.10824  0.363724  0.929515  
0.916384  0.589527  0.520201  
1.11232  0.0436653  1.35363  
0.719207  0.922099  0.0146267  
0.908355  0.593915  0.632243  
0.77628  0.797322  0.288265  
0.768101  0.293391  1.19242  
0.710095  0.915353  0.149763  
0.949778  0.530015  0.944742  
0.785624  0.769375  0.493204  
0.89478  0.162763  1.32535  
0.649069  1.02963  0.0870704  
0.859511  0.645505  0.88383  
0.714639  0.884145  0.431814  
0.789042  0.258323  1.24465  
0.646487  1.01498  0.25865  
0.768102  0.29339  1.19242  
0.730695  0.842291  0.697287  
0.955754  0.0976705  1.98614  
0.560719  1.2053  0.0592684  
0.752318  0.795415  0.959985  
0.618982  1.05077  0.44364  
0.688078  0.349157  1.36982  
0.556023  1.19062  0.247022  
0.663066  0.410041  1.19242  
0.630693  1.01053  0.737413  
0.820321  0.183944  2.17045  
0.49923  1.32209  0.162351  
0.63504  0.445344  1.19242  
0.561489  1.14894  0.644366  
0.685017  0.319064  1.94995  
0.496185  1.30542  0.399523  
0.550039  0.521115  1.44075  
0.575514  1.09904  1.03236  
0.640501  0.0385064  2.42603  
0.400933  1.59116  0.012528  
0.554091  1.13469  1.17071  
0.442684  1.4228  0.494061  
0.51085  0.558038  1.74621  
0.388569  1.58432  0.242627  
0.419613  0.755796  1.30248  
0.442307  1.39832  0.867314  
0.460453  0.175882  2.38991  
0.335687  1.74825  0.132213  
0.358933  0.905014  1.20121  
0.3765  1.57498  0.742244  
0.450703  0.185793  2.38991  
0.321337  1.75798  0.4267  
0.369409  0.806167  1.83981  
0.35417  0.925582  1.19242  
0.405092  0.177102  3.0609  
0.250132  2.03633  0.0826888  
0.266493  1.10544  1.29274  
0.275421  1.8771  0.763132  
0.295739  0.392803  2.38991  
0.226641  2.07985  0.408187  
0.26251  1.04175  2.0589  
0.225555  1.2612  1.19242  
0.27518  0.327931  3.48791  
0.170826  2.32522  0.26281  
0.190575  1.2652  1.91053  
0.183011  2.19384  1.18932  
0.176756  0.543374  3.11722  
0.1349  2.4508  0.717866  
0.121524  0.799495  2.38991  
0.0999019  1.66422  1.5151  
0.0593784  0.0226812  4.77078  
0.0628499  2.97647  0.0713651  
0.0592031  1.8385  2.01936  
0.042328  3.03033  1.14045  
0.0233528  0.516182  3.58496  
