1.99999  3.09651e-11  1.42662e-15  
1.56819  0.0871203  0.0871218  
1.4051  0.173551  0.0578596  
1.56574  0.0820005  0.246005  
1.26117  0.275858  0.0394111  
1.42066  0.153432  0.255724  
1.27186  0.257864  0.154728  
1.57756  0.0709426  0.496533  
1.11071  0.410675  0.02737  
1.28384  0.24068  0.309475  
1.14485  0.363991  0.165432  
1.4374  0.133743  0.579479  
1.05745  0.455368  0.105084  
1.29144  0.227555  0.500607  
1.12201  0.377278  0.293374  
1.57954  0.0624011  0.936051  
0.937339  0.60536  0.0195242  
1.12348  0.369442  0.418606  
0.987986  0.523287  0.204567  
1.29185  0.21836  0.779856  
0.912503  0.622852  0.115319  
1.15126  0.334765  0.638971  
0.98511  0.516702  0.352818  
0.980129  0.123351  1.19242  
0.837384  0.728824  0.0753655  
1.05417  0.428217  0.625891  
0.903761  0.617052  0.322942  
1.28009  0.216341  1.1671  
0.828596  0.727487  0.203698  
1.10825  0.363712  0.929517  
0.916361  0.589557  0.520155  
1.11232  0.0436654  1.35363  
0.719212  0.922091  0.0146256  
0.908333  0.593943  0.632235  
0.776283  0.797331  0.288079  
0.768113  0.293379  1.19242  
0.710104  0.915346  0.149691  
0.949775  0.530016  0.944812  
0.785615  0.769393  0.493126  
0.894782  0.16276  1.32537  
0.649078  1.02961  0.0871517  
0.859494  0.645495  0.884567  
0.714628  0.884171  0.431707  
0.789044  0.258322  1.24465  
0.646487  1.01499  0.258554  
0.768113  0.293379  1.19242  
0.73067  0.842307  0.697733  
0.955736  0.097679  1.98618  
0.560703  1.20534  0.0592407  
0.752355  0.795356  0.960035  
0.619006  1.05072  0.443622  
0.688087  0.349158  1.3697  
0.556023  1.19062  0.247026  
0.663043  0.410069  1.19242  
0.630708  1.0105  0.737391  
0.820346  0.183954  2.1695  
0.499248  1.32205  0.162333  
0.63502  0.445369  1.19242  
0.561478  1.14896  0.644518  
0.685013  0.319089  1.94949  
0.496164  1.30548  0.399403  
0.550042  0.521114  1.44072  
0.575503  1.09905  1.03244  
0.640512  0.0385098  2.42593  
0.400933  1.59117  0.0124939  
0.554123  1.13462  1.17065  
0.442681  1.42281  0.493977  
0.510856  0.558026  1.74624  
0.38856  1.58436  0.242454  
0.419619  0.755771  1.30257  
0.44231  1.39831  0.867301  
0.460456  0.17588  2.38991  
0.335689  1.74826  0.132136  
0.358918  0.905036  1.20123  
0.376507  1.57502  0.741337  
0.45071  0.185786  2.38991  
0.321324  1.75802  0.426679  
0.369399  0.806198  1.83966  
0.354195  0.925529  1.19242  
0.405087  0.1771  3.06105  
0.250125  2.03634  0.0827632  
0.266468  1.1055  1.2928  
0.27542  1.87709  0.763194  
0.295728  0.392822  2.38991  
0.22661  2.07997  0.408141  
0.262511  1.04173  2.05909  
0.225568  1.26116  1.19242  
0.275178  0.327932  3.48796  
0.170811  2.32529  0.262799  
0.190535  1.26535  1.91043  
0.183009  2.19384  1.1894  
0.176794  0.543232  3.11797  
0.134881  2.45089  0.71792  
0.121547  0.79942  2.38991  
0.0998939  1.66425  1.51515  
0.0593793  0.0226803  4.77078  
0.0628447  2.97649  0.0714207  
0.0591944  1.83859  2.01902  
0.0423413  3.03021  1.14039  
0.0233511  0.516191  3.58496  
