2  1.97807e-15  
1.98995  0.0200934  
1.97981  0.0403893  
1.96955  0.0608925  
1.9592  0.0816042  
1.94874  0.102526  
1.93817  0.123668  
1.92749  0.145027  
1.9167  0.166608  
1.90579  0.188414  
1.89477  0.210453  
1.88364  0.232724  
1.87239  0.255229  
1.86101  0.277978  
1.84951  0.300971  
1.83789  0.324212  
1.82615  0.347705  
1.81427  0.371456  
1.80227  0.395467  
1.79013  0.419743  
1.77786  0.444289  
1.76545  0.469108  
1.75289  0.49421  
1.7402  0.519593  
1.72737  0.545265  
1.71439  0.57123  
1.70125  0.597493  
1.68797  0.624061  
1.67453  0.650937  
1.66094  0.678124  
1.64718  0.705638  
1.63326  0.733474  
1.61918  0.761641  
1.60493  0.790145  
1.5905  0.818993  
1.5759  0.848191  
1.56113  0.877745  
1.54617  0.907661  
1.53103  0.937947  
1.5157  0.968609  
1.50017  0.999654  
1.48446  1.03109  
1.46854  1.06292  
1.45242  1.09516  
1.43609  1.12781  
1.41956  1.16089  
1.4028  1.19439  
1.38583  1.22833  
1.36864  1.26272  
1.35122  1.29756  
1.33357  1.33287  
1.31567  1.36865  
1.29754  1.40492  
1.27916  1.44168  
1.26053  1.47894  
1.24164  1.51672  
1.22249  1.55502  
1.20307  1.59385  
1.18338  1.63324  
1.16341  1.67318  
1.14315  1.71369  
1.12261  1.75479  
1.10176  1.79648  
1.08061  1.83878  
1.05915  1.8817  
1.03737  1.92526  
1.01527  1.96947  
0.99283  2.01434  
0.970054  2.05989  
0.946931  2.10614  
0.92345  2.1531  
0.899606  2.20079  
0.875385  2.24923  
0.850792  2.29842  
0.825803  2.34839  
0.800417  2.39917  
0.774618  2.45076  
0.7484  2.5032  
0.721755  2.55649  
0.694667  2.61067  
0.667128  2.66574  
0.639124  2.72175  
0.610649  2.7787  
0.581687  2.83663  
0.552225  2.89555  
0.522251  2.9555  
0.491745  3.01651  
0.460711  3.07858  
0.429115  3.14177  
0.396952  3.2061  
0.364203  3.27159  
0.330851  3.3383  
0.296885  3.40623  
0.262284  3.47543  
0.227028  3.54594  
0.191102  3.6178  
0.154484  3.69103  
0.117156  3.76569  
0.0790959  3.84181  
0.0402816  3.91944  
