2.00009  8.95774e-05  8.95774e-05  
1.99894  0.110849  0.110604  
1.99613  0.24562  0.0820343  
1.9966  0.104135  0.312823  
1.98815  0.433642  0.0619564  
1.99363  0.214872  0.358151  
1.98849  0.402123  0.240733  
1.98876  0.0893  0.624838  
1.96681  0.726051  0.0483191  
1.98516  0.370827  0.477595  
1.97327  0.626062  0.284471  
1.98045  0.183909  0.796889  
1.95457  0.840116  0.193934  
1.97636  0.347576  0.764632  
1.96565  0.657224  0.51281  
1.96216  0.0771323  1.16046  
1.90358  1.22737  0.0395195  
1.95924  0.6429  0.728894  
1.92937  1.0203  0.398915  
1.95431  0.329452  1.17694  
1.89202  1.289  0.238134  
1.94767  0.564839  1.07658  
1.92238  1.00671  0.688648  
1.92575  0.165411  1.60438  
1.8338  1.59345  0.164617  
1.92464  0.780068  1.14098  
1.8817  1.28082  0.671539  
1.90774  0.321584  1.73708  
1.82672  1.60154  0.447738  
1.90345  0.619108  1.59217  
1.87435  1.20321  1.06193  
1.85376  0.072386  2.2514  
1.68464  2.15672  0.0333019  
1.85704  1.21139  1.28942  
1.76937  1.8136  0.655664  
1.85344  0.627228  2.05142  
1.67922  2.16073  0.353161  
1.83656  1.01784  1.8241  
1.76611  1.72701  1.10654  
1.78841  0.318052  2.64454  
1.56749  2.48137  0.209732  
1.784  1.336  1.83062  
1.6776  2.07178  1.01145  
1.75289  0.572681  2.75931  
1.56591  2.45393  0.625558  
1.74277  1.04887  2.49119  
1.67183  1.92289  1.59394  
1.64405  0.166513  3.4093  
1.36382  2.92535  0.143892  
1.6562  1.74788  2.10917  
1.50204  2.54391  1.07357  
1.63185  0.825183  3.2428  
1.36051  2.90502  0.603071  
1.60708  1.40816  2.88429  
1.49519  2.39016  1.74267  
1.49637  0.33477  3.95081  
1.20438  3.18356  0.39087  
1.51237  1.81449  2.8326  
1.35254  2.7617  1.54922  
1.43301  0.664262  4.06619  
1.19617  3.14205  0.96198  
1.42109  1.33919  3.71484  
1.33024  2.53267  2.37863  
1.24371  0.0539248  4.69922  
0.902135  3.57001  0.0273764  
1.25641  2.56572  2.64492  
1.03889  3.33109  1.15665  
1.24468  1.35182  4.23834  
0.879684  3.57466  0.547127  
1.18049  2.12013  3.65559  
1.01026  3.19104  1.97902  
1.05963  0.656418  4.99367  
0.718835  3.72827  0.28032  
1.02348  2.57571  3.41498  
0.83273  3.47068  1.63506  
0.949505  1.09827  5.01905  
0.681065  3.71334  0.900885  
0.901684  1.9615  4.47691  
0.777339  3.25009  2.60996  
0.73828  0.310982  5.55806  
0.479777  3.88185  0.157526  
0.711783  2.94866  3.44792  
0.546852  3.71425  1.50925  
0.654173  1.40416  5.26498  
0.424268  3.87712  0.759606  
0.584197  2.31159  4.5739  
0.472623  3.51678  2.48515  
0.458314  0.513795  5.79009  
0.291589  3.94657  0.443356  
0.414644  2.75809  4.16467  
0.312145  3.71642  2.01466  
0.327936  0.991899  5.7303  
0.216594  3.90362  1.14079  
0.264838  1.94933  5.18055  
0.207296  3.40138  3.09714  
0.162148  0.0741531  5.97956  
0.0851463  3.99632  0.0939997  
0.104858  3.22345  3.54044  
0.0566433  3.87916  1.45869  
0.0113301  1.60897  5.49389  
