2.05  0.0501184  0.0502558  
2.0489  0.160485  0.160582  
2.04604  0.295453  0.131814  
2.04661  0.154058  0.362327  
2.03815  0.482771  0.112012  
2.04357  0.26433  0.407187  
2.0383  0.451159  0.290653  
2.03876  0.131259  0.673275  
2.01692  0.77374  0.0983838  
2.03507  0.420467  0.526117  
2.02321  0.674441  0.333996  
2.03025  0.233321  0.844823  
2.00459  0.887695  0.243375  
2.02622  0.396172  0.812548  
2.01538  0.707837  0.56181  
2.01207  0.127194  1.20718  
1.95407  1.27368  0.0895906  
2.00921  0.691254  0.776889  
1.9797  1.06714  0.448005  
2.00442  0.378803  1.2243  
1.94227  1.33531  0.288002  
1.9974  0.612077  1.12602  
1.97246  1.05347  0.736722  
1.97575  0.215611  1.65049  
1.88467  1.63868  0.214468  
1.97482  0.827992  1.18739  
1.93192  1.32828  0.719885  
1.95803  0.370933  1.78294  
1.87772  1.6465  0.497171  
1.95341  0.671656  1.63865  
1.92492  1.25021  1.10875  
1.90437  0.116383  2.29541  
1.7365  2.19996  0.0841529  
1.90769  1.25837  1.33668  
1.82044  1.85884  0.704253  
1.90391  0.676179  2.09572  
1.73092  2.20471  0.40278  
1.88655  1.06964  1.86779  
1.81735  1.77173  1.1538  
1.83929  0.373781  2.68628  
1.61961  2.52503  0.25986  
1.83459  1.38309  1.87717  
1.72921  2.11602  1.05914  
1.8041  0.620872  2.80223  
1.61822  2.49739  0.673973  
1.7936  1.09629  2.53511  
1.72329  1.96776  1.63932  
1.69575  0.211975  3.45069  
1.41694  2.96834  0.193689  
1.70798  1.79282  2.15372  
1.55423  2.58748  1.12159  
1.68364  0.873063  3.28371  
1.41333  2.94902  0.65189  
1.65865  1.45451  2.92606  
1.5476  2.43388  1.79018  
1.54881  0.382579  3.99121  
1.25874  3.22619  0.440148  
1.56436  1.86018  2.87625  
1.40556  2.80469  1.59546  
1.48511  0.713739  4.10868  
1.25068  3.18437  1.00952  
1.47358  1.38954  3.75454  
1.38289  2.57741  2.42449  
1.29736  0.108114  4.73928  
0.957497  3.61447  0.0782356  
1.30947  2.61006  2.69148  
1.09364  3.37423  1.20489  
1.29722  1.39908  4.28142  
0.93462  3.61888  0.596775  
1.23432  2.16582  3.69745  
1.06642  3.23345  2.0248  
1.11386  0.707808  5.034  
0.774379  3.77368  0.331775  
1.07865  2.61811  3.46141  
0.887335  3.51551  1.68335  
1.0042  1.14648  5.06004  
0.736957  3.75839  0.950277  
0.956841  2.00715  4.51993  
0.833215  3.29495  2.65526  
0.793705  0.366385  5.5995  
0.535837  3.92876  0.207803  
0.768327  2.99398  3.49315  
0.603706  3.75977  1.5584  
0.709868  1.45536  5.30712  
0.481326  3.92286  0.81016  
0.64143  2.35969  4.61606  
0.528492  3.56342  2.53298  
0.51525  0.593036  5.82827  
0.349136  3.99382  0.495901  
0.467131  2.80714  4.21292  
0.368364  3.76381  2.06368  
0.383935  1.04675  5.77372  
0.272673  3.95141  1.19302  
0.322263  1.99803  5.22634  
0.263415  3.44991  3.14539  
0.218346  0.190985  6.02497  
0.143712  4.0451  0.1454  
0.156068  3.27272  3.58984  
0.125459  3.86712  1.82914  
0.093625  1.65869  5.54183  
