2.00003  3.07228e-05  
1.99998  0.0201875  
1.9999  0.0408224  
1.99977  0.0618609  
1.99957  0.0833232  
1.99931  0.105222  
1.99899  0.127582  
1.99859  0.15042  
1.99812  0.173735  
1.99756  0.197538  
1.99693  0.221844  
1.9962  0.246681  
1.99537  0.272057  
1.99445  0.297959  
1.99342  0.324452  
1.99227  0.351517  
1.991  0.379167  
1.9896  0.407434  
1.98807  0.436322  
1.9864  0.465854  
1.98457  0.496043  
1.98258  0.526904  
1.98042  0.558465  
1.97808  0.590731  
1.97554  0.623724  
1.9728  0.657459  
1.96985  0.691959  
1.96667  0.72724  
1.96325  0.763315  
1.95958  0.800211  
1.95563  0.837938  
1.9514  0.876516  
1.94687  0.915955  
1.94201  0.956292  
1.93682  0.99751  
1.93127  1.03966  
1.92534  1.08274  
1.91902  1.12677  
1.91227  1.17175  
1.90508  1.2177  
1.89742  1.26464  
1.88927  1.31256  
1.88059  1.36147  
1.87137  1.41138  
1.86157  1.46229  
1.85117  1.5142  
1.84013  1.56711  
1.82842  1.621  
1.81601  1.67587  
1.80287  1.7317  
1.78896  1.78848  
1.77424  1.84616  
1.7587  1.90474  
1.74228  1.96416  
1.72496  2.02439  
1.7067  2.08537  
1.68747  2.14707  
1.66723  2.2094  
1.64596  2.27231  
1.62362  2.33572  
1.60018  2.39954  
1.57563  2.46367  
1.54993  2.52803  
1.52307  2.5925  
1.49504  2.65697  
1.46582  2.72132  
1.43541  2.78542  
1.4038  2.84913  
1.371  2.91231  
1.33703  2.97486  
1.30188  3.03657  
1.26559  3.09729  
1.22821  3.15696  
1.18973  3.21535  
1.15024  3.27232  
1.10975  3.32775  
1.06835  3.38152  
1.02608  3.43347  
0.983027  3.4835  
0.939251  3.53148  
0.894833  3.57732  
0.849856  3.62092  
0.804406  3.66222  
0.75857  3.70114  
0.712435  3.73763  
0.666093  3.77166  
0.619632  3.8032  
0.573142  3.83225  
0.526709  3.85881  
0.480417  3.8829  
0.434346  3.90455  
0.388576  3.92379  
0.343177  3.94069  
0.298213  3.9553  
0.253766  3.96768  
0.209874  3.97793  
0.166595  3.98611  
0.123984  3.99232  
0.0820733  3.99664  
0.040904  3.99917  
