2  1.76447e-15  1.88694e-15  
1.99889  0.111018  0.111047  
1.99601  0.2465  0.082189  
1.99658  0.104536  0.313636  
1.98804  0.434866  0.0621111  
1.99352  0.215281  0.358829  
1.98819  0.403071  0.241812  
1.98858  0.0894136  0.625968  
1.96661  0.727128  0.0484531  
1.98493  0.372174  0.478409  
1.97297  0.627276  0.285083  
1.98008  0.184145  0.798373  
1.95417  0.841464  0.194167  
1.97599  0.348037  0.765946  
1.96506  0.660845  0.513977  
1.96172  0.0774639  1.16246  
1.9032  1.22909  0.039649  
1.95884  0.644179  0.730041  
1.92906  1.02168  0.399784  
1.95401  0.330196  1.17956  
1.89129  1.29097  0.239076  
1.94683  0.566067  1.08067  
1.92177  1.00789  0.689613  
1.9251  0.166283  1.60744  
1.8332  1.59545  0.164913  
1.92412  0.781674  1.14241  
1.88082  1.28414  0.672581  
1.9072  0.322328  1.74061  
1.82618  1.60334  0.448922  
1.90254  0.624376  1.59557  
1.87377  1.20549  1.0635  
1.85308  0.0646554  2.25508  
1.68373  2.15875  0.0339233  
1.85639  1.2138  1.29205  
1.76841  1.81637  0.656938  
1.85258  0.628916  2.05468  
1.67819  2.16329  0.353897  
1.83512  1.0239  1.82541  
1.76531  1.72887  1.10807  
1.7874  0.324937  2.64749  
1.56602  2.48422  0.210316  
1.78269  1.33879  1.83449  
1.67647  2.07423  1.01293  
1.75192  0.573463  2.76352  
1.56505  2.45716  0.626266  
1.74103  1.05326  2.49464  
1.67044  1.92556  1.59505  
1.64267  0.165486  3.41365  
1.36204  2.92798  0.143984  
1.65529  1.75012  2.11221  
1.5006  2.54726  1.07428  
1.63043  0.827332  3.24582  
1.35829  2.90833  0.603437  
1.60537  1.40993  2.88701  
1.49336  2.39267  1.74601  
1.49488  0.335195  3.95549  
1.20276  3.18519  0.391149  
1.51051  1.81807  2.83628  
1.35107  2.7647  1.55082  
1.43054  0.666327  4.07223  
1.19509  3.14437  0.962512  
1.41898  1.3444  3.71685  
1.32814  2.53641  2.38268  
1.24151  0.0746404  4.70269  
0.900033  3.57203  0.0281197  
1.25439  2.56875  2.65017  
1.03682  3.33246  1.15753  
1.24115  1.35586  4.2426  
0.877088  3.57629  0.547689  
1.17791  2.12232  3.65761  
1.01008  3.19321  1.98024  
1.05693  0.663099  4.99567  
0.716208  3.73001  0.282098  
1.02103  2.5763  3.41946  
0.829965  3.472  1.6362  
0.946798  1.09984  5.021  
0.678894  3.71432  0.901471  
0.897868  1.96324  4.48022  
0.775359  3.25132  2.61025  
0.735492  0.321573  5.55867  
0.476969  3.88316  0.157812  
0.711307  2.95081  3.45088  
0.545042  3.7146  1.51033  
0.651218  1.4076  5.26548  
0.422431  3.87672  0.76085  
0.582224  2.31318  4.57273  
0.470126  3.51718  2.48539  
0.455835  0.543868  5.78484  
0.289896  3.94657  0.446093  
0.415233  2.75885  4.16533  
0.30981  3.71641  2.0149  
0.324753  0.998425  5.72782  
0.214656  3.90316  1.14335  
0.263353  1.94926  5.17947  
0.202146  3.40212  3.09746  
0.158929  0.143449  5.97715  
0.0842981  3.99593  0.0958923  
0.10374  3.22563  3.5429  
0.0540655  3.87833  1.45959  
0.0332146  1.60887  5.49236  
