2.00269  0.109788  0.259463  
2.00219  0.120656  0.272486  
1.99964  0.255185  0.241821  
1.99836  0.114086  0.472968  
1.992  0.442599  0.211082  
1.99483  0.224199  0.51825  
1.99045  0.410617  0.402044  
1.98505  0.108985  0.842548  
1.97063  0.732514  0.207595  
1.9856  0.379699  0.635986  
1.97495  0.63271  0.44462  
1.97797  0.192903  0.952424  
1.95708  0.845498  0.354342  
1.97376  0.355332  0.920297  
1.9652  0.665524  0.667858  
1.93398  0.106307  1.58604  
1.90783  1.23021  0.199432  
1.95705  0.648302  0.884093  
1.93052  1.02347  0.558175  
1.94901  0.335046  1.32748  
1.89492  1.29132  0.399327  
1.94263  0.570339  1.23038  
1.92085  1.00819  0.844972  
1.91723  0.168519  1.74803  
1.83781  1.59403  0.322135  
1.91948  0.783032  1.2904  
1.88067  1.28214  0.827907  
1.89871  0.328477  1.87784  
1.82882  1.59998  0.605888  
1.89532  0.625949  1.73496  
1.87055  1.20222  1.21382  
1.76489  0.0979196  2.85707  
1.69116  2.15496  0.187978  
1.85208  1.20964  1.43703  
1.77316  1.81278  0.81258  
1.84266  0.629416  2.18335  
1.68315  2.15628  0.513261  
1.82727  1.01974  1.96148  
1.76395  1.71979  1.25737  
1.77445  0.329611  2.76157  
1.5744  2.47845  0.367917  
1.77571  1.33023  1.96943  
1.67718  2.06266  1.16344  
1.73873  0.573639  2.87574  
1.57007  2.44628  0.780743  
1.73044  1.04413  2.61496  
1.66764  1.91117  1.73629  
1.62795  0.175031  3.50644  
1.37178  2.91921  0.303238  
1.64895  1.73393  2.23987  
1.50299  2.53017  1.22504  
1.61923  0.823197  3.34107  
1.36576  2.89475  0.761175  
1.59505  1.39565  2.99809  
1.49216  2.37143  1.885  
1.47989  0.337469  4.02862  
1.21292  3.173  0.550487  
1.50176  1.79574  2.94723  
1.35554  2.7461  1.69446  
1.41689  0.660724  4.14234  
1.202  3.12378  1.11515  
1.41079  1.32895  3.8086  
1.32984  2.51419  2.50782  
1.23016  0.0738592  4.7498  
0.914704  3.56617  0.177713  
1.25217  2.53662  2.76869  
1.04541  3.31061  1.30593  
1.2351  1.33909  4.31937  
0.88992  3.56257  0.706443  
1.17587  2.09479  3.75326  
1.01668  3.16626  2.11984  
1.04925  0.649822  5.03276  
0.730869  3.72178  0.443247  
1.02212  2.54088  3.51981  
0.839873  3.44604  1.77944  
0.9426  1.08291  5.06063  
0.693679  3.70275  1.04753  
0.901754  1.9368  4.55961  
0.783491  3.21656  2.73661  
0.73465  0.306588  5.57725  
0.494792  3.88551  0.317823  
0.716971  2.90889  3.5519  
0.557991  3.69217  1.65938  
0.653628  1.38722  5.31059  
0.438095  3.86668  0.916981  
0.587071  2.27309  4.63418  
0.482566  3.48061  2.61473  
0.462915  0.539773  5.79162  
0.306498  3.94165  0.604937  
0.426746  2.71977  4.25268  
0.324289  3.68588  2.15456  
0.333428  0.982983  5.74431  
0.224943  3.88868  1.29761  
0.26485  1.91881  5.23343  
0.217229  3.36547  3.21676  
0.173742  0.145031  5.98246  
0.115087  4.00099  0.265959  
0.118959  3.18178  3.64508  
0.101683  3.67075  2.39158  
0.0531195  1.58277  5.52856  
