1.000000000000000000000000000000 0.500000000167412639306974142528 0.500000000090134122388008108828 0.500000000398038491056240673061 0.499999999819950857737893556987 0.500000000126394894550685421564  | 0.500000000000000000000000000000 0.000000000000000000000000000000 
0.000000000000000000000000000000 0.500000000203841277190974778932 0.500000000006039169164751001517 0.500000000268039923589924455882 0.500000000120302434680752412532 0.499999999750530110809165762475  | 0.000000000000000000000000000000 0.500000000000000000000000000000 
0.969124343409602295729143861536 0.500000000209290362818137509748 0.500000000058925753165794958477 0.500000000133856259409981248609 0.499999999838331599111285186154 0.499999999589193833138267564209  | 0.484562171704801147864571930768 0.015437828295198852135428069232 
0.958828764501236330275446562155 0.499999999988452792365478671854 0.499999999829153995989372560871 0.499999999884995327548153909447 0.499999999681034645870880694929 0.500000000169614433609410752979  | 0.479414382250618165137723281077 0.020585617749381834862276718923 
0.979416661560225332294749023276 0.500000000042888137485874722188 0.500000000131367472455679035193 0.499999999870886835395822345163 0.499999999943438355742841849860 0.500000000155393697909289585368  | 0.489708330780112666147374511638 0.010291669219887333852625488362 
0.948536979240735100837866866641 0.499999999950084761390911580747 0.499999999814911610940271202708 0.499999999973902764516253682814 0.500000000109063091890959640295 0.499999999913907922088895929846  | 0.474268489620367550418933433320 0.025731510379632449581066566680 
0.989711077201481215226408494345 0.500000000069504402233633300057 0.500000000039991898681535076321 0.500000000324789528605151645024 0.500000000094536378725251779542 0.500000000112003517571679367393  | 0.494855538600740607613204247173 0.005144461399259392386795752827 
0.938243480647609318090474062046 0.500000000144773193433422875387 0.500000000321825344151704939577 0.499999999984571563693691587105 0.499999999942637995964389574510 0.499999999806548189873467435973  | 0.469121740323804659045237031023 0.030878259676195340954762968977 
0.917667571512211344142428970372 0.500000000107421072037539033772 0.500000000044514170127740726457 0.500000000045898063127935984085 0.499999999972770947653799566979 0.500000000292300628146335839119  | 0.458833785756105672071214485186 0.041166214243894327928785514814 
0.927955782669200646139984201000 0.500000000135489841568414703943 0.500000000059086513459760681144 0.499999999853457166576475856345 0.500000000258153498577939899405 0.499999999957454310806070907347  | 0.463977891334600323069992100500 0.036022108665399676930007899500 
0.907379283985489726305218027846 0.499999999727492649981286376715 0.500000000013645418128760411491 0.499999999831767849567398798172 0.500000000056210036625259363063 0.500000000015174195233669252048  | 0.453689641992744863152609013923 0.046310358007255136847390986077 
0.897092074080942381009151631588 0.500000000029839020143640482274 0.500000000099395380814826239657 0.500000000022065016480610211147 0.499999999777400561118412269934 0.500000000417789136619717282883  | 0.448546037040471190504575815794 0.051453962959528809495424184206 
0.886816969066777871510964814661 0.499999999964791441708911179376 0.499999999697967600909009888710 0.499999999880107293126485501489 0.499999999927494553908502439299 0.500000000346043860233180566865  | 0.443408484533388935755482407330 0.056591515466611064244517592670 
0.876541452348484462220312707359 0.499999999823206642268758059799 0.499999999955528573458707342070 0.499999999726845500980232372967 0.499999999644685444444291988475 0.500000000477297312784230598481  | 0.438270726174242231110156353679 0.061729273825757768889843646321 
0.866267941717559164516160308267 0.499999999962283225851678025720 0.499999999923822879832613352846 0.499999999811326034659941797145 0.500000000374575814809929852345 0.499999999603433331607504896965  | 0.433133970858779582258080154133 0.066866029141220417741919845867 
0.855992736862297265432175663591 0.500000000301441760441889528011 0.499999999770665559672977451555 0.499999999836187869473036471391 0.499999999876526657338615677872 0.500000000159362745222324520000  | 0.427996368431148632716087831795 0.072003631568851367283912168205 
0.845726965038472999758312198537 0.499999999720584065165951415111 0.499999999895688662654436029698 0.500000000021361357127602786932 0.499999999832828168067067053926 0.500000000138653089010176699958  | 0.422863482519236499879156099269 0.077136517480763500120843900731 
0.835468224720699037533222508500 0.500000000302513014638350341556 0.500000000098766994582888401055 0.499999999847899556648656016478 0.500000000153805412850260836422 0.499999999714832166208822172848  | 0.417734112360349518766611254250 0.082265887639650481233388745750 
0.814972599493375637891290352854 0.499999999999804767281119666222 0.499999999909684189614011984304 0.500000000341901507106001645298 0.500000000166654356981155160611 0.499999999892777269305810250444  | 0.407486299746687818945645176427 0.092513700253312181054354823573 
0.825224065989491051276161215355 0.499999999828258323564256215832 0.499999999926367844071961599184 0.499999999919615578658493859621 0.500000000217506568311875980726 0.500000000128492216866504804784  | 0.412612032994745525638080607678 0.087387967005254474361919392322 
0.804726921693966978921253030421 0.499999999861393928934916175422 0.500000000059512395012006891193 0.500000000040252912114624450624 0.500000000012125300763443647156 0.499999999903916025889571983498  | 0.402363460846983489460626515211 0.097636539153016510539373484789 
0.794489334187227114192353383260 0.500000000061743055113083755714 0.499999999978674003475731524304 0.500000000341982775431404206756 0.500000000166654356981155160611 0.499999999952468576758235485613  | 0.397244667093613557096176691630 0.102755332906386442903823308370 
0.784248997567910333117424670490 0.500000000211477058087439218070 0.499999999897669467063821002739 0.500000000124238841436863367562 0.500000000144395717605050322163 0.500000000191946236682838389243  | 0.392124498783955166558712335245 0.107875501216044833441287664755 
0.774016751241262457305936095509 0.500000000098310026785952686623 0.500000000194713356549414129404 0.499999999846982734474920562207 0.500000000273974176678848380107 0.500000000106479269845749513479  | 0.387008375620631228652968047754 0.112991624379368771347031952246 
0.763794873739372937038183408731 0.500000000027304936089933562471 0.500000000360416918532280305953 0.499999999978037290571108997028 0.499999999630723612753513407370 0.500000000325261151346012411523  | 0.381897436869686468519091704366 0.118102563130313531480908295634 
0.753570592329520616559079826402 0.500000000103204556012315151747 0.500000000071406658364026043273 0.499999999762580027429237361503 0.500000000223926099884863560874 0.500000000289886559201590898738  | 0.376785296164760308279539913201 0.123214703835239691720460086799 
0.743361285347915345944613818574 0.499999999975145603681170314303 0.500000000070652261818793249404 0.499999999914759241104178499882 0.500000000383660214708925195737 0.500000000144026124360152607551  | 0.371680642673957672972306909287 0.128319357326042327027693090713 
0.733157336164810713441397638235 0.499999999901542813152133248877 0.499999999709233977629452283509 0.499999999855543442173200219258 0.500000000004063860359337923001 0.499999999974420572534938855824  | 0.366578668082405356720698819117 0.133421331917594643279301180883 
0.722958888408009259229913823219 0.500000000153654422518911815132 0.500000000180228165724827249505 0.499999999823020790934435808595 0.500000000503196817547291175288 0.500000000043281267458894490119  | 0.361479444204004629614956911610 0.138520555795995370385043088390 
0.712764823780539624742402793345 0.499999999701823294451230594859 0.499999999932006722325184000510 0.499999999819217721963582334865 0.499999999730464272928998070711 0.499999999962434882316841822103  | 0.356382411890269812371201396672 0.143617588109730187628798603328 
0.682220813445237661554187980073 0.499999999969618247330771509951 0.499999999870151201619705716439 0.500000000104695252467479349434 0.500000000176558101472323869530 0.500000000255194310128104007163  | 0.341110406722618830777093990037 0.158889593277381169222906009963 
0.692406971847790986274162605696 0.499999999765495473091903022578 0.499999999933722349965137254912 0.500000000400070643280514559592 0.499999999779801196364559245922 0.500000000048670623087332387513  | 0.346203485923895493137081302848 0.153796514076104506862918697152 
0.702580084660462178547390976746 0.499999999840566311526401932497 0.500000000026057933588674586645 0.499999999840797182404372733799 0.499999999889998492097475946139 0.499999999734937250472910363897  | 0.351290042330231089273695488373 0.148709957669768910726304511627 
0.672045581489531862473540968494 0.499999999890987645301265729358 0.499999999805474271141747522051 0.500000000172093450601096265018 0.500000000404347999527487900195 0.500000000112972520227572204021  | 0.336022790744765931236770484247 0.163977209255234068763229515753 
0.661890023990790665742167675489 0.499999999821324425663959800659 0.499999999850070209195251891288 0.500000000119261711617468790791 0.499999999607044998128912993707 0.499999999893473101586494067305  | 0.330945011995395332871083837745 0.169054988004604667128916162255 
0.651731791620795197772508799972 0.499999999965134445112369121489 0.500000000085177309649964172422 0.499999999932679628500409307890 0.499999999946556805685560220809 0.499999999645680759385868441314  | 0.325865895810397598886254399986 0.174134104189602401113745600014 
0.641584827014808900536024793837 0.499999999995122956786275381091 0.500000000067005512249806997715 0.499999999961151742056131297431 0.499999999674210326983114782706 0.500000000083500761860477723530  | 0.320792413507404450268012396918 0.179207586492595549731987603082 
0.631440744613452453748436710157 0.500000000139315448066668068350 0.499999999757186008864096038451 0.499999999898427194278127672078 0.500000000410687372998097544041 0.500000000032929214910382142989  | 0.315720372306726226874218355078 0.184279627693273773125781644922 
0.621306474853660972712532384321 0.500000000053856585857658956229 0.499999999671184469640650149813 0.500000000066457506164852020447 0.499999999771971737061448948225 0.499999999838933006923724633452  | 0.310653237426830486356266192161 0.189346762573169513643733807839 
0.611172631492639117922749392164 0.500000000144712020144766029262 0.500000000208567274562199145294 0.499999999688769791728049085577 0.500000000162898361466545793519 0.500000000176720194033919142385  | 0.305586315746319558961374696082 0.194413684253680441038625303918 
0.601049320276516252370413440076 0.500000000004612976667317525425 0.499999999821948204470345444861 0.499999999851020060503969943966 0.499999999785729232204545269269 0.499999999831250763193679631513  | 0.300524660138258126185206720038 0.199475339861741873814793279962 
0.590925389186746530256755249866 0.500000000097828634082475218747 0.499999999765391445194495645410 0.499999999939425954220695302865 0.499999999770682657107556678966 0.500000000053857140969171268807  | 0.295462694593373265128377624933 0.204537305406626734871622375067 
0.580812079623928889660078311863 0.500000000181231696316785928502 0.499999999998893274177902412703 0.500000000089255158819412372395 0.499999999876674428023193286208 0.499999999522727889278428392572  | 0.290406039811964444830039155931 0.209593960188035555169960844069 
0.570696037064608807654053634906 0.500000000290384383205832818931 0.499999999967636998832176686847 0.499999999904730318966983304563 0.500000000172751479787791595299 0.499999999989454213533690563054  | 0.285348018532304403827026817453 0.214651981467695596172973182547 
0.560592363799222614950679144386 0.500000000244671949367614161019 0.500000000018215651209629868390 0.499999999904488845459127333015 0.500000000040447756255446165596 0.499999999863949273759544666973  | 0.280296181899611307475339572193 0.219703818100388692524660427807 
0.550491426949275219904222922196 0.500000000190081395068375513802 0.499999999946089290769890567390 0.499999999895654911874487424939 0.500000000078258510782802659378 0.500000000352635809441892433824  | 0.275245713474637609952111461098 0.224754286525362390047888538902 
0.520222315520382894149520325300 0.500000000036739278286290755204 0.499999999868322775320450546133 0.500000000002231992368706414709 0.499999999736603972788628880153 0.500000000103861030886776006810  | 0.260111157760191447074760162650 0.239888842239808552925239837350 
0.510142097765696300726290246530 0.499999999909920056495593598811 0.499999999925175075965455562255 0.499999999650846294052541907149 0.499999999726958521684139213903 0.499999999962157881672197845546  | 0.255071048882848150363145123265 0.244928951117151849636854876735 
0.500070866462164809185253488977 0.499999999922677906827317428906 0.500000000236127783992401418800 0.500000000314985038052384425100 0.500000000198278060636880582024 0.499999999802238193069570115767  | 0.250035433231082404592626744488 0.249964566768917595407373255512 
0.489995945905693341959619147019 0.500000000129274591031958152598 0.500000000423632906532134256850 0.499999999746800594113693705367 0.499999999786616133867767075571 0.500000000015243695195010786847  | 0.244997972952846670979809573510 0.255002027047153356775766042119 
0.479929115644664339157543508918 0.500000000312496695187292061746 0.500000000004715561274792889890 0.500000000128919652730985490052 0.500000000437504255046405887697 0.500000000137678535239160737547  | 0.239964557822332169578771754459 0.260035442177667830421228245541 
0.469863500758998853257253358606 0.499999999601757727507589379456 0.500000000120132792602589688613 0.499999999813740492182745356331 0.499999999795473604180529036967 0.499999999895979430064585358195  | 0.234931750379499426628626679303 0.265068249620500573371373320697 
0.459800751981932875889214074050 0.500000000150497725392995107541 0.499999999886934221038359282829 0.499999999924705118559131733491 0.499999999763315716716505221484 0.500000000286412671357538783923  | 0.229900375990966437944607037025 0.270099624009033534299817347346 
0.449743536156614998056113563507 0.500000000027135405034073301067 0.499999999777120895938509193002 0.499999999888340485032500737361 0.499999999833003694327260291175 0.499999999982460474612366851943  | 0.224871768078307499028056781754 0.275128231921692500971943218246 
0.439689909311528737134722177871 0.499999999795604388452829880407 0.500000000006011191544530447572 0.500000000065451422059936703590 0.500000000193588478580863920797 0.499999999926117100201850007579  | 0.219844954655764368567361088935 0.280155045344235631432638911065 
0.429637998190495862260718240577 0.499999999695074193173383036992 0.499999999650949822349588202997 0.500000000140294664774387456418 0.499999999717393006637422558924 0.499999999992035648599397745784  | 0.214818999095247931130359120289 0.285181000904752068869640879711 
0.409543586883592380942786803644 0.500000000094825036711654320243 0.499999999885566814850079708776 0.499999999983686216342704256022 0.499999999935896499714260698966 0.499999999937977057662408242322  | 0.204771793441796190471393401822 0.295228206558203809528606598178 
0.419591664096758742985571188910 0.499999999966224351055643637665 0.499999999965977659499571927881 0.499999999792742455539951151877 0.499999999747702483787747951283 0.500000000316405901479299700441  | 0.209795832048379371492785594455 0.290204167951620628507214405545 
0.399495859567238986720383309148 0.499999999927570104585328181201 0.500000000006994183010533561173 0.499999999985797971557843766277 0.500000000121403109787365792727 0.500000000094658614280263009277  | 0.199747929783619493360191654574 0.300252070216380506639808345426 
0.389450652462233037898187149040 0.499999999676035478124447308801 0.499999999889382595874565140548 0.500000000136172295661651787668 0.499999999690379837158360487592 0.500000000057243765283487846318  | 0.194725326231116518949093574520 0.305274673768883508806482041109 
0.379407886042477326959954098129 0.500000000051359472230672054138 0.500000000181683668110110829730 0.500000000004333866598926761071 0.500000000221385354493008890131 0.499999999817765550247372630110  | 0.189703943021238663479977049064 0.310296056978761336520022950936 
0.369368024741669187527293161111 0.500000000230653163235672309384 0.500000000067869931896780144598 0.500000000087356566425000892195 0.499999999907085546091423111648 0.500000000317718518161314023018  | 0.184684012370834593763646580555 0.315315987629165406236353419445 
0.359329750656309621081874183801 0.500000000130614741244983179058 0.500000000158994151178148968029 0.500000000300387048568495629297 0.499999999447162779553366362961 0.499999999941428741045967854006  | 0.179664875328154810540937091901 0.320335124671845217214638523728 
0.349295458874216147027169654393 0.499999999539731676545528671340 0.499999999794477734127440271550 0.500000000124474874851898675843 0.499999999941400485869991143772 0.500000000076819439698283531470  | 0.174647729437108073513584827197 0.325352270562891954241990788432 
0.339260556052032868912249341520 0.500000000206866967999985718052 0.499999999985077048236803420878 0.500000000051872617312653801491 0.499999999966511898819021553209 0.500000000217859175144496930443  | 0.169630278026016434456124670760 0.330369721973983565543875329240 
0.329228883510703673742625596788 0.499999999890440749439335377247 0.499999999910313963624730604351 0.499999999728255983821867403094 0.500000000113246301225444767624 0.500000000281968337567661819776  | 0.164614441755351836871312798394 0.335385558244648163128687201606 
0.319199934550936370580842549316 0.499999999961494578926135545771 0.499999999883062540284583974426 0.499999999912751291741841441763 0.499999999856242216544899292785 0.500000000212858175530072912807  | 0.159599967275468185290421274658 0.340400032724531786954003109713 
0.309176424456105047866572022031 0.499999999896026059431619614770 0.500000000041835868103134998819 0.499999999916554915824207228070 0.500000000299748892373941089318 0.500000000024247825969325731421  | 0.154588212228052523933286011015 0.345411787771947476066713988985 
0.299155134092095265074817689310 0.499999999858991017731568717863 0.499999999989686250145837220771 0.499999999968247954562627910491 0.499999999752566814947840612149 0.500000000422388235499226993852  | 0.149577567046047632537408844655 0.350422432953952367462591155345 
0.289132985788044916120043126284 0.499999999700700581417578405308 0.500000000111186393425555252179 0.499999999769826120044058370695 0.500000000211170858577247599897 0.499999999870191169648592222075  | 0.144566492894022458060021563142 0.355433507105977541939978436858 
0.279113057214816051576633526565 0.499999999877485223898077038029 0.500000000167281966056975761603 0.499999999968206543243809392152 0.499999999886376778057694991730 0.500000000127899912882867283770  | 0.139556528607408025788316763283 0.360443471392591974211683236717 
0.269094497123514242442610111539 0.500000000121228360683289793087 0.499999999920830939803551018485 0.499999999830304964199001460656 0.500000000239576025684584692499 0.499999999676403850124017935741  | 0.134547248561757121221305055769 0.365452751438242851023119328602 
0.259081564870471514616667718656 0.500000000038846370564726839802 0.500000000202779126823315891670 0.499999999692639640613833762472 0.500000000330103611112519956805 0.499999999808221795571938628200  | 0.129540782435235757308333859328 0.370459217564764242691666140672 
0.249070827427603946890855013407 0.500000000283787882082719988830 0.499999999852546950229736921756 0.499999999929693406119923793085 0.500000000039386938155416828522 0.499999999744301815152169865542  | 0.124535413713801973445427506704 0.375464586286198054310148108925 
0.239063455115605755230134832345 0.499999999888098456413132453235 0.499999999709916487233840598492 0.500000000059279803288347920898 0.500000000071878392127189272287 0.500000000321015214410635962849  | 0.119531727557802877615067416173 0.380468272442197108507144776013 
0.229058775665406555432923596527 0.499999999798812932993996582809 0.499999999745698919806358162532 0.499999999975472841917678579193 0.500000000520465448516915785149 0.499999999994876820341715983886  | 0.114529387832703277716461798263 0.385470612167296722283538201737 
0.219062739513683379932729167194 0.500000000142650780077246963629 0.500000000147143741635602509632 0.499999999765803448958934041002 0.500000000010447420706327648077 0.500000000159066315674749603204  | 0.109531369756841689966364583597 0.390468630243158310033635416403 
0.209059960722259907672793133315 0.499999999820884721835057007411 0.499999999821004736944018986833 0.499999999814104756357124870192 0.499999999987811638568757643952 0.499999999909923609209272399312  | 0.104529980361129953836396566658 0.395470019638870073919179048971 
0.199065825229312487465449521551 0.499999999682045115356743281154 0.499999999922548177266889979364 0.499999999937053629661676268370 0.500000000020307422410326125828 0.499999999839065012441352564565  | 0.099532912614656243732724760775 0.400467087385343756267275239225 
0.189081911079920117479957752948 0.499999999838793951489890332596 0.499999999979047260456610501933 0.499999999939184536223990562576 0.500000000210832684643946777214 0.500000000012785106306978377688  | 0.094540955539960058739978876474 0.405459044460039941260021123526 
0.179100239890599921555036644349 0.499999999863253941079221931432 0.499999999903799674516591267093 0.499999999687597562747498614044 0.499999999886976354002143807520 0.500000000275135025873396443785  | 0.089550119945299960777518322175 0.410449880054700066978057293454 
0.169118314346057785346744140043 0.500000000179538606204232564778 0.499999999790435745161687464133 0.500000000102987507411000933644 0.499999999871758693537060480594 0.500000000092720275901569948473  | 0.084559157173028892673372070021 0.415440842826971135082203545608 
0.159141278423140491993237333190 0.500000000001050937115110173181 0.499999999881310441818271783632 0.499999999693966579172865749570 0.500000000405618649779171391856 0.500000000073158368252279615263  | 0.079570639211570245996618666595 0.420429360788429740125593525590 
0.149171210031076584279219332529 0.499999999634416103511114215507 0.499999999770665559672977451555 0.499999999836187869473036471391 0.499999999876526657338615677872 0.499999999973313902223992499785  | 0.074585605015538292139609666265 0.425414394984461707860390333735 
0.139206992170906734829216588878 0.500000000171228475842610805557 0.499999999933300576238082157943 0.500000000136083477819681775145 0.499999999791951588168359421616 0.499999999659595961709612765844  | 0.069603496085453367414608294439 0.430396503914546646463179513376 
0.129248767501002503887974626196 0.499999999897937141835058127981 0.499999999664237471108663157793 0.500000000056765925293689178943 0.500000000494911778226025944605 0.499999999938683770128733385718  | 0.064624383750501251943987313098 0.435375616249498720300437071273 
0.119285953733239136198562846403 0.499999999580753140548949886579 0.499999999952547791171042490532 0.499999999894925939436518547154 0.500000000267438182710577621037 0.499999999856235721740205235619  | 0.059642976866619568099281423201 0.440357023133380431900718576799 
0.109327771118568617403354892303 0.500000000180984338626899443625 0.500000000097741370552739681443 0.500000000012650103187183958653 0.500000000456428006501141680928 0.499999999923083582320515461106  | 0.054663885559284308701677446152 0.445336114440715691298322553848 
0.099377004778273075880079545641 0.499999999975002829000203519172 0.499999999781474802063030438148 0.500000000037502001504208237748 0.499999999597431354914078838192 0.499999999910521353285730583593  | 0.049688502389136537940039772820 0.450311497610863475937748034994 
0.089420059898646875318206639349 0.500000000014330536757256595592 0.499999999818401985596239001097 0.499999999736122135995941562214 0.499999999903468161921438195350 0.499999999765278202445983879443  | 0.044710029949323437659103319675 0.455289970050676562340896680325 
0.079472316083286809185182164583 0.500000000017195134205394424498 0.499999999776075509938522145603 0.499999999746942480616240800373 0.500000000431362723318784446747 0.499999999855944954330055907121  | 0.039736158041643404592591082292 0.460263841958356567651833302079 
0.069527507339961949761608650533 0.500000000090834451071941657574 0.499999999757186008864096038451 0.499999999662385730125890859199 0.500000000194007476750357454875 0.499999999786813864588452815951  | 0.034763753669980974880804325267 0.465236246330019032058089578641 
0.059586958856616890900514960094 0.499999999907690950706751209509 0.499999999757371915709569520914 0.500000000081246009919766493113 0.500000000266714650365429406520 0.499999999879437106997670525743  | 0.029793479428308445450257480047 0.470206520571691544141401664092 
0.049648962170817940997569195360 0.500000000102925223899319462362 0.500000000061815663698894240952 0.500000000278655543084482815175 0.499999999882168422171702104606 0.500000000086693985323904598772  | 0.024824481085408970498784597680 0.475175518914591032970662354273 
0.039714511859527470982733632354 0.500000000011907586028314653959 0.499999999811658546455817031529 0.499999999893190716360180658739 0.499999999867155597854662119062 0.500000000060208948937656714406  | 0.019857255929763735491366816177 0.480142744070236271447527087730 
0.029778595559917540869232510659 0.499999999989609200667928234907 0.500000000034658054204328436754 0.499999999972080999555146263447 0.500000000276524914077924677258 0.500000000369735353444866632344  | 0.014889297779958770434616255329 0.485110702220041212218148984903 
0.019849157611455000432831852208 0.499999999895381574965824711398 0.500000000002485789352135725494 0.500000000184899429100937595649 0.499999999880698431375947166089 0.500000000213838280416212001001  | 0.009924578805727500216415926104 0.490075421194272498048860597919 
0.009923200614630567004126326935 0.500000000129274591031958152598 0.500000000225092389172232287819 0.500000000014948819959670345270 0.499999999786616133867767075571 0.500000000234187225167659107683  | 0.004961600307315283502063163468 0.495038399692684705222234242683 
0.530314386315628105705854977714 0.500000000028407498575688805431 0.499999999821860496851400057494 0.500000000398038491056240673061 0.500000000050334847401245497167 0.500000000048563597587758522423  | 0.265157193157814052852927488857 0.234842806842185947147072511143 
0.540399652874856917250667720509 0.500000000040893732844438090979 0.500000000153022705617900101061 0.500000000245228171102951364446 0.500000000191604732080463691091 0.500000000268016053794895015017  | 0.270199826437428458625333860255 0.229800173562571541374666139745 
