1 0 
6.12323e-17 1 
0.460661 0.887576 
0.448362 0.893852 
0.43585 0.900019 
0.423105 0.906081 
0.410122 0.912031 
0.472749 0.881197 
0.396887 0.917868 
0.484619 0.874725 
0.496305 0.868148 
0.507799 0.861476 
0.383385 0.923589 
0.355563 0.934653 
0.369631 0.929179 
0.519124 0.854699 
0.341162 0.940005 
0.541194 0.840898 
0.530234 0.847852 
0.326425 0.945223 
0.551993 0.833849 
0.311303 0.950311 
0.562605 0.826726 
0.295789 0.955253 
0.279818 0.960053 
0.57307 0.819507 
0.263318 0.964709 
0.583352 0.812219 
0.246251 0.969206 
0.593521 0.804819 
0.228509 0.973542 
0.603515 0.797352 
0.210007 0.9777 
0.613364 0.7898 
0.190579 0.981672 
0.623066 0.782169 
0.632658 0.774431 
0.170008 0.985443 
0.651395 0.758739 
0.642087 0.766632 
0.148008 0.988986 
0.660602 0.750736 
0.669654 0.742673 
0.678597 0.734511 
0.124011 0.992281 
0.687414 0.726266 
0.696102 0.717943 
0.704678 0.709527 
0.713141 0.701021 
0.721495 0.69242 
0.0970798 0.995277 
0.729734 0.683731 
0.737869 0.674944 
0.745891 0.666068 
0.753815 0.657087 
0.761633 0.648008 
0.76935 0.638828 
0.776962 0.629548 
0.784451 0.62019 
0.791839 0.61073 
0.799141 0.601143 
0.80633 0.591466 
0.813434 0.581657 
0.820433 0.571742 
0.827336 0.561708 
0.834135 0.55156 
0.840845 0.541276 
0.853936 0.520377 
0.847433 0.530902 
0.860353 0.509699 
0.866658 0.498903 
0.872869 0.487955 
0.878983 0.476853 
0.885002 0.465586 
0.890917 0.454166 
0.896729 0.442579 
0.902458 0.430778 
0.908077 0.418803 
0.919008 0.39424 
0.913591 0.406634 
0.92433 0.381595 
0.92954 0.36872 
0.953987 0.299849 
0.934648 0.355574 
0.949319 0.314315 
0.939649 0.342141 
0.962952 0.269671 
0.958532 0.284986 
0.975405 0.220419 
0.971395 0.237468 
0.967243 0.253852 
0.94454 0.328395 
0.979259 0.202613 
0.982944 0.183908 
0.986444 0.1641 
0.989741 0.142877 
0.992805 0.119745 
0.995596 0.0937491 
0.998043 0.0625244 
0.0647414 0.997902 
