6.12323e-17 1 0 
1 0 0 
6.12323e-17 0 1 
0.843764 0.536714 0 
0.880369 0.474289 0 
0.628459 0.777843 0 
0.914018 0.405674 0 
0.307173 0.951654 0 
0.804906 0.593402 0 
0.678041 0.735024 0 
0.390471 0.920615 0 
0.577748 0.816215 0 
4.80346e-17 0.784465 0.620173 
0.945254 0.326336 0 
0.972647 0.232288 0 
0.5229 0.852394 0 
0.463644 0.886022 0 
4.55145e-17 0.743308 0.66895 
5.03834e-17 0.822823 0.568298 
0.763238 0.646117 0 
0.724498 0.689277 0 
3.72961e-17 0.609091 0.793101 
3.41577e-17 0.557838 0.82995 
5.25767e-17 0.858643 0.512574 
4.28303e-17 0.699472 0.71466 
4.0234e-17 0.657071 0.753829 
3.09022e-17 0.504671 0.863312 
2.71472e-17 0.443348 0.89635 
0.205504 0.978656 0 
0.666649 0 0.745372 
5.44834e-17 0.889782 0.456386 
5.62487e-17 0.918611 0.395164 
0.709422 0 0.704784 
0.702619 0.623944 0.342081 
2.30165e-17 0.375888 0.926665 
0.35555 0 0.934657 
0.818132 0 0.57503 
1.8795e-17 0.306946 0.951727 
0.530224 0 0.847858 
1.36329e-17 0.222643 0.9749 
0.577113 0 0.816664 
0.621217 0 0.783639 
0.746757 0 0.665097 
0.908129 0 0.418691 
0.782067 0 0.623194 
0.478451 0 0.878114 
0.422545 0 0.906342 
0.279525 0 0.960138 
0.835295 0.336669 0.434668 
0.447757 0.659731 0.603548 
0.465541 0.364365 0.806542 
0.93501 0 0.354621 
0.851985 0 0.523566 
0.618051 0.506271 0.601417 
0.879886 0 0.475184 
0.658774 0.570689 0.490235 
0.666552 0.366147 0.649342 
0.510559 0.698493 0.501435 
0.565046 0.612417 0.552873 
0.807688 0.474045 0.3506 
0.56938 0.737632 0.362914 
0.959292 0 0.282417 
0.548575 0.326205 0.769841 
0.518732 0.558737 0.647093 
0.47731 0.491045 0.728732 
0.57721 0.437435 0.68955 
0.613451 0.659417 0.434565 
0.698509 0.459491 0.548592 
0.518636 0.795822 0.312545 
0.370545 0.739376 0.562156 
0.735716 0.525442 0.427355 
0.451706 0.767528 0.454821 
0.364601 0.826114 0.429654 
0.732119 0.320082 0.60129 
0.302817 0.567373 0.765761 
0.769411 0.415029 0.485548 
0.406994 0.306025 0.860642 
0.982014 0 0.188809 
0.442161 0.845914 0.298198 
0.886311 0.303997 0.349341 
0.65047 0.702398 0.289008 
0.860378 0.425199 0.280992 
0.77466 0.564803 0.28443 
0.389454 0.4777 0.787482 
0.291177 0.798638 0.526682 
0.627895 0.294321 0.720502 
0.298525 0.270671 0.915216 
0.40548 0.587585 0.700235 
0.313126 0.448787 0.836984 
0.186893 0 0.98238 
0.296452 0.874433 0.384034 
0.331032 0.649549 0.684473 
0.288204 0.713925 0.638162 
0.794618 0.283112 0.537057 
0.926143 0.275815 0.257265 
0.269003 0.385969 0.88242 
0.362359 0.897274 0.252182 
5.96217e-17 0.973696 0.227851 
0.250227 0.928869 0.273108 
5.80441e-17 0.947932 0.318473 
