1 0 0 
4.42079e-17 4.23681e-17 1 
6.12323e-17 1 0 
0.836217 0.548399 0 
0.912443 0.409204 0 
0.795848 0.605496 0 
0.876031 0.482256 0 
0.919011 0 0.394231 
0.950282 0 0.311392 
0.753842 0.657056 0 
0.972648 0.232286 0 
0.944537 0.328404 0 
1.99911e-17 0.326479 0.945204 
1.42964e-17 0.233478 0.972362 
0.51133 0.859384 0 
0.88591 0 0.463858 
0.708942 0.705266 0 
3.20128e-17 0.522808 0.852451 
4.41488e-17 0.721004 0.692931 
4.13037e-17 0.67454 0.738238 
2.85621e-17 0.466454 0.884545 
0.77566 0 0.631151 
0.647649 0 0.761939 
0.56848 0.822697 0 
2.48101e-17 0.405179 0.914237 
3.82617e-17 0.624861 0.780736 
3.52427e-17 0.575557 0.817762 
0.815574 0 0.578652 
0.849827 0 0.527062 
0.489487 0 0.872011 
0.97805 0 0.208371 
0.449233 0.893415 0 
0.599585 0 0.800311 
0.548291 0 0.836288 
0.733041 0 0.680185 
0.692509 0 0.721409 
0.425404 0 0.905003 
5.12092e-17 0.836309 0.548258 
5.7033e-17 0.93142 0.363946 
4.65867e-17 0.760819 0.648965 
4.88836e-17 0.79833 0.60222 
0.66653 0.745478 0 
0.621553 0.783372 0 
5.33757e-17 0.871692 0.490055 
5.51981e-17 0.901453 0.432877 
0.380905 0.924614 0 
0.311138 0.950365 0 
5.86815e-17 0.958342 0.285624 
0.225922 0.974145 0 
0.360308 0 0.932834 
0.286908 0 0.957958 
0.673302 0.329291 0.661991 
0.606785 0.311526 0.731275 
0.339642 0.690666 0.638454 
0.566358 0.44433 0.694124 
0.319447 0.34991 0.880634 
0.524909 0.56173 0.639476 
0.798895 0.319375 0.509672 
0.19187 0 0.98142 
0.480311 0.651821 0.586882 
0.315288 0.857317 0.40694 
0.647299 0.669317 0.364718 
0.447057 0.518597 0.728833 
0.32585 0.486654 0.810549 
6.01044e-17 0.98158 0.191052 
0.747963 0.554956 0.36411 
0.310017 0.565516 0.764252 
0.529027 0.301314 0.79331 
0.890282 0.326392 0.317593 
0.274101 0.9125 0.303666 
0.769665 0.452651 0.450247 
0.450533 0.828217 0.333282 
0.438961 0.724517 0.531402 
0.308412 0.753184 0.58103 
0.584011 0.623616 0.519648 
0.549905 0.695017 0.463202 
0.605372 0.731032 0.314828 
0.41064 0.607846 0.679631 
0.670839 0.59184 0.446879 
0.48494 0.420628 0.76675 
0.698055 0.504996 0.507641 
0.806179 0.510709 0.298751 
0.723371 0.399481 0.56316 
0.721208 0.629857 0.288339 
0.640402 0.454512 0.619115 
0.394532 0.792404 0.465231 
0.502818 0.761521 0.408974 
0.830338 0.395958 0.392118 
0.390685 0.39621 0.830893 
0.613945 0.541144 0.57466 
0.861252 0.266784 0.432518 
0.449192 0.270843 0.851393 
0.394851 0.877871 0.270989 
0.265043 0.279502 0.922838 
0.541335 0.795043 0.273611 
0.275147 0.644203 0.71365 
0.750402 0.272881 0.602024 
0.268202 0.815511 0.512844 
0.859155 0.442547 0.256916 
0.930786 0.262386 0.254542 
