6.12323e-17 1 0 
6.12323e-17 0 1 
1 0 0 
3.68023e-17 0.601028 0.799228 
3.99358e-17 0.652201 0.758046 
5.01732e-17 0.819391 0.573235 
0.741713 0.670717 0 
3.34403e-17 0.546122 0.837706 
4.77482e-17 0.779788 0.626044 
0.698137 0.715964 0 
5.61555e-17 0.917089 0.398682 
0.380968 0.924588 0 
4.51581e-17 0.737488 0.67536 
5.96366e-17 0.973939 0.226811 
4.26241e-17 0.696105 0.71794 
0.651775 0.758413 0 
0.301107 0.95359 0 
5.80102e-17 0.947379 0.320114 
0.447579 0.894244 0 
0.781788 0.623545 0 
5.22777e-17 0.85376 0.520667 
5.42411e-17 0.885825 0.46402 
2.23339e-17 0.36474 0.931109 
3.01429e-17 0.49227 0.870442 
0.508182 0.86125 0 
2.65783e-17 0.434057 0.900885 
0.896239 0 0.443572 
1.75091e-17 0.285945 0.958246 
0.439467 0 0.898259 
0.865995 0 0.500053 
0.819396 0.573228 0 
0.925007 0 0.379951 
0.549865 0 0.835254 
0.499499 0 0.866315 
0.641996 0 0.766708 
0.951128 0 0.308795 
0.597319 0 0.802004 
0.767226 0 0.641377 
0.606888 0.794787 0 
0.686709 0 0.726932 
0.559139 0.829074 0 
0.201434 0.979502 0 
0.974664 0 0.223674 
0.728862 0 0.684661 
0.935662 0.352898 0 
0.835652 0 0.54926 
0.803421 0 0.595411 
0.373581 0 0.927597 
0.222649 0 0.974899 
0.305801 0 0.952095 
0.908119 0.418712 0 
0.588729 0.725865 0.355694 
0.744159 0.477415 0.467228 
0.788787 0.50658 0.348127 
0.819039 0.370955 0.437684 
0.960489 0.278317 0 
0.663263 0.550864 0.506588 
0.850876 0.525366 0 
0.880495 0.474055 0 
0.359754 0.46807 0.807148 
0.874085 0.314562 0.370171 
0.344391 0.790766 0.506048 
0.784692 0.327082 0.526569 
0.4424 0.821264 0.360289 
0.437843 0.509479 0.74076 
0.699909 0.435473 0.566119 
0.500489 0.381558 0.777125 
0.701369 0.605405 0.376253 
0.566831 0.602739 0.561613 
0.527609 0.685965 0.50108 
0.550309 0.452471 0.701733 
0.478451 0.756965 0.445071 
0.621317 0.645468 0.444226 
0.607077 0.508058 0.611011 
0.732984 0.300615 0.610218 
0.30687 0.843077 0.441646 
0.308271 0.411458 0.857713 
0.844888 0.440296 0.303815 
1.17091e-17 0.191223 0.981547 
0.58497 0.317312 0.746407 
0.456843 0.324506 0.828245 
0.271128 0.30516 0.912889 
0.41247 0.719727 0.558445 
0.667429 0.684567 0.293097 
0.287594 0.563897 0.774151 
0.537364 0.786428 0.304582 
0.499937 0.559284 0.66126 
0.455418 0.645064 0.613585 
0.915945 0.287017 0.280474 
0.641365 0.398575 0.655583 
0.982525 0.186128 0 
0.286587 0.893168 0.346581 
0.40074 0.871789 0.281766 
0.279025 0.751556 0.597753 
0.315629 0.681187 0.660577 
0.38926 0.274335 0.879328 
0.757617 0.583796 0.29189 
0.665491 0.279404 0.692138 
0.249125 0.933136 0.259217 
0.358085 0.609197 0.707569 
