6.12323e-17 1 0 
1 0 0 
6.12323e-17 0 1 
5.54748e-17 0.905972 0.423337 
5.94487e-17 0.970871 0.239603 
5.75946e-17 0.94059 0.339543 
5.32887e-17 0.87027 0.492574 
0.697249 0 0.716829 
4.36623e-17 0.713059 0.701104 
0.650708 0 0.759328 
0.742101 0 0.670288 
3.13532e-17 0.512036 0.858964 
0.598425 0 0.801179 
0.542231 0 0.84023 
3.48723e-17 0.569508 0.821986 
4.64351e-17 0.758342 0.651856 
0.870428 0.492296 0 
0.784163 2.47319e-273 0.620555 
2.77467e-17 0.453139 0.89144 
0.83505 0.550174 0 
4.90279e-17 0.800686 0.599084 
5.1229e-17 0.836633 0.547763 
0.973318 0 0.229462 
0.917284 0 0.398233 
0.484867 0 0.874588 
4.08429e-17 0.667015 0.745044 
0.947114 0 0.320898 
3.81409e-17 0.622888 0.782311 
0.633662 0.77361 0 
0.88621 0 0.463284 
2.37493e-17 0.387855 0.92172 
0.797107 0.603839 0 
0.760795 0.648992 0 
1.92801e-17 0.314867 0.949136 
0.422468 0 0.906378 
0.90162 0.432529 0 
0.722125 0.691762 0 
0.68117 0.732125 0 
0.582956 0.812504 0 
0.819389 0 0.573238 
1.39355e-17 0.227584 0.973758 
0.852506 0 0.522718 
0.930642 0.365931 0 
0.355617 0 0.934632 
0.956824 0.290667 0 
0.534491 0.845174 0 
0.482658 0.875809 0 
0.421394 0.906878 0 
0.339475 0.596636 0.727174 
0.279761 0 0.96007 
0.35377 0.935332 0 
0.753191 0.359483 0.550886 
0.282972 0.959128 0 
0.510431 0.78915 0.341618 
0.980918 0.194422 0 
0.361431 0.823584 0.437124 
0.59219 0.493857 0.636723 
0.346125 0.442004 0.827545 
0.18923 0.981933 0 
0.449766 0.757082 0.473854 
0.482385 0.548728 0.68279 
0.809129 0.317893 0.494221 
0.749505 0.573375 0.330883 
0.688799 0.607426 0.395715 
0.641205 0.551787 0.533279 
0.717795 0.503907 0.480466 
0.548493 0.594491 0.587993 
0.659473 0.678533 0.323557 
0.304419 0.373263 0.876358 
0.679912 0.439473 0.587012 
0.604726 0.64118 0.472435 
0.643956 0.363885 0.672985 
0.435776 0.636147 0.636723 
0.779924 0.456138 0.428552 
0.839036 0.416528 0.350033 
0.432019 0.290301 0.853865 
0.308199 0.791642 0.527557 
0.559067 0.716736 0.416812 
0.504776 0.678833 0.533279 
0.300979 0.674374 0.674264 
0.444641 0.840631 0.309247 
0.424293 0.492061 0.760166 
0.18707 0 0.982347 
0.88695 0.355665 0.294656 
0.288345 0.27941 0.915853 
0.715547 0.288413 0.636247 
0.863604 0.27955 0.419571 
0.282091 0.537322 0.794801 
0.288333 0.875382 0.388035 
0.393749 0.715136 0.577531 
0.809823 0.514273 0.282328 
0.601451 0.747964 0.280724 
0.926246 0.259521 0.273344 
0.247885 0.924491 0.289603 
0.477048 0.36519 0.799413 
0.266391 0.74061 0.616873 
0.371872 0.89048 0.262216 
0.607933 0.30544 0.732888 
0.560139 0.27421 0.781699 
0.537321 0.440547 0.719169 
