1.97791 3.0717 
1.8655 3.25615 
1.94378 3.50671 
2.50973 3.00783 
2.02421 3.50529 
1.58556 3.72555 
2.44853 2.76644 
2.39498 2.92522 
2.49806 2.8322 
2.30962 3.40043 
2.67338 2.36579 
1.60179 4.06772 
1.20384 4.41483 
2.12247 3.59825 
2.20887 2.81836 
2.15877 3.00473 
2.24914 3.59919 
2.58234 2.73931 
1.4188 4.22693 
2.20709 2.84587 
1.93462 3.62655 
2.24733 3.08453 
1.67899 3.83753 
1.49127 3.74398 
1.99173 4.19725 
1.43049 3.96485 
2.0236 3.84155 
1.82777 3.42512 
2.80248 2.27257 
2.08102 3.09873 
2.3695 3.16148 
1.47231 3.93862 
1.89097 3.41806 
2.65608 2.2549 
1.46749 3.56775 
1.55787 3.68388 
2.50206 2.21364 
2.35723 2.8153 
2.02375 3.30218 
1.28523 4.17123 
1.59435 3.78369 
1.53245 4.13803 
1.52739 3.93707 
2.75621 2.21072 
1.44428 3.98165 
2.03582 3.9993 
2.64779 2.61745 
2.21198 2.91425 
2.26376 3.00034 
2.36009 3.4142 
1.83458 3.50581 
2.7305 2.76028 
2.73454 2.59697 
1.90883 3.80611 
2.52865 2.84454 
2.34561 3.38441 
2.56948 2.68611 
2.71108 2.05316 
2.03551 3.0687 
2.08105 3.30487 
1.56908 3.99633 
2.64462 2.3826 
2.32403 3.44105 
2.67418 2.21131 
1.85213 3.31351 
2.27378 2.96306 
2.04626 2.92673 
1.73863 3.50344 
1.86276 3.75766 
2.03025 3.85159 
1.9529 3.45167 
1.43077 3.93557 
1.90127 3.74283 
1.92015 3.1485 
1.27339 4.06327 
1.9749 3.53913 
1.59941 4.11 
1.68231 3.89291 
2.46036 2.1018 
1.61357 3.89296 
1.82888 3.23257 
2.06743 3.74088 
1.78682 3.41609 
1.5792 3.60651 
2.10367 3.4348 
2.33541 3.27409 
1.50902 3.95237 
1.91785 3.43379 
2.56669 2.92539 
2.43628 2.79765 
2.23702 3.28095 
1.69744 4.07716 
2.14201 3.48542 
2.55819 2.93748 
2.7508 1.95411 
2.22459 3.15681 
1.68031 3.98661 
2.20181 3.47128 
1.57959 4.04162 
2.18794 3.06573 
2.20102 0.201027 
0.0958526 4.09583 
1.72474 2.24291 
2.11607 0.888533 
1.42584 2.80985 
1.9542 1.60291 
0.114038 4.07971 
1.8154 2.14209 
1.70478 2.29733 
0.262026 4.03724 
1.83397 2.09071 
1.18289 3.22943 
1.94149 1.66237 
1.2668 3.09807 
1.24464 3.13491 
2.1759 0.745343 
1.877 1.93703 
1.15941 3.26337 
1.89079 1.88273 
0.313628 4.0192 
1.86315 1.98974 
2.15817 0.815932 
1.79076 2.18613 
1.84902 2.0409 
1.53182 2.73081 
1.90402 1.82825 
0.984745 3.48734 
0.888481 3.58809 
0.961136 3.51537 
1.92872 1.72142 
1.76697 2.21473 
0.613785 3.8676 
0.170798 4.0678 
1.30731 3.03038 
1.28679 3.06636 
1.09448 3.35252 
1.91667 1.77452 
0.672105 3.82207 
0.644836 3.84406 
1.50663 2.76834 
1.63123 2.49985 
1.55019 2.69429 
1.56761 2.65568 
1.07272 3.38029 
0.753032 3.74765 
1.58405 2.61714 
1.32567 2.99802 
0.701449 3.79666 
1.20528 3.19549 
2.10736 0.976367 
0.866342 3.61775 
1.13741 3.29426 
1.64737 2.45765 
0.726173 3.77421 
1.60038 2.57776 
1.11783 3.3219 
0.583236 3.88914 
1.61566 2.53947 
0.844569 3.64527 
1.34512 2.96359 
2.1402 0.855689 
2.01428 1.51934 
2.08185 1.18835 
2.09106 1.11745 
1.22365 3.16783 
2.07302 1.25201 
1.00923 3.46084 
1.66178 2.41906 
1.6767 2.37808 
0.800116 3.69749 
0.933048 3.54432 
2.06333 1.31753 
2.18621 0.663454 
0.776757 3.72344 
2.19312 0.53643 
2.09931 1.04755 
1.69076 2.33814 
1.0498 3.40942 
0.822277 3.67254 
0.226363 4.0524 
2.04364 1.42877 
2.02994 1.48043 
0.352978 4.00461 
1.39569 2.86816 
0.456563 3.96181 
1.37733 2.90347 
0.489244 3.94535 
1.03102 3.43385 
0.911538 3.56465 
1.97072 1.58176 
1.99434 1.55689 
2.05401 1.37644 
0.520466 3.92817 
1.36226 2.93205 
1.47711 2.79376 
0.421663 3.97787 
1.41067 2.83832 
2.19757 0.408405 
0.389272 3.99115 
0.553146 3.90869 
