1.28903 2.88982 
2.15138 1.35701 
1.89542 1.85553 
1.38833 2.62592 
1.10357 3.29928 
1.45985 2.67512 
1.69887 2.49619 
0.903121 3.98693 
1.02588 3.18221 
1.37263 2.63324 
1.72296 1.69319 
0.84668 4.03142 
1.20185 3.25861 
1.80825 1.90775 
1.45129 2.49774 
1.20707 3.34019 
1.51968 2.74392 
1.11349 3.18691 
1.7466 2.20058 
1.01517 3.46636 
1.18514 3.18734 
1.88206 1.86401 
2.15758 1.63505 
1.67199 2.15445 
2.00772 1.86718 
0.880942 3.79106 
1.63738 2.41948 
1.81958 2.39991 
1.55281 2.67277 
1.6445 2.51887 
1.39062 2.78043 
2.05298 1.74283 
1.25962 3.03222 
1.82265 2.11399 
1.65044 2.56354 
1.68939 2.39701 
1.62682 2.56915 
1.38737 3.14252 
1.56716 2.39329 
2.16472 1.70774 
1.28319 2.87746 
1.84114 1.84216 
1.54589 2.42186 
1.64141 2.33348 
1.59676 2.77071 
1.49403 2.68934 
1.67629 2.45537 
1.93303 1.9319 
1.30718 3.27999 
1.56521 2.68173 
1.64244 2.31595 
1.44942 2.78299 
1.79805 2.25212 
1.14796 3.59249 
1.59727 2.46583 
1.45726 3.01674 
1.67692 2.3658 
1.49898 2.86728 
1.91041 2.16695 
1.15305 3.36996 
1.24106 3.07009 
1.69322 2.13459 
1.83719 1.8565 
1.89703 1.74185 
1.96833 1.6625 
1.64815 2.31438 
1.45011 2.87983 
1.52079 2.61289 
1.09884 3.36088 
1.70296 2.38232 
2.06142 1.67442 
1.59388 2.54278 
1.58145 2.61707 
1.64877 2.34288 
1.76973 2.14654 
1.03599 3.7068 
1.50159 2.40002 
2.45215 1.11795 
1.23065 3.04808 
2.00152 1.37185 
1.8188 1.87521 
1.07571 3.58433 
1.70948 1.90657 
1.43767 2.68075 
1.37918 2.79868 
1.11058 3.06851 
1.01502 3.80396 
1.49861 2.70059 
1.6561 2.71107 
1.71945 2.19417 
1.27306 3.28886 
1.50361 2.80603 
1.68503 2.5044 
1.32547 3.11928 
2.2604 1.29653 
1.93382 1.77472 
1.37537 2.66499 
1.60464 2.21909 
2.01132 1.81232 
1.52489 2.97147 
2 9.16646e-16 
3.91994e-15 4 
0.0209304 3.95814 
0.0836971 3.83261 
0.0418568 3.91629 
0.0627713 3.87446 
0.104618 3.79076 
0.125466 3.74907 
0.146317 3.70737 
0.187931 3.62414 
0.167112 3.66578 
0.20875 3.5825 
0.22953 3.54094 
0.250288 3.49942 
0.271004 3.45799 
0.291742 3.41652 
0.312418 3.37516 
0.333102 3.3338 
0.353726 3.29255 
0.374349 3.2513 
0.394949 3.2101 
0.415492 3.16902 
0.436035 3.12793 
0.45653 3.08694 
0.477001 3.046 
0.49745 3.0051 
0.517896 2.96421 
0.538308 2.92338 
0.558711 2.88258 
0.579116 2.84177 
0.599518 2.80096 
0.619845 2.76031 
0.640171 2.71966 
0.660489 2.67902 
0.680777 2.63845 
0.701019 2.59796 
0.721272 2.55746 
0.761693 2.47661 
0.7415 2.517 
0.781926 2.43615 
0.802108 2.39578 
0.822283 2.35543 
0.842433 2.31513 
0.862566 2.27487 
0.882704 2.23459 
0.902829 2.19434 
0.922959 2.15408 
1.26479 1.47042 
1.20445 1.59111 
1.18433 1.63134 
1.28491 1.43018 
1.24468 1.51065 
1.22456 1.55087 
0.943075 2.11385 
1.16422 1.67157 
1.14411 1.71179 
1.12399 1.75201 
0.963186 2.07363 
1.30502 1.38996 
1.10389 1.79223 
1.08379 1.83243 
1.0235 1.95301 
1.06369 1.87262 
1.04359 1.91282 
1.32512 1.34976 
0.983295 2.03341 
1.34521 1.30957 
1.36531 1.26938 
1.38539 1.22921 
1.40548 1.18904 
1.42556 1.14889 
1.44562 1.10877 
1.46566 1.06869 
1.48567 1.02866 
1.50568 0.988649 
1.52567 0.948658 
1.54563 0.908745 
1.56556 0.868886 
1.58548 0.829035 
1.6054 0.789191 
1.6253 0.749391 
1.64521 0.709575 
1.66508 0.66984 
1.68493 0.630137 
1.70478 0.59045 
1.72457 0.550856 
1.74435 0.511292 
1.76413 0.471732 
1.78387 0.432257 
1.82331 0.353389 
1.80359 0.39282 
1.84303 0.313949 
1.86272 0.274552 
1.88239 0.235223 
1.90201 0.195973 
1.92164 0.156723 
1.94124 0.11751 
1.96084 0.0783264 
1.98042 0.0391619 
1.00339 1.99321 
