6.56642 8.93898 
7.14648 7.67313 
9.63234 8.93984 
7.43619 5.03797 
7.45107 7.82387 
9.96805 7.09524 
7.19021 6.99877 
9.23917 8.61997 
4.55153 6.51973 
6.75215 7.07648 
9.4464 4.12943 
7.71154 8.18346 
6.46757 8.46792 
10.6137 8.26575 
8.79221 7.40266 
6.87246 8.21746 
8.1639 10.9312 
9.08326 6.85007 
8.48069 3.59991 
5.61744 10.8388 
8.152 7.02363 
7.91266 7.10834 
7.66149 10.946 
5.50949 9.41036 
9.51765 7.34865 
8.94917 13.976 
6.8376 6.20102 
8.61227 9.20082 
6.88969 7.4021 
10.8585 6.67462 
8.29196 5.22297 
8.18351 6.8799 
12.2684 6.49436 
6.30445 6.16959 
5.73285 8.03033 
8.06317 4.08597 
9.85948 5.28206 
6.06862 6.91814 
4.95919 9.04044 
6.30638 3.40567 
3.89745 10.3379 
6.32134 8.17962 
8.81023 11.1897 
7.62935 7.40799 
10.8251 6.33682 
5.74592 6.76748 
9.93936 8.74574 
8.40222 10.2599 
6.3379 11.537 
6.17665 8.51316 
10.0428 10.1358 
7.18313 8.03358 
9.1523 7.77239 
3.56482 7.79816 
5.79862 6.71652 
4.47857 6.28341 
9.63034 6.74088 
3.21857 5.54724 
5.31611 7.0984 
9.86453 5.62594 
5.26216 5.9356 
7.71916 8.95898 
4.58955 6.75737 
4.78607 7.08797 
6.06007 9.00801 
7.63182 6.46035 
7.89233 6.71326 
6.98092 12.2823 
5.73634 6.3739 
8.08962 6.65128 
11.0217 9.29658 
8.97784 8.05747 
6.26209 6.94206 
7.19795 2.85289 
6.46958 8.48369 
4.60031 8.2219 
9.06296 7.84974 
5.45615 8.36859 
9.73346 6.57416 
8.59892 9.37798 
7.85941 10.8807 
3.29152 7.67304 
4.99537 8.62175 
10.3965 6.52649 
10.3562 5.69499 
5.31734 6.8657 
8.82894 7.70816 
7.93449 8.43687 
11.6886 10.499 
8.67469 6.47904 
5.89572 3.83237 
7.3705 7.08807 
7.97035 6.96572 
4.7253 7.56554 
6.71389 9.32796 
10.8748 7.16728 
10.7204 6.45059 
8.4395 10.2825 
11.2907 7.54923 
5.88923 6.07179 
1.1074 0.186567 
0.407625 2.67605 
0.407693 1.29407 
0.407964 0.876659 
0.860587 0.188992 
0.75013 0.254648 
0.409921 0.632638 
0.824054 0.191009 
0.409616 0.668718 
1.06904 0.187119 
0.482749 0.525602 
0.413432 0.592395 
0.411698 0.605429 
0.593717 0.521511 
0.536065 0.522261 
0.94096 0.187782 
0.504522 0.523061 
0.408974 0.757039 
0.839285 0.190184 
0.416573 0.585745 
0.458166 0.542792 
0.46675 0.534713 
0.495799 0.524245 
0.440193 0.559885 
0.646564 0.521131 
0.914642 0.18812 
0.775221 0.224859 
0.424558 0.576358 
0.461117 0.540289 
0.433692 0.566567 
0.470282 0.531762 
0.789241 0.211438 
0.408871 0.798845 
0.475192 0.528413 
0.450717 0.549852 
0.799418 0.20184 
0.421211 0.579797 
0.56027 0.521808 
0.755154 0.245521 
0.787019 0.213596 
0.477992 0.527449 
0.772576 0.227617 
0.455155 0.545536 
0.437385 0.562773 
0.756962 0.243829 
0.4427 0.5575 
0.472295 0.530349 
0.431065 0.569201 
0.453738 0.54697 
0.797277 0.204363 
0.759446 0.241257 
0.750298 0.251854 
0.415067 0.589961 
0.777804 0.222435 
0.783302 0.217197 
0.780904 0.219613 
0.764456 0.23591 
0.761026 0.239361 
0.78481 0.215707 
0.795039 0.206267 
0.418572 0.582787 
0.435957 0.56429 
0.791863 0.209286 
0.909287 0.188393 
0.815747 0.192831 
0.426514 0.5741 
0.40924 0.748695 
0.805178 0.196785 
0.9782 0.187748 
0.809304 0.194568 
0.751655 0.24939 
0.408324 0.860919 
0.40851 0.853005 
0.762805 0.237637 
0.811342 0.193926 
0.427913 0.572493 
0.770908 0.229306 
0.766418 0.233846 
0.75285 0.248229 
0.411001 0.620879 
0.793361 0.207728 
0.802583 0.199308 
0.769203 0.230985 
0.444425 0.555779 
0.448963 0.551605 
0.429661 0.570757 
0.411224 0.615779 
0.665564 0.521103 
0.501674 0.523421 
0.419677 0.581306 
0.447443 0.553021 
0.55308 0.521957 
0.779316 0.221069 
0.806391 0.196061 
0.464418 0.536975 
0.445876 0.554482 
0.463579 0.537873 
0.767745 0.232479 
0.850597 0.189988 
0.801482 0.200299 
