0.930687 3.00402 
0.974339 3.05455 
1.176 4.26719 
0.860553 4.62291 
0.989169 3.03684 
1.73347 4.1147 
1.20129 4.18007 
0.980273 3.07516 
0.980499 3.60186 
1.0515 3.38391 
1.3564 2.20234 
1.37568 2.29213 
0.913657 3.87922 
1.4243 2.18206 
0.997759 3.23497 
0.815986 4.44809 
1.11395 3.81702 
1.20009 4.61643 
0.70556 4.41981 
1.48031 2.64107 
1.40231 2.23253 
1.10715 4.34447 
0.869595 3.98053 
1.14774 4.27669 
1.10022 4.14414 
0.782559 4.55604 
1.89313 1.8664 
1.1571 4.57187 
1.32653 3.37915 
1.29699 3.9279 
0.921083 3.21465 
2.0188 3.411 
1.12027 4.43423 
1.1468 4.52891 
2.04331 3.52739 
0.756112 4.51381 
1.37636 2.76016 
0.775673 4.31256 
1.46207 2.43195 
0.670411 4.32498 
1.58421 4.27897 
1.4754 2.55684 
1.37125 2.69454 
1.19847 4.59678 
0.951639 3.14826 
1.36014 2.78611 
0.918735 3.82906 
0.908772 3.89362 
1.15988 4.15065 
0.721216 3.93435 
0.594582 4.07972 
1.89948 1.49721 
0.817373 3.6707 
1.52687 4.38087 
1.49377 2.26265 
1.35163 2.16991 
0.887807 3.09631 
1.60581 3.79359 
0.972098 4.33846 
0.79764 4.39189 
1.002 4.33791 
1.33288 2.56044 
0.993579 3.01849 
1.65937 4.56959 
1.46283 2.22102 
1.3071 3.09955 
1.32284 3.01092 
0.690217 3.7642 
1.3093 3.74272 
2.08038 2.14846 
1.1427 4.16213 
1.39933 2.37048 
1.44414 2.20291 
1.29919 2.39934 
0.786185 3.6084 
0.946539 3.07063 
1.40795 2.25037 
1.46698 2.39412 
1.52965 3.23856 
1.17111 4.54713 
1.07475 4.26352 
1.06638 4.22587 
1.45073 2.70663 
1.54529 3.89616 
1.03051 3.02712 
0.923412 2.9228 
1.31696 3.02081 
0.51434 4.39893 
0.889915 3.16559 
0.997744 3.25845 
1.32365 2.36951 
1.78532 4.02387 
0.614029 3.73162 
0.79813 3.84024 
1.298 3.22113 
1.59957 2.94494 
1.28906 2.46621 
0.664936 3.73684 
1.65803 4.56657 
0.778875 4.45858 
2 4.90206e-15 
2.06332e-10 3.99996 
1.3894 0.794948 
0.83285 1.59328 
0.391116 2.38997 
0.107267 3.18053 
0.00406776 3.89517 
0.00112665 3.9238 
1.37871 0.805306 
0.822311 1.60375 
1.99166 0.0175575 
1.37085 0.825795 
0.81457 1.62443 
1.36416 0.851697 
0.807989 1.65058 
1.98486 0.0420293 
1.35817 0.881435 
1.35265 0.914228 
0.802089 1.68059 
1.34747 0.949546 
1.97889 0.071006 
0.796655 1.7136 
1.34256 0.986983 
1.33787 1.0263 
0.791554 1.74916 
1.97343 0.103431 
1.33336 1.06732 
1.32899 1.10986 
0.786717 1.78686 
1.32476 1.15379 
1.96835 0.13866 
0.78209 1.82641 
1.32064 1.19887 
1.31661 1.24511 
1.96356 0.176234 
0.777638 1.86758 
1.31268 1.29236 
1.959 0.215864 
1.30502 1.38967 
0.773331 1.91022 
1.30129 1.4395 
1.95462 0.257351 
1.29761 1.49011 
0.769155 1.95407 
1.29399 1.54137 
1.9504 0.300444 
0.765078 1.99916 
1.94631 0.345058 
0.761098 2.04524 
1.94234 0.390949 
0.757197 2.09229 
0.753363 2.14021 
1.93847 0.438094 
0.749586 2.18899 
1.93469 0.486339 
1.93099 0.535629 
0.745866 2.23841 
1.92736 0.58592 
0.0997608 3.19305 
0.742199 2.2884 
0.738573 2.33892 
1.9238 0.637015 
1.92029 0.68894 
1.91684 0.74159 
0.382104 2.3997 
0.0942713 3.21777 
0.0896024 3.24913 
0.0854141 3.28511 
0.0815373 3.32468 
0.0778858 3.36704 
0.0743958 3.41169 
0.071022 3.4582 
0.375487 2.41894 
0.0677374 3.50612 
0.0645187 3.55499 
0.0613342 3.60457 
0.0581594 3.65454 
0.0549719 3.70449 
0.369862 2.44327 
0.0517451 3.75398 
0.0484374 3.80266 
0.364815 2.47124 
0.0450002 3.84995 
0.360156 2.50206 
0.306115 3.13313 
0.355781 2.53526 
0.309367 3.08595 
0.312634 3.03907 
0.351622 2.57049 
0.319228 2.94661 
0.315916 2.99263 
0.322571 2.90118 
0.332867 2.76926 
0.347636 2.60749 
0.336424 2.72703 
0.340059 2.68591 
0.343791 2.646 
0.32938 2.81243 
0.325952 2.85642 
1.30882 1.34058 
