9.01963 5.82561 
4.75499 9.67281 
5.0726 8.44299 
10.1085 7.54031 
7.23665 6.77434 
6.2856 9.14176 
10.1143 4.81381 
9.93146 9.75026 
5.32482 11.7794 
5.73455 6.91165 
7.00688 7.68253 
6.82583 6.3158 
9.97603 9.92923 
6.85312 9.58398 
8.34729 7.99423 
4.95832 8.69037 
7.83063 11.4417 
5.00728 9.70325 
9.13003 6.3537 
6.22221 5.75839 
8.76943 10.9156 
7.26259 9.86425 
11.9818 7.68469 
12.2152 5.3108 
9.8804 4.51344 
9.91553 4.85228 
5.88318 13.9797 
5.54448 8.66907 
3.71927 10.9875 
6.03654 6.95487 
7.64719 6.03222 
8.36049 8.78447 
7.87532 6.62429 
7.43875 7.49131 
5.8505 6.97731 
8.02945 8.28554 
7.70878 8.68052 
8.3932 6.8327 
3.39529 6.15789 
5.60861 4.6461 
8.7259 12.4822 
7.6859 9.64921 
6.64073 8.10252 
7.24118 8.03886 
10.8582 7.33572 
5.87025 8.34522 
6.99474 8.24643 
7.88952 6.0905 
8.39974 5.19936 
6.91644 6.81594 
7.80007 9.17451 
4.33552 9.47267 
6.40477 7.79299 
4.15358 5.6857 
4.57164 8.587 
8.67346 9.25916 
9.87846 7.43144 
9.5708 9.86235 
5.454 6.88132 
4.91697 6.92812 
5.42015 5.81071 
10.9372 12.0124 
6.32776 5.539 
7.04494 8.29244 
8.48917 8.2516 
5.73043 9.37582 
11.1143 7.65871 
7.1153 9.60931 
5.16878 7.69291 
7.28484 8.58588 
8.12779 8.8273 
7.21939 7.00934 
9.34982 3.99557 
6.30952 6.89926 
8.54969 4.4683 
8.33261 11.7133 
10.2643 6.70149 
8.0446 9.45802 
10.7838 10.4973 
5.51859 10.5909 
5.75408 8.95321 
6.78352 6.90628 
5.18881 6.18912 
7.1392 9.73593 
5.95973 8.50485 
5.62131 6.64798 
8.12454 7.58829 
9.82024 8.02408 
7.28668 10.9791 
6.03818 7.27527 
9.5628 6.63567 
3.70162 6.63491 
6.53942 7.79368 
5.98844 3.50802 
7.05521 8.57468 
7.22306 6.61503 
5.67983 8.08517 
11.2946 6.62413 
8.39796 7.8437 
6.27409 6.56825 
0 1 
0 1 
0 1 
0 1 
0 1 
0 1 
0 1 
0 1 
0 1 
0 1 
0 1 
0 1 
0 1 
0 1 
0 1 
0 1 
0 1 
0 1 
0 1 
0 1 
0 1 
0 1 
0 1 
0 1 
0 1 
0 1 
0 1 
0 1 
0 1 
0 1 
0 1 
0 1 
0 1 
0 1 
0 1 
0 1 
0 1 
0 1 
0 1 
0 1 
0 1 
0 1 
0 1 
0 1 
0 1 
0 1 
0 1 
0 1 
0 1 
0 1 
0 1 
0 1 
0 1 
0 1 
0 1 
0 1 
0 1 
0 1 
0 1 
0 1 
0 1 
0 1 
0 1 
0 1 
0 1 
0 1 
0 1 
0 1 
0 1 
0 1 
0 1 
0 1 
0 1 
0 1 
0 1 
0 1 
0 1 
0 1 
0 1 
0 1 
0 1 
0 1 
0 1 
0 1 
0 1 
0 1 
0 1 
0 1 
0 1 
0 1 
0 1 
0 1 
0 1 
0 1 
0 1 
0 1 
0 1 
0 1 
0 1 
0 1 
