0.515245 4.51518 
1.76689 3.54335 
1.94196 3.0074 
2.08643 3.18393 
0.675255 4.46789 
2.15926 3.08867 
0.945544 4.57715 
1.78806 3.34652 
1.76773 3.23201 
2.06756 3.05899 
0.593363 4.5262 
1.91101 3.40469 
2.26281 2.8874 
2.17766 2.64546 
1.7837 3.79808 
1.80183 3.46872 
1.19512 4.25163 
1.13971 4.37733 
0.638946 4.60598 
1.60566 4.02425 
0.77277 4.42935 
1.76484 3.27199 
1.9831 3.12316 
0.95182 4.35165 
1.05876 4.21247 
2.00203 3.13081 
1.72811 3.85748 
2.19714 2.4918 
0.569167 4.53602 
1.47792 3.78844 
1.09671 4.31517 
1.26888 4.33561 
0.960315 4.49687 
1.80889 2.98578 
2.16432 2.63075 
1.00939 4.54888 
2.23217 2.2374 
0.93584 4.3599 
1.10106 4.56884 
1.80942 3.18257 
0.870561 4.34895 
2.34623 1.81582 
1.51136 4.10034 
0.735308 4.49864 
1.28406 4.07913 
0.629894 4.47464 
1.8062 3.63802 
1.60601 3.58899 
0.764969 4.48047 
1.63807 3.66698 
1.37521 4.10427 
2.18498 3.06259 
1.89251 3.35391 
2.09755 2.86328 
1.68835 3.90429 
2.02709 2.89437 
0.948687 4.42444 
2.11697 2.58132 
0.898135 4.54842 
1.7791 3.65432 
1.70362 3.3269 
1.75988 3.55422 
1.68239 3.75718 
0.833367 4.40326 
0.960779 4.45902 
1.57353 4.15036 
0.844866 4.59179 
2.19987 2.57801 
0.807175 4.54047 
0.780133 4.57297 
1.85683 3.4259 
1.64366 3.74967 
2.06922 2.82348 
2.13307 2.56667 
0.81338 4.49125 
0.828177 4.42231 
0.532974 4.53259 
0.584047 4.49853 
1.4559 3.93675 
2.20179 2.88113 
0.619764 4.51152 
2.16039 2.51902 
1.52104 4.12415 
1.55617 3.9389 
2.1893 2.67086 
2.05294 3.1038 
2.08637 3.00086 
0.876414 4.44504 
0.76944 4.40252 
2.04283 2.95107 
1.4509 3.96779 
2.00345 3.16272 
1.06235 4.24308 
1.90325 3.28193 
1.05979 4.43499 
1.27547 4.19955 
2.09196 2.73349 
1.87911 3.5654 
1.05935 4.19444 
1.8767 3.69336 
2 2.5774e-16 
1.28103e-17 4 
0.421374 3.91021 
0.493668 3.87623 
0.382496 3.92617 
0.527682 3.85826 
0.458334 3.89355 
0.560464 3.83973 
0.592215 3.82062 
0.652924 3.78084 
0.622987 3.80099 
0.341327 3.94132 
0.682081 3.76019 
0.710516 3.73907 
0.297228 3.95558 
0.791963 3.67303 
0.817976 3.65016 
0.843449 3.6269 
0.868477 3.60319 
0.24911 3.96885 
0.893032 3.5791 
0.917145 3.55463 
0.940874 3.52973 
0.964179 3.50449 
0.987099 3.47887 
1.00968 3.45285 
1.0319 3.42647 
1.05379 3.39972 
1.07537 3.37258 
1.09663 3.34509 
1.11756 3.31726 
1.15857 3.26051 
1.1382 3.28908 
1.17866 3.23157 
0.195078 3.98093 
1.21803 3.17263 
1.19847 3.20229 
1.23734 3.1426 
1.25638 3.11224 
1.27515 3.08155 
1.29369 3.05048 
1.312 3.01904 
1.33006 2.98727 
1.34791 2.95509 
1.36553 2.92256 
1.38293 2.88965 
1.4001 2.85638 
1.41705 2.82274 
1.43378 2.78875 
1.45029 2.75438 
1.46661 2.7196 
1.48272 2.68443 
1.49863 2.64886 
1.51434 2.61288 
1.52985 2.57649 
1.54516 2.53967 
1.56026 2.50246 
1.57519 2.46478 
1.58992 2.42665 
1.60445 2.3881 
1.61878 2.34908 
0.130105 3.99153 
1.64685 2.26969 
1.6329 2.30966 
1.66063 2.22919 
1.6742 2.18819 
1.6876 2.14663 
1.9326 1.0297 
1.92376 1.09386 
1.94114 0.963246 
1.88589 1.33179 
1.90532 1.21614 
1.89572 1.27474 
1.94939 0.894184 
1.87582 1.38751 
1.91467 1.15593 
1.7008 2.10454 
1.95732 0.821969 
1.71381 2.0619 
1.86554 1.4419 
1.9649 0.746121 
1.72663 2.01867 
1.85505 1.49504 
1.84436 1.54706 
1.73925 1.97484 
1.83345 1.59806 
1.82235 1.64807 
1.81105 1.69718 
1.7517 1.93034 
1.9721 0.665815 
1.79955 1.7454 
1.76394 1.88521 
1.776 1.83936 
1.78787 1.79277 
1.97888 0.579749 
1.98519 0.485869 
1.99094 0.380403 
1.99597 0.253704 
0.76541 3.69548 
0.738277 3.7175 
