2.2146 1.41443 
2.28811 1.67341 
0.935312 2.80464 
2.256 3.02989 
1.74447 1.58793 
2.88931 1.61716 
1.37033 2.65305 
2.30245 1.01757 
1.28689 1.98649 
1.70813 1.32305 
3.05639 2.00204 
1.97507 2.1403 
2.33243 2.76383 
1.87176 1.86936 
1.89146 1.60772 
2.42283 1.55368 
2.39427 1.90662 
1.60225 1.89179 
2.51868 1.82969 
2.65887 1.08695 
1.49043 1.03477 
2.57969 1.92304 
1.52331 2.80019 
2.99667 1.83159 
2.15127 1.86003 
1.28113 0.985693 
2.12609 1.77897 
2.27649 1.6768 
1.45069 2.3178 
2.66996 1.95311 
2.29056 1.49138 
2.30899 2.07744 
1.8753 2.97887 
1.63313 1.3412 
2.50565 1.73822 
2.53983 0.784071 
3.36854 2.02413 
3.47277 1.10797 
1.12075 2.38276 
2.80658 1.96448 
2.02504 1.32095 
3.00294 2.11744 
2.75181 1.88365 
2.08295 2.03459 
1.47932 1.70323 
1.767 2.14818 
2.32611 1.70267 
2.52226 2.14053 
2.34761 1.85923 
2.07844 2.69555 
2.67619 1.78527 
3.01602 1.50527 
2.84178 1.25439 
1.94075 3.3507 
2.04277 1.40529 
2.29097 2.44188 
2.32159 1.51384 
2.32773 1.69938 
2.47976 2.10557 
1.81477 1.07447 
1.11803 3.25986 
2.67215 1.42952 
2.17175 1.60127 
2.13418 1.3885 
2.58048 2.77659 
2.03292 1.10966 
3.33944 1.72281 
3.01316 1.59671 
2.1778 1.34367 
2.6582 2.79602 
2.5033 1.26659 
2.36104 2.34894 
1.86831 3.17346 
2.40312 1.66259 
1.84911 2.1933 
1.9467 1.80654 
2.72959 1.80045 
1.43634 2.73145 
2.45017 1.8196 
2.05622 1.59343 
2.68539 1.03388 
2.1642 1.85461 
2.22858 1.92959 
2.88237 1.05687 
2.23905 1.58998 
2.22933 2.98691 
2.4851 2.00392 
2.04371 2.44964 
2.46798 1.08436 
2.93477 1.70943 
1.17788 2.22445 
2.41716 2.15495 
1.59706 2.75913 
2.93753 2.12051 
1.63125 1.76116 
1.6676 1.62474 
1.96207 1.32432 
2.24828 1.5069 
3.24364 2.03026 
2.03612 2.27617 
1.45482e-06 1.0142 
1.01368 7.55322e-06 
0.793774 0.109719 
0.813129 0.0989917 
0.775522 0.119974 
0.0795078 0.71917 
0.0706665 0.735018 
0.00131741 0.96544 
0.871757 0.0669021 
0.0628037 0.750257 
0.683654 0.173582 
0.828268 0.0906874 
0.668642 0.182754 
0.572541 0.244187 
0.761777 0.127893 
0.889304 0.0575228 
0.985254 0.00794799 
0.843414 0.0822754 
0.698176 0.164795 
0.13478 0.633597 
0.17808 0.578757 
0.0546516 0.767225 
0.857336 0.0745161 
0.458322 0.323745 
0.60724 0.221181 
0.941861 0.0301134 
0.189442 0.565301 
0.125535 0.64621 
0.297567 0.455133 
0.0154318 0.876936 
1.00041 0.000147605 
0.0202991 0.859226 
0.470762 0.314614 
0.0261385 0.839485 
0.556008 0.254915 
0.160032 0.600728 
0.0885967 0.703453 
0.969333 0.0158453 
0.169778 0.588806 
0.30844 0.44535 
0.523804 0.276651 
0.143933 0.621542 
0.422038 0.350901 
0.711499 0.157049 
0.102424 0.680874 
0.957592 0.022112 
0.620618 0.212857 
0.902183 0.0508639 
0.74629 0.136709 
0.337848 0.419297 
0.492824 0.298834 
0.110346 0.668888 
0.0106068 0.898295 
0.655248 0.191063 
0.0424689 0.794702 
0.286982 0.464826 
0.594501 0.229419 
0.916237 0.0433321 
0.31852 0.436163 
0.631897 0.205751 
0.644168 0.197894 
0.927924 0.0371142 
0.482019 0.306678 
0.0484348 0.780957 
0.22229 0.529198 
0.538325 0.266984 
0.723834 0.149989 
0.151981 0.611052 
0.118006 0.657683 
0.504627 0.290037 
0.0366234 0.809808 
0.213477 0.538804 
0.32807 0.427702 
0.0312796 0.824081 
0.00405769 0.937944 
0.435695 0.340472 
0.584139 0.236455 
0.0949665 0.692744 
0.394044 0.372781 
0.73584 0.142735 
0.446349 0.33269 
0.375097 0.387958 
0.00701531 0.917268 
0.348883 0.409892 
0.261059 0.489715 
0.365249 0.396137 
0.204607 0.548271 
0.270463 0.480689 
0.38419 0.380844 
0.40383 0.365166 
0.19736 0.556246 
0.412963 0.357998 
0.514177 0.28338 
0.278283 0.473331 
0.238127 0.512733 
0.23113 0.520416 
0.246315 0.50448 
0.356612 0.403355 
0.547099 0.261014 
0.25371 0.497315 
