1.0609 4.05098 
1.85814 3.0879 
0.920713 4.13312 
1.90661 2.92255 
1.7408 3.35349 
1.96624 2.90836 
0.968321 4.12328 
1.56642 3.48253 
1.36923 3.69709 
1.75471 3.2626 
1.03985 4.00634 
1.51542 3.62576 
1.51571 3.45414 
0.830819 4.12652 
1.19284 3.95229 
2.07869 2.7304 
0.735028 4.27193 
1.7805 2.94676 
1.41577 3.9014 
1.00573 4.22898 
1.38002 3.88259 
1.00795 4.30279 
0.987291 4.09651 
1.88042 2.85639 
2.16545 2.781 
1.5759 3.56519 
1.82585 3.1739 
1.00126 4.03165 
1.51263 3.77275 
1.3795 3.86431 
1.43788 3.80221 
1.69289 3.32198 
1.81821 3.42257 
1.59948 3.40156 
1.16215 3.90415 
1.09603 4.11675 
0.716753 4.12773 
1.49427 3.52518 
1.60696 3.44514 
1.63843 3.48601 
1.80752 3.27238 
1.1659 3.94169 
1.71234 3.47036 
1.91715 3.19863 
1.55137 3.5597 
2.28056 1.78463 
1.81987 3.27547 
1.14026 4.16141 
1.75399 3.42025 
1.55875 3.45207 
1.51682 3.74476 
1.22185 3.86173 
0.977892 4.16401 
1.35375 3.85542 
1.50041 3.71485 
1.2829 3.81727 
1.25692 3.77511 
1.69026 3.17822 
1.02732 4.19606 
1.4798 3.6175 
1.16421 3.85939 
1.6514 3.45227 
1.61802 3.67291 
1.98759 2.73145 
1.25949 4.0193 
1.15718 4.11127 
1.60408 3.61271 
1.35223 3.89831 
1.49325 3.4042 
1.27017 3.98084 
1.21028 3.87163 
1.45852 3.6203 
1.25814 4.17324 
1.77533 3.5051 
1.22052 4.00685 
1.22603 3.95189 
1.17955 3.98712 
1.8759 3.15004 
1.57212 3.62606 
0.914093 4.07407 
1.24292 3.77518 
1.72272 3.53201 
0.97354 3.97626 
2.08227 2.5253 
1.80188 3.07714 
1.11076 4.07373 
1.37412 3.72687 
1.44534 3.83383 
1.55846 3.40549 
1.54679 3.76365 
1.85986 3.25575 
1.60364 3.42701 
1.03631 4.05491 
1.88157 3.33019 
1.56946 3.37566 
1.49387 3.46226 
1.76009 2.99706 
1.32809 3.97891 
1.78846 3.14155 
1.57274 3.43242 
2.00115 0.00115068 
0.00116733 4.00115 
1.82576 1.63921 
1.83731 1.58674 
1.8706 1.42262 
1.84864 1.5332 
1.88123 1.36539 
1.85973 1.47854 
1.81399 1.69068 
1.89161 1.30675 
1.80201 1.74115 
1.90174 1.24656 
1.78983 1.79072 
1.9116 1.18468 
1.77744 1.83942 
1.92118 1.12095 
1.93047 1.05513 
1.76486 1.88724 
1.75208 1.93427 
1.93946 0.98696 
1.73911 1.98054 
1.72596 2.02605 
1.94813 0.916092 
1.71259 2.07089 
1.95645 0.84212 
1.69906 2.11501 
1.68535 2.15844 
1.67145 2.20124 
1.9644 0.764417 
1.65735 2.24346 
1.64308 2.28508 
1.97195 0.682129 
1.62862 2.32609 
1.614 2.3665 
1.59917 2.40643 
1.58417 2.44578 
1.97906 0.593996 
1.569 2.48458 
1.55364 2.52287 
1.5381 2.56066 
1.52238 2.59798 
1.50648 2.63476 
1.49037 2.67114 
1.98566 0.497989 
1.4741 2.70701 
1.45767 2.74235 
1.44104 2.77727 
1.42423 2.81173 
1.40723 2.84576 
1.39002 2.87938 
1.37264 2.91252 
1.35501 2.94534 
1.99167 0.390133 
1.33724 2.97763 
1.31927 3.00952 
1.30109 3.04099 
1.28271 3.07204 
1.2641 3.10274 
1.24529 3.13299 
1.22625 3.16288 
1.20702 3.19232 
1.18753 3.2214 
1.16782 3.25008 
1.14786 3.27838 
1.12768 3.30625 
1.10727 3.33371 
1.0866 3.3608 
1.06562 3.38753 
1.04441 3.41384 
1.02292 3.43975 
1.00111 3.4653 
0.97899 3.49047 
0.956562 3.51523 
1.99694 0.260555 
0.933829 3.53957 
0.910705 3.56357 
0.887237 3.58715 
0.86339 3.61033 
0.839142 3.6331 
0.814537 3.65541 
0.789467 3.67732 
0.763959 3.69878 
0.737967 3.71981 
0.711399 3.74043 
0.684355 3.76053 
0.656619 3.78023 
0.628269 3.79943 
0.59918 3.81814 
0.569342 3.83633 
0.538557 3.85404 
0.439847 3.90374 
0.40422 3.91908 
0.366867 3.93371 
0.327369 3.94758 
0.285066 3.96064 
0.23903 3.97276 
0.187309 3.98379 
0.125233 3.99345 
0.506805 3.8712 
0.47395 3.88777 
