2.49934 2.50017 
1.48433 4.42066 
2.51739 2.94705 
2.45919 1.90248 
2.5848 2.74637 
2.1606 3.05367 
2.15114 3.47983 
2.28809 3.48366 
0.987472 4.46065 
2.07464 4.15226 
1.88026 4.00314 
1.4852 4.39366 
1.61883 4.46706 
2.62302 2.44203 
2.2182 3.63528 
1.85067 3.75257 
2.17762 3.48356 
2.32152 3.06576 
2.49049 2.57419 
2.51115 2.88104 
2.49035 3.16599 
2.48646 2.84625 
2.41313 1.04088 
1.96733 3.86707 
1.76342 4.39934 
2.1813 3.89164 
2.33808 3.48459 
2.44776 3.29692 
1.32385 4.54421 
2.61379 2.43937 
2.62023 2.87052 
2.51432 2.92103 
2.47714 2.28972 
2.25215 2.46475 
1.96826 3.70566 
2.29102 2.46662 
0.579384 4.43907 
2.76948 2.06067 
2.73579 1.57362 
1.55569 4.03265 
2.04898 4.14855 
1.82866 4.40199 
2.18316 3.90726 
2.86206 1.43961 
1.48808 4.64501 
2.50502 2.50271 
2.61191 1.91383 
2.6135 2.45486 
2.29665 3.31878 
2.85083 1.77778 
1.98675 3.93452 
2.47342 3.08163 
2.38843 2.92979 
2.72839 2.13381 
2.29788 3.75332 
1.10909 4.87577 
2.71729 2.09409 
0.749452 4.67873 
1.70946 4.50363 
2.69317 1.61682 
2.45356 3.02311 
2.61793 3.141 
2.44848 2.92819 
1.50343 4.35888 
2.51669 2.87333 
2.60209 2.44082 
2.21424 3.7189 
2.33808 3.37063 
2.6117 2.40431 
2.11805 3.25106 
2.17268 3.79805 
2.58486 2.8823 
2.20242 2.66664 
2.04039 3.09042 
1.66586 3.86594 
2.51917 2.95233 
1.46731 4.29057 
2.15321 3.52807 
2.58649 2.54425 
2.33972 2.56107 
2.80877 1.74702 
1.98741 4.07233 
1.28401 4.61279 
1.85502 4.19578 
2.65423 2.80123 
2.42849 2.30266 
2.54465 2.10251 
2.30597 2.63942 
2.33601 3.00741 
2.38026 2.68816 
2.69464 2.43012 
2.50784 3.28696 
2.16389 3.81992 
2.65782 2.28477 
2.70252 1.93331 
2.68202 2.51347 
2.69046 1.7312 
2.7169 2.18247 
2.20491 3.25368 
1.98754 3.58316 
2.09301 0.284173 
0.158058 4.09326 
2.03719 1.05196 
2.04571 0.979873 
2.05389 0.904386 
2.02834 1.12113 
2.0192 1.18766 
2.00977 1.25206 
2.06169 0.824783 
2.00008 1.31438 
1.99012 1.37497 
1.97991 1.4339 
2.06907 0.740111 
1.96946 1.49133 
2.07599 0.648837 
1.95881 1.54729 
1.94793 1.60194 
1.93683 1.65541 
1.91402 1.75898 
1.92553 1.70772 
1.90229 1.80935 
2.08238 0.54814 
1.89039 1.85868 
1.87829 1.90711 
1.86599 1.95472 
1.8535 2.00155 
1.84083 2.04757 
1.82797 2.09287 
1.81495 2.13736 
1.80175 2.18121 
1.78837 2.22437 
2.08812 0.43243 
1.77483 2.26683 
1.76113 2.30866 
1.74723 2.34992 
1.73318 2.39057 
1.71895 2.43067 
1.70453 2.47026 
1.68995 2.50928 
1.67519 2.54778 
1.66028 2.58572 
1.64521 2.62315 
1.62997 2.66007 
1.59897 2.7325 
1.61457 2.69649 
1.58319 2.76807 
1.56724 2.80316 
1.5511 2.83783 
1.50167 2.93913 
1.48484 2.97204 
1.46782 3.00453 
1.45062 3.03663 
1.43323 3.0683 
1.41564 3.09959 
1.39784 3.13051 
1.37986 3.16101 
1.36168 3.19112 
1.34327 3.22088 
1.32466 3.25025 
1.30582 3.27925 
0.64665 3.9402 
0.677311 3.92208 
0.736032 3.88437 
0.707071 3.90347 
0.764259 3.8648 
0.615011 3.95779 
0.818697 3.82437 
0.845035 3.8035 
0.79179 3.8448 
1.28676 3.30788 
0.582285 3.97482 
0.870824 3.78222 
1.26749 3.33612 
1.24797 3.364 
0.548292 3.99126 
0.896087 3.76055 
0.920861 3.7385 
0.945201 3.71604 
1.22822 3.39151 
0.51289 4.00705 
0.969084 3.69323 
0.992552 3.67005 
1.20824 3.41862 
1.188 3.44539 
1.16748 3.4718 
0.475752 4.02217 
1.01562 3.64651 
1.03831 3.62262 
1.06065 3.59837 
1.14669 3.49785 
1.08265 3.57375 
1.12564 3.52351 
1.1043 3.54881 
0.436545 4.03656 
0.394736 4.05013 
0.349466 4.06279 
0.299154 4.07439 
0.24029 4.0847 
1.53481 2.87203 
1.51833 2.9058 
