1.92834 3.48373 
1.56412 4.0134 
1.69808 3.619 
1.92002 3.48667 
1.83993 3.67506 
2.029 3.44345 
1.39457 3.98578 
1.68459 3.8438 
1.89518 3.52129 
1.85238 3.71849 
1.77635 3.56211 
2.2649 2.44468 
1.1261 4.2758 
2.08252 3.29839 
1.84422 3.56694 
1.73095 3.47987 
2.2454 2.63132 
1.64149 3.73581 
2.24256 2.60574 
2.29596 2.24218 
2.19181 2.43876 
2.37103 2.18352 
1.90137 3.35361 
2.22558 2.39396 
1.52926 4.09023 
2.0075 3.38855 
2.21147 2.04134 
2.06028 3.37188 
2.00317 2.95755 
1.80398 3.52131 
2.47211 1.60224 
2.13168 2.91695 
2.04613 3.16907 
1.92677 3.61706 
2.37264 2.07938 
1.35899 4.12327 
1.77766 3.55082 
2.33079 2.153 
2.14567 2.75952 
2.0832 3.28258 
1.9232 3.41488 
2.09339 2.99295 
2.04113 3.02377 
1.58891 3.65806 
2.36254 2.23649 
1.40486 4.073 
2.18602 2.92086 
1.7889 3.69815 
1.66804 3.93441 
2.12924 2.89575 
2.06538 3.13125 
1.92182 3.45001 
2.05285 3.06693 
1.59916 4.05123 
1.77699 3.5891 
1.63755 3.77335 
2.04331 3.37329 
2.09338 3.0866 
1.7196 3.63219 
2.06119 2.88266 
1.54924 3.82817 
1.71552 3.72831 
2.03528 3.52752 
1.75744 3.8015 
1.69545 3.91201 
1.78669 3.56021 
1.84975 3.78834 
2.34791 2.55449 
1.44361 4.00765 
1.69682 3.44653 
2.06025 3.19012 
2.02877 3.26797 
1.76686 3.414 
1.89863 3.08861 
1.72888 3.70553 
1.3194 4.2783 
1.85497 3.55823 
1.81529 3.536 
1.86824 3.66137 
2.32422 2.43041 
1.32651 4.29047 
2.13342 3.00205 
1.92034 3.15599 
1.63511 3.95345 
2.11347 3.03765 
2.16228 3.12137 
1.17874 4.19076 
1.39558 4.29707 
1.58854 3.82668 
2.01743 3.46604 
1.98319 3.23011 
1.81761 3.55137 
1.80739 3.49455 
2.38699 2.01206 
2.2711 2.62399 
1.82429 3.84434 
1.7531 3.60649 
1.91328 3.52435 
1.67529 3.61533 
1.83412 3.62112 
2.05 0.0501569 
0.0832467 4.04945 
0.400462 3.98811 
0.442079 3.97238 
0.355881 4.00294 
0.481232 3.95591 
0.518479 3.93872 
0.554114 3.92085 
0.588389 3.90234 
0.307503 4.01671 
0.621423 3.88326 
0.253118 4.02932 
0.65322 3.86373 
0.684066 3.84366 
0.743208 3.80205 
0.713999 3.82312 
0.771694 3.7805 
0.799415 3.75857 
0.826495 3.73622 
0.852895 3.71353 
0.188304 4.04042 
0.87877 3.69041 
0.928896 3.64307 
0.904062 3.66695 
0.953298 3.61878 
0.977207 3.59417 
1.00071 3.56918 
1.02372 3.54392 
1.04635 3.5183 
1.06862 3.49233 
1.09057 3.46597 
1.11211 3.43935 
1.13333 3.41237 
1.15423 3.38508 
1.17487 3.35737 
1.19515 3.32941 
1.21513 3.30114 
1.23485 3.2725 
1.2543 3.24353 
1.27347 3.21425 
1.96406 1.20996 
1.97322 1.14766 
1.95464 1.27038 
1.99901 0.947459 
1.29239 3.18462 
2.007 0.875025 
1.99071 1.01676 
1.98211 1.08337 
1.94498 1.32917 
1.31106 3.15466 
1.93508 1.38636 
1.92495 1.44219 
2.01463 0.798908 
1.32951 3.12431 
1.9146 1.49672 
1.89327 1.60224 
1.90404 1.55004 
1.88228 1.65342 
2.02189 0.718321 
1.3477 3.09366 
1.8711 1.70358 
1.85973 1.7528 
1.84816 1.80114 
1.36567 3.06266 
2.02872 0.631913 
1.8364 1.84864 
1.82447 1.89527 
1.38338 3.03134 
1.81235 1.94118 
1.80005 1.98632 
1.78756 2.03079 
1.40086 2.99969 
1.7749 2.07457 
2.03508 0.537728 
1.41811 2.96772 
1.43517 2.93535 
1.76207 2.11767 
1.74907 2.16013 
1.73588 2.20202 
1.45201 2.90262 
1.72253 2.24331 
1.70899 2.28405 
1.46864 2.86956 
1.48506 2.83611 
1.69529 2.32421 
1.68143 2.36382 
1.50129 2.80228 
1.66739 2.40292 
1.51731 2.7681 
1.53315 2.73349 
1.65318 2.4415 
1.63879 2.4796 
1.62424 2.51721 
1.54879 2.6985 
1.5795 2.6273 
1.56424 2.66311 
2.04087 0.431811 
2.04594 0.304684 
1.6095 2.55436 
1.59459 2.59105 
