0.883088 0.666715 
0.924573 0.500011 
0.437558 1.06726 
0.601521 1.03865 
0.639988 0.925755 
0.182476 1.15927 
0.277752 1.16956 
0.87271 0.649681 
0.952026 0.605913 
0.495228 1.04022 
0.5475 1.00114 
0.281579 1.18619 
1.2082 0.13574 
0.825664 0.769294 
0.965105 0.500371 
0.98196 0.506528 
1.06107 0.389643 
0.58029 1.00813 
0.572554 1.01213 
1.14455 0.309413 
0.998803 0.563684 
0.460791 1.05862 
0.931355 0.564921 
0.930498 0.550128 
0.485526 1.10073 
0.564881 1.03671 
0.958378 0.532832 
0.980938 0.424536 
0.973094 0.564341 
0.418839 1.1385 
0.676416 0.963267 
0.59432 1.03396 
0.359488 1.08394 
0.5551 1.03016 
0.619006 0.982848 
1.07627 0.397011 
0.400292 1.1435 
0.414279 1.11336 
1.04155 0.423605 
1.12691 0.264765 
0.624314 0.958772 
0.501689 1.06327 
0.497533 1.05131 
0.740482 0.786465 
0.732876 0.837577 
0.584248 1.0702 
0.819461 0.739831 
0.692173 0.913598 
0.826055 0.691383 
0.577979 1.03986 
0.942419 0.572811 
0.654877 0.929281 
0.735753 0.8627 
0.16644 1.15398 
0.914989 0.537477 
1.11095 0.306222 
1.17229 0.196233 
1.01961 0.383926 
0.413625 1.12289 
0.251642 1.16639 
0.504813 1.11865 
0.452458 1.14473 
0.941476 0.488606 
1.14377 0.259894 
0.583516 1.01984 
0.817601 0.732484 
0.60788 0.966487 
0.80913 0.783845 
0.924624 0.561996 
0.278302 1.1725 
0.967185 0.540974 
0.285688 1.1568 
0.87625 0.683502 
0.804631 0.790415 
0.610364 1.03392 
0.353271 1.10142 
1.17031 0.218039 
1.17814 0.233533 
0.293461 1.12773 
0.212565 1.18444 
0.266692 1.16408 
0.379357 1.13091 
1.13115 0.204309 
1.00915 0.487418 
0.9137 0.6088 
0.787281 0.732828 
0.667429 0.929194 
0.183757 1.19692 
0.269984 1.15215 
0.849068 0.741799 
0.772389 0.773161 
1.07888 0.304274 
0.327682 1.14995 
0.931534 0.592504 
1.09182 0.354334 
0.568674 1.04379 
1.09336 0.396856 
0.829741 0.728643 
0.58945 1.05428 
1.10776 0.342451 
0.00147074 1.05359 
1.06017 0.000362859 
0.916504 0.181068 
0.962062 0.0975629 
0.583076 0.676657 
0.806847 0.375185 
0.894868 0.23381 
0.780571 0.417557 
0.628813 0.624012 
0.733235 0.492742 
1.00181 0.000944269 
0.447183 0.819025 
0.562238 0.71422 
0.474377 0.796612 
0.29634 0.928619 
0.76083 0.455136 
0.618369 0.645387 
0.313212 0.920161 
0.401015 0.864827 
0.832518 0.335854 
0.575819 0.697489 
0.869909 0.266365 
0.646852 0.607871 
0.166531 0.98693 
0.267888 0.944428 
0.00191264 1.00053 
0.909201 0.212545 
0.773628 0.441067 
0.499452 0.772795 
0.818492 0.366604 
0.427422 0.842087 
0.243039 0.960167 
0.952617 0.129524 
0.706451 0.53776 
0.187737 0.977442 
0.460452 0.813656 
0.284986 0.937934 
0.517403 0.753263 
0.484972 0.790618 
0.850843 0.303298 
0.829015 0.34852 
0.99747 0.0467941 
0.206556 0.972882 
0.71245 0.530526 
0.113846 0.998384 
0.873792 0.262492 
0.440414 0.833972 
0.973655 0.0885508 
0.600312 0.661598 
0.253176 0.950717 
0.540901 0.728786 
0.537468 0.730987 
0.748338 0.468293 
0.152498 0.993365 
0.888061 0.256534 
0.414979 0.850493 
0.66517 0.590098 
0.793649 0.408851 
0.842995 0.327141 
0.864315 0.297203 
0.988865 0.0622045 
0.522399 0.750955 
0.37873 0.886005 
0.496041 0.781736 
0.797683 0.405574 
1.00738 0.000395983 
0.701653 0.550393 
0.641405 0.619258 
0.331174 0.913819 
0.388506 0.875608 
0.951222 0.138131 
0.141888 0.99635 
0.981145 0.0731448 
0.849502 0.308222 
0.603543 0.660236 
0.249929 0.954015 
0.220002 0.972028 
0.184178 0.981415 
0.33515 0.889726 
0.668406 0.556519 
0.97973 0.0758366 
0.417544 0.848748 
0.933882 0.156403 
0.00157008 1.0055 
0.913875 0.206354 
0.934574 0.15544 
0.0226047 1.00036 
0.720897 0.513719 
0.74648 0.484898 
0.668951 0.556128 
0.5132 0.767365 
0.721824 0.512694 
0.335951 0.889485 
0.847026 0.323298 
0.751107 0.467329 
0.658505 0.600993 
0.509703 0.770308 
0.657073 0.602315 
0.991836 0.0609615 
0.387675 0.877581 
