5.02622 3.66962 
9.24686 5.15424 
11.4832 6.45631 
7.57318 7.07909 
4.28975 8.07729 
5.78988 7.35475 
8.80968 7.04823 
8.9449 8.55404 
8.10774 7.57154 
6.35423 5.76325 
7.93194 8.65521 
10.9384 8.54362 
8.09341 6.14832 
10.069 10.1979 
7.79676 11.1637 
5.39342 9.64897 
13.5992 5.57087 
4.67707 8.45974 
9.27515 6.03903 
8.27758 6.92361 
9.09805 9.08069 
9.81316 6.59942 
5.95599 4.50853 
7.42533 7.32922 
7.93725 9.83689 
6.86553 6.95773 
6.57956 5.76829 
6.80052 9.39121 
10.076 9.2798 
8.30085 8.18302 
6.6735 9.43284 
3.78817 7.07519 
5.20366 7.52226 
8.54032 7.18104 
7.59073 6.44979 
6.29735 6.63621 
10.8882 8.27199 
7.3116 5.78454 
11.6064 6.04608 
4.61154 8.57811 
6.66767 6.49715 
8.12212 8.42535 
9.00832 9.9153 
7.93523 7.513 
7.79077 6.85357 
6.50971 7.16036 
8.26211 6.27069 
9.90801 7.78134 
6.41237 5.78236 
7.38864 5.68109 
6.01378 6.02721 
9.86603 6.04255 
6.59208 5.29977 
10.1621 7.2214 
8.28764 5.50454 
9.12756 5.29966 
5.19339 5.3593 
14.2613 8.71311 
5.74299 5.34746 
7.35217 6.06415 
11.0906 7.27811 
5.86698 6.3709 
8.72357 6.92525 
6.82532 9.69203 
9.71358 5.96783 
3.93274 6.71528 
6.79938 4.61494 
8.13147 7.58678 
7.30969 8.05321 
8.33597 12.4209 
9.40075 6.99832 
11.4717 7.7459 
7.31558 9.71342 
8.03036 6.42698 
4.53015 8.19547 
8.37604 7.46742 
9.02624 7.82274 
9.39267 7.80529 
9.82482 6.09174 
6.87525 10.1839 
5.0335 4.92382 
9.06473 10.7455 
6.8454 9.67367 
7.32327 6.25853 
9.80288 6.90027 
4.68134 8.80692 
6.12068 8.18402 
6.86975 6.94661 
4.78197 7.85386 
7.85886 8.89344 
6.38906 5.50025 
9.61069 12.402 
5.88812 7.49042 
6.71835 6.05965 
8.52983 8.54057 
7.97895 9.39735 
6.16292 11.0273 
9.4112 4.43854 
10.3259 7.43095 
5.65439 5.4384 
1.32326 0.00438693 
0.144891 1.24241 
0.90918 0.258201 
0.119081 1.27712 
0.186047 1.23162 
0.997413 0.011092 
0.628673 0.671829 
0.139227 1.2553 
0.442621 0.673323 
0.377354 0.674881 
0.910371 0.16224 
0.912635 0.0998725 
0.985576 0.0187775 
0.250207 0.766043 
1.20185 0.00590228 
0.25076 0.753477 
0.333889 0.679809 
1.16061 0.00700365 
1.09008 0.00800421 
0.419187 0.673936 
0.250098 0.835292 
0.321519 0.684486 
0.306479 0.696749 
0.345273 0.67793 
0.911345 0.139226 
1.28022 0.00521845 
0.978135 0.0251315 
0.914865 0.0909011 
0.974528 0.0284363 
1.04158 0.00910587 
0.930678 0.0700402 
0.9251 0.0764351 
0.559727 0.673092 
0.947283 0.0535339 
0.613787 0.672306 
1.05301 0.00879172 
0.27268 0.727875 
0.365358 0.676523 
0.91214 0.118177 
0.258063 0.742706 
0.206443 1.23139 
0.919704 0.0827788 
0.269246 0.731284 
0.114297 1.2891 
1.12429 0.00774006 
0.263854 0.736963 
1.23421 0.00570536 
0.916637 0.0880609 
0.260865 0.739856 
0.921531 0.0804258 
0.287585 0.713193 
0.276092 0.724441 
0.255377 0.746322 
0.968217 0.0343229 
0.253523 0.749332 
0.312012 0.693468 
0.284092 0.716611 
0.29003 0.710565 
0.95941 0.0418283 
0.928333 0.0734633 
0.934486 0.0667569 
0.956436 0.0445006 
0.983518 0.0220873 
0.267066 0.73409 
0.316896 0.689837 
0.943842 0.0570307 
0.33104 0.682556 
0.950707 0.0502069 
0.319864 0.68661 
1.02844 0.0103873 
0.292727 0.70819 
0.971777 0.0326073 
0.355411 0.677465 
0.250075 1.03 
0.936435 0.0643868 
0.303083 0.700213 
0.940465 0.060261 
0.95235 0.0484289 
0.314241 0.691918 
0.962057 0.039784 
0.280073 0.720436 
1.01626 0.0107771 
0.281959 0.718665 
0.29488 0.706846 
0.300759 0.701464 
0.93836 0.0627277 
0.96542 0.0365032 
1.31689 0.00469214 
0.95467 0.046645 
0.278466 0.722503 
0.297638 0.704685 
0.299031 0.702973 
0.91028 0.226155 
0.964051 0.03773 
0.281936 0.719676 
0.949713 0.0509494 
0.0878879 1.28999 
1.2285 0.00590228 
0.331756 0.700296 
0.0883973 1.29424 
