1078.37 843.884 
1127.68 729.877 
650.339 447.421 
582.166 1108.41 
342.139 879.196 
1052.87 211.685 
815.567 57.3559 
86.7147 1040.3 
874.649 359.344 
993.992 532.616 
410.711 969.349 
425.342 806.419 
316.609 985.246 
306.358 517.19 
343.686 869.912 
1196.61 362.641 
976.479 258.353 
300.331 1322.93 
381.546 1302.8 
607.539 1090.6 
759.407 608.328 
515.926 652.401 
199.176 909.423 
627.953 1093.5 
96.8224 857.251 
924.374 311.907 
632.049 1184.97 
1229 345.632 
752.69 749.887 
1161.47 522.288 
1458.41 892.373 
942.092 72.3897 
574.696 963.856 
1049.74 960.597 
940.307 893.378 
592.741 614.835 
735.608 1358.12 
265.191 875.904 
913.164 587.448 
1067 615.664 
1224.79 1245.01 
1052.91 338.885 
525.098 1177.27 
1039.37 137.774 
1110.21 211.946 
869.783 1063 
944.343 352.013 
247.004 805.276 
413.938 969.584 
690.551 436.742 
1159.49 498.314 
1128.51 355.36 
655.284 1086.03 
847.965 181.182 
617.08 1376.61 
950.899 154.008 
850.107 460.973 
866.971 499.282 
509.647 576.502 
1136.06 622.255 
1037.05 861.263 
1043.71 138.694 
1033.97 778.026 
45.5587 897.484 
1320.78 219.104 
978.023 395.567 
1324.54 280.804 
127.284 1273.13 
1315.91 85.3098 
766.677 898.756 
919.524 40.6739 
957.022 874.381 
1131.84 192.038 
655.758 479.421 
627.033 1108.11 
469.136 460.121 
1227.18 230.615 
691.253 368.888 
819.259 686.974 
557.477 1074.49 
875.103 822.64 
575.166 708.196 
705.924 309.247 
1528.36 443.914 
1078.53 564.422 
875.93 589.993 
995.781 708.939 
1031.55 1157.27 
160.378 1286.55 
365.206 837.431 
29.1239 678.9 
1048.23 669.123 
190.582 1104.89 
815.376 787.79 
935.968 571.406 
823.779 804.499 
1226.88 181.013 
531.005 667.877 
194.134 600.718 
200.396 796.966 
6.12323e-17 1 
1 0 
0.767778 0.640716 
0.759888 0.650054 
0.775568 0.631264 
0.783261 0.621694 
0.751906 0.65927 
0.790856 0.612003 
0.743824 0.668375 
0.798355 0.602188 
0.805752 0.592253 
0.73565 0.677361 
0.727378 0.686237 
0.719004 0.695006 
0.813055 0.582187 
0.710528 0.703669 
0.701957 0.71222 
0.820259 0.571993 
0.693282 0.720667 
0.82736 0.561673 
0.834369 0.551206 
0.684507 0.729006 
0.841275 0.540607 
0.657574 0.75339 
0.675634 0.737237 
0.648364 0.76133 
0.848083 0.529863 
0.666658 0.745364 
0.854788 0.518977 
0.639065 0.769153 
0.62965 0.776879 
0.620127 0.784502 
0.861393 0.50794 
0.867887 0.496761 
0.874296 0.485393 
0.610481 0.792031 
0.600726 0.799455 
0.880596 0.473867 
0.886797 0.46216 
0.59085 0.806781 
0.892893 0.450269 
0.580854 0.814007 
0.898892 0.438171 
0.570725 0.821141 
0.560477 0.82817 
0.550106 0.835095 
0.539577 0.841936 
0.904779 0.425881 
0.52893 0.848665 
0.910543 0.413414 
0.916206 0.400708 
0.518127 0.855304 
0.49608 0.868277 
0.507189 0.861835 
0.484804 0.874623 
0.921762 0.387757 
0.932529 0.361094 
0.927199 0.37457 
0.473359 0.88087 
0.937751 0.347308 
0.461759 0.887005 
0.449973 0.893042 
0.942844 0.333236 
0.437995 0.898977 
0.425817 0.904809 
0.947809 0.318837 
0.413422 0.910539 
0.400803 0.916164 
0.952652 0.304063 
0.387942 0.921684 
0.374828 0.927094 
0.361434 0.932398 
0.957363 0.288887 
0.347762 0.937583 
0.333771 0.942654 
0.274049 0.961716 
0.289632 0.957138 
0.319446 0.947605 
0.304746 0.952434 
0.961933 0.273285 
0.257959 0.966156 
0.241295 0.970452 
0.966365 0.257175 
0.22397 0.974596 
0.970649 0.240501 
0.974774 0.223193 
0.16674 0.986001 
0.978736 0.205125 
0.145172 0.989406 
0.98252 0.186158 
0.986114 0.166068 
0.121676 0.99257 
0.989496 0.144558 
0.992635 0.121142 
0.0952737 0.995451 
0.995493 0.0948354 
0.0635395 0.997979 
0.997998 0.0632501 
0.186868 0.982385 
0.205875 0.978578 
