2.42082 2.50007 
2.2648 2.18705 
2.00356 3.04513 
2.17516 2.61777 
2.06465 2.82876 
2.2663 2.54673 
1.98463 3.40447 
1.43873 4.18566 
1.94169 3.24432 
2.06219 3.11672 
2.24758 2.39386 
1.8224 3.59552 
2.11811 2.96237 
1.52379 4.17799 
1.96101 3.49425 
2.1882 2.61403 
1.73862 3.46039 
1.98184 3.44445 
2.01962 3.34353 
1.94498 3.38046 
1.70535 3.82204 
2.52043 1.47363 
1.38708 3.93729 
2.29939 2.49038 
2.31717 2.10866 
1.64042 3.77622 
2.15042 2.84973 
1.66089 3.70011 
1.47209 4.13915 
1.45052 4.29784 
2.01215 3.09966 
2.19557 2.92801 
2.20176 2.78248 
2.03941 2.94397 
2.25579 2.93117 
1.61445 3.99136 
1.80746 3.52735 
2.1161 2.97624 
2.17838 2.97287 
1.96763 3.39089 
2.09634 3.13727 
1.30618 4.38699 
2.32033 2.54707 
1.80386 3.66084 
1.91881 3.09784 
0.913113 4.33663 
1.68896 3.59781 
2.26747 2.47746 
1.94385 3.45765 
1.56499 3.73632 
1.87688 3.69209 
1.90993 3.39257 
1.86311 3.29926 
1.90569 3.30465 
1.80323 3.24559 
2.19771 3.08856 
2.06559 3.35754 
1.90942 3.50468 
2.27827 2.69745 
1.82039 3.41602 
1.91987 3.44468 
2.41461 1.4701 
1.62305 3.8787 
2.36195 2.491 
2.15548 2.46052 
2.23108 2.58939 
1.78738 3.58888 
1.22858 4.30404 
1.39517 4.15262 
2.2109 2.34356 
2.4315 2.01396 
2.05242 3.0558 
2.21126 2.79501 
2.23675 2.38338 
1.32502 4.28918 
1.84002 3.36896 
2.27134 2.45987 
1.66415 3.64122 
2.31768 2.65269 
2.29034 2.59651 
2.18478 2.60748 
1.79717 3.8139 
2.02912 3.31783 
1.6912 3.76451 
1.59371 3.81666 
2.00292 3.17449 
2.31649 2.59167 
1.98416 2.86477 
2.19945 2.72006 
1.62984 3.96076 
1.45164 3.95187 
2.147 2.50929 
1.40482 4.17232 
1.7282 3.90357 
1.51345 3.72372 
1.96047 3.15227 
2.28415 2.1846 
2.23481 2.54134 
2.0428 3.25352 
2.14951 3.12431 
2.05 0.0501205 
0.0738569 4.04972 
0.475585 3.95839 
0.43674 3.9745 
0.395553 3.98984 
0.351425 4.00431 
0.512572 3.94154 
0.303247 4.0178 
0.547858 3.92409 
0.581808 3.906 
0.249181 4.03011 
0.676742 3.84852 
0.706532 3.82834 
0.735492 3.80771 
0.763737 3.78662 
0.791262 3.76512 
0.818182 3.74318 
0.844503 3.72084 
0.870295 3.69808 
0.895601 3.67489 
0.968474 3.60326 
0.920341 3.65139 
0.991978 3.57856 
0.944613 3.62752 
1.01506 3.55352 
0.18428 4.04097 
1.03775 3.52814 
1.06006 3.50241 
1.08202 3.47633 
1.10365 3.4499 
1.12498 3.42307 
1.14599 3.39593 
1.1667 3.36842 
1.78762 2.03059 
1.77479 2.07494 
1.80026 1.98556 
1.7352 2.20418 
1.18711 3.34058 
1.81271 1.93984 
1.76178 2.11865 
1.74858 2.16171 
1.82496 1.89338 
1.20724 3.31239 
1.83702 1.84616 
1.72163 2.24605 
1.2271 3.28384 
1.70789 2.28732 
1.69397 2.32804 
1.84888 1.79817 
1.67987 2.36822 
1.26604 3.22569 
1.2467 3.25494 
1.66559 2.40786 
1.65113 2.44699 
1.86054 1.74936 
1.28515 3.19605 
1.63649 2.48562 
1.87198 1.69971 
1.88322 1.64911 
1.62166 2.52376 
1.89425 1.59756 
1.60667 2.5614 
1.90507 1.54496 
1.59149 2.59858 
1.30399 3.16609 
1.91567 1.49123 
1.57613 2.63529 
1.32259 3.13578 
1.34096 3.10511 
1.56058 2.67155 
1.35911 3.07406 
1.54486 2.70736 
1.52895 2.74273 
1.37703 3.04266 
1.51286 2.77767 
1.92604 1.43634 
1.39473 3.01088 
1.49657 2.81221 
1.41221 2.97874 
1.48009 2.84632 
1.42949 2.94621 
1.44656 2.91331 
1.46342 2.88001 
1.93616 1.38026 
1.94604 1.32284 
1.95568 1.26391 
1.96505 1.20339 
1.97415 1.14111 
1.98299 1.07672 
1.99152 1.01023 
1.99975 0.941034 
2.00765 0.868785 
2.0152 0.792959 
2.02236 0.712753 
2.02909 0.62685 
2.03534 0.533424 
2.04103 0.42832 
2.04602 0.302148 
0.646119 3.86819 
0.614485 3.88737 
