1.48434 1.40619 
2.61793 1.62645 
2.61699 2.31071 
1.20439 2.40554 
1.43072 2.36119 
1.74737 1.75371 
2.19879 1.67602 
2.76049 1.1336 
2.32958 2.31229 
1.04277 2.1256 
2.54413 1.83529 
2.04608 2.56217 
2.6545 1.59656 
3.08998 1.70599 
1.81226 3.0029 
0.835453 2.09932 
2.10061 1.82782 
1.91883 2.11848 
1.13143 3.27256 
1.7214 1.59775 
2.4509 1.18708 
1.96287 2.8369 
2.97712 2.34542 
1.48578 2.35678 
2.81867 1.84955 
3.06641 1.9385 
1.52691 1.25002 
2.13153 2.36384 
1.22857 2.33909 
2.35068 1.85378 
2.13392 1.13828 
1.69275 2.45977 
2.7078 1.41236 
2.38731 1.51673 
1.94775 1.37365 
2.25679 2.11577 
2.55993 1.91313 
3.11548 2.0695 
2.19777 1.47034 
0.984498 1.85881 
1.70338 1.40823 
1.98697 1.76026 
2.20208 2.06498 
2.97518 1.86983 
2.28011 1.41144 
1.83457 1.59612 
2.27643 1.51567 
1.22147 1.40199 
2.02607 2.29711 
2.84342 1.61658 
2.13009 2.47964 
2.24086 1.90123 
1.70462 1.62922 
2.39199 1.97281 
3.59997 1.75124 
1.08702 2.0779 
2.45412 1.46438 
1.81312 2.2506 
2.61897 2.44925 
2.48488 1.62278 
2.40694 1.89879 
1.52841 2.19187 
2.89586 1.64083 
1.92729 2.2059 
1.45993 2.18934 
1.87921 2.15883 
1.47981 2.24016 
2.32853 1.86613 
2.2622 2.58378 
2.35179 2.42465 
1.9857 1.36201 
2.40847 1.40238 
2.07101 2.33546 
1.85431 2.55798 
1.87815 1.27542 
2.39892 2.01974 
1.83478 1.40574 
2.7984 2.13203 
2.17963 1.86345 
1.63014 1.734 
2.19595 1.64216 
1.37364 1.85405 
2.90173 1.85986 
1.45713 2.27227 
1.91801 1.82365 
1.99899 2.33768 
2.29149 2.46696 
2.92886 0.867055 
1.82659 1.61148 
2.23051 1.91788 
2.47086 1.59219 
1.53359 2.19386 
1.49507 2.40418 
2.09327 1.46913 
1.78116 2.64245 
2.1958 2.7826 
2.54246 2.15287 
1.64858 2.31344 
2.88455 1.2617 
2.30713 1.99783 
1.00591 1.89608e-05 
8.00332e-06 1.01375 
0.195045 0.558792 
0.182189 0.573644 
0.246019 0.50466 
0.0172195 0.869386 
0.0494215 0.778577 
0.258564 0.492037 
0.0289329 0.830732 
0.207166 0.545475 
0.11831 0.65665 
0.136553 0.631069 
0.87593 0.064427 
0.0118814 0.892178 
0.403453 0.365218 
0.127492 0.643383 
0.0362225 0.810237 
0.0232855 0.848588 
0.515352 0.282459 
0.702289 0.162259 
0.00733377 0.915291 
0.416235 0.355126 
0.14682 0.617165 
0.00133193 0.965568 
0.502764 0.291548 
0.637304 0.202325 
0.650219 0.194147 
0.941462 0.0300238 
0.268973 0.481999 
0.234921 0.515731 
0.0420556 0.795837 
0.528268 0.273544 
0.0700621 0.735789 
0.299412 0.453293 
0.689565 0.170076 
0.279614 0.472087 
0.675799 0.178272 
0.391186 0.374862 
0.928006 0.0372388 
0.663652 0.185772 
0.339667 0.417539 
0.172764 0.585093 
0.369212 0.39281 
0.717084 0.153534 
0.163737 0.595848 
0.381186 0.383221 
0.861496 0.0720771 
0.290109 0.46183 
0.216872 0.534815 
0.427617 0.346488 
0.579305 0.239362 
0.311676 0.442343 
0.00365879 0.940647 
0.490134 0.300299 
0.155072 0.606715 
0.95634 0.0224537 
0.0623142 0.750971 
0.225756 0.525313 
0.602255 0.224469 
0.438406 0.338299 
0.0570465 0.762396 
0.328903 0.426917 
0.980512 0.0104654 
0.99432 0.00329306 
0.914455 0.0448149 
0.540163 0.265481 
0.592148 0.231284 
0.804918 0.10309 
0.448942 0.330445 
0.469709 0.315017 
0.459277 0.322722 
0.892133 0.0557384 
0.747651 0.135603 
0.350501 0.408319 
0.782057 0.116136 
0.0769863 0.723217 
0.760061 0.128407 
0.818307 0.0957847 
0.623312 0.210841 
0.794182 0.109176 
0.480222 0.307493 
0.968064 0.0166068 
0.359071 0.401205 
0.0831244 0.712148 
0.568037 0.246584 
0.108787 0.670619 
0.615033 0.2162 
0.770643 0.122502 
0.320137 0.434822 
0.82866 0.0901738 
0.84959 0.0786935 
0.901399 0.0509 
0.0948893 0.692688 
0.550358 0.258717 
0.0895056 0.701542 
0.840363 0.0841376 
0.736696 0.14205 
0.55893 0.252758 
0.72836 0.147079 
0.101888 0.681374 
