1 0 
2.67027e-23 1 
0.0222929 0.856036 
0.00618494 0.926434 
0.0550292 0.770282 
0.16111 0.601167 
0.122194 0.653881 
0.149214 0.616284 
0.110325 0.67069 
0.00144739 0.969479 
0.0470386 0.787802 
0.222535 0.52981 
0.407536 0.362791 
0.096082 0.693282 
0.394291 0.373193 
0.358251 0.40241 
0.370188 0.392659 
0.0332229 0.821888 
0.0399592 0.8053 
0.382772 0.382578 
0.0651414 0.74872 
0.253741 0.497824 
0.419883 0.35308 
0.740881 0.139844 
0.242751 0.508983 
0.755282 0.131445 
0.139397 0.629442 
0.172755 0.586881 
0.34615 0.412759 
0.0772594 0.726316 
0.23345 0.518951 
0.768147 0.124033 
0.632962 0.204922 
0.781334 0.116701 
0.727437 0.147513 
0.132407 0.640209 
0.794462 0.109203 
0.195754 0.55967 
0.69123 0.169169 
0.703865 0.161586 
0.974959 0.0129172 
0.431401 0.344403 
0.211 0.542547 
0.307757 0.44659 
0.263989 0.48766 
0.0278432 0.83999 
0.679352 0.176419 
0.272602 0.479403 
0.620814 0.21271 
0.337107 0.421175 
0.667478 0.183669 
0.937923 0.0318022 
0.88933 0.0574479 
0.0128868 0.893408 
0.715835 0.154623 
0.645336 0.197306 
0.807029 0.102289 
0.325698 0.430422 
0.818603 0.0956915 
0.989406 0.00547236 
0.925815 0.0382133 
0.913337 0.0446888 
0.441716 0.336589 
0.901312 0.0509716 
0.85313 0.0766367 
0.950876 0.0253095 
0.655882 0.190706 
0.538552 0.266852 
0.962819 0.0191538 
0.876599 0.0643075 
0.865153 0.0701713 
0.298523 0.455179 
0.60982 0.219661 
0.488776 0.301599 
0.499197 0.294416 
0.830715 0.0891028 
0.18592 0.570744 
0.45173 0.32885 
0.599309 0.22635 
0.317997 0.437435 
0.103419 0.683175 
0.558898 0.252954 
0.549004 0.259872 
0.841724 0.0831043 
0.589175 0.23308 
0.528242 0.274064 
0.579002 0.239795 
0.479234 0.30861 
0.518294 0.280638 
0.5689 0.246447 
0.204033 0.550255 
0.282953 0.46997 
0.469308 0.31569 
0.0704652 0.739216 
0.509327 0.287331 
0.28986 0.463191 
0.0105266 0.902007 
0.460942 0.322216 
0.180058 0.57808 
0.0863591 0.71047 
