1.18724 0.118054 
0.814724 0.503223 
0.820656 0.232019 
2.76058e-06 1.07818 
1.03767 0.121156 
0.816634 0.425578 
0.000546506 1.00001 
0.868324 0.132854 
0.956325 0.123074 
0.819276 0.358156 
0.87695 0.128494 
1.13985 0.119658 
0.823884 0.20871 
1.00311 0.121664 
0.815891 0.469836 
0.820029 0.295873 
0.815034 0.491344 
2.50798e-05 1.00016 
0.914662 0.124269 
0.979645 0.122517 
0.825665 0.193432 
0.865086 0.136677 
0.819776 0.314263 
1.11541 0.120484 
1.16409 0.119279 
0.885582 0.127485 
0.874237 0.130798 
1.17946 0.118725 
0.991737 0.122176 
0.817928 0.409351 
0.896576 0.126259 
0.836694 0.164513 
0.827161 0.186051 
0.831391 0.172306 
0.830865 0.174057 
0.826648 0.189593 
0.835332 0.166113 
0.8248 0.205777 
0.903127 0.126071 
0.860896 0.140617 
0.818411 0.402129 
0.843707 0.156789 
0.891293 0.127193 
0.823353 0.228377 
0.825421 0.200125 
0.817386 0.418081 
4.17135e-06 1.01671 
0.840356 0.160374 
0.828686 0.179799 
0.841755 0.159247 
0.862609 0.139514 
0.829163 0.178652 
0.193704 1.00001 
0.842803 0.158063 
0.838229 0.16311 
0.859048 0.141832 
0.94841 0.124015 
0.856899 0.144055 
0.848807 0.15151 
0.832589 0.17138 
0.818687 0.40069 
0.827779 0.184718 
0.844927 0.155827 
0.918669 0.124235 
0.828374 0.182285 
0.852304 0.147974 
0.941402 0.124136 
0.838986 0.162194 
0.830102 0.177825 
1.1245 0.120444 
0.85437 0.146162 
0.839714 0.161276 
0.855875 0.144825 
0.833505 0.170828 
0.845743 0.15513 
0.847817 0.152638 
0.855239 0.14539 
0.864283 0.138634 
0.853564 0.146874 
0.84647 0.15448 
0.834886 0.16746 
0.852956 0.147383 
0.851153 0.149121 
0.847102 0.153728 
0.850102 0.150109 
0.823014 0.231224 
0.815835 0.486892 
0.85822 0.142946 
0.863655 0.139157 
0.859962 0.141596 
0.834513 0.168368 
0.850875 0.14939 
0.847486 0.153148 
0.819917 0.312635 
0.849801 0.150483 
0.84957 0.150939 
0.89993 0.126218 
0.858074 0.14323 
0.817557 0.417766 
0.834453 0.168931 
