2.3533e-08 1 
1 3.50991e-08 
0.755466 0.246341 
0.711678 0.289481 
0.741572 0.263267 
0.896707 0.105175 
0.962578 0.0380096 
0.782405 0.218112 
0.98254 0.0194191 
0.875728 0.126186 
0.671881 0.328341 
0.686558 0.314017 
0.911003 0.0894148 
0.697491 0.303993 
0.865746 0.134821 
0.617499 0.382783 
0.948015 0.0522889 
0.661286 0.339013 
0.649381 0.35072 
0.628288 0.371825 
0.852013 0.148091 
0.832514 0.167612 
0.82185 0.178184 
0.811296 0.188721 
0.800823 0.199184 
0.639286 0.361071 
0.587076 0.413091 
0.576505 0.42353 
0.279071 0.720932 
0.566598 0.433482 
0.268936 0.731067 
0.289284 0.710726 
0.605505 0.394813 
0.556258 0.443897 
0.843307 0.156833 
0.298965 0.701041 
0.239651 0.760352 
0.920294 0.0797237 
0.229983 0.770019 
0.992393 0.00779156 
0.929604 0.0704021 
0.308648 0.691357 
0.432229 0.567791 
0.790559 0.209643 
0.441583 0.558446 
0.422867 0.577143 
0.460019 0.539997 
0.450791 0.549291 
0.939071 0.0609667 
0.597179 0.402979 
0.220801 0.779204 
0.54681 0.453348 
0.317745 0.682264 
0.413786 0.586233 
0.48706 0.512949 
0.40469 0.595333 
0.469119 0.530921 
0.21166 0.788342 
0.478041 0.522027 
0.326834 0.673184 
0.395777 0.604241 
0.202814 0.797186 
0.386955 0.613061 
0.496012 0.504017 
0.193953 0.806048 
0.3781 0.621908 
0.0171426 0.982858 
0.0258406 0.97416 
0.176753 0.823248 
0.168127 0.831874 
0.185353 0.814648 
0.335582 0.66442 
0.00851279 0.991487 
0.0343933 0.965607 
0.369582 0.630423 
0.513081 0.486988 
0.15954 0.840461 
0.361007 0.638996 
0.504601 0.49545 
0.0429526 0.957048 
0.352532 0.647473 
0.344016 0.655987 
0.151049 0.848951 
0.537971 0.46214 
0.142653 0.857347 
0.521699 0.478386 
0.0513973 0.948603 
0.134278 0.865722 
0.0929405 0.90706 
0.0680429 0.931957 
0.0596878 0.940312 
0.0846322 0.915368 
0.076334 0.923666 
0.125977 0.874024 
0.101283 0.898717 
0.117716 0.882284 
0.109502 0.890498 
0.529856 0.470195 
0.249313 0.750694 
0.258814 0.741187 
