6.28372e-17 5.77553e-19 1 
1.24881e-05 1.00105 4.90564e-06 
1 2.36322e-17 2.83481e-18 
0.0181299 0.400928 0.921449 
0.00537899 0.69631 0.721256 
0.00191485 0.753688 0.662319 
0.00249661 0.969203 0.255556 
0.00496411 0.506987 0.870735 
0.184167 0.983286 1.36502e-06 
0.544326 0.838936 1.8747e-05 
0.429841 0.903002 4.25746e-05 
0.00786886 0.939154 0.347084 
0.48965 0.872243 8.61916e-07 
0.357539 0.934037 1.61338e-05 
0.651576 0.758696 1.92681e-05 
0.489169 0.780923 0.392422 
0.00194712 0.793464 0.610853 
0.600618 0.799648 0.000106451 
0.112942 0.335238 0.941169 
0.696539 0.717718 3.99267e-07 
0.60004 0.36214 0.714178 
0.285755 0.958396 4.86107e-05 
0.420481 0.851418 0.318121 
0.578004 0.597777 0.557102 
0.563457 0.50931 0.651921 
0.736641 0.67632 2.64323e-05 
0.00689239 0.830127 0.55919 
0.773204 0.634327 3.26591e-07 
0.74075 0.591187 0.321046 
0.339436 1.35339e-20 0.940629 
0.521133 0.698753 0.493861 
0.725167 0.369217 0.582587 
0.0206982 0.553804 0.835131 
0.673186 0.333473 0.660343 
0.974431 0.224701 8.26704e-07 
0.260484 1.40626e-20 0.965478 
0.421742 0.421849 0.803872 
0.304996 0.903466 0.305344 
0.340241 0.670839 0.65997 
0.95091 0.309513 1.00726e-07 
0.514418 1.24104e-20 0.857539 
0.173999 2.14894e-20 0.984746 
0.00929078 0.63198 0.779539 
0.926205 0.377085 1.92572e-06 
0.350824 0.338885 0.874458 
0.645337 0.475672 0.599178 
0.805095 0.305368 0.509502 
0.335094 0.818244 0.47118 
0.543649 0.321256 0.776219 
0.650216 7.26333e-21 0.75975 
0.808691 0.58828 2.28128e-05 
0.754846 0.437224 0.490458 
0.899031 0.437906 3.10314e-06 
0.486042 0.484707 0.728453 
0.565559 1.33978e-20 0.824708 
0.40791 1.3444e-20 0.913022 
0.324188 0.53669 0.781404 
0.609026 6.18576e-20 0.79315 
0.460218 5.63555e-20 0.887806 
0.588814 0.716829 0.375945 
0.688266 1.28157e-20 0.725458 
0.000786361 0.891702 0.461069 
0.724083 1.39391e-20 0.689713 
0.641053 0.640928 0.424237 
0.852463 0.338144 0.400013 
0.472168 0.647726 0.598995 
0.87156 0.490313 1.15492e-05 
0.275257 0.464738 0.843765 
0.66835 0.547752 0.505718 
0.841045 0.541001 3.91458e-05 
0.274296 0.618384 0.739536 
0.00510603 0.862281 0.514074 
0.674185 0.669019 0.316984 
0.758066 2.59219e-20 0.652178 
0.804641 0.445821 0.393264 
0.787529 2.0173e-20 0.616278 
0.39914 0.758725 0.518216 
0.00306506 0.913379 0.410746 
0.915604 0.277119 0.292863 
0.897995 1.46314e-20 0.440005 
0.478175 0.288418 0.830508 
0.00277984 0.602465 0.805412 
0.873656 1.10612e-20 0.486543 
0.846429 2.6492e-20 0.532501 
0.817759 1.82716e-20 0.575561 
0.72439 0.527528 0.445661 
0.865402 0.405071 0.297575 
0.922254 3.24595e-20 0.386583 
0.96495 1.44918e-20 0.262435 
0.944618 3.00811e-20 0.328172 
0.286982 0.279957 0.917987 
0.369372 0.722435 0.58646 
0.817893 0.510771 0.267466 
0.280859 0.867658 0.416664 
0.188466 0.418597 0.892261 
0.456457 0.598812 0.659932 
0.415667 0.562335 0.716048 
0.984502 3.15755e-20 0.175375 
0.274728 0.771519 0.577013 
0.571387 0.778797 0.26334 
