0.212605686853876374442506858031 0.158439420508209916071962197748 0.520502319389348988565302533971 0.671504833148141799803454432549 0.656266396014434594263775579748 0.871818416335300883091008472547 0.549649489302052152162048059836 0.714634187052775149417982447630 0.540310496656300376372428218019 0.310673957969941239021238743589 0.517242453594961237861582503683  | 1.318368321788694119689466788259 0.457415483693865254632981987015 
0.718691187450572699368933626829 0.890123227493229807194552449801 0.117169154961310750806546820968 0.208717694488600113977838645951 0.821251850710035813385445635504 0.945497033804190034622649818630 0.014585826825173953125158732291 0.654601053725672676897318069678 0.072422110028305897166944760102 0.369161789565513598354584701156 0.406906562549823824781469738809  | 0.920880225745952851745812495210 1.946572359573422783540763703058 
0.031557036851479924877139637829 0.134267742368844977818298502825 0.351485104978473184011988905695 0.642454536269924769698036470800 0.698744201526627528586743665073 0.273242717313028848913347701455 0.271142485924738219082996693032 0.820453959161747792272478818631 0.169041698148520547206885566993 0.508669334260998917685014930612 0.927209674531124017349270616251  | 1.712105730228740130272058195260 0.084938109054643523565530927044 
0.898043736518658874956599902362 0.866505162795726313618160929764 0.437382374901145398737867253658 0.124462599331944145930606282491 0.614490168286064397662471492367 0.417435388977200227955677291902 0.118104341276836111163106579625 0.535111313737268612378272791830 0.029171653650347906250317464583 0.918545397800558327539022229757 0.022868835653290342513344057807  | 0.330226529181713579497170485411 2.044291111064785670947685503052 
0.500700919676373201738783791370 0.853344597144850669501181528176 0.207834920451612337188862511539 0.648344570774106454535967714037 0.084424103189177257533515330579 0.129797958478171548968305160088 0.148128569588644287691181489208 0.782009732225800502369850164541 0.061699791830763461852882301173 0.847953238670551945332931609300 0.703936352592877456757491927419  | 1.483347333014014113317102783185 1.486617271462234102230581811455 
0.231229745977085898722691581497 0.622458582870690113608702631609 0.804999670352415486185293502785 0.218884021113289195525908326090 0.747355817003356737160402190057 0.935159321015987754499576567468 0.297198798075574921462305155728 0.422206155379464265209321638395 0.775562644232672626642965951760 0.488070799944613331611265039101 0.800145789650014371829911397072  | 1.543232211515680685209872535779 0.586548028698081203025083141256 
0.867254391839939464681208391994 0.616468235284937549067763029598 0.355373097343749444476657117775 0.613416930258423476196583123965 0.297152463030083580086682104593 0.930161723635996695591643401713 0.524803095247501127929012909590 0.924293540439661609475763270893 0.587152057339713095984734536614 0.345206770719060362928587437636 0.183603798180927979544208028528  | 0.328281369694742863885039696470 1.551484044415383900528127014695 
0.157016537464903516152503470948 0.647548752385595727254496978276 0.411224790292838870975344889303 0.076285618655937414978041033464 0.468243046960613362728054198669 0.052258464811449023557088366942 0.073098142158391055112076628575 0.233882377132532792707308999525 0.211470536185423996222709774884 0.505003519151659752139948977856 0.122481092285986248313633950602  | 1.832344293377601518457709062204 0.461323769264263050526864162748 
0.378434362851112982006895890663 0.637236585251131026907955856586 0.257208207492004681249397890497 0.998021933001126848594708462770 0.062062291633450783479020174127 0.504687411018412634966523455660 0.237958850707185032291590687237 0.099009930014351210658674062870 0.393742302553057199610009320168 0.098575295213628733037580786913 0.913548862336660105754049254756  | 1.731923595619137890011529634648 1.170797935575834669563732859388 
0.508137826425790306572594090539 0.024231122270684357644654483011 0.491328033309202938383464243088 0.436875350803581530279018352303 0.718573168185332677992960270785 0.071842950932706872713140455744 0.313766685265187139641795965872 0.009441327019314438295793934230 0.774855096512160890220854980726 0.492465816407453460534782152536 0.726226226825426146582742603641  | 1.300825933897943764705473768117 1.334514983575503244139781600097 
0.499977490584703865295068681007 0.426565307501302504178397612122 0.581647435862158168617952469504 0.490147609511352055911004299560 0.937137388014860905904868104699 0.235136506442124137983284981601 0.917518744361051630242798182735 0.537603793525487594351375264523 0.389060869930262120952590976231 0.406403487096957172219902076904 0.768679096626310731643627605081  | 1.090672986785080400551350976457 1.090595862120493864111381299153 
0.702919372948277443313713774842 0.847235270917959137904063027236 0.589185807987739118551928640954 0.805824429720880641703217861505 0.493286372832415165312625049410 0.806229927062168449936052638805 0.852450589506954736762622815149 0.273385372074525956342938570742 0.335765443699745924632793503406 0.408748701668767089323353047803 0.413647709693494847194017438596  | 0.690240337508305157321331080311 1.370169868370717747296794186695 
0.155082935978142266719714825740 0.684998563467412724392602285661 0.576308128071233549682972352457 0.041677739459310858549656586547 0.470611028949290854939135897439 0.582950532647038999201072329015 0.296744989117671886802440894826 0.976334029743299858239424793283 0.587484774790608121897150795121 0.584877298760498653962258686079 0.989373492920850861054304914433  | 1.727835794767204502520030473534 0.429435633401354377447489696351 
0.230833098154173854688053779682 0.488529110865693949605770285416 0.295102560052849405280994687928 0.214827020715491645574957146891 0.915501603030673516414594814705 0.432134420986304390588372825732 0.605723557181936045346049013460 0.587512375490888749673956681363 0.246124705706673996274957971764 0.640163490262134149411110684014 0.172372382726044381939800587134  | 1.412718102475714498922343409504 0.535935424178950015061673184391 
0.615482420601917268321301435208 0.077680323615708091189446804492 0.281792414825439263559303526563 0.033574604717919953600357985124 0.495534822861473323030168103287 0.272088945805876281092139379325 0.538830298070023583356658036791 0.191904563865121891019782651711 0.516131786664153602295357359253 0.138741452034818024685591808520 0.915100191824205211332809994929  | 1.076238102342408575751164789835 1.559712569071575405388330182177 
0.437191814580451643124092697690 0.350814337707984313929898689821 0.001618498645658106305234014144 0.642034827962011500623873416771 0.020309485726632492408327834710 0.002017141330378113828203368030 0.105469372539183203763002438791 0.783337312748326075606541962770 0.818891111606068422545945395541 0.522554390919636735368669633317 0.062755882686143293902603090828  | 1.777254759856805144124791695504 1.457116029997867601153416217130 
0.674862888191914755964262440102 0.973703387385821850230627205747 0.728144106105172550513771057012 0.211493958006975901753321522847 0.772655322344248496335694653681 0.356915766645481413732454711862 0.001296426268649675250799191417 0.796935145629722341276135466615 0.216844137803645198303570396092 0.967023871039758065037972301070 0.638951149313988664424357466487  | 1.030881907062275004705043102149 1.839842506508436725809474410198 
0.546257111432594699707010477141 0.661207936247028338350162357528 0.604485924878859215425563888857 0.119796691241306541009237207618 0.581332034001380892895838314871 0.654710161155660386178567478055 0.956024544016667365831096958573 0.585467633460230008068947427091 0.479407926221315450199256247288 0.206036180172524785447762951662 0.411941986548105432142108384141  | 0.995159585242841759900045417453 1.151405116776214487828156052274 
0.965974719946057214237100652099 0.232346677366706111378391597100 0.539964132523576889610694706789 0.941798215644851666183967608958 0.703990314881131840074601768720 0.394229599174960143592727490613 0.814857053146640253338262027683 0.889208939061192582542503259901 0.638867063993484474160311492597 0.375437237096322040663665120519 0.398638282798272070017731039115  | 0.086377675899436734407998983443 1.614604371673626248551158823830 
0.110656452575950026151474503422 0.642841265511450599134946060076 0.487317493285325253893347507983 0.834326886614444984680005745759 0.667603020927017065666575490468 0.419033606828717042347420829174 0.610572529863740998123944336839 0.560107242647486236464260400680 0.553273818574588016616644381429 0.435692265602889761133553747641 0.231155634407926857676329746027  | 1.243057751884489414706536081212 0.218269371788464089378933863372 
0.938872351159878881787790305680 0.035643778699600892068133362045 0.409688150595305389245481819671 0.480345353203055602797633127921 0.060218925685526447644235759071 0.401479057658051363688400670071 0.389107713573365932013814472157 0.004034058459428169207683367858 0.633345451858444152826166373416 0.423888818692658819742291598232 0.299425651095592715300597319583  | 0.167714565157901729364198217809 1.741308218519287631664838045253 
0.575065104587549780212896166631 0.617487653529222524362296553591 0.568652692495525302618375462771 0.285337829058923242442347145698 0.522588880031036429052448966104 0.333693405341632609584223700949 0.377901538801005298928714637441 0.606271607939904200179626059253 0.175110193541681669060494641599 0.078843906666502427960097065807 0.992983292858006683090366095712  | 1.018230747403060743039304725244 1.291891265138945588120122920373 
0.225515670644138577216608609888 0.373330290470932357749234142830 0.180924340081427659221446901938 0.545688255301780000827704952826 0.245022010560354996933085658384 0.475679190813611763033463830652 0.525248707774703560424711668020 0.077928868563264086510855577217 0.816928466599158853433948479505 0.407907928088677262934425016283 0.332629268087613061410934278683  | 1.408053667438462941419174967450 0.520754582547941491377230249782 
0.808457858674047291636099998868 0.240538481427984174310097387206 0.366733111057301885971071442327 0.086502661351909315712305215129 0.825576906679434840974352027843 0.529519224087717010895914881985 0.366620059030156153490054293798 0.305173658651851864576087791647 0.997535698295316741734950483078 0.792366674858367869838104979863 0.935546259034268357090979861823  | 0.575343196934083755955668948445 1.854188484585130636261851577729 
0.563997358844948171174848994269 0.494334200427318570802981412271 0.608811215970306407463397135871 0.294272730456084707917341347638 0.238109266747289383125973927235 0.064884274561960997296239384013 0.084428051833874473430796570028 0.028025110799884456191932713409 0.357763397039625674622698170424 0.414227167808768004242381266522 0.530964423071201618853365289397  | 1.098220446287424545417366061884 1.344622217397481778178303102322 
0.703014510611987830657199083362 0.601230291921258097609381820803 0.239806871775071428487535740715 0.693485814628224561673164316744 0.314976396306142047976095454942 0.563530806893931091039462444314 0.474514834371711158311768485873 0.266725392828287999336112079618 0.118715160040806955166203806584 0.301889952800275973565646836505 0.782698429729181910374791186769  | 0.662625176411424821054652056773 1.315841431510226477996639005141 
0.681941394494954167271316691767 0.004655333650577131443526468502 0.791003628631604671639365733427 0.913777664060730021589051830233 0.039420674885547901666882353311 0.139792272053715915802740710205 0.541387333377943202883386675239 0.628218526603960270016102640511 0.994415854832627954529300495778 0.964958182058122226898433382303 0.867752273604512902593910439464  | 1.177179828903087699387697284692 2.156836211373920786371627400513 
0.959103122662164353506852876308 0.649959917010226040368081612542 0.842673744689792170170505869464 0.643791718639096899323703837581 0.235872319038540334545928089938 0.831762893146478998751547351276 0.762952472257122038534760122275 0.253397659705227762394486035191 0.933393093716966104622656530410 0.065903875259325062074822199065 0.689742698633240336469896192284  | 0.120859352465027242162776133227 1.878764029088904052855468762573 
0.938648528627708200744450550701 0.584034681328119975596280255559 0.404561266856955148440988523362 0.820921573028857709530825559341 0.738515595456112339256549148558 0.452842394969426131901002463565 0.265752983766303962909205438336 0.857743426241600825932209772873 0.250979341480424666954718304623 0.307327732430308087074877221312 0.569581504012320216645548498491  | 0.140974412830321083056617226248 1.458303903651569699562173809682 
0.529376018369196343904548029968 0.741058942365793504869486696407 0.335169607793920354410488471331 0.588149349737063342757892314694 0.222210529872168827125733514549 0.848555732795334138884868480091 0.196262217653405457440385362133 0.594810924782503636087938048149 0.160829508103540241847895231331 0.597571329354235514230708758987 0.637110635352662768582376884297  | 1.035068249283827901408017169160 1.135287736088316234983608410403 
0.911487593288017761139485628519 0.301158343147363227743085190014 0.109451133300104586076884061185 0.910415129449186899535106931580 0.742609233865073381508636884973 0.735999238915598819055219337315 0.813882997858861867435109616054 0.852962176274502992256998368248 0.444146526558675147633437063632 0.531719088248757243420072882145 0.374613662064646080196439470456  | 0.238095210275263841070980674886 1.701435666196285501072793522326 
0.435073829638256914797977970011 0.261627610262408327734817703458 0.172718721694936516719565133826 0.704251067091627547256393881980 0.551642922316652573044848395512 0.319176803505774375757653160690 0.725118578305335770295414477005 0.145860122037293815644432015688 0.768695964404716769458048020169 0.272941348822009266505972391315 0.798273614558624111658957644977  | 1.263807410496012861855774644937 1.029144727324764474474250164349 
0.052388587655990526137372853555 0.205563109337129401588128985168 0.732304125351079138184218209062 0.934713975891177106802842899924 0.722311759846374412674663290090 0.852537342807935138999653190695 0.510788425840154380885849150218 0.197393854801367285567437193095 0.252020877400463194639712583012 0.836780522358737344212897824036 0.494502002069033053111013487069  | 1.763981799895755431251131994941 0.145489803806003431541071790889 
0.052315593079362732176207373413 0.029947604792309068244549052906 0.385847743390600794732847589330 0.476887985193704011521731445100 0.280123673274489615181437329738 0.561501916674676415652811556356 0.306100503924948252887361377361 0.931802537974650291197065143933 0.582209154124972316779462744307 0.423721381975026401001116482803 0.760680053964479574446500009799  | 1.585853742368906527104854831123 0.130615077884117775086636470405 
0.468117593543784238363514305092 0.536895993235296242751530826354 0.535760762081072816620519461139 0.016647420535039425537604529381 0.913841756904157032082025580166 0.473950457807031044765722072043 0.742273581974568497088284857455 0.650041082263385860962046081113 0.400177474552868228663271565893 0.385089757952199573942664301285 0.074707070929280416926587804483  | 1.255904084870457237954610718589 1.136014709554996393592318781884 
0.806656341078330174632071702945 0.057135540220741853900676687772 0.880467524656877831290557878674 0.356761490474472586775789295643 0.259111253721894807533487892215 0.533759324584372252253672286315 0.291460259599826576604186811892 0.138046022633726894746075686271 0.599916550274106952223007738212 0.792404507939673763416976726148 0.011352447663230513796861487208  | 0.576977773671669136312800674204 1.841033671689590089926014115917 
0.500947556297928753288317693659 0.704601128151152278356050828734 0.167355073856331304504863055627 0.015882160235579756424328934372 0.302529382970734950220048631309 0.554322755357790408758944522560 0.232018365133136783562406435522 0.294745506597685724692325948126 0.530667766847440769417687533860 0.148232532295238250696911563864 0.652211113103122297474101287662  | 1.193670056388818956349950894946 1.197228715671025955913364668959 
0.820473351384929827645464683883 0.657597054421798721257630404580 0.128057634812846932170771196979 0.665176219625632558773986602318 0.972069818151057307709095312021 0.154026935365681794110059854575 0.938282601079472478033949300880 0.718261552816090942386040296697 0.545320262758910767608711012144 0.356455979435306158364937800798 0.452399042805255779953199635202  | 0.500248240858140569287115795305 1.726656685975364480256644128531 
0.237543096852635304827572326758 0.374495295727370280935986102122 0.975940428895775258233413751441 0.575522545123337336825386501005 0.394146842818345111147948500729 0.290218343689368496463032442989 0.629273155003915340977016512625 0.027886398767181908020518221747 0.191703016841889617438710047281 0.465934547366793849754174061673 0.937449826696343468945826771233  | 1.704413634419247980389400254353 0.667227698895726084593604809925 
0.388663460940057992054619262490 0.883549648977950519146418173477 0.196174069150109597892139845499 0.785784122091310099911254383187 0.808774238181398485991735469725 0.770203763823511189379189545434 0.496014146897704066851986226538 0.461894873473395750629322265013 0.666828205136108631556624004588 0.529386808170369649317876792338 0.450200361643024016267133902147  | 1.247130417119564960160005284706 0.872592154155925503467017279036 
0.604736497415486073947477052570 0.642924427804242526462985551916 0.982266194747102305839803193521 0.283170824826119549300074140774 0.958236779461034915428285785310 0.897313416781481465456238311162 0.847827678944358398283043243282 0.970643395270191611245991225587 0.764518109172491855396458504401 0.819649430821340896358151439927 0.035013008931134903534143631987  | 1.395449087263178178375255811261 1.951033020254515193414590612520 
0.767151301454808809410224057501 0.778691612916273312450243793137 0.132332511257629237277910760895 0.106355313820625352327908785810 0.041123986832043768480104972696 0.446234243041826683651152052335 0.485971268416287238700590478402 0.760464003023929580038497988426 0.652218385397534183844925337326 0.190316239629726546844779022649 0.153645146248821196088840679295  | 0.675377201867520260414323729492 1.763429059480798199999185271736 
0.128210246251429071939753612241 0.677857273169822915903637294832 0.060439722210146484826509549748 0.329145390346814781246109760104 0.171760740618579488270256661053 0.655111776253352928733875160106 0.760024773355056026957754511386 0.648006845977429302152472700982 0.508628300490947760081894557516 0.481755647535064168707208409614 0.473024987680143449431113822357  | 1.446650963369662479252042430744 0.295348023703826234598324163017 
0.554845864906029384577834662196 0.940927419964640354699270119454 0.808371243668528527415162443504 0.615455229902071798697704707592 0.157885832431739259185121682094 0.522917841183289988649107726815 0.986762411935138139540413249051 0.745468773800062933787557994947 0.979963278950506611053583583271 0.176985823672413888907328782807 0.736445075542523808209693925164  | 1.356930001480709524486201189575 1.613469961639017569154930242803 
0.693233409348223972301639150828 0.042528922901288401803299166204 0.107926848921487184007617088355 0.748334515971252001165225919976 0.441058373476696408133079785330 0.324253406279124578581729565485 0.806783097220042821895447104907 0.906803431781052604598869493202 0.881379962192940347165404091356 0.941572061152076256185239344632 0.122980849880421905240268642956  | 1.020121308248097991011604790401 1.950566338981256420126442208129 
0.169899440124099077031871729559 0.427420329841072921261968531326 0.342243404861479194600804021320 0.149865535792506388013123341807 0.281858186879409666758533603570 0.689941846512619139097921561188 0.447725554086901622596883498773 0.777755697237353715856045255350 0.074180657021277962570593444980 0.055049729980628292480560048716 0.590165477782394920502895274694  | 1.643412896776883735938667996379 0.449307885748862323449515088214 
0.042246537373749504240549867973 0.439099101909405264976271610067 0.063826390919336950524609619606 0.656135464557726200141019035073 0.338307394120339499643534963980 0.737636752445035237535364558425 0.319405629547233171905418203096 0.327964979118409605263195771840 0.383533142409683724949331917742 0.246841714467768591489971186093 0.246830284058488724774349520885  | 1.501596870231786784444238946890 0.099793559454899344318690168620 
0.736285212017746659718397950201 0.937458872329724579586240906792 0.159245950222715704214238030545 0.744340410777506567008288129728 0.312868371391873734133071138785 0.610159237562549638944631169579 0.366148659098019635393939097412 0.818686453978328620983972996328 0.034030093448162546110324910842 0.695269290442789733575068567006 0.480665207884751422007241217216  | 0.720246403240509591725526661321 1.638099555728907530394167224586 
0.885877689984012062218710070738 0.218205765886133606912267168809 0.573208692528322294457154839620 0.718786730522333994208850072027 0.459091450263953038124498107209 0.330626947377411939399394213979 0.407161379679723434144023030967 0.242326526505471373518219024845 0.857580194125180717001910579711 0.408480096424114202946498153324 0.309700266938540247352307233086  | 0.251491847877475749317710551622 1.387861842532001954708675839356 
0.795687208433519810313327980111 0.371641636903740524289219138154 0.810875643641527421578985013184 0.281812423253980703918841754785 0.579912995501618011573441435758 0.493914725828169087762375966122 0.296644194218502965654238323623 0.515231303094920711771464993944 0.122885607173747635201266348304 0.088950756432259359129943732114 0.474630149681309343456803162553  | 0.479663154445581774165674460164 1.442916841322735566066626233805 
0.946755121956321499254727314110 0.456365714877467132382093950582 0.931659769906372781100856172998 0.708649494351087372301378763950 0.971155115990285144889071489160 0.988634103822948584472385391564 0.447128749859941776456651041372 0.667019277341554528426570414013 0.812723203475156918962341023871 0.732585283657214203500984694983 0.633766440949635301294051714649  | 0.158139648594846499163324438086 1.886378125596991139900637790561 
0.129398834970865017623964376980 0.268139182485817140211281639495 0.517977226341897356576282618335 0.966665757216598975354315825825 0.926761108803507815956379545241 0.037593206293252467986576448311 0.748051983616791593689754336083 0.889618416581514637186955951620 0.950197520249265625835732862470 0.731598980963568013002884526941 0.613399604843999024517131601897  | 2.106045684286139252350267270231 0.434067453481941312176672909118 
0.848508115897465220456297174678 0.684615800541406360757434867992 0.797585288821185067753560815618 0.856502656514406601750977188203 0.678499467656176857843774996581 0.657499164746932263092560333462 0.847531337988043476094901507167 0.045395989625213961637939519278 0.248140540582847957118417525635 0.813645930543196893580670803203 0.073154486508855143256369046867  | 0.466225342823524568913740040443 1.922113652976748632283943152288 
0.485620482228919403411282473826 0.939442251578686993163103124971 0.589387895551468976584885695047 0.190952267778135897913216467714 0.812649721035514582823111595644 0.440495622463124458789707205142 0.315565417701963557561839479604 0.819986987831928249015334131400 0.660428112807322609256743817241 0.420081850357025610165351281466 0.845489688184254184477595117642  | 1.218656196836698679675237144693 1.164810966664116653745963958499 
0.758242032059741499772087536257 0.962367527744062201122687838506 0.597196622712574343161406886793 0.782327706680432943819880620140 0.637412069313762486011398777919 0.618144726562326107810463327041 0.857732138347988448678904660483 0.275354269185704159106364841136 0.043554766807045397492004212836 0.226489609098461386338385636918 0.133109191413124605674056510907  | 0.716165841222410337607584551733 1.794336131459952188293982544565 
0.383211228368611989125724903715 0.446039287677453377689573699172 0.769207242772400379138275638979 0.381767220438816168304185794113 0.797681836044812686559168923850 0.634479028824427193633539445727 0.226523654878430069636863208871 0.497157785773193361400501544267 0.912598295825285954485650563583 0.973338328142312692037307897408 0.709316984613839407458613095514  | 1.408584231743654768820306344423 0.967695388315506832555001892615 
0.422649494301562955733686521853 0.111417969089636526014430728537 0.208423725156857475582228289568 0.964393581059445614833691706735 0.440396583580678124825169561518 0.965724276936358649869873715943 0.252206347267752151175557173701 0.332052793686939518025269535428 0.873866842615579564323979866458 0.338045335658294865410766760760 0.804953349090419822964292961842  | 1.591526374964972623260450745875 1.245157763896491909250130447617 
0.458126191442944974419049231074 0.664476097408060462079504304711 0.473291428145794612625252284488 0.232460179978723480154201297410 0.888291921974531883954284694482 0.465764117549227307790715713054 0.247714153580401275078770595428 0.613661511758420763484878079908 0.587122275664766823943807594333 0.575996700735661781855867502600 0.573022186403633448925631910242  | 1.012679564566137724312966383877 0.887513388584193263497468251444 
0.966103923436374301125795227563 0.880070910937629569126272599533 0.768302773476572942179529945861 0.701231751945878056808680867107 0.232071897306266983207478915574 0.351171836642517942728147772868 0.379590404251250124190164569882 0.694703835870963959386870101298 0.167875503089273458989794107765 0.513436894497314666452325582213 0.420196696401446634361320775497  | 0.080899504461615270867191895832 1.517979428533467345374674550840 
0.157414178653642378158394876664 0.139070431269629368742357655719 0.117851609272372481740376315429 0.164120641167967873386146493431 0.385684546583602627656262029632 0.969440216373456564724619966000 0.809590151636476851315649128082 0.795840613226644122413233617408 0.612828097340040622853507557011 0.545986915748357781730248916574 0.807214527632950207269857401116  | 1.856909136337334675914689796627 0.468741948617101611418434004008 
0.873017101273819928763941788930 0.803103319336026078012480411417 0.501696309501186599177913194580 0.029379062568239744379638977989 0.933247276878549136824858578620 0.994451757572163086429384293297 0.145985949130675418672353771399 0.533007891574035830295485993702 0.278634492271348732650437796110 0.541441481524565948468818987749 0.909212599804248289281360939640  | 0.414148199778236858481506033058 2.048693440847090485590342723299 
0.578725554452955259776558705198 0.788227028755410841220907514071 0.806979402405803236675296830072 0.301326152311048756082811905799 0.847872667663986168129497400514 0.088085706099784277789410680271 0.946368247103336890369007505797 0.904426626242122999599359900458 0.528455184021818014095117632678 0.009112735863775700551059344434 0.845298094102904351565541674063  | 1.371098592349209832619294502365 1.760321764569795499610904698784 
0.118489181659702680349255388137 0.666076900512844405355394883372 0.359443078704903551390259508480 0.085188602638505805941804283066 0.964067808048040708612802518473 0.218335091012161530699131617439 0.680414234879871626660019501287 0.592670518092603737514423301036 0.430010751604986363183513731201 0.040014294829597618630145916541 0.687469431165025568475357431453  | 1.775661490958526878003453930432 0.334360190391828515643624086806 
0.338629429413063620657453611784 0.859090173672324652898169006221 0.122506197492922797032122161909 0.443844868550856141986571401503 0.544192434236714706052850942797 0.078264251940201368107352664083 0.846831168206977791257372700784 0.079789796989489181200383427495 0.567068647393977776083318076417 0.891741512379628620266203142819 0.148301442789866677607335532230  | 1.752056188579176110309276737098 1.031078370828311552287459562649 
0.293772337166725017176815981657 0.999362427612669801391120927292 0.498043740655123468030751610058 0.026241467878699076266002521152 0.884251613734950758782815682935 0.845522343588436142702846609609 0.577505522214482591714101999969 0.932413862460168996193488055724 0.953316397655754044215825615538 0.377203776027963844086343669915 0.833002806444222310133795872389  | 2.028363654306269303617682453478 1.008632461184950868116061428736 
0.115633888171000509537122979964 0.163066880088122978520459582796 0.170288888895915091481469971768 0.810741079385626339792736416712 0.550606889021306944442812891793 0.601793514893960712619502828602 0.454743639633834462188133329619 0.431803324064370941393065095326 0.461651684535076767268435560254 0.342143952410270513198042863223 0.950459766058396993138046582317  | 1.541928249037945786170666906401 0.283192911829049043248573980236 
0.896485516375782220954704371252 0.658677959615936559067961297842 0.007553815144323738905995924142 0.848510240051316366738376473222 0.590041965444660809758659070212 0.920126779224637814103004984645 0.020175012507172240816544217523 0.682932840433381871392271023069 0.431607213649293108836957344465 0.912884231642735355372053618339 0.165172784003948636133429772599  | 0.343958214567830766750233806306 2.096686456293184175336818952928 
0.288873124484880561269051213458 0.526440272260681241256463636091 0.969554714467505296404681303102 0.801000927959917730092342935677 0.048046202116246439217661645671 0.869673155494245286867283084575 0.042063629071296793071610409243 0.828217236711025650564010902599 0.585270655195763156442012586922 0.255666107100654627082292336127 0.876977744877986853389018051530  | 1.958691265752280807888041636033 0.955257521645190843528894220071 
0.516946221262054139700126142998 0.172046431434525803894075579592 0.547359352175073921031867030251 0.885514474620778146984889644955 0.070710436795877629201356739941 0.998320928155661424518996227562 0.489747831544828371441724357283 0.646941868169339961980313091772 0.208808671946246748873932119750 0.716694229140573568770378187764 0.380888105523989661804762363317  | 1.278828106418955723455610495876 1.348789343554445574469013990893 
0.834189643608721165257691154693 0.209170616170242906761700396601 0.499801195618017835009538885060 0.914696899267445462378134379833 0.044521415628518412610503673932 0.529459320098236152496440354298 0.062740706965923709326204971148 0.911252768584457251144215206295 0.548986539316938193522332767316 0.247732151248459153691783285467 0.859967781070345882454830643837  | 0.520401687572151327998426495469 1.952667807746925499046142249426 
0.286089135210136125131441531266 0.653342667633860951781343828770 0.638694647951100535898660837120 0.003247536846233023410945861542 0.716279040273182565634613183647 0.384033202837956832986776589678 0.433482395908709516874068867764 0.971903852990248395826711202972 0.695202084240930551217729771452 0.342368990171010967316078676959 0.687676844429535472080772251502  | 1.508721632677331170313550501305 0.727656731161832492915664261091 
0.941983730475362990297583110078 0.626665709620334077101233560825 0.014320596442595201480685318529 0.380871349274417902996958673612 0.420325583606619979093466099584 0.105478113239726778438409837690 0.638411424804863458781767349137 0.902147893551056956340516990167 0.850143524676811646045848647191 0.253920015419491384989214566303 0.739886585167942367746718446142  | 0.168332969215930522421942328037 1.842022372146587372299109119922 
0.278708121012222087564680350624 0.109586933397159413949850659264 0.514911792749781604960901404411 0.394703534482385487436317816901 0.230978507543144750968622247456 0.038816092225063769660664547700 0.111938196437843084929397718952 0.201237452357806323455235997244 0.822183711191945110208223468362 0.905073891887738457562306848558 0.821744137021123588482396371546  | 1.865767550480461167694556934293 0.873343436502255765496727235586 
0.829677441263514836577996902633 0.859682507745538448951094778749 0.943530744145415156687306534877 0.444044727175543552100123179116 0.984000331713066223038310909033 0.108876482270410468444765683671 0.226616284562719982886846992187 0.570397247141383290092164770613 0.814546335589516612429861197597 0.530744580847178015758913716127 0.580269628189229780268476588390  | 0.502942436641204193570331426599 1.834794883478551463795724885131 
0.469284031002300539014981950459 0.221093074605795747444858534436 0.805109965870286048428283720568 0.529609622878736807649602269521 0.134755785615850665060122537398 0.831762199422778958357582723693 0.872436676359393481483550658595 0.437048342879095108592935048364 0.046494698890652830236547288223 0.037784069878400772246607175475 0.381015243322397667569134682708  | 1.474383560166206308394976076670 1.338557854808631430998389078013 
0.831598530612737363298947457224 0.809017206687585699320663934486 0.143565029100694574459851082793 0.772748296127767408947306648770 0.939988475662413280886653410562 0.449482064195643293835757958732 0.863027370719837927381945519301 0.468585799678210568330882779264 0.839756327523351719932520609291 0.117279597288152181988607480889 0.127437394885846377867721912480  | 0.529844347148709648998021748412 1.956069068344897132760706881527 
0.095921128773156061342319844698 0.434050968253365421212208730140 0.911587318272117363981976723153 0.199232509000824231648607565148 0.300368147369440730010126117122 0.108801801926126651132165079616 0.767392107935206291280394452770 0.018381325254032687688265923498 0.381483339060097903505663907708 0.302838242288847259153783397778 0.232213422121569257328133062401  | 1.863828569634771614715873511159 0.282972431254399803268739788109 
0.071802863518758641703243483789 0.133896549427383937391766721703 0.563105003869648124137370359676 0.421961300855559051647958312969 0.895251063124369195200813464908 0.339189900310075675982091070182 0.261248976695393042568582586682 0.372701646996301816372465509630 0.042046521167900530180361329258 0.353158337342913020151513592282 0.989921113740163116645476293343  | 1.858814750097029788733493660402 0.210544935504432678685660107476 
0.742402910457386266962487297860 0.816093349259568778819584622397 0.348123598402387490757803334418 0.549949363459700801826102178893 0.197289163998293104462788960518 0.027383775561895751238239427039 0.461595445215256638959999690996 0.047154227654310321149466744828 0.512363255593145328070647792629 0.198786289129131876762812680681 0.166445788713453279861198552680  | 0.727979785331561601857686127914 1.699836366310820690017635570257 
0.988879652484226490116725472035 0.733307102351527406725040236779 0.395713073451352870257835547818 0.571650781746202540922752177721 0.409800898567219906709624410723 0.977185613235024286282737193687 0.097858442569019432610843978182 0.785245722195259787667964701541 0.665082422882098955874141665845 0.338968722154497137388773353450 0.478440193269824343147433864942  | 0.027999720451969248996570982513 1.602770294267206407923254118941 
0.819096092947422582675187641144 0.401162118643308307497363784933 0.956654946868198630127722026373 0.591864877260025790128850076144 0.899532700735942492009655779839 0.665738206721544822919156558783 0.441202024116314817092643352225 0.637511812245133202559088658745 0.655684152072895543028607789893 0.080283167231536056718255167652 0.583557873180010733271672052069  | 0.460786333817628679376809941459 1.577672357535793823402059388172 
0.235264679124233544449396049458 0.745141529558664084120778170472 0.210352856516597741531882093113 0.567061045017913323285085880343 0.713088728474773780874329531798 0.195741326189003750357642275048 0.608580426686812780978641512775 0.404297725825073617222926714021 0.204979799719827826542939419596 0.446967699926309469660168360861 0.406720440636659685829101817944  | 1.311047941841319008915434096707 0.507832955713874878433955473156 
0.794927827272886800002993368253 0.084664810599823780989936494734 0.602865207908136468972770671826 0.494088944481060887703449679975 0.382534953441877045854369043809 0.669384099435367252439732510538 0.473168946260359324362809729791 0.376308314446355707261204770475 0.911956313226598203058870240056 0.352409301495029914086387634597 0.086718758384490723933879507968  | 0.507776368499391561606159939402 1.521421707140659052015507768374 
0.735810182028032722101329454745 0.764565725222376757486131282349 0.314684684335467257376706129435 0.452147634439629020342010790046 0.817030919045298009706357333926 0.748506716740482858085670159198 0.851412901465306570791824469779 0.903782828906332547092006279854 0.794488563304058259539885966660 0.961465988993625453318259133084 0.541911952557917020456557111174  | 0.748644880489221065111848929519 1.699245552381974277977860765532 
0.326586661714867720895938418835 0.600785246178466070254842179565 0.486985971146378759932815682987 0.806935690659083437736853738897 0.483096668753963398579287513712 0.715323489127142386756474934373 0.115861622759892535228232191002 0.191913476621739631511331936053 0.962660407708141430127568582975 0.566483880043226140088563624886 0.466686791452392668588800006546  | 1.405585721845256985673700000916 0.791774141409791964996145452460 
0.314443360258817583563484276965 0.220844764840165908026392571628 0.827299152037649032642718793795 0.584848016400475234632949650404 0.213590572281915802577145768737 0.624171105071016807386286018300 0.002328341984828008470742588543 0.907177435332412684942937630694 0.228870265766229485926430697873 0.679775044273678186179665772215 0.440776115820175284909510082798  | 1.595874415335869045406980148982 0.859286333316533146309268431651 
0.783675540565038630802519037388 0.668440903958680721075324981939 0.240474383303045602389147461508 0.112303482296307710619487352233 0.708755355042624990424826592061 0.801644736027729343241787773877 0.921201057071110218643639200309 0.489656310592685439786464485223 0.331106077166416934431936169858 0.214806964014920054317769881891 0.832267419564745369875424785278  | 0.592734909675416643537460004154 1.676695523809360821587688405998 
0.518180930556597640901372869848 0.136178416455743800383970665280 0.179645584222243304139965403010 0.161690188601711137827976472181 0.842084947397718219797013716743 0.888320929859884089729860079387 0.162717742164439904684059001738 0.287785208155581395672584221757 0.350080959510201905615645046055 0.179541323052078038990941877273 0.506939916261803236174898756872  | 1.305466522401641071837730123661 1.382244496436597636090937157860 
0.084790680948698571306465510133 0.873908568515291972467196046637 0.668472093874590389539491752657 0.148590015086617288631032351987 0.636203234444175147466182806966 0.142657546422681580366997877718 0.102138092878603203850218505977 0.873287506232948040896246766351 0.471809678400940013531794647861 0.210805875391500086024620941316 0.111779697699947666578168536944  | 1.953251370080505644466484227451 0.261700675940973626065755297532 
0.768517826613720700379417394288 0.968805040589781119031442813139 0.670757274203339637352883073618 0.303451084531720094439322110702 0.553633300525431248928498462192 0.273776675362174315431218474259 0.303592546761855541781471856666 0.799942665543701525443509581237 0.278698671887644744415979403129 0.116605831942190762973154960491 0.134902037206739544572542399692  | 0.639968554492940211453344545589 1.681775582078817166120643378235 
0.713904848578362671851493814756 0.742508471088950461336253283662 0.710939447885183262165753603767 0.545118478407325413037654016080 0.475581089984399518755253666313 0.607619255027568416771543979849 0.270974200888237537476754823729 0.086212719343547905559432820155 0.577636951395074982329447266238 0.567488609587227244013263316447 0.311865862164098617270724389527  | 0.602617699624935609925557855604 1.249435843323448036557010709657 
0.457635028567180635050704040623 0.128694685603097935810978924565 0.343785655682587010240069957945 0.739950314452843871393383778923 0.130887461824389705888904700259 0.617749972539390124204317089607 0.936023010067254190857966023032 0.057329401804242619000717695599 0.911214417253064512536298025225 0.032324754021043844431915204041 0.239482258668952896485393466719  | 1.664454779193050626417971216142 1.456460888788200014332119280880 
0.019572584513553037410815704789 0.044743547015503759567423003318 0.447785340023348465976482657425 0.099576476308767758460760433081 0.177381481974700827564106475620 0.617599263757114491646404985659 0.812204118171181876917330555443 0.742461704482633488844101066206 0.908567122163840501514187053544 0.420727196918255330615465936717 0.507153729553623588977018243895  | 1.816898608936027725846429348167 0.055877325665920261899000109906 
0.306419958928064728453932730190 0.356606231710491772268767363130 0.690954986519436653580328311364 0.292417578761588137226112849021 0.402707231969837708973614098795 0.971250631054213497961313805718 0.255537533693557916691929676745 0.535786668333685822673828624829 0.153476473587257467023903245718 0.200565280446883154041870511719 0.736193072592676855947502190247  | 1.469825673108377861453277546389 0.767681166367527589855512815120 
0.729322781920828222546049346420 0.651184689689786599942067368829 0.258707537516216334871899107384 0.105847960502082782952015804767 0.174200199053406556970458041178 0.126211064787154714217365381046 0.182343401786587033797104595578 0.466494553716462867498648847686 0.374144127459557274129053894285 0.226334915042899043058355346147 0.293177651660107341236027878040  | 0.708578630765480221853636066953 1.564887078843261392080421501305 
0.235354741535326872359235039767 0.404519488957118533711820873577 0.188512246696833640768886652950 0.784626103464962865174925354950 0.341604853673406760883324295719 0.978556622126649400250641974708 0.683505487373710196585818721360 0.606386320340861484368133460521 0.311951075893669327321333639702 0.776079193830412794596895764698 0.304158554979923168026800794905  | 1.525642585873052459177756645659 0.591204180450288441228678948391 
0.928129405156214781769108412846 0.607592583089910154292567767698 0.010627532532015648847334432503 0.479702772134603105946837331430 0.359042435023173789332417982223 0.830175049565171407905950218264 0.883129202750836062030259654421 0.785003352465909798318932644179 0.849981352234456810634810608462 0.772987704952490028986744619033 0.645428457053995763281761810504  | 0.205766856821826799039953925785 1.814904438365988026404806987557 
0.818408631972604716509067657171 0.154607688363241124740454779385 0.864221734773440886101525393315 0.772861993017582293852285602043 0.429087017060280850877518332709 0.027578014706219011742405200494 0.400856850809226727960776770487 0.930010500037191101263545078837 0.737221709544545134029647215357 0.900767409212762104608884783374 0.994468883034395401132599090488  | 0.622082981397891865427141055989 2.121415773297600448898947433918 
0.580527037880078977671871598432 0.386796431539513485553527516458 0.684824995671677982933545081323 0.392079699437822060126279666292 0.491547858919610392014476474287 0.896495098670384127359511694522 0.705611618768514414767878406565 0.270347270836421404993643591297 0.415561927980973355722937867540 0.886211720358220045312691581785 0.956335076968338193559304727387  | 1.025798427361610531960423031705 1.324714435869691619984678254696 
0.005756232635790836660305558325 0.440298905543611618362831450213 0.951240272138841658211561025382 0.309978464279965670868932647863 0.353349071769572420365079779003 0.753256384726306182919586262869 0.438916539010243855756243647193 0.973287276650330546168277123797 0.296324415005707941794810267311 0.555955942115562207206380662683 0.334587332322564767750350256392  | 1.628577101775490199031537486007 0.014725782247959494711264660793 
1.000000000000000000000000000000 0.500000004407713527498913208547 0.499999996299446358705154125346 0.499999999770044112334943520182 0.500000003823716898665452390560 0.499999996195239992946568463594 0.499999994774178113665641376429 0.500000002602849713539967524412 0.500000002325423187343744757527 0.499999999189272847921472475718 0.500000000659923893309155573661  | 0.000000000000000061232339957368 1.000000000000000000000000000000 
0.000000000000000000000000000000 0.499999999326366739715865605831 0.499999997642841087497345142765 0.499999999263858685427663886003 0.500000002097764850716998807911 0.500000000592621285377958884055 0.499999997622287417620157157216 0.500000000530539612242364455597 0.500000002879482985385095616948 0.500000002304510804407300383900 0.500000001868134091864703805186  | 1.000000000000000000000000000000 0.000000000000000000000000000000 
0.829033407136826161476506058534 0.500000000023315127606338137412 0.500000001674800742534898745362 0.499999995610324710071381559828 0.499999998585388849559052459881 0.500000004432660016817635550979 0.499999994400964375973472897385 0.499999999528267236037493148615 0.499999999996704191929097760294 0.499999998208760731976951774413 0.499999997645550364744337912271  | 0.265337252570020998287958491346 0.964155662950020198032063944993 
0.818112129990561265380222266685 0.500000000722590653978727459616 0.500000000162507785006482663448 0.500000002583147029611154721351 0.500000000447532677583240001695 0.499999996197344809267804066621 0.499999996568031179755564608058 0.499999994660590529882426835684 0.500000001327661536265622999053 0.499999999209338130690127854905 0.499999996263664092666090255079  | 0.281837586967774222923566185273 0.959462127742508830152701193583 
0.876755675626569530578535704990 0.499999995814352671263947058833 0.500000003484828758892888345144 0.499999997595900858016193524236 0.499999999176897857999790630856 0.499999998280028279395992285572 0.499999995310154099481536604799 0.500000000142643785672191825142 0.500000003902322132098845486325 0.500000003558666472613936093694 0.499999996791463396927923668045  | 0.192384765262553936171485702289 0.981319571849492922055446797458 
0.840291681737088236303634403157 0.499999996499576437880563162253 0.499999995112133166497159209030 0.499999999448850152017342907129 0.499999996082226116911328972492 0.499999996930152790231005610622 0.499999994248970791588249085180 0.500000001620030443127973285300 0.500000000608192496365234092082 0.499999999322413457569780348422 0.500000001518075887219083597302  | 0.248246082811202334328370966432 0.968697002353622327319726537098 
0.864055813608364253752824879484 0.499999998681494139951553279388 0.499999992255915626238049753738 0.499999998677395474100393357730 0.499999998522387356647556089229 0.500000003808306003882933055138 0.500000002665779152977165722405 0.500000001772228364060879357567 0.500000000166983760152561444556 0.500000000157633239794563451142 0.500000002736448845297445586766  | 0.211921430241155062113023177517 0.977286706859631482124939338973 
0.851939533431228968041182270099 0.500000001323454235091503505828 0.500000001418658523988369779545 0.499999998633024855809736664014 0.500000003021726868723817460705 0.500000001308670061206385071273 0.499999999197982158971598209973 0.499999995993925305803884384659 0.499999996580141659041629509375 0.500000001864603582646395807387 0.499999999895782865078075474230  | 0.230481851180069308160369701000 0.973076624052087835181623631797 
0.890158691550044123275142737839 0.499999999447953480391504399449 0.500000002476757243741189995490 0.500000002085182693178921908839 0.500000002686168842913616572332 0.499999993876701409600826764290 0.500000000092291063680249862955 0.499999998128159317545282647188 0.500000004674491904665956099052 0.499999999865298916379430238521 0.499999996893584985890868210845  | 0.171683534666104531396513266372 0.985152152677215897647045039776 
0.807499109107674306606838854350 0.500000000808346500846823801112 0.499999998850341298428645586682 0.500000001960707041170905995386 0.500000004260557573410039822193 0.499999997229316428537515548669 0.499999995886549641888052519789 0.499999997648479299616752768998 0.500000001188367626525632658741 0.500000002686469158241777677176 0.500000000827716450935156444757  | 0.297792774664772497139608731231 0.954630537620422048306068063539 
0.904468359005926592075752523670 0.500000000199921856847140588798 0.500000001989999720564128438127 0.500000001416236794504754925583 0.499999995994794388387560957199 0.500000000050136228502140056662 0.499999997727574863048971565149 0.500000004105498829787279646553 0.500000000427654023305024111323 0.499999997630750869781479650555 0.500000001004329508447199259535  | 0.149498200798360542096432368453 0.988761997630396960445864351641 
0.797165327981842253279864962678 0.500000000967061652978884467302 0.499999999413793527747174039177 0.500000000444715153591346279427 0.499999995579009759438804394449 0.500000003764819789253692761122 0.499999997580815536135645515969 0.500000004779662776677184865548 0.499999999571311692925235092844 0.499999998090643438253266594984 0.499999997854038868982939902708  | 0.313248679144782604666374936642 0.949671135190519044577683871466 
0.787089571481809913144900292536 0.500000005795082413939667276281 0.499999998832962866401885548839 0.500000004111328943956493731093 0.499999998403039547234527617547 0.499999997722704370151092234664 0.500000002946674015902317478321 0.500000000535621214048376259598 0.500000000042060244176411742956 0.499999999289960750381567322620 0.499999999516230198004507201404  | 0.328239227520327081499829091626 0.944594627084475280121012019663 
0.777209188192694688801509528275 0.499999995612661729538217514346 0.499999997884289282268355236738 0.499999998350902197241651947479 0.499999998574388149208402865042 0.500000002394183296061669352639 0.499999998368619136268620195551 0.499999996462537898977984696103 0.500000002634599427508987901092 0.500000005835390171071708209638 0.499999997681596586307506413505  | 0.342859282393613462591730467466 0.939386774697481219398298435408 
0.767526998099290813648565290350 0.499999997379558192012183326369 0.499999995803455665743797453615 0.499999999517386939373864152003 0.499999996393507117886656487826 0.500000001170236241243571839732 0.499999997766551573796789398330 0.500000002926676012648954383621 0.500000001161714058284246675612 0.500000001089174639368195585121 0.499999993637908479726661425957  | 0.357105977005975738780563233377 0.934063874254115189543767883151 
0.920011009181604055839898137492 0.499999999260660410449474966299 0.499999999037546327684822244919 0.499999999274065798360311418946 0.499999998621866004189229215626 0.500000005929876589760851857136 0.500000004544836951225761367823 0.499999999292564945019279321059 0.500000000477739625637241260847 0.499999998467412165581436056527 0.499999999440849496323835410294  | 0.125316076725445285644511272949 0.992116868576551458325241128478 
0.758029560681176883818466194498 0.500000004310787504735458242067 0.499999996903838450634793844074 0.500000003611092869171272923268 0.499999998427148595325775204401 0.499999999214485568721499930689 0.499999998675787482582677512255 0.500000003748519494806146212795 0.499999995249328532676003078450 0.499999999867136668552092260143 0.499999997141997887251108068085  | 0.371000590686464681855483149775 0.928632630112841916947274967242 
0.748692414042780640670571301598 0.499999998604594542150891811616 0.499999993754380644972457048425 0.500000002878088989355376270396 0.500000001478073552441117044509 0.500000002023419654051394900307 0.499999995430570998156127870971 0.500000001654248515947642772517 0.499999995007243014377706913365 0.499999998337462725483959502526 0.500000001126260751327379239228  | 0.384580227306459909719649203907 0.923091571169898372772877337411 
0.739487214216250077214453995111 0.500000003083659327884902268124 0.499999995766691296417150169873 0.500000003395279724038857693813 0.500000003848346419310644250800 0.499999996848434824503470963464 0.499999997472985124868927186981 0.500000005232953403933038316609 0.500000002282555255916918213188 0.499999999787279270080375681573 0.500000000594903681871983280871  | 0.397886996574670137594154084582 0.917434432511004316346259201964 
0.730427506493458000846885624924 0.500000002836745505163662528503 0.499999995023388377202167021096 0.500000000449364767618476435018 0.500000001267999927279106486822 0.499999998909973153438102144719 0.500000000938794486593508281658 0.500000001580439668025235278037 0.500000000224549712157795511303 0.500000002726867398550325560791 0.499999998126194389325149813885  | 0.410902235206429600200550567024 0.911679413556300555221412196261 
0.721490810755214151406278233480 0.499999995687236020724952823002 0.499999999308622045113281728845 0.499999995234148564282605775588 0.500000000063735017263866211579 0.499999999474328271631407005771 0.499999999903907532683433601051 0.500000004484020599271332230273 0.500000002855651937139214169292 0.500000001040066699431463348446 0.500000003551738791962577579397  | 0.423659238198344278991669398238 0.905821643530998033000400937453 
0.937430156890811994152556962945 0.500000000241815012458346245694 0.500000002948522759282923288993 0.499999997691135567023934527242 0.500000003172715867805209200014 0.499999993872787429349813237422 0.500000000621630080743784674269 0.499999998064813377940396321719 0.500000001608737365543788655486 0.499999994802604874610807428326 0.500000002515242014666796421807  | 0.098126320758569432478601868297 0.995173967291340666463383968221 
0.712690103802356977880094746070 0.499999999205192335871572595352 0.499999995669003882703407271038 0.500000003339975851446297383518 0.500000000728540117123088748485 0.499999998664378608737024478614 0.499999995989112655525588024830 0.500000002403530707795198395615 0.500000000401823796458700144285 0.500000001427994722469350108440 0.500000004795529751078220215277  | 0.436140543466901509095379196879 0.899878561998448622816226816212 
0.703998871819771276925337133434 0.500000002802151621850157425797 0.499999995128086571760661627195 0.499999997387407468796283183110 0.499999998796945732681962226707 0.499999996579724437228975375547 0.499999998958389146874736752579 0.500000000697669477744966570754 0.499999995472921177075420473557 0.500000001719947295697465960984 0.499999996132849178209767160297  | 0.448384800102684499822913721800 0.893840629551418186515832076111 
0.695399285851422854776160420442 0.499999999182799914621000425541 0.499999997926806161174795306579 0.500000002367047224893781276478 0.500000001916653946665292096441 0.499999999107258008557153061702 0.499999997809443930130157696112 0.499999995993727297527442487990 0.500000002951102251458337377699 0.500000000702779612282711241278 0.499999998367785192243673009216  | 0.460417701075085450401758180305 0.887702394125831628635125980509 
0.686902006354715877201044804679 0.499999997726123690533484023035 0.500000000464357663432224399003 0.500000001788268533253756231716 0.499999996756022357935478339641 0.499999995406732011815620353445 0.499999998612971063849386155198 0.500000004133866804423291796411 0.500000000416287448956609296147 0.499999997264663709195531282603 0.500000000597179417027859926748  | 0.472224940508429780194887825928 0.881478080023439969359344559052 
0.678467092891881895511119182629 0.500000002634946705271090650058 0.500000002116441910615662891360 0.500000001214068290344982870010 0.499999999698816310900184589627 0.500000004948575771379637444625 0.500000001733531318492964601319 0.500000007379897359882647833729 0.500000000510493869398942479165 0.499999999167179021153373241759 0.500000002763661410831730336213  | 0.483862321064313261054223858082 0.875144133417036340638617275545 
0.670148792604390752813969811541 0.500000003923095182045699402806 0.499999997894413183985307114199 0.499999996551055758686743502039 0.499999999298026076566259234824 0.499999999123070915096889166307 0.499999995002974817470686730303 0.499999999062173960950872242393 0.500000001212409062034680573561 0.500000000489342344422993846820 0.500000005737262220861794048687  | 0.495255635845585295840010076063 0.868747290737176935948582467972 
0.661900834435453555570916250872 0.500000001743463484693563714245 0.500000001582039610426022591128 0.500000001268541272025913713151 0.499999997099998372274143321192 0.500000000105668251926260836626 0.499999997160441855825752099918 0.499999998444553672705126246001 0.500000001814623340479215585219 0.499999998916834720308344230943 0.500000004748658244402292893938  | 0.506469126496081001320703762758 0.862258095877502683812565464905 
0.653708427011212234170045576320 0.499999994864151253715078837558 0.499999998197132144994725422293 0.499999999624097468675643085589 0.500000000320593995795093178458 0.499999999220787361142726012986 0.499999996446542804839907603309 0.499999999110824600023761377088 0.500000003325515307572857182095 0.499999999865469502147163893824 0.499999997376796123660369630670  | 0.517522942480217684746435224952 0.855669330995693200314633486414 
0.645589754810502958193296763056 0.500000003718003238617484385031 0.499999995510685413258045173279 0.499999995884844894433740591921 0.500000002889524175486712920247 0.499999999272420891927026787016 0.499999996194865348186908704520 0.500000004011826204575186238799 0.500000002459768166929166000045 0.500000001729755449986214443925 0.500000000107698183704485472845  | 0.528392727146437035656845182530 0.849000074145315308804526921449 
0.637541660997938408605989479838 0.500000001349879097389816706709 0.500000000931112964508429286070 0.500000002879844918091123417980 0.499999997089123793259091144137 0.500000003061461417708244425739 0.499999997564601783572868498595 0.500000004640222761587153854634 0.500000004382260443414054407185 0.499999998906260512132604389990 0.500000000949922585036233613209  | 0.539083206267013670398569047393 0.842252513632863131221029107110 
0.629546783446101931858152056520 0.499999998788268285032643234445 0.500000000581756864903582027182 0.500000001740478983158766368433 0.499999996518303957415696459066 0.500000001628849943813293066341 0.499999997651426664191376403323 0.500000002791518682876414914062 0.500000004471590653309931440162 0.500000000928192411819850349275 0.500000000477773598461794790637  | 0.549617699190067976466878008068 0.835416294273110260348857991630 
0.621601681424298280198570409993 0.499999997338926749357312928623 0.500000002173227375834585473058 0.500000001855254283533724901645 0.500000003300572815057023490226 0.499999996043059613537451468801 0.500000000384266951591882843786 0.499999996299450466530345238425 0.500000004750044357848537401878 0.500000001114858538819873956527 0.499999997018897746059451492329  | 0.560000736432785362062247713766 0.828492109313503366507802638807 
0.598094946679747829776374601352 0.499999999224502111871970555512 0.500000000144438794258405778237 0.500000004965869160322711195477 0.500000001064268451145267135871 0.499999999654556437356234255276 0.499999995016930154356771254243 0.500000001417193917774284273037 0.500000003368807233172788073716 0.500000001028484852838573715417 0.500000006453600542855042476731  | 0.590203560460782594709883142059 0.807254456301986222932498549198 
0.605909583374479643325116740016 0.499999997949913899120133464749 0.499999994702220063036435249160 0.499999995437755473393082183975 0.499999994274065218125002729721 0.500000000470776306826792279026 0.499999995808249386719523954525 0.500000000169156133544845488359 0.499999993422397204234641776566 0.500000004151129329166280967911 0.500000006095896010194223890721  | 0.580250131745275510297688015271 0.814438324619851661267944109568 
0.613728484593493051058032961009 0.500000008664223782872682022571 0.499999997368357207427891353291 0.500000000446614634164177459752 0.499999999357061519766887158767 0.500000003044472896007732742873 0.499999999192742905496089633743 0.500000002820550237814245519985 0.500000000915914011301310893032 0.499999999679040629807502682525 0.500000002967512124918414428976  | 0.570203768699497848260193677561 0.821503294065756950459444851731 
0.958308845455572710925196133758 0.500000001826026663209745493077 0.499999996564574278323789258138 0.500000001435865537580127693218 0.499999997852742628090538801189 0.499999997831191977937237425067 0.499999996709659000337921952450 0.500000000498517782610008453048 0.500000002580810898322738466959 0.500000003155524175291191113502 0.500000002987372238472119079233  | 0.065441512292665565686533568623 0.997856406738388823640661939862 
0.177581117956130907220568815319 0.499999996521084177913962776074 0.499999998392829936300074678002 0.499999998433142300857667805758 0.500000001025412643684830982238 0.499999997180377686589736185852 0.499999997427702624896994620940 0.500000004037815304336334065738 0.500000003400319137369933741866 0.499999997457036493564430656988 0.500000003651367319612575101928  | 0.961346797903529504125685889449 0.275340396891975314197509305814 
0.590334882911497160762337443884 0.500000005337156605556003796664 0.500000000795041588119715925131 0.500000002347746441699882780085 0.499999997343926361192956164814 0.500000000340023342815243267978 0.499999994635801303655142646676 0.499999997926806882819761312930 0.499999996548636749249538979711 0.499999996088975995345293767969 0.499999999335589306870275549954  | 0.599999481876143825331837433623 0.800000388592629896322705462808 
0.166913288426199124536708495725 0.500000000903860319922955568472 0.500000001778109104400016349246 0.499999997007758822942236065501 0.500000001017019801707874648855 0.500000001657607162641738796083 0.499999999541781592338196560377 0.499999999043519105512700662075 0.499999998704841741581361702629 0.500000003071535470411390633672 0.499999995654634155073381407419  | 0.965825489240986878591854747356 0.259193218145090109594264049520 
0.155908628034620300173429541246 0.500000003068009624129786061530 0.499999999704611730599879138026 0.500000002910615526374726869108 0.499999998841620885148273600862 0.499999997366555148925471030452 0.500000000499949193155657667376 0.500000000005999756247376808460 0.500000000656287690858903260960 0.499999998623157748678380585261 0.500000003397134906713006330392  | 0.970161405976281643326331050048 0.242459989181976975913812566432 
0.144514654602337644373477587578 0.499999997726123690533484023035 0.500000000464357663432224399003 0.500000000772536923321354151994 0.499999999925576366077706325086 0.499999991878997906979975596187 0.499999998612971063849386155198 0.499999998098096143372970345808 0.500000000416287448956609296147 0.499999997264663709195531282603 0.500000000597179417027859926748  | 0.974345249939604474143095558247 0.225058512214334177636843037362 
0.187960878105544931804260500030 0.500000004833758393552045617980 0.500000000792555354678370349575 0.500000001223880885525829853577 0.500000002738730908724562596035 0.500000007939595092487650163093 0.499999997834652709638447731777 0.500000001235411772881889191922 0.499999999360631719458325505911 0.500000000465552263406721067440 0.499999999402046924057430032917  | 0.956729934660571434967835102725 0.290977373904533431758778760923 
0.198065469346753258994553448247 0.499999998043560434091148181324 0.500000001290759277239317270869 0.500000001968995300138942639023 0.500000001032388508015458228328 0.500000002398852561036335373501 0.499999996572483007550857792012 0.500000000886473006111998529377 0.500000003032625262022747847368 0.499999997847430988073824664752 0.500000004994548108427920851682  | 0.951991150331931268446794547344 0.306125545633954387891861870230 
0.217620509050263810646441697827 0.500000003229824852013507552329 0.499999991667965881791957372116 0.500000001534590454710382800840 0.499999998523197097810566447151 0.499999999821034712965683866059 0.500000000954646917072921041836 0.500000001801261584333246901224 0.499999999207379863808142772541 0.500000000325476978701999541954 0.500000002919811170620789653185  | 0.942140293037051268498771605664 0.335218836338382286665904530309 
0.132661663042257377265187301418 0.500000002813930199963010636566 0.500000002370510565619099452306 0.499999998581113436202372213302 0.500000003437081619317439162842 0.499999999758068525146370575385 0.499999995856371781677296439739 0.499999993801912290258826487843 0.500000003840577411651224792877 0.500000002410936228436355577287 0.499999999801071237648386613728  | 0.978366415014512713632655049878 0.206879573596936650048405681446 
0.582618791771597255291226247209 0.500000001251267311985770902538 0.500000005856526374969917014823 0.499999998493984909586629328260 0.500000000639153174830653370009 0.499999995316256662380993702754 0.499999995764634608264032067382 0.500000001768858393091932157404 0.499999996442923699824234518019 0.500000001492993728646752060740 0.499999997843131094299451433471  | 0.609651504571501967610913652607 0.792669567331623969863585443818 
0.207948992985278663381265573662 0.500000001781273128997895582870 0.499999998443664939173913808190 0.499999998247575683230081722286 0.499999996704961202631523065065 0.500000001441292196702192995872 0.499999998885765795098024000254 0.499999995633830074392989217813 0.499999995563734866976801640703 0.500000002312336766507883112354 0.500000005770480981936998432502  | 0.947124016480373365212130920554 0.320867725715886509263441439543 
0.574930363304914759936536938767 0.499999996502593024860772175089 0.500000000385513510003931969550 0.500000000937018462821015418740 0.499999997242948246434224301993 0.499999999885025858681331101252 0.500000002527577036559591761034 0.500000006039976296889904006093 0.500000003410153048832853528438 0.500000001183215969646767007362 0.500000005022927629383389103168  | 0.619179847549316764165894255711 0.785249206550891587497176260513 
0.245589503140643122813813192806 0.499999994430991023808275031115 0.500000004337596060111081897048 0.499999998078643481669303128001 0.500000002700681234202306768566 0.500000003558760175437214456906 0.500000000885655770943571951648 0.500000001946083960646660671046 0.500000001405738192516992057790 0.500000004214442794747697007551 0.499999998994081984449167066487  | 0.926508567492791090813852861174 0.376273669504599006518930082166 
0.227117544517379421620262291981 0.499999994864151253715078837558 0.500000000246996090247364463721 0.499999997578422505917217222304 0.499999998652826849188102187327 0.499999998219494257156725325331 0.499999996940547974944024645083 0.500000002336844828754180980468 0.499999995427490961930061530438 0.500000003296680151088082766364 0.500000004861097746555742560304  | 0.937034882726403894892541757144 0.349235777883530440490744695126 
0.254629318748175292874691422185 0.499999997645330929163520750080 0.500000003250307023527909677796 0.499999998734327544269717691350 0.499999993343679394186551689927 0.499999998753688668085004565000 0.500000002240696961308685786207 0.499999998761795405588514995543 0.500000001518166814484800397622 0.500000001338607225065402417385 0.500000003166828133061017069849  | 0.921072365177221352716685487394 0.389391445857301066180156112750 
0.120265374914983846910132569974 0.500000002042284563685825560242 0.500000001796241932972009180958 0.500000000732548688375800338690 0.499999998644663490310335873801 0.499999996887055597749593971457 0.499999996748616337693960076649 0.499999994572547290516695284168 0.499999998755004892991848919337 0.500000001717279762836199097364 0.499999997966837694818309500988  | 0.982209055497876071250118457101 0.187790764676994292869949276792 
0.236427697749284404515890400944 0.499999999953122276075134777784 0.499999996163747684185807429458 0.499999999837254294199340165505 0.500000000285976242686558634887 0.499999997373477333972857650224 0.499999994148714377306674805368 0.500000003725069586124618581380 0.500000000209367745362953883159 0.499999995295983157284069875459 0.500000002741908811110249644116  | 0.931827516101351505106720196636 0.362901474558020464833418827766 
0.263522818248927204187737061147 0.500000003002861959089386800770 0.500000000766897434445468206832 0.500000002533814491556540815509 0.500000005217757670372691336524 0.500000003018833849566249227792 0.499999998310985627192337688030 0.499999996362004095473707820929 0.500000000591939719463141500455 0.500000000203696282063958733488 0.500000002722512992825443234324  | 0.915542916157341735150509975938 0.402220298684826171875528189048 
0.107179249271005055943462025425 0.499999998685085045302400885703 0.500000001267388638481747875630 0.499999997752386071692143332257 0.500000000375636188820749339357 0.499999995738752145424399486728 0.499999999348974877300122443557 0.499999999879856660278676372400 0.499999996492315523788363407220 0.500000000395087296212182081945 0.499999998833116077179283820442  | 0.985861441477622446605266759434 0.167562579974362163559575833460 
0.272301644903025497068682625468 0.499999995478868641818337437144 0.499999997900774928449862954949 0.500000000254841592273180594930 0.500000001285741513257221413369 0.499999995829365162514079656830 0.499999994657806312581271868112 0.500000004133879794032679910742 0.500000003857711816657172221312 0.499999999183458054829998218338 0.499999997651939254161845838098  | 0.909909527970379161665448464191 0.414806763335317130181323364013 
0.567268367461794542627728787920 0.500000002593081971369315397169 0.499999998939900880401410177001 0.500000004186744839707046139665 0.500000001572921459747078642977 0.499999998305570514389728487004 0.499999999851528098560038415599 0.499999998907422193994420922536 0.500000001717056385963644515869 0.500000007922684064354257316154 0.499999999259258587347432012393  | 0.628585591032676527234457353188 0.777740416042589810530216709594 
0.280959933491363667013018812213 0.499999999643269132931777676276 0.499999993840394174604568888753 0.499999995272111419364335915816 0.500000000045013548444217121869 0.499999996962038562031693800236 0.499999996287684489448821523183 0.499999999710178166800744747889 0.500000003712585683324221008661 0.499999999587351140473145960641 0.499999997903622761530328943991  | 0.904184008519685389337894321216 0.427143159534685068479120673146 
0.289516907305362947155913388997 0.500000001422661544125958243967 0.500000005120412427395137910935 0.499999999174938369872478460820 0.500000003033406636987479032541 0.500000001255031523150762495789 0.499999998112453103438213020127 0.500000002661222131550289304869 0.499999996453273809482453771125 0.500000001970608010104513141414 0.500000002273290444776421281858  | 0.898361160710108075377888781077 0.439257583802018569674174841566 
0.093209259061873273033427267364 0.499999999326366739715865605831 0.499999997642841087497345142765 0.499999999263858685427663886003 0.499999997530249595811824292468 0.500000000592621285377958884055 0.499999997622287417620157157216 0.500000000530539612242364455597 0.500000002879482985385095616948 0.500000002304510804407300383900 0.500000001868134091864703805186  | 0.989300785086163925186042433779 0.145890221152411986293984114127 
0.297977108996697825915589419310 0.500000001349879097389816706709 0.500000000931112964508429286070 0.499999997858326272748286100978 0.499999997089123793259091144137 0.500000003061461417708244425739 0.499999995018177767480693773905 0.500000004640222761587153854634 0.500000004382260443414054407185 0.499999998906260512132604389990 0.499999997565146347966447137878  | 0.892444600999587667189416606561 0.451156995010258909939437899084 
0.559658581752272565879025023605 0.499999997116905126048891361279 0.499999997916139138354196802538 0.499999999262735694838255540162 0.500000000041191050570432707900 0.500000001469472765691648419306 0.499999994004712677853063951261 0.499999996428040549556470750758 0.499999999492352520391591497173 0.500000004394338781743556410220 0.500000001869765897666297860269  | 0.637837123181186349540894298116 0.770171282437840720724864240765 
0.306343433774292295268537600350 0.499999995664845542364673747215 0.499999998903123521465374778927 0.499999997764902004426801340742 0.499999999036207121161368149842 0.500000002492382411567461986124 0.500000002650305086504545215575 0.499999995103778627214552443547 0.499999997546718200069904014526 0.500000005518703605211783269624 0.499999999083654944609378389941  | 0.886438695696991962869049075380 0.462846020584616935078514643465 
0.536966764530445894720855903870 0.500000004914138540534906951507 0.499999999428413000046589331760 0.500000000496718000064788611780 0.499999999327096600332254183741 0.500000004168585698849369691743 0.499999997250546168725549023293 0.499999996853730588330932960162 0.500000000667217836536337927100 0.500000000921970499945246046991 0.499999995027870292041427546792  | 0.664878321026134533333618037432 0.746951683999352411547079100274 
0.552070625065203213210907051689 0.499999999869310318700854622875 0.499999999593715938051019520572 0.499999999465041922164232346404 0.499999999086869539866029299446 0.499999998109185717076741184428 0.499999995156294951836883910801 0.500000004512718199123355589109 0.500000003512861890264673547790 0.500000003422186534152160675148 0.500000004590809066229439849849  | 0.646971374050937408917150150955 0.762514289150467039490877141361 
0.314628205467978316889343659568 0.499999992477574317639721357409 0.499999997454440070487891034645 0.499999998649591492760890787395 0.499999997977113308511576406090 0.500000001253548487234468211682 0.499999998577485782469409514306 0.499999999558619623307720303274 0.499999997279367724978271780856 0.500000005097875677151364470774 0.499999998948767065964915445875  | 0.880340470728234958386337893899 0.474342340085712355080005409036 
0.544517319074845795867645392718 0.500000001639241631323784531560 0.500000000953698675587588695635 0.499999997356636027845411263115 0.499999999628446489818855980047 0.500000001620267697788335681253 0.499999998312529170263474043168 0.500000002803592691336120878987 0.499999997413162367010386333277 0.499999997908035398452852859918 0.500000004207346249174293006945  | 0.655972632179688930342820185615 0.754784675143348682269106575404 
0.330958669312450104449396803830 0.500000007298531334853919361194 0.499999998001724010876500869927 0.500000002179054381379330607160 0.500000002801179732614400563762 0.500000003119078773039518637233 0.499999997895381853574292563280 0.500000001325310972077886617626 0.499999997271011020760766996318 0.499999999400005390448598063813 0.499999997970757059650992459865  | 0.867884431397996092272251189570 0.496766155989895319411431273693 
0.322823731647504497122014299748 0.500000006208572433941128565493 0.500000000298826519085082509264 0.499999998807674317369276195677 0.500000001058548804167003254406 0.499999995504476935082038835390 0.499999998960350022780829704061 0.499999996181571593201198311363 0.500000004481435222913887628238 0.499999999015493856724390298041 0.499999997621926317581397825052  | 0.874161245018046484389628858480 0.485635787096151794184351047079 
0.078031714484757819239035825376 0.499999995072083758262948549600 0.500000000434612790201072130003 0.499999996151381020936810273270 0.500000001155636697447448568710 0.499999997244438221244422493328 0.499999998104594334247252618297 0.499999998904140041666721572255 0.500000002796320064391011328553 0.500000005159615623639979276049 0.499999998179201210479760675298  | 0.992497461091225052776110260311 0.122265243333795570190858370552 
0.529424796248698092959728001006 0.499999995687236020724952823002 0.499999999308622045113281728845 0.499999996539430058284381175326 0.499999998463489303546225528407 0.499999998939322565227882932959 0.500000000199758098951008378208 0.500000004062707503749152238015 0.500000001037464003594834593969 0.500000003251827140893226442131 0.500000003738872766945178227616  | 0.673680516067083678954929837346 0.739022707548007473654649857053 
0.339027935663859136816711270512 0.499999996748414776703839379479 0.499999999130850025785832713154 0.500000001530414572847860199545 0.500000004876519743568508147291 0.500000001740589672394321496540 0.499999999463449307235407559347 0.500000006656913686953203068697 0.500000001032273488910107062111 0.499999996662739476516179593091 0.499999997390287942433673151754  | 0.861518286323579518537485455454 0.507726542865431507145501655032 
0.347030000845123531849623077505 0.500000002648054220344420173205 0.499999993481173854448229576519 0.500000001596828225203239526309 0.499999997736002732562354822221 0.499999998144727175741763858241 0.499999999505531422805404417886 0.500000002041101621053087455948 0.499999999933712357957915628504 0.499999997921475314299755154934 0.500000000952745438098645536229  | 0.855068470426194715550138880644 0.518515101885188900432410719077 
0.521917497719217027274396514258 0.500000004993715441159451984277 0.499999996118384637533438308310 0.500000001387740700131701032660 0.499999998157174385671197569536 0.500000003859259467553499689529 0.499999998448897975400484483544 0.499999995635344918198939012655 0.499999998219931796050730099523 0.500000002232839246829598778277 0.499999999824189023112097629564  | 0.682348351778824468993889240664 0.731027172425705140668128478865 
0.354970783515080767767102543075 0.499999996110848166086526589424 0.500000001132368421252749612904 0.499999995093937221746216437168 0.500000003382279900598916810850 0.499999998732198580597696491168 0.499999994712376938377218493770 0.500000002038149538030609164707 0.499999998194553374464277339939 0.499999998278888690972365793641 0.499999999303051723131829930935  | 0.848534499777720219171328608354 0.529140059612740021321997119230 
0.514417473156069005035817554017 0.499999995330490332179351753439 0.500000001401271987333529978059 0.499999998638184561805530847778 0.500000002600973880717560859921 0.499999995030567634390905595865 0.499999998958389146874736752579 0.500000001515011671671118165250 0.499999995957720821948555567360 0.499999998379592081043654161476 0.500000001538565608250053173833  | 0.690913039972615772299491254671 0.722937875059675216782295592566 
0.506924614815891683150539392955 0.499999994064297736962032558949 0.500000001227178691998176418565 0.500000001996076637311716694967 0.500000000002933320253362126095 0.499999995964567067741057826424 0.499999999985394072421485134328 0.500000005001714153962666387088 0.500000000878348727084699021361 0.499999995276655839759882837825 0.500000000026956326060201263317  | 0.699373790185980004352472860774 0.714756113370775492121822480840 
0.362863302239951612815360704190 0.500000001787407111208949572756 0.499999993771264639175200272803 0.499999998184078919827300069301 0.499999997181285904535030795159 0.499999995850836376209969103002 0.499999998654024002675555493624 0.500000002471191251629534235690 0.499999996646844024894562608097 0.500000003954543914552743899549 0.499999999671230654918474556325  | 0.841909424462712774328565501492 0.539618866424130594339203526033 
0.499440117212028633630893637019 0.499999999270837713893911313789 0.499999999224545632614535861649 0.500000003533880965633784398960 0.500000001670438676271146505314 0.499999996516011124825240585778 0.500000001845068098305091552902 0.499999995544450459572516365370 0.499999997749867364227327470871 0.499999997086516101418851576454 0.499999995135212482733066963192  | 0.707728381070944156938651303790 0.706484634388250820613563973893 
0.491954267823428936790008947355 0.499999997011985941597345117771 0.500000003313445740005249717797 0.499999999591412946919888327102 0.499999999066118416823911729807 0.500000002009412192194304225268 0.499999996238740918030885040935 0.500000001590368725601365440525 0.499999998432476888687858718185 0.499999999949633233686796529582 0.499999997194627954222312382626  | 0.715986634540168198626020057418 0.698113987225469911912512088747 
0.370694538453515298748186523881 0.500000000635869357168417081994 0.499999998096115338963585372767 0.499999996536041435568620272534 0.499999999843479647765320805775 0.500000005167541727857383193623 0.499999993710011414460581136154 0.500000004965460043138136825291 0.500000001082979927957694599172 0.500000000169006586503428479773 0.499999999342434831017811802667  | 0.835207892020104702979210742342 0.549934338905412434250763453747 
0.378481845500139468807532239225 0.499999998037341408796407904447 0.499999996448792061176646939202 0.500000000820295609216259435925 0.499999997769781934220389985057 0.499999997679126395588866671460 0.499999996886154263187052038120 0.500000001112750891429925559351 0.500000000488042495305762713542 0.499999998133230483254862974718 0.500000004952906085264885405195  | 0.828418627965866960494167869911 0.560109432913917792973279574653 
0.484473173234364229422510561562 0.500000004024417132875157676608 0.500000003173250995303078525467 0.500000004459772107168191723758 0.500000002807138965721378554008 0.500000002000805299218200161704 0.499999995342804981479645221043 0.499999998114439681007326043982 0.500000003556726690945311020187 0.499999999131579664357616366033 0.500000002016636635460145043908  | 0.724140740185387765670554927055 0.689652222793313951498817004904 
0.386228984461530366889547849496 0.500000003475115306628140388057 0.499999998114392496528779474829 0.500000001964561180400892226317 0.499999999404596606744632936170 0.500000006846539557514574880770 0.499999995307140565614645311143 0.500000001014175188274180072767 0.499999999164077446600629173190 0.500000000787258813694791115267 0.499999997199494894406512912610  | 0.821541386093437187021493173233 0.570148884885057105620376205479 
0.476994269849438046193768059311 0.499999994352475995995632729318 0.500000002999936965508709363348 0.499999997583269073508915880666 0.500000001211237776743701033411 0.499999998218375374392508092569 0.499999996665649037996814740836 0.500000000505707919984388354351 0.499999997578214117055495080422 0.499999996966560111832933444020 0.499999997430057407932224577962  | 0.732192504296729218538075656397 0.681097743831004187597955024103 
0.469509772245574996674122303375 0.499999995628829740912379975271 0.499999995472788949513187617413 0.499999998826113012384553258016 0.500000000411892853158235539013 0.500000003927451919238933442102 0.499999999824107421719787680559 0.499999997194258249955112205498 0.500000002530966547453772363951 0.500000003524038283408970073651 0.499999999603625233657311355273  | 0.740149127546804286303938624769 0.672442762613818634243045835319 
0.393932290109024196844700327347 0.500000004681797283190292091604 0.500000001501300750383904869523 0.500000000507160202722900521621 0.499999999867073885440049707540 0.499999998471108764164227977744 0.500000002687663314127064495551 0.500000005602885599920170989208 0.500000003513928037435221085616 0.500000003670500126062847812136 0.500000001709760111268110449600  | 0.814582424663634507844278687116 0.580047819950316068116080714390 
0.401598271280151797313351380581 0.499999999338779477220384706015 0.499999992710116303307188445615 0.500000004243724260888370736211 0.499999997213073421598039658420 0.500000000624917007030489912722 0.499999998862449834824417393975 0.499999997118174333010642840236 0.499999999297637165440733042487 0.500000000050914605864704753913 0.499999999811080619860348406291  | 0.807538776994857210311806738900 0.589814482400737860601225293067 
0.409237074916220799902788485269 0.499999997148913188915742011886 0.499999998572939419183569498273 0.499999999834358832551117757248 0.500000000549255085857680569461 0.499999995811903241715867807216 0.499999996982895156261150759747 0.499999995767201776963872816850 0.500000000416553791460216871201 0.499999999105642523034020996420 0.500000002305052149154107610229  | 0.800403627625951963331374372501 0.599461452374726477820843228983 
0.462022619164949410741627389143 0.499999995649541562059425814368 0.500000001947891847819960275956 0.500000000556388712880107050296 0.499999993771941098064104380683 0.500000000527899390867503370828 0.499999997644317628608945369706 0.499999997567646736751356684181 0.499999996826356984946926331759 0.500000001163281693195017396647 0.499999996165336968445558341045  | 0.748006218341585760178702457779 0.663691718588020340696687071613 
0.416841190771348013566210966019 0.499999998988303051561388201662 0.499999999184030430310343717792 0.500000002372286367346987390192 0.500000001231032054072045411885 0.500000005274358172435711367143 0.499999994846353768007674034379 0.500000000689358792271832498955 0.500000003584298857717271857837 0.499999998282657787118665737580 0.499999998540886114728465372536  | 0.793186423513931648798802598321 0.608978897461297741244834469398 
0.447025432843616232769790030943 0.500000001660372284106870210962 0.499999999089037250321609917592 0.499999998000191125946400916291 0.499999998582409233005563464758 0.499999995104690231340072159583 0.499999997999162670847539402530 0.500000001133702909328349051066 0.499999996853846329081250132731 0.499999997846078458874075067797 0.499999995691610299441975939772  | 0.763432160596334896673909042875 0.645888021383902111161035008990 
0.431972402148507295116530713130 0.500000001601657806382661419775 0.500000000022624790929626215075 0.499999995473354441610780440897 0.499999994706947226141835471935 0.499999999131283956455007455588 0.499999995083618309354989150961 0.499999999552055318652321602713 0.500000001758569845300428369228 0.499999999571738740211657159307 0.499999995738651115129158597483  | 0.778489511635024555857853556518 0.627657613890137522361101218848 
0.439508267786379913655281370666 0.499999997726123690533484023035 0.500000000464357663432224399003 0.500000000772536923321354151994 0.499999999925576366077706325086 0.499999991878997906979975596187 0.499999998612971063849386155198 0.500000004133866804423291796411 0.500000000416287448956609296147 0.499999997264663709195531282603 0.500000000597179417027859926748  | 0.771005366275521741847853718355 0.636828646634515438407220244699 
0.424418033238374292626104988813 0.500000000333382210726540506585 0.499999999595241051419947098111 0.499999997914732596804299191717 0.500000000527397903127280187618 0.499999994311392303991681274056 0.500000000369578034842277247662 0.500000006260521434597876577755 0.500000000983250258990153724881 0.500000004627432659276564663742 0.499999997622511682671131438838  | 0.785882548176602302447690817644 0.618375792274770685885698640050 
0.061034418431313242070501701164 0.499999997718508282229521455520 0.499999999062836486540817304558 0.500000002953393085647348925704 0.499999997611105140293830118026 0.499999995257821461258629369695 0.499999999384073190444865986137 0.500000001861303111638790142024 0.500000004112953755353032647690 0.500000000052569060216001162189 0.500000003815325166911520682334  | 0.995407737545896398323463927227 0.095725837858750190134671242959 
0.040665816119528616634504203375 0.499999998809851020631356277590 0.500000001383517411746026937180 0.499999996981890015845806374273 0.499999997866659384726517600939 0.500000002822861500106910170871 0.499999992951206340130454464088 0.499999999728944766186344850212 0.500000002937219578669214570255 0.500000005144094927800324512646 0.500000001043167219272334023117  | 0.997960512418472500684174519847 0.063834282744147624599762025355 
0.454530648336884890436948580827 0.499999999734200895051827728821 0.500000000965991509005448278913 0.499999999219760515867250205702 0.500000001484788958450167228875 0.500000004391405683534799209156 0.499999995929652607529192209768 0.499999993218923854954027774511 0.499999996323622353244786609139 0.500000000507136332927871080756 0.500000001756513379191915191768  | 0.755764804598286876746726647980 0.654843156893704758658714126796 
