2.10864 0.113302 0.113305 
0.113302 4.09676 0.11332 
0.113302 0.113302 6.1133 
0.114333 0.212431 4.98375 
0.165416 0.115495 4.96619 
0.429543 0.113317 3.75591 
0.826797 0.114066 2.55323 
0.113302 0.759552 3.74709 
1.38074 0.113398 1.35301 
0.113302 1.58416 2.55569 
0.113302 2.62936 1.38013 
0.304855 0.142343 3.88132 
0.122583 1.2334 2.71258 
0.350233 0.514799 2.54238 
0.305107 2.33856 0.115683 
0.127692 0.523987 3.81555 
0.922633 0.887061 0.113363 
1.49604 0.245573 0.168911 
0.221522 0.797397 2.57657 
0.155241 0.353564 3.98055 
0.229607 0.270858 3.73594 
1.17789 0.127744 1.51973 
0.647899 0.129529 2.85792 
0.905921 0.270684 1.44444 
0.398555 0.348553 2.74718 
1.84879 0.119794 0.218902 
0.234663 2.54276 0.165694 
0.817276 0.398397 1.33758 
0.134959 3.52416 0.113302 
0.262559 0.593552 2.76607 
0.166712 3.05566 0.128519 
0.591615 0.187224 2.61686 
1.72494 0.189383 0.113302 
1.10328 0.59825 0.126197 
0.639173 0.575569 1.39315 
0.457947 0.222918 3.07007 
0.336262 1.22396 1.35595 
1.07532 0.201081 1.33599 
0.461606 0.889761 1.3824 
1.36176 0.380327 0.115424 
0.377214 1.00546 1.52141 
0.167644 1.05989 2.53413 
0.428104 0.762215 1.91668 
0.515238 0.657849 1.70575 
0.511381 0.29297 2.53334 
0.367301 1.71331 0.696411 
0.304455 0.421463 3.10169 
0.285262 1.1321 1.8795 
0.522454 1.49645 0.204257 
0.486543 1.75861 0.113574 
0.169407 1.91475 1.35733 
0.125788 3.26711 0.356938 
0.146611 0.937455 2.97932 
0.573463 0.500292 1.98345 
0.143114 2.87865 0.665135 
0.463713 1.42111 0.735969 
0.744125 0.330876 1.83632 
0.204405 1.62768 1.45567 
0.244279 1.33922 1.69564 
0.971965 0.686447 0.2154 
1.65406 0.141995 0.426814 
1.00008 0.161845 1.8009 
0.432878 1.6184 0.42584 
1.18534 0.455716 0.211111 
0.120793 2.12721 1.72457 
0.715577 1.13479 0.145978 
0.191429 0.688812 3.15584 
0.632694 1.35643 0.118665 
0.562575 0.753345 1.32962 
0.855909 0.774493 0.399305 
0.14597 1.78943 1.85898 
0.686527 0.440626 1.60228 
0.399524 1.88401 0.160414 
0.792107 0.941462 0.223129 
0.925056 0.593076 0.757455 
1.49266 0.174928 0.656996 
0.17993 2.73814 0.330089 
1.03553 0.523816 0.50413 
0.271812 1.47983 1.3286 
0.575484 1.27916 0.382964 
1.10319 0.40951 0.742897 
0.727489 0.870005 0.762999 
0.336141 2.01239 0.264873 
1.37499 0.238265 0.582852 
0.274783 2.16199 0.44125 
0.195923 2.47657 0.640105 
0.298919 1.89804 0.842084 
0.204279 0.203359 4.24235 
0.13374 2.2656 1.32913 
0.609683 1.09498 0.72047 
1.2802 0.33499 0.361302 
0.228872 2.23296 0.778125 
0.184711 1.48198 2.0144 
0.84233 0.223827 2.01537 
0.339023 0.913707 2.08719 
0.682059 1.02331 0.502676 
0.520171 1.21833 0.929026 
0.113302 3.60078 0.500698 
0.805573 0.704567 0.936931 
1.21275 0.296122 0.895481 
