2 7.90052e-13 1.70804e-17 
3.20012e-12 3.99999 1.70804e-17 
1.65864e-09 3.29813e-09 5.99971 
0.0928269 0.00111543 4.77551 
0.00054217 0.185279 4.77643 
0.000183102 1.62595 2.39082 
1.36501 0.000371349 1.19285 
4.08725e-05 2.75429 1.19281 
0.828857 7.00118e-06 2.39032 
0.38371 7.86076e-05 3.58565 
2.87516e-06 0.775467 3.58566 
0.0269112 0.0536342 4.85061 
0.00771793 3.62388 0.0506331 
0.0243202 3.3781 1.70804e-17 
0.377871 0.87203 1.19276 
0.27669 1.97002 1.70804e-17 
0.0675597 2.96913 1.70804e-17 
0.862766 0.206254 1.19284 
0.222372 1.2668 1.19361 
1.21555 0.0205713 1.19652 
0.616462 0.46748 1.19324 
0.119298 2.6337 0.00799992 
0.185859 0.612045 2.39193 
1.0127 0.0997048 1.20369 
0.72788 0.325401 1.2124 
0.0426582 3.14014 0.107818 
0.53806 0.106134 2.39106 
0.0110082 1.37023 2.41712 
0.00865965 2.44578 1.21298 
0.29377 1.05246 1.21655 
0.424803 1.53525 1.70804e-17 
0.347191 1.74 0.0152566 
0.505824 1.3387 0.00426685 
0.696609 0.0185026 2.4154 
1.09479 0.0518427 1.31589 
0.153938 1.48873 1.21317 
0.0465725 2.05628 1.19622 
0.178804 2.34683 1.70804e-17 
0.634716 1.07699 1.70804e-17 
0.0892753 2.77579 0.14049 
0.551831 0.522209 1.40016 
0.919572 0.143157 1.35881 
0.0972244 1.75503 1.1928 
0.144655 2.46303 0.158637 
0.411436 0.218787 2.41019 
0.982931 0.555834 1.70804e-17 
0.782742 0.251154 1.38052 
0.0568991 1.05761 2.39045 
0.657252 0.382784 1.39528 
0.0666456 1.8686 1.36009 
1.51843 0.117686 1.70804e-17 
0.510757 0.616948 1.20304 
1.22296 0.314237 1.70804e-17 
0.456593 1.41706 0.19537 
1.83098 0.0143101 1.70804e-17 
0.327443 0.935675 1.41011 
0.0292338 1.17075 2.54253 
0.304668 1.8351 0.190582 
0.248238 1.13849 1.40695 
0.0239619 2.20859 1.32106 
0.181451 1.34776 1.39908 
0.207408 2.20399 0.0589535 
0.118298 1.5965 1.38615 
0.379363 1.61495 0.194765 
0.313151 0.362325 2.39037 
1.09595 0.427813 0.0147067 
0.595731 0.0529084 2.54152 
0.347365 0.274641 2.60203 
1.35933 0.208574 0.00976214 
0.461072 0.147292 2.58376 
0.45808 0.688711 1.27787 
0.238263 2.06209 0.187361 
0.133345 0.191694 3.58578 
0.00932735 0.566159 3.70448 
1.70549 0.0415542 0.0228079 
0.261999 0.425454 2.47177 
0.0822125 0.920817 2.42186 
0.405114 0.768775 1.4232 
0.674484 0.986094 0.074987 
0.0334586 0.458248 3.58903 
0.918646 0.60713 0.20048 
0.289626 0.0228651 3.59851 
1.02692 0.480525 0.193736 
0.586491 1.15036 0.0751054 
0.212218 0.504929 2.61851 
1.27767 0.252341 0.172765 
1.42581 0.155076 0.153757 
1.14857 0.359079 0.186677 
1.5953 0.0743032 0.124635 
0.537073 1.23365 0.213269 
0.145998 0.69051 2.47064 
0.719194 0.893762 0.213953 
0.107599 0.788126 2.60938 
0.774902 0.838269 1.70804e-17 
0.0581577 0.344422 3.65043 
0.217474 0.0580481 3.76728 
0.169734 0.119858 3.64778 
0.0885093 0.242404 3.79802 
0.873646 0.688915 0.017198 
0.813148 0.749612 0.204243 
