1 2 1.22165e-15 
2.27738e-17 2.27738e-17 6 
3 1 1 
0.493056 0.986112 3.04167 
0.48239 0.96478 3.10566 
0.471726 0.943453 3.16964 
0.461065 0.922131 3.23361 
0.450408 0.900816 3.29755 
0.43977 0.879539 3.36138 
0.429139 0.858277 3.42517 
0.418513 0.837027 3.48892 
0.407892 0.815784 3.55265 
0.386681 0.773363 3.67991 
0.397288 0.794575 3.61627 
0.376073 0.752145 3.74356 
0.354889 0.709778 3.87067 
0.365478 0.730955 3.80713 
0.344293 0.688585 3.93424 
0.323143 0.646285 4.06114 
0.333722 0.667443 3.99767 
0.926148 1.8523 0.443113 
0.944594 1.88919 0.332438 
0.963045 1.92609 0.221728 
0.907725 1.81545 0.553652 
0.312572 0.625144 4.12457 
0.98152 1.96304 0.110882 
0.302016 0.604032 4.1879 
0.889345 1.77869 0.663931 
0.29146 0.582919 4.25124 
0.870988 1.74198 0.774073 
0.280914 0.561827 4.31452 
0.797976 1.59595 1.21215 
0.852691 1.70538 0.883853 
0.270396 0.540792 4.37763 
0.8162 1.6324 1.1028 
0.259871 0.519743 4.44077 
0.834438 1.66888 0.993371 
0.779766 1.55953 1.3214 
0.761611 1.52322 1.43033 
0.228362 0.456724 4.62983 
0.74346 1.48692 1.53924 
0.238871 0.477743 4.56677 
0.249361 0.498722 4.50383 
0.217864 0.435728 4.69282 
0.725359 1.45072 1.64785 
0.207387 0.414773 4.75568 
0.196917 0.393835 4.8185 
0.707313 1.41463 1.75612 
0.653366 1.30673 2.0798 
0.67134 1.34268 1.97196 
0.18645 0.372899 4.8813 
0.689321 1.37864 1.86407 
0.635418 1.27084 2.18749 
0.176008 0.352015 4.94395 
0.165567 0.331134 5.0066 
0.617508 1.23502 2.29495 
0.155135 0.310269 5.06919 
0.599641 1.19928 2.40215 
0.144713 0.289425 5.13172 
0.581812 1.16362 2.50913 
0.528499 1.057 2.829 
0.546255 1.09251 2.72247 
0.564023 1.12805 2.61586 
0.510764 1.02153 2.93541 
0.134317 0.268634 5.1941 
0.123937 0.247875 5.25638 
0.103194 0.206388 5.38084 
0.113562 0.227123 5.31863 
0.0928183 0.185637 5.44309 
0.0721395 0.144279 5.56716 
0.0824809 0.164962 5.50511 
0.0617996 0.123599 5.6292 
0.0514876 0.102975 5.69107 
0.0411708 0.0823415 5.75298 
0.0308694 0.0617387 5.81478 
0.0205772 0.0411544 5.87654 
0.0102797 0.0205594 5.93832 
2.91681 1.0416 0.958403 
2.75035 1.12483 0.875173 
2.83357 1.08322 0.916785 
2.66703 1.16649 0.833514 
2.58375 1.20812 0.791875 
2.50049 1.24975 0.750246 
2.25064 1.37468 0.625318 
2.41723 1.29139 0.708613 
2.33394 1.33303 0.666972 
2.16725 1.41637 0.583626 
1.6674 1.6663 0.333698 
1.58393 1.70803 0.291967 
1.75076 1.62462 0.37538 
1.83408 1.58296 0.417039 
1.91736 1.54132 0.458678 
1.5005 1.74975 0.250249 
1.08354 1.95823 0.0417713 
1.41714 1.79143 0.20857 
1.33378 1.83311 0.166889 
1.167 1.9165 0.0834999 
1.25041 1.8748 0.125203 
2.0006 1.4997 0.500298 
2.0839 1.45805 0.541952 
