1 2 1.4437e-15 
2.27738e-17 2.27738e-17 6 
3 1 1 
0.0108829 0.0217659 5.9347 
0.0217656 0.0435312 5.86941 
0.0434934 0.0869868 5.73904 
0.0326365 0.0652729 5.80418 
0.0543659 0.108732 5.6738 
0.0652234 0.130447 5.60866 
0.0760728 0.152146 5.54356 
0.0869132 0.173826 5.47852 
0.0977554 0.195511 5.41347 
0.130187 0.260374 5.21888 
0.119365 0.23873 5.28381 
0.108559 0.217117 5.34865 
0.140996 0.281992 5.15402 
0.151788 0.303576 5.08927 
0.162548 0.325095 5.02471 
0.173313 0.346627 4.96012 
0.184066 0.368133 4.8956 
0.194811 0.389622 4.83113 
0.205552 0.411104 4.76669 
0.216295 0.432589 4.70223 
0.227019 0.454039 4.63788 
0.237744 0.475488 4.57353 
0.248455 0.496911 4.50927 
0.25917 0.518341 4.44498 
0.269876 0.539753 4.38074 
0.280572 0.561144 4.31657 
0.291265 0.582531 4.25241 
0.301955 0.603909 4.18827 
0.312636 0.625273 4.12418 
0.333988 0.667976 3.99607 
0.323318 0.646636 4.06009 
0.344674 0.689348 3.93196 
0.355322 0.710643 3.86807 
0.36597 0.731939 3.80418 
0.376608 0.753216 3.74035 
0.387237 0.774473 3.67658 
0.397862 0.795724 3.61283 
0.40849 0.81698 3.54906 
0.419091 0.838181 3.48546 
0.429692 0.859384 3.42185 
0.450866 0.901731 3.29481 
0.440282 0.880564 3.35831 
0.461462 0.922924 3.23123 
0.472032 0.944064 3.16781 
0.482583 0.965167 3.1045 
0.493134 0.986268 3.0412 
0.510627 1.02125 2.93624 
0.528132 1.05626 2.83121 
0.545655 1.09131 2.72607 
0.563165 1.12633 2.62101 
0.580664 1.16133 2.51602 
0.598179 1.19636 2.41093 
0.615688 1.23138 2.30587 
0.633213 1.26643 2.20072 
0.650713 1.30143 2.09572 
0.668204 1.33641 1.99078 
0.685703 1.37141 1.88578 
0.703241 1.40648 1.78056 
0.720748 1.4415 1.67551 
0.738265 1.47653 1.57041 
0.755731 1.51146 1.46562 
0.773208 1.54642 1.36075 
0.790673 1.58135 1.25596 
0.825603 1.65121 1.04638 
0.808127 1.61625 1.15124 
0.843107 1.68621 0.941361 
0.860599 1.7212 0.836405 
0.878054 1.75611 0.731677 
0.895504 1.79101 0.626977 
0.912929 1.82586 0.522427 
0.930358 1.86072 0.417853 
0.947754 1.89551 0.313474 
0.965177 1.93035 0.208937 
0.98259 1.96518 0.104457 
1.08383 1.95808 0.041917 
1.33499 1.83251 0.167493 
1.16759 1.9162 0.0837958 
1.41868 1.79066 0.20934 
1.2513 1.87435 0.12565 
2.66798 1.16601 0.833989 
2.7511 1.12445 0.875552 
2.83412 1.08294 0.917062 
2.33557 1.33221 0.667787 
1.50226 1.74887 0.251128 
1.83593 1.58203 0.417967 
2.58488 1.20756 0.792439 
2.91708 1.04146 0.958541 
1.58572 1.70714 0.29286 
2.41872 1.29064 0.709359 
1.66917 1.66541 0.334585 
2.50181 1.24909 0.750905 
1.75256 1.62372 0.376281 
1.91935 1.54033 0.459675 
2.00266 1.49867 0.501332 
2.08591 1.45704 0.542955 
2.25234 1.37383 0.62617 
2.16914 1.41543 0.58457 
