1.57011 3.75718 
1.75779 3.47237 
1.86485 3.32732 
1.52581 3.46502 
0.748142 4.11442 
1.3536 3.78911 
1.57287 3.63041 
0.874197 4.07288 
0.927026 4.40349 
1.38773 3.77298 
1.30137 3.87198 
1.2894 3.74646 
1.53195 3.55284 
1.02651 4.2048 
1.53509 3.46461 
1.5021 3.72026 
1.16213 4.05488 
1.27134 4.01019 
1.21992 4.10081 
2.00363 2.88765 
1.45626 3.75756 
1.00879 4.2721 
1.14238 4.02318 
2.03252 2.61994 
1.59257 3.58411 
1.06078 4.11943 
1.56174 3.68179 
1.15036 4.00026 
1.13032 4.21288 
1.24212 3.95323 
1.27339 3.74996 
0.839797 4.30121 
0.649091 4.0962 
1.73912 3.49813 
1.75069 3.33271 
1.38217 3.71089 
1.49048 3.65753 
0.890165 4.26429 
0.946886 4.23934 
1.8364 2.88496 
0.991617 4.20925 
1.49306 3.48223 
1.71762 3.26428 
1.07021 4.16081 
0.87951 4.24169 
1.40248 3.69143 
1.61606 3.43743 
1.83493 3.22994 
1.72789 3.24288 
1.26544 3.84118 
1.07617 4.1293 
1.8784 3.03567 
1.35244 3.89758 
1.49345 3.50124 
1.71058 3.40412 
1.38544 3.7155 
1.92053 2.59025 
1.98 3.07588 
1.64634 3.38343 
1.12165 3.98542 
1.36295 3.96865 
1.38833 3.80585 
1.09539 4.08907 
1.4605 3.64644 
1.70038 3.23425 
0.993158 4.29287 
1.37826 3.99314 
1.34695 3.65766 
1.62858 3.62098 
1.2176 3.76614 
1.72475 3.33289 
2.11766 2.71003 
1.47336 3.5421 
1.83227 3.22244 
1.47414 3.67862 
1.01164 3.94169 
1.169 3.90621 
1.04672 4.22721 
1.30572 4.03848 
1.40402 3.98198 
1.62089 3.58939 
1.58516 3.28514 
1.68285 3.26497 
1.7616 3.15313 
0.76904 4.37601 
1.73835 3.20485 
1.73435 2.91695 
1.35044 4.01362 
1.37211 3.68532 
1.25513 3.82881 
1.44471 3.75374 
1.2944 4.00156 
1.48572 3.47611 
1.45824 3.8027 
1.12193 3.92923 
1.90014 2.7978 
1.26992 3.8 
1.71915 3.27981 
2.11986 2.25725 
1.87617 3.06664 
2.00101 0.00101083 
0.0011291 4.00101 
0.42143 3.91164 
0.493532 3.87783 
0.458261 3.89507 
0.382658 3.92751 
0.591749 3.82254 
0.527426 3.85997 
0.560102 3.84154 
0.62248 3.803 
0.341642 3.94257 
0.652311 3.78297 
0.68135 3.76247 
0.70967 3.74149 
0.297677 3.95676 
0.737344 3.72005 
0.764392 3.69817 
0.790873 3.67585 
0.816806 3.65312 
0.249745 3.96996 
0.842221 3.62999 
0.867137 3.60647 
0.915647 3.55822 
0.891609 3.58254 
0.939304 3.53349 
0.962529 3.50842 
0.985404 3.48295 
1.02999 3.431 
1.00785 3.45718 
0.195744 3.98201 
1.05179 3.40446 
1.07325 3.37757 
1.0944 3.35034 
1.11526 3.32273 
1.13582 3.29477 
1.1561 3.26645 
1.17611 3.23777 
1.19583 3.20876 
1.21529 3.17939 
1.25342 3.11965 
1.93235 1.04009 
1.23447 3.14971 
1.94105 0.973081 
1.95751 0.830717 
1.94944 0.903479 
1.92337 1.10471 
1.27213 3.08922 
1.91412 1.1672 
1.96523 0.754227 
1.90461 1.22789 
1.97257 0.67321 
1.3088 3.02736 
1.29057 3.05848 
1.89486 1.28685 
1.3268 2.99586 
1.88487 1.34426 
1.87465 1.40026 
1.86421 1.45494 
1.85355 1.50846 
1.97949 0.586282 
1.34456 2.96403 
1.84268 1.56083 
1.36209 2.93185 
1.37941 2.8993 
1.3965 2.8664 
1.83161 1.61209 
1.4134 2.83308 
1.82035 1.66234 
1.43008 2.79941 
1.79723 1.76009 
1.80889 1.71166 
1.78537 1.80772 
1.98591 0.491619 
1.44657 2.76532 
1.77333 1.85451 
1.46284 2.73089 
1.76112 1.90049 
1.74872 1.94578 
1.4789 2.69607 
1.49477 2.66084 
1.73613 1.99034 
1.51046 2.62518 
1.72337 2.03422 
1.52594 2.58914 
1.71042 2.07747 
1.54124 2.55264 
1.67052 2.20349 
1.65687 2.24434 
1.55633 2.51576 
1.57124 2.47842 
1.64304 2.28463 
1.58596 2.44063 
1.62904 2.32438 
1.6005 2.40237 
1.61486 2.36363 
0.130952 3.99256 
1.99177 0.385124 
1.99691 0.257179 
1.69731 2.12005 
1.684 2.16207 
