1.08381 3.9778 
1.98911 2.74395 
1.77891 2.96761 
1.20814 3.95527 
1.33048 3.84426 
1.84016 3.28368 
0.884555 4.20919 
0.60404 4.18564 
1.57174 3.74025 
1.40359 3.90228 
1.54919 3.38613 
1.10238 4.12267 
1.38201 4.00914 
1.52303 3.64277 
0.629251 4.23516 
1.3948 3.75477 
1.70335 3.35287 
1.40528 3.72597 
1.25808 3.90699 
1.3969 3.92081 
1.30852 3.84855 
1.36137 3.62469 
1.16846 3.84006 
1.66993 3.44754 
1.51841 3.52216 
1.78282 3.41843 
1.14007 4.10845 
2.202 2.06147 
0.963364 4.20787 
1.40758 3.70872 
1.3676 3.73574 
1.53894 3.64905 
1.32271 3.92709 
1.52633 3.37435 
1.97176 2.74984 
1.31461 3.74365 
1.16967 3.97243 
1.32468 3.86909 
1.2067 3.93891 
0.786568 4.26396 
1.14623 3.84264 
1.90219 2.95678 
1.12445 4.06809 
1.60518 3.58703 
1.50633 3.81883 
1.76073 3.11063 
1.57133 3.82918 
1.43573 3.87109 
1.46279 3.79415 
1.81727 2.87217 
1.70912 3.4632 
1.25262 4.06506 
1.87647 3.11576 
1.58864 3.66106 
1.6243 3.6466 
1.55774 3.72597 
1.0666 3.91517 
1.69538 3.51594 
1.79185 3.00913 
1.39346 3.60367 
1.40817 4.05196 
1.31675 3.74768 
0.899525 4.01454 
1.64795 3.45222 
0.769076 4.17053 
0.943236 4.28163 
1.97144 3.03398 
0.981379 4.30481 
1.06418 4.13635 
1.04818 4.21588 
1.36732 3.79882 
0.869607 4.12015 
1.35056 3.62605 
1.71883 3.36997 
1.6824 3.56006 
1.60728 3.42324 
1.40245 3.97702 
1.73968 3.4599 
1.60603 3.42476 
0.581325 4.33465 
1.00162 4.08368 
1.44724 3.6548 
1.45521 3.76991 
1.7508 3.2365 
0.571295 4.25474 
1.7346 3.15421 
1.89724 2.96483 
0.602255 4.25013 
1.20411 3.97644 
1.36856 3.99035 
1.83197 3.12119 
1.45953 3.56487 
0.992061 4.27954 
1.58075 3.39934 
1.68959 3.40848 
1.33017 3.82418 
1.71874 3.15121 
1.4722 3.67282 
1.22455 3.87488 
1.62339 3.49312 
2.00022 0.000221463 
0.000243325 4.00022 
0.841718 3.62893 
0.866867 3.60518 
0.816097 3.65226 
0.789976 3.67516 
0.891563 3.58101 
0.763326 3.69761 
0.736115 3.71961 
0.93967 3.53147 
0.915824 3.55644 
0.96314 3.5061 
0.708298 3.74115 
0.679836 3.7622 
0.650668 3.78277 
0.986221 3.48034 
0.620736 3.80283 
1.00894 3.4542 
0.589957 3.82237 
1.03131 3.42767 
0.558243 3.84137 
1.05335 3.40076 
0.525495 3.8598 
1.07506 3.37348 
0.491572 3.87763 
1.09646 3.34583 
0.456294 3.89483 
1.11755 3.3178 
1.13834 3.2894 
1.15885 3.26063 
0.419463 3.91135 
1.17908 3.2315 
0.380757 3.92715 
1.19902 3.20203 
1.21871 3.17215 
1.23812 3.14194 
1.2573 3.11134 
0.339769 3.94215 
1.27622 3.08037 
1.29489 3.04905 
1.31332 3.01736 
0.29586 3.95628 
1.33151 2.98529 
1.34949 2.95284 
1.3672 2.92006 
1.3847 2.88688 
1.40198 2.85334 
1.41904 2.8194 
0.247996 3.96941 
1.4359 2.78505 
1.45254 2.75033 
1.46894 2.71526 
1.48515 2.67976 
1.50115 2.64386 
1.51696 2.60752 
1.56315 2.49602 
0.194227 3.98136 
1.57815 2.45799 
1.59296 2.41948 
1.60756 2.38053 
1.62198 2.34108 
1.63619 2.30117 
1.65021 2.26079 
1.66404 2.21988 
1.67766 2.17847 
1.69111 2.13649 
1.70434 2.094 
1.71739 2.05092 
1.73023 2.00728 
1.74289 1.96298 
1.75534 1.91808 
1.76759 1.87254 
1.77965 1.82631 
1.79149 1.77937 
1.80315 1.73163 
1.8146 1.68313 
1.82583 1.63381 
1.83685 1.58364 
0.129608 3.99184 
1.84766 1.53252 
1.85824 1.48045 
1.86861 1.42728 
1.87876 1.37293 
1.88869 1.31733 
1.89838 1.2604 
1.9078 1.20212 
1.91698 1.1422 
1.92589 1.08058 
1.93454 1.01688 
1.94291 0.950966 
1.95096 0.882502 
1.9587 0.811008 
1.96609 0.736058 
1.9731 0.656689 
1.97971 0.571684 
1.98584 0.479085 
1.99142 0.375063 
1.53255 2.57081 
1.99631 0.250199 
1.54795 2.53362 
