2.05 0.0501205 
0.0738569 4.04972 
0.475585 3.95839 
0.43674 3.9745 
0.395553 3.98984 
0.351425 4.00431 
0.512572 3.94154 
0.303247 4.0178 
0.547858 3.92409 
0.581808 3.906 
0.249181 4.03011 
0.676742 3.84852 
0.706532 3.82834 
0.735492 3.80771 
0.763737 3.78662 
0.791262 3.76512 
0.818182 3.74318 
0.844503 3.72084 
0.870295 3.69808 
0.895601 3.67489 
0.968474 3.60326 
0.920341 3.65139 
0.991978 3.57856 
0.944613 3.62752 
1.01506 3.55352 
0.18428 4.04097 
1.03775 3.52814 
1.06006 3.50241 
1.08202 3.47633 
1.10365 3.4499 
1.12498 3.42307 
1.14599 3.39593 
1.1667 3.36842 
1.78762 2.03059 
1.77479 2.07494 
1.80026 1.98556 
1.7352 2.20418 
1.18711 3.34058 
1.81271 1.93984 
1.76178 2.11865 
1.74858 2.16171 
1.82496 1.89338 
1.20724 3.31239 
1.83702 1.84616 
1.72163 2.24605 
1.2271 3.28384 
1.70789 2.28732 
1.69397 2.32804 
1.84888 1.79817 
1.67987 2.36822 
1.26604 3.22569 
1.2467 3.25494 
1.66559 2.40786 
1.65113 2.44699 
1.86054 1.74936 
1.28515 3.19605 
1.63649 2.48562 
1.87198 1.69971 
1.88322 1.64911 
1.62166 2.52376 
1.89425 1.59756 
1.60667 2.5614 
1.90507 1.54496 
1.59149 2.59858 
1.30399 3.16609 
1.91567 1.49123 
1.57613 2.63529 
1.32259 3.13578 
1.34096 3.10511 
1.56058 2.67155 
1.35911 3.07406 
1.54486 2.70736 
1.52895 2.74273 
1.37703 3.04266 
1.51286 2.77767 
1.92604 1.43634 
1.39473 3.01088 
1.49657 2.81221 
1.41221 2.97874 
1.48009 2.84632 
1.42949 2.94621 
1.44656 2.91331 
1.46342 2.88001 
1.93616 1.38026 
1.94604 1.32284 
1.95568 1.26391 
1.96505 1.20339 
1.97415 1.14111 
1.98299 1.07672 
1.99152 1.01023 
1.99975 0.941034 
2.00765 0.868785 
2.0152 0.792959 
2.02236 0.712753 
2.02909 0.62685 
2.03534 0.533424 
2.04103 0.42832 
2.04602 0.302148 
0.646119 3.86819 
0.614485 3.88737 
