2.02435 0.0243526 
0.0243526 4.02435 
1.51379 2.69386 
1.54593 2.62034 
1.52996 2.65732 
1.49742 2.72995 
1.56171 2.58289 
1.48086 2.76558 
1.46411 2.80076 
1.57727 2.54501 
1.59264 2.50666 
1.60782 2.46783 
1.6228 2.42849 
1.44715 2.8355 
1.43001 2.86979 
1.63758 2.38868 
1.41265 2.90368 
1.37734 2.97014 
1.3951 2.93711 
1.35936 3.00277 
1.65216 2.34836 
1.34118 3.03498 
1.32281 3.06672 
1.30419 3.09812 
1.66651 2.3076 
1.68065 2.26638 
1.69462 2.22454 
1.70838 2.18219 
1.28537 3.12908 
1.72195 2.13921 
1.26635 3.1596 
1.24707 3.18976 
1.22757 3.21952 
1.20781 3.2489 
1.73531 2.0957 
1.18781 3.27788 
1.74846 2.05163 
1.16759 3.30643 
1.7614 2.00694 
1.14709 3.33462 
1.12633 3.36241 
1.77415 1.96157 
1.10527 3.38983 
1.7867 1.91553 
1.79904 1.86879 
1.04039 3.46973 
1.08395 3.41684 
1.06233 3.44348 
1.01812 3.49562 
1.81119 1.82126 
0.995548 3.52108 
1.82312 1.77299 
0.97263 3.54615 
0.949358 3.57082 
1.83484 1.72391 
0.925705 3.5951 
0.901656 3.61898 
0.877196 3.64245 
0.852297 3.66551 
1.84635 1.67398 
1.85763 1.62321 
0.77478 3.73211 
0.747882 3.75343 
0.720387 3.77431 
1.8687 1.57146 
0.692266 3.79471 
0.663483 3.81461 
1.87954 1.51874 
1.89013 1.46502 
0.633959 3.83401 
1.90051 1.41003 
0.603615 3.85291 
0.572355 3.87127 
0.540067 3.88909 
1.91065 1.35382 
0.50665 3.90631 
1.92054 1.29629 
0.471942 3.9229 
1.93017 1.23737 
0.435676 3.93885 
1.93956 1.17668 
0.39762 3.95407 
1.94866 1.1144 
1.95748 1.05008 
0.357351 3.96852 
1.966 0.983499 
1.97422 0.914322 
0.314226 3.98212 
1.9821 0.842252 
1.98962 0.766531 
0.267286 3.99473 
1.99677 0.686398 
2.00348 0.600683 
0.214542 4.00623 
2.00972 0.507294 
2.0154 0.402405 
0.151183 4.0163 
2.02038 0.276473 
0.826952 3.68814 
0.801125 3.71034 
