2 2.6201e-16 
1.28103e-17 4 
1.69216 2.13223 
1.6784 2.17528 
1.70572 2.08857 
1.71908 2.04427 
1.66446 2.21771 
1.65034 2.25953 
1.73224 1.99934 
1.74521 1.95372 
1.63603 2.30079 
1.62155 2.34145 
1.60687 2.38157 
1.75796 1.90743 
1.77051 1.86044 
1.78286 1.81262 
1.59202 2.42114 
1.57699 2.46016 
1.79499 1.76408 
1.56178 2.49869 
1.80691 1.71472 
1.81862 1.66449 
1.5464 2.53666 
1.83011 1.6133 
1.53081 2.57419 
1.51505 2.61123 
1.84139 1.56114 
1.4991 2.64779 
1.48298 2.68386 
1.85243 1.50798 
1.46666 2.71948 
1.45016 2.75466 
1.86323 1.45379 
1.87379 1.39843 
1.88412 1.34175 
1.43349 2.78935 
1.89422 1.28366 
1.41661 2.82362 
1.39956 2.85743 
1.90404 1.22415 
1.38232 2.8908 
1.91359 1.16306 
1.3649 2.92373 
1.3295 2.98827 
1.31145 3.02 
1.92286 1.10021 
1.3473 2.95621 
1.29322 3.05129 
1.93184 1.03536 
1.27477 3.08218 
1.94052 0.968241 
1.9489 0.898417 
1.25611 3.11268 
1.23723 3.14277 
1.21814 3.17247 
1.19881 3.20179 
1.95694 0.825518 
1.17923 3.23074 
1.15943 3.25927 
0.449608 3.89762 
0.484307 3.88095 
0.413323 3.91365 
0.517681 3.86368 
1.96461 0.749157 
0.549872 3.84585 
1.13939 3.28743 
0.375218 3.92898 
0.581033 3.82748 
0.611256 3.8086 
0.334803 3.94356 
0.640641 3.78924 
1.11913 3.31515 
1.0986 3.34251 
0.669275 3.76939 
0.724471 3.72835 
1.97189 0.668322 
0.697189 3.74909 
1.07779 3.36949 
0.751162 3.70716 
0.777284 3.68556 
0.291531 3.95728 
0.802872 3.66355 
1.01369 3.44815 
0.827957 3.64115 
0.852569 3.61836 
0.991725 3.4736 
1.97874 0.581737 
0.87673 3.59519 
0.969442 3.49867 
0.900482 3.57163 
0.923838 3.54769 
0.946819 3.52337 
0.244341 3.97004 
1.98509 0.487485 
0.191333 3.98165 
1.99088 0.381601 
0.127602 3.99185 
1.99595 0.254479 
1.05671 3.3961 
1.03535 3.42231 
