0.0010532 4.00091 0.000913617 
0.0010535 0.00104825 6.00105 
2.20028 0.200286 0.200294 
0.841961 0.050776 5.56133 
1.54645 0.100471 4.24563 
1.53402 2.89 0.10057 
2.01084 0.15029 2.35144 
2.10868 1.32667 0.190982 
2.02173 0.152001 2.28196 
0.82571 3.73768 0.0504327 
0.962352 0.0826198 5.471 
2.01939 1.57753 0.150915 
2.04562 0.164242 2.19972 
1.66869 2.71423 0.138515 
0.886188 0.0618713 5.52854 
1.6321 0.129719 4.09022 
1.67319 0.139328 3.98971 
0.863087 3.71571 0.0559272 
1.61113 2.79674 0.123417 
0.17895 0.032081 5.97693 
2.08533 1.4149 0.182609 
1.39163 3.16071 0.102506 
1.43158 1.55544 3.75788 
1.71786 2.62128 0.146574 
1.03532 0.0956551 5.39217 
1.59882 0.11946 4.15721 
2.06493 0.17337 2.12208 
2.04589 1.52583 0.165156 
2.1401 0.198029 1.63159 
0.00694163 3.3625 3.27273 
0.946278 3.68698 0.0808549 
1.4426 2.02918 3.1741 
0.00385798 3.67772 2.37685 
0.01546 3.18151 3.68238 
2.06466 1.4778 0.173907 
1.71114 0.145142 3.87728 
0.0397558 2.56418 4.69394 
0.95754 1.36099 4.85888 
0.826824 3.16332 2.71474 
1.93718 1.94749 0.150392 
2.12195 0.194519 1.79613 
0.00816027 3.51361 2.89806 
0.0462666 2.32383 4.97865 
0.729281 3.38788 2.32805 
1.03299 3.62737 0.0947919 
1.27984 2.99073 1.76728 
0.0312418 2.80162 4.3592 
1.57353 0.110732 4.20243 
1.00762 2.21314 3.98488 
0.972514 2.5659 3.56418 
2.10575 0.189587 1.90851 
1.94053 0.150437 2.82629 
1.83252 2.31379 0.150312 
0.0526612 2.02384 5.27351 
0.0833397 1.36718 5.72385 
2.07831 0.179377 2.0625 
1.16922 3.26205 1.29667 
0.910257 2.88494 3.13692 
1.8121 1.74472 1.98371 
1.76074 2.17633 1.32852 
1.12954 0.43064 5.07025 
1.35901 1.07391 4.32059 
0.0256523 2.97984 4.07087 
1.21513 3.42153 0.100426 
0.0541848 1.71458 5.51285 
0.725799 2.35029 4.34833 
0.661195 2.70443 3.96233 
1.75103 0.14854 3.73853 
0.583131 1.75285 5.1142 
1.41042 2.40994 2.66504 
0.853379 0.937852 5.24318 
2.00828 1.63048 0.150262 
1.81962 1.36952 2.50402 
0.639492 2.0892 4.75391 
1.00741 1.78291 4.44344 
0.612639 0.40394 5.68113 
1.6835 1.80768 2.72471 
0.60237 3.60769 1.86474 
0.558801 1.25211 5.45814 
2.09333 0.185467 1.98548 
1.78529 0.959105 3.06479 
1.83496 0.150242 3.38368 
1.36565 2.67525 2.27136 
0.43238 0.189816 5.85313 
1.63507 2.35285 1.94254 
1.55456 2.85592 0.103389 
1.4361 0.100437 4.5663 
1.28455 2.04768 3.70179 
0.585371 3.04408 3.48593 
2.0796 0.970795 1.14488 
1.64652 1.27945 3.47197 
1.30621 0.100599 4.88793 
1.57799 2.83271 0.111928 
0.659892 3.86088 0.0508548 
0.00281243 3.82248 1.78402 
1.01978 3.52204 0.711591 
1.26454 0.741094 4.70459 
1.20722 2.70342 2.90132 
0.00236833 3.92414 1.18316 
0.460933 3.78363 1.38432 
