0.199874 0.100718 6.08701 
0.100715 0.304294 6.08701 
0.201411 4.09 0.101071 
2.09461 0.201473 0.100945 
2.09382 0.199908 0.257902 
0.199902 4.08894 0.217649 
2.03867 1.04018 0.100607 
0.531226 3.9991 0.100612 
1.65324 0.176834 3.85539 
1.30537 0.158615 4.87134 
0.810679 3.83066 0.101814 
1.23747 0.15506 5.01964 
1.16625 0.151333 5.16174 
1.37111 0.162059 4.7147 
1.59936 0.174012 4.04805 
1.70384 0.179485 3.65833 
1.43217 0.165256 4.55647 
1.02244 3.6395 0.101129 
1.75166 0.181989 3.45522 
1.49134 0.168355 4.39013 
1.09188 0.147435 5.29661 
1.79765 0.184396 3.24137 
1.5966 2.73817 0.100665 
1.01627 0.143475 5.42066 
0.936087 0.139276 5.5388 
1.54659 0.171248 4.22189 
1.88135 0.188781 2.79125 
1.84096 0.186666 3.01985 
1.19339 3.43845 0.1008 
1.33429 3.23545 0.103493 
1.47359 2.9941 0.101058 
0.851343 0.134838 5.64963 
1.70842 2.46001 0.100887 
1.92054 0.190832 2.54348 
0.761262 0.13012 5.75253 
2.02023 0.196053 1.71601 
0.661437 0.124893 5.84961 
1.98929 0.194433 2.01644 
0.550531 0.119083 5.93759 
1.95572 0.192676 2.29207 
0.412648 0.111862 6.01914 
2.04948 0.197587 1.36211 
1.96183 1.53216 0.100657 
2.07422 0.198884 0.948716 
0.971685 2.91476 3.44184 
0.191715 3.77703 2.4225 
0.140166 1.80982 5.5144 
0.189962 3.71015 2.64812 
0.188114 3.63964 2.86221 
1.80885 2.15818 0.102216 
0.186173 3.56554 3.06657 
0.136282 1.66161 5.61469 
0.143832 1.9497 5.40946 
0.147335 2.08339 5.29926 
0.184153 3.48844 3.2611 
0.182051 3.40823 3.44731 
0.150676 2.21091 5.18455 
1.43394 2.00954 3.5049 
0.179867 3.32491 3.62601 
0.132179 1.505 5.70915 
0.194962 3.90094 1.91812 
0.196422 3.95669 1.63098 
0.957134 2.17698 4.51832 
0.193388 3.8409 2.17991 
1.88479 1.88152 0.100626 
0.17761 3.23878 3.79724 
0.15388 2.33319 5.06516 
0.175322 3.15146 3.95867 
0.156901 2.44844 4.94356 
1.14708 3.1235 2.42104 
0.159798 2.55903 4.81799 
1.50736 2.40637 2.55189 
0.162618 2.66663 4.68675 
0.165332 2.7702 4.55125 
0.16796 2.87051 4.41063 
0.17295 3.06092 4.11473 
0.117216 0.933993 5.96148 
0.170495 2.96724 4.26539 
1.32404 1.7409 4.13468 
1.27304 2.64089 3.08425 
0.867674 1.67943 5.09358 
1.17467 2.36149 3.83125 
1.61269 1.71342 3.15866 
0.197776 4.00835 1.30038 
0.127714 1.33463 5.79912 
1.79111 1.61338 2.31573 
0.110558 0.679897 6.03062 
0.895246 3.52069 2.05461 
0.160806 0.258418 6.08701 
0.177069 0.22577 6.08701 
0.198957 4.05342 0.902721 
0.139915 0.284553 6.08701 
0.190077 0.183818 6.08701 
1.13629 1.61443 4.68361 
1.67261 2.12221 2.18397 
0.860342 3.27494 2.92064 
0.881895 2.63316 4.08753 
1.3825 2.84967 2.09929 
2.09448 0.208432 0.100614 
0.122795 1.14689 5.88356 
