1.000000000000000000000000000000 0.999999999999999777955395074969 0.500000000000000000000000000000 0.500000000000101030295240889245 0.500000000000000000000000000000 0.500000000000000000000000000000 0.500000000000000111022302462516 0.500000000000000000000000000000 0.500000000000000000000000000000 0.500000000001106559288643893524 0.500000000000000000000000000000 0.500000000000000000000000000000  | 0.000000000000000044372095789195 0.000000000000000053830998805480 1.139290868635340681080947433657 
0.000000000000000000000000000000 0.999999999999999777955395074969 0.500000000000000000000000000000 0.500000000000101030295240889245 0.500000000000000000000000000000 0.500000000000000000000000000000 0.500000000000000111022302462516 0.500000000000000000000000000000 0.500000000000000000000000000000 0.500000000001106559288643893524 0.500000000000000000000000000000 0.500000000000000000000000000000  | 0.724651316936258949041871346708 0.879126926113865891920795547776 0.000000000000000000000000000000 
0.000000000000000000000000000000 0.000000000000000033725392020078 0.500000000000000000000000000000 0.500000000000101030295240889245 0.500000000000000000000000000000 0.500000000000000000000000000000 0.500000000000000111022302462516 0.500000000000000000000000000000 0.500000000000000000000000000000 0.500000000001106559288643893524 0.500000000000000000000000000000 0.500000000000000000000000000000  | 0.879126926113865780898493085260 0.724651316936259060064173809224 0.000000000000000000000000000000 
0.000000000000000000000000000000 0.000000000000000033725392020078 0.500000000000000000000000000000 0.500000000000101030295240889245 0.500000000000000000000000000000 0.500000000000000000000000000000 0.500000000000000111022302462516 0.500000000000000000000000000000 0.500000000000000000000000000000 0.500000000001106559288643893524 0.500000000000000000000000000000 0.500000000000000000000000000000  | 0.879126926113865780898493085260 0.724651316936259060064173809224 0.000000000000000000000000000000 
1.000000000000000000000000000000 0.000000000000000033725392020078 0.500000000000000000000000000000 0.500000000000101030295240889245 0.500000000000000000000000000000 0.500000000000000000000000000000 0.500000000000000111022302462516 0.500000000000000000000000000000 0.500000000000000000000000000000 0.500000000001106559288643893524 0.500000000000000000000000000000 0.500000000000000000000000000000  | 0.000000000000000053830998805480 0.000000000000000044372095789195 1.139290868635340681080947433657 
0.977454523957004051126773447322 0.999999999999999777955395074969 0.500000000000000000000000000000 0.500000000000101030295240889245 0.500000000000000000000000000000 0.500000000000000000000000000000 0.500000000000000111022302462516 0.500000000000000000000000000000 0.500000000000000000000000000000 0.500000000001106559288643893524 0.500000000000000000000000000000 0.500000000000000000000000000000  | 0.025657692061187380855313833194 0.031127202042899041606327514842 1.138576507524612146937670331681 
0.955325203280583568066219868342 0.014796483234210899837535180268 0.500000000000000000000000000000 0.500000000000101030295240889245 0.500000000000000000000000000000 0.500000000000000000000000000000 0.500000000000000111022302462516 0.500000000000000000000000000000 0.500000000000000000000000000000 0.500000000001106559288643893524 0.500000000000000000000000000000 0.500000000000000000000000000000  | 0.061497482185532345577705370943 0.050985642087416203904748357445 1.136486782739527967578396783210 
0.915830709408725684994578841724 0.072380875918794135293055092006 0.500000000000000000000000000000 0.500000000000101030295240889245 0.500000000000000000000000000000 0.500000000000000000000000000000 0.500000000000000111022302462516 0.500000000000000000000000000000 0.500000000000000000000000000000 0.500000000001106559288643893524 0.500000000000000000000000000000 0.500000000000000000000000000000  | 0.114554449761877424895928356818 0.097131009325099187945440348813 1.129347833230803122006591365789 
0.713486040486477457456260253821 0.968205351621811316498167343525 0.500000000000000000000000000000 0.500000000000101030295240889245 0.500000000000000000000000000000 0.500000000000000000000000000000 0.500000000000000111022302462516 0.500000000000000000000000000000 0.500000000000000000000000000000 0.500000000001106559288643893524 0.500000000000000000000000000000 0.500000000000000000000000000000  | 0.317563559261070660344472571524 0.380501549648115944268766952518 1.025843867214057070214039413258 
0.847642922622340977412136453495 0.899195688627912326218449834414 0.500000000000000000000000000000 0.500000000000101030295240889245 0.500000000000000000000000000000 0.500000000000000000000000000000 0.500000000000000111022302462516 0.500000000000000000000000000000 0.500000000000000000000000000000 0.500000000001106559288643893524 0.500000000000000000000000000000 0.500000000000000000000000000000  | 0.175776059826506236838383756549 0.205027464240341406043199867781 1.106819858448028215391900630493 
0.778783916001204779000488542806 0.174759908306696187807460773911 0.500000000000000000000000000000 0.500000000000101030295240889245 0.500000000000000000000000000000 0.500000000000000000000000000000 0.500000000000000111022302462516 0.500000000000000000000000000000 0.500000000000000000000000000000 0.500000000001106559288643893524 0.500000000000000000000000000000 0.500000000000000000000000000000  | 0.290923997238323905900614363418 0.256675588519967412537425843766 1.071197719118498259405214412254 
0.827658226378016559365846660512 0.977293723963449045832874162443 0.500000000000000000000000000000 0.500000000000101030295240889245 0.500000000000000000000000000000 0.500000000000000000000000000000 0.500000000000000111022302462516 0.500000000000000000000000000000 0.500000000000000000000000000000 0.500000000001106559288643893524 0.500000000000000000000000000000 0.500000000000000000000000000000  | 0.194809101143702534386648039799 0.234248266160298174165532714142 1.097798181483438995087453804445 
0.331444230374533743699316801212 0.028478033619714349100604522391 0.500000000000000000000000000000 0.500000000000101030295240889245 0.500000000000000000000000000000 0.500000000000000000000000000000 0.500000000000000111022302462516 0.500000000000000000000000000000 0.500000000000000000000000000000 0.500000000001106559288643893524 0.500000000000000000000000000000 0.500000000000000000000000000000  | 0.759197762499834283289601444267 0.632800439712327356112098186713 0.566715135029054684068228198157 
0.102882581767766823066523329544 0.197529152054689544071308660023 0.500000000000000000000000000000 0.500000000000101030295240889245 0.500000000000000000000000000000 0.500000000000000000000000000000 0.500000000000000111022302462516 0.500000000000000000000000000000 0.500000000000000000000000000000 0.500000000001106559288643893524 0.500000000000000000000000000000 0.500000000000000000000000000000  | 0.839922679790594317594809581351 0.747601641020450347063786011859 0.183317652376374512490642132434 
0.607726292022517156077299205208 0.042872754805347079720689862370 0.500000000000000000000000000000 0.500000000000101030295240889245 0.500000000000000000000000000000 0.500000000000000000000000000000 0.500000000000000111022302462516 0.500000000000000000000000000000 0.500000000000000000000000000000 0.500000000001106559288643893524 0.500000000000000000000000000000 0.500000000000000000000000000000  | 0.504602867571422586401297394332 0.422962100443355915047050075373 0.929764857898550012293981126277 
0.539586745616409957371217842592 0.950767982566182556780631784932 0.500000000000000000000000000000 0.500000000000101030295240889245 0.500000000000000000000000000000 0.500000000000000000000000000000 0.500000000000000111022302462516 0.500000000000000000000000000000 0.500000000000000000000000000000 0.500000000001106559288643893524 0.500000000000000000000000000000 0.500000000000000000000000000000  | 0.485052637732971803075088246260 0.577244774564286911022747972311 0.854105433902853206085126203106 
0.765687961526805738188272698608 0.999439780909820107979157910449 0.500000000000000000000000000000 0.500000000000101030295240889245 0.500000000000000000000000000000 0.500000000000000000000000000000 0.500000000000000111022302462516 0.500000000000000000000000000000 0.500000000000000000000000000000 0.500000000001106559288643893524 0.500000000000000000000000000000 0.500000000000000000000000000000  | 0.260765575398703874920869338894 0.316284242650792302153917034957 1.062990722393035047943499193934 
0.724969907502296617707315817825 0.940175987851339045597853782965 0.500000000000000000000000000000 0.500000000000101030295240889245 0.500000000000000000000000000000 0.500000000000000000000000000000 0.500000000000000111022302462516 0.500000000000000000000000000000 0.500000000000000000000000000000 0.500000000001106559288643893524 0.500000000000000000000000000000 0.500000000000000000000000000000  | 0.307622349120162896785046768855 0.364582642689429414772916970833 1.034616677966894826568022836000 
0.494282739706220053399476910272 0.976729741887389923959972293233 0.500000000000000000000000000000 0.500000000000101030295240889245 0.500000000000000000000000000000 0.500000000000000000000000000000 0.500000000000000111022302462516 0.500000000000000000000000000000 0.500000000000000000000000000000 0.500000000001106559288643893524 0.500000000000000000000000000000 0.500000000000000000000000000000  | 0.519784624404278861042882908805 0.624877506582710573468375514494 0.798333094238079410409625324974 
0.999196513974752176245885948447 0.002908230764301522608406003201 0.500000000000000000000000000000 0.500000000000101030295240889245 0.500000000000000000000000000000 0.500000000000000000000000000000 0.500000000000000111022302462516 0.500000000000000000000000000000 0.500000000000000000000000000000 0.500000000001106559288643893524 0.500000000000000000000000000000 0.500000000000000000000000000000  | 0.001109046148662691782388334261 0.000915211094561969450318639208 1.139289961230748993159522797214 
0.315165618378202005978039323963 0.000132373823995144551668445843 0.500000000000000000000000000000 0.500000000000101030295240889245 0.500000000000000000000000000000 0.500000000000000000000000000000 0.500000000000000111022302462516 0.500000000000000000000000000000 0.500000000000000000000000000000 0.500000000001106559288643893524 0.500000000000000000000000000000 0.500000000000000000000000000000  | 0.773562502332743040511786603020 0.637669152301113539849097833212 0.541260372227778230325156982872 
0.296527616345905631334289864753 0.015506012505250521549271525146 0.500000000000000000000000000000 0.500000000000101030295240889245 0.500000000000000000000000000000 0.500000000000000000000000000000 0.500000000000000111022302462516 0.500000000000000000000000000000 0.500000000000000000000000000000 0.500000000001106559288643893524 0.500000000000000000000000000000 0.500000000000000000000000000000  | 0.783541577907890696153003773361 0.649790029984356753978147480666 0.511682710259405704178448104358 
0.941734316196639276164148668613 0.000134587615899425458443339210 0.500000000000000000000000000000 0.500000000000101030295240889245 0.500000000000000000000000000000 0.500000000000000000000000000000 0.500000000000000111022302462516 0.500000000000000000000000000000 0.500000000000000000000000000000 0.500000000001106559288643893524 0.500000000000000000000000000000 0.500000000000000000000000000000  | 0.080346797088008459208907652283 0.066232163807463023674770852267 1.134522532183009912998272739060 
0.526239356931846091747217997181 0.007038408930947925856713709436 0.500000000000000000000000000000 0.500000000000101030295240889245 0.500000000000000000000000000000 0.500000000000000000000000000000 0.500000000000000111022302462516 0.500000000000000000000000000000 0.500000000000000000000000000000 0.500000000001106559288643893524 0.500000000000000000000000000000 0.500000000000000000000000000000  | 0.594830077631103293356318317819 0.491661473037686147513625201100 0.838110886477235417224562752381 
0.552975559594268362140212502709 0.950767982566182556780631784932 0.500000000000000000000000000000 0.500000000000101030295240889245 0.500000000000000000000000000000 0.500000000000000000000000000000 0.500000000000000111022302462516 0.500000000000000000000000000000 0.500000000000000000000000000000 0.500000000001106559288643893524 0.500000000000000000000000000000 0.500000000000000000000000000000  | 0.473390373755155691171125909023 0.563365907783461961066961976030 0.869772436525289682762718257436 
0.574231670397683524598164694908 0.933261800005795616463899477822 0.500000000000000000000000000000 0.500000000000101030295240889245 0.500000000000000000000000000000 0.500000000000000000000000000000 0.500000000000000111022302462516 0.500000000000000000000000000000 0.500000000000000000000000000000 0.500000000001106559288643893524 0.500000000000000000000000000000 0.500000000000000000000000000000  | 0.456263059142747673391227181128 0.539291577249744302768874604226 0.893852504010059667471921329707 
0.524825285606726921194820079108 0.975937568123251830698450248747 0.500000000000000000000000000000 0.500000000000101030295240889245 0.500000000000000000000000000000 0.500000000000000000000000000000 0.500000000000000111022302462516 0.500000000000000000000000000000 0.500000000000000000000000000000 0.500000000001106559288643893524 0.500000000000000000000000000000 0.500000000000000000000000000000  | 0.494793092095443365341367325527 0.594649017313598204914626421669 0.836394658984902505949321493972 
0.360757462204188916743419213162 0.990347040625585761652871497063 0.500000000000000000000000000000 0.500000000000101030295240889245 0.500000000000000000000000000000 0.500000000000000000000000000000 0.500000000000000111022302462516 0.500000000000000000000000000000 0.500000000000000000000000000000 0.500000000001106559288643893524 0.500000000000000000000000000000 0.500000000000000000000000000000  | 0.612754867129213454113312309346 0.740575746546553337346097123373 0.611606670820670772492633204820 
0.205120460254068937011595608055 0.954373579280910711020169401309 0.500000000000000000000000000000 0.500000000000101030295240889245 0.500000000000000000000000000000 0.500000000000000000000000000000 0.500000000000000111022302462516 0.500000000000000000000000000000 0.500000000000000000000000000000 0.500000000001106559288643893524 0.500000000000000000000000000000 0.500000000000000000000000000000  | 0.694641367250601438065871207073 0.827832428666858577415155195922 0.360763806814949905543699060217 
0.223562626585021462233271449804 0.933232100121747731868993014359 0.500000000000000000000000000000 0.500000000000101030295240889245 0.500000000000000000000000000000 0.500000000000000000000000000000 0.500000000000000111022302462516 0.500000000000000000000000000000 0.500000000000000000000000000000 0.500000000001106559288643893524 0.500000000000000000000000000000 0.500000000000000000000000000000  | 0.690954634219023589025709952693 0.816681729453889837522240213730 0.391913676188172965808576009294 
0.562428645467215604369926040818 0.995546719725456497052107351919 0.500000000000000000000000000000 0.500000000000101030295240889245 0.500000000000000000000000000000 0.500000000000000000000000000000 0.500000000000000111022302462516 0.500000000000000000000000000000 0.500000000000000000000000000000 0.500000000001106559288643893524 0.500000000000000000000000000000 0.500000000000000000000000000000  | 0.460253585591693270551161276671 0.557394960057834953914834841271 0.880602736089312498890535607643 
0.514937538536784034093329864845 0.000000000000000033725392020078 0.500000000000000000000000000000 0.500000000000101030295240889245 0.500000000000000000000000000000 0.500000000000000000000000000000 0.500000000000000111022302462516 0.500000000000000000000000000000 0.500000000000000000000000000000 0.500000000001106559288643893524 0.500000000000000000000000000000 0.500000000000000000000000000000  | 0.606880859568225572431288128428 0.500242912651458260242520736938 0.824279281546968278782117067749 
0.895118407508610491873923820094 0.962058160374888116095348777890 0.500000000000000000000000000000 0.500000000000101030295240889245 0.500000000000000000000000000000 0.500000000000000000000000000000 0.500000000000000111022302462516 0.500000000000000000000000000000 0.500000000000000000000000000000 0.500000000001106559288643893524 0.500000000000000000000000000000 0.500000000000000000000000000000  | 0.119892680126701359211160990981 0.143309981302226913113528894428 1.123864617232458673612427446642 
0.315165618378202005978039323963 0.938127988809235202616321203095 0.500000000000000000000000000000 0.500000000000101030295240889245 0.500000000000000000000000000000 0.500000000000000000000000000000 0.500000000000000111022302462516 0.500000000000000000000000000000 0.500000000000000000000000000000 0.500000000001106559288643893524 0.500000000000000000000000000000 0.500000000000000000000000000000  | 0.646796184688186115430141853722 0.765947510136642306655119227798 0.541260372227778230325156982872 
0.194238166009526092015136100599 0.010209010335019030879522006217 0.500000000000000000000000000000 0.500000000000101030295240889245 0.500000000000000000000000000000 0.500000000000000000000000000000 0.500000000000000111022302462516 0.500000000000000000000000000000 0.500000000000000000000000000000 0.500000000001106559288643893524 0.500000000000000000000000000000 0.500000000000000000000000000000  | 0.837167113349664759880397468805 0.692825504595016683495600773313 0.342239284513509989249513409959 
0.453730616471373804365896376112 0.002500762138438084036806685617 0.500000000000000000000000000000 0.500000000000101030295240889245 0.500000000000000000000000000000 0.500000000000000000000000000000 0.500000000000000111022302462516 0.500000000000000000000000000000 0.500000000000000000000000000000 0.500000000001106559288643893524 0.500000000000000000000000000000 0.500000000000000000000000000000  | 0.664872739928899392225503106602 0.548581245672866479878848622320 0.744974187439614077277383330511 
0.394082816330802221393980744324 0.966034156743089345020791824936 0.500000000000000000000000000000 0.500000000000101030295240889245 0.500000000000000000000000000000 0.500000000000000000000000000000 0.500000000000000111022302462516 0.500000000000000000000000000000 0.500000000000000000000000000000 0.500000000001106559288643893524 0.500000000000000000000000000000 0.500000000000000000000000000000  | 0.594846739382333900003629878483 0.712135717509544408088117961597 0.661062599039789255961352409940 
0.289656418401693205311175915995 0.933232100121747731868993014359 0.500000000000000000000000000000 0.500000000000101030295240889245 0.500000000000000000000000000000 0.500000000000000000000000000000 0.500000000000000111022302462516 0.500000000000000000000000000000 0.500000000000000000000000000000 0.500000000001106559288643893524 0.500000000000000000000000000000 0.500000000000000000000000000000  | 0.661000891263930689945027552312 0.781277560513287450127961619728 0.500666434407744831425191023300 
0.394082816330802221393980744324 0.966054921082760698070046601060 0.500000000000000000000000000000 0.500000000000101030295240889245 0.500000000000000000000000000000 0.500000000000000000000000000000 0.500000000000000111022302462516 0.500000000000000000000000000000 0.500000000000000000000000000000 0.500000000001106559288643893524 0.500000000000000000000000000000 0.500000000000000000000000000000  | 0.594843899570767664641834926442 0.712138089593633782925508057815 0.661062599039789255961352409940 
0.757388084402910832793054396461 0.940175987851339045597853782965 0.500000000000000000000000000000 0.500000000000101030295240889245 0.500000000000000000000000000000 0.500000000000000000000000000000 0.500000000000000111022302462516 0.500000000000000000000000000000 0.500000000000000000000000000000 0.500000000001106559288643893524 0.500000000000000000000000000000 0.500000000000000000000000000000  | 0.273262800565554075937768629956 0.323860975198483225234724613983 1.057556236767779100915731760324 
0.894001600229098691841045365436 0.018446739508067966362148126791 0.500000000000000000000000000000 0.500000000000101030295240889245 0.500000000000000000000000000000 0.500000000000000000000000000000 0.500000000000000111022302462516 0.500000000000000000000000000000 0.500000000000000000000000000000 0.500000000001106559288643893524 0.500000000000000000000000000000 0.500000000000000000000000000000  | 0.145274527181702278744168665980 0.120614515096251304071550691788 1.123535105751528373474457112025 
0.166494577170381408137700418592 0.971521077647914066410805844498 0.500000000000000000000000000000 0.500000000000101030295240889245 0.500000000000000000000000000000 0.500000000000000000000000000000 0.500000000000000111022302462516 0.500000000000000000000000000000 0.500000000000000000000000000000 0.500000000001106559288643893524 0.500000000000000000000000000000 0.500000000000000000000000000000  | 0.704644308935698626683574730123 0.845391632937537496061963793181 0.294572687463730220613911114924 
0.851826638873716346367359619762 0.003187266396727278863765242534 0.500000000000000000000000000000 0.500000000000101030295240889245 0.500000000000000000000000000000 0.500000000000000000000000000000 0.500000000000000111022302462516 0.500000000000000000000000000000 0.500000000000000000000000000000 0.500000000001106559288643893524 0.500000000000000000000000000000 0.500000000000000000000000000000  | 0.202672152483134554445953767754 0.167268108195507358981757306537 1.108570729337744253939490590710 
0.590809799865045115474515569076 0.953785353035544902766673658334 0.500000000000000000000000000000 0.500000000000101030295240889245 0.500000000000000000000000000000 0.500000000000000000000000000000 0.500000000000000111022302462516 0.500000000000000000000000000000 0.500000000000000000000000000000 0.500000000001106559288643893524 0.500000000000000000000000000000 0.500000000000000000000000000000  | 0.439017549647056470885075896149 0.523075091916194168106812867336 0.911942828621744583372787928965 
0.680745002447739167017459749331 0.009826624456589383438398499493 0.500000000000000000000000000000 0.500000000000101030295240889245 0.500000000000000000000000000000 0.500000000000000000000000000000 0.500000000000000111022302462516 0.500000000000000000000000000000 0.500000000000000000000000000000 0.500000000001106559288643893524 0.500000000000000000000000000000 0.500000000000000000000000000000  | 0.421962627549710922458814366109 0.349157007705423239052322514908 0.999009813904452093069608054066 
0.797714947629034720755214493693 0.004972865101309564828113707335 0.500000000000000000000000000000 0.500000000000101030295240889245 0.500000000000000000000000000000 0.500000000000000000000000000000 0.500000000000000111022302462516 0.500000000000000000000000000000 0.500000000000000000000000000000 0.500000000001106559288643893524 0.500000000000000000000000000000 0.500000000000000000000000000000  | 0.274448114290768319101232464163 0.226664057332191609672733534353 1.082259359410589594219231912575 
0.272961229643635783226329749596 0.190851606607220058986484900743 0.500000000000000000000000000000 0.500000000000101030295240889245 0.500000000000000000000000000000 0.500000000000000000000000000000 0.500000000000000111022302462516 0.500000000000000000000000000000 0.500000000000000000000000000000 0.500000000001106559288643893524 0.500000000000000000000000000000 0.500000000000000000000000000000  | 0.774860090861576589205128584581 0.687911580239477737919173705450 0.473659350924568067764397483188 
0.211581738745778347166037747229 0.048915640318202308067796479918 0.500000000000000000000000000000 0.500000000000101030295240889245 0.500000000000000000000000000000 0.500000000000000000000000000000 0.500000000000000111022302462516 0.500000000000000000000000000000 0.500000000000000000000000000000 0.500000000001106559288643893524 0.500000000000000000000000000000 0.500000000000000000000000000000  | 0.824547516095419985582282151881 0.692773029464325729165352640848 0.371713070396459066557781625306 
0.161235636695425066378106748743 0.979511472132865601558648904756 0.500000000000000000000000000000 0.500000000000101030295240889245 0.500000000000000000000000000000 0.500000000000000000000000000000 0.500000000000000111022302462516 0.500000000000000000000000000000 0.500000000000000000000000000000 0.500000000001106559288643893524 0.500000000000000000000000000000 0.500000000000000000000000000000  | 0.704877324713029551617182733025 0.848314635583208298541535441473 0.285471398771575957109547516666 
0.039765146564737174905701522221 0.997972526413369753761628544453 0.500000000000000000000000000000 0.500000000000101030295240889245 0.500000000000000000000000000000 0.500000000000000000000000000000 0.500000000000000111022302462516 0.500000000000000000000000000000 0.500000000000000000000000000000 0.500000000001106559288643893524 0.500000000000000000000000000000 0.500000000000000000000000000000  | 0.723579703352941749905369306362 0.877130800072340455209030096739 0.071117197751273272809946490725 
0.442966534743727491374443161476 0.174759908306696187807460773911 0.500000000000000000000000000000 0.500000000000101030295240889245 0.500000000000000000000000000000 0.500000000000000000000000000000 0.500000000000000111022302462516 0.500000000000000000000000000000 0.500000000000000000000000000000 0.500000000001106559288643893524 0.500000000000000000000000000000 0.500000000000000000000000000000  | 0.655716751474713532843452412635 0.578523891754784469476646791009 0.730294003713720996096014914656 
0.723093380517778383520521856553 0.015506012505250521549271525146 0.500000000000000000000000000000 0.500000000000101030295240889245 0.500000000000000000000000000000 0.500000000000000000000000000000 0.500000000000000111022302462516 0.500000000000000000000000000000 0.500000000000000000000000000000 0.500000000001106559288643893524 0.500000000000000000000000000000 0.500000000000000000000000000000  | 0.369533506085963914244985062396 0.306453664706546280438459461948 1.033206089134017791053565815673 
0.220649006379349754691787666161 0.174759908306696187807460773911 0.500000000000000000000000000000 0.500000000000101030295240889245 0.500000000000000000000000000000 0.500000000000000000000000000000 0.500000000000000111022302462516 0.500000000000000000000000000000 0.500000000000000000000000000000 0.500000000001106559288643893524 0.500000000000000000000000000000 0.500000000000000000000000000000  | 0.803513637407305525428569126234 0.708921703686021031920461155096 0.387013612033555498559422858307 
0.123978697389233227799110181877 0.003187266396727278863765242534 0.500000000000000000000000000000 0.500000000000101030295240889245 0.500000000000000000000000000000 0.500000000000000000000000000000 0.500000000000000111022302462516 0.500000000000000000000000000000 0.500000000000000000000000000000 0.500000000001106559288643893524 0.500000000000000000000000000000 0.500000000000000000000000000000  | 0.862073444155804002875242986192 0.711481041489042898007255644188 0.220471739320226622904641544665 
0.425318350846182746671786389925 0.890502846355617605489385368855 0.500000000000000000000000000000 0.500000000000101030295240889245 0.500000000000000000000000000000 0.500000000000000000000000000000 0.500000000000000111022302462516 0.500000000000000000000000000000 0.500000000000000000000000000000 0.500000000001106559288643893524 0.500000000000000000000000000000 0.500000000000000000000000000000  | 0.583241985876225443874432130542 0.678007040666062210654274622357 0.705775404838022590858770399791 
0.688499961114966474440279853297 0.933232100121747731868993014359 0.500000000000000000000000000000 0.500000000000101030295240889245 0.500000000000000000000000000000 0.500000000000000000000000000000 0.500000000000000111022302462516 0.500000000000000000000000000000 0.500000000000000000000000000000 0.500000000001106559288643893524 0.500000000000000000000000000000 0.500000000000000000000000000000  | 0.345864149059395276086803505677 0.408798085172677905241300777561 1.005607179424670594158897074522 
0.260771557416684840458032113020 0.938285958395374430907054374984 0.500000000000000000000000000000 0.500000000000101030295240889245 0.500000000000000000000000000000 0.500000000000000000000000000000 0.500000000000000111022302462516 0.500000000000000000000000000000 0.500000000000000000000000000000 0.500000000001106559288643893524 0.500000000000000000000000000000 0.500000000000000000000000000000  | 0.674213354042213164341035280813 0.798464548144514174587982324738 0.453733844829096844009086453298 
0.328078504070282661597701689971 0.976729741887389923959972293233 0.500000000000000000000000000000 0.500000000000101030295240889245 0.500000000000000000000000000000 0.500000000000000000000000000000 0.500000000000000111022302462516 0.500000000000000000000000000000 0.500000000000000000000000000000 0.500000000001106559288643893524 0.500000000000000000000000000000 0.500000000000000000000000000000  | 0.633948006487130233388427313912 0.762123062125530936761208522512 0.561482009153691841163436038187 
0.826456445434990416565312898456 0.003843897588771683082597974135 0.500000000000000000000000000000 0.500000000000101030295240889245 0.500000000000000000000000000000 0.500000000000000000000000000000 0.500000000000000111022302462516 0.500000000000000000000000000000 0.500000000000000000000000000000 0.500000000001106559288643893524 0.500000000000000000000000000000 0.500000000000000000000000000000  | 0.236550157294685259312672087617 0.195278244026710623426623669729 1.097221087041974962872359355970 
0.471226759403346129317924351199 0.999005433239028906022838327772 0.500000000000000000000000000000 0.500000000000101030295240889245 0.500000000000000000000000000000 0.500000000000000000000000000000 0.500000000000000111022302462516 0.500000000000000000000000000000 0.500000000000000000000000000000 0.500000000001106559288643893524 0.500000000000000000000000000000 0.500000000000000000000000000000  | 0.535157829544880891958769097982 0.648986070141773785380223671382 0.768379373483318972581912476016 
0.739452004991419720170142682036 0.986139187902605907076747371320 0.500000000000000000000000000000 0.500000000000101030295240889245 0.500000000000000000000000000000 0.500000000000000000000000000000 0.500000000000000111022302462516 0.500000000000000000000000000000 0.500000000000000000000000000000 0.500000000001106559288643893524 0.500000000000000000000000000000 0.500000000000000000000000000000  | 0.289296325318760483291669061146 0.349068929852585640993822835298 1.045199598987916589365454456129 
0.584577647458066396168874234718 0.972968511167446203913300450949 0.500000000000000000000000000000 0.500000000000101030295240889245 0.500000000000000000000000000000 0.500000000000000000000000000000 0.500000000000000111022302462516 0.500000000000000000000000000000 0.500000000000000000000000000000 0.500000000001106559288643893524 0.500000000000000000000000000000 0.500000000000000000000000000000  | 0.442780501346003718676769267404 0.531522872390105205475663296966 0.905214089102584940071949404228 
0.668038064223427596743931644596 0.962058160374888116095348777890 0.500000000000000000000000000000 0.500000000000101030295240889245 0.500000000000000000000000000000 0.500000000000000000000000000000 0.500000000000000111022302462516 0.500000000000000000000000000000 0.500000000000000000000000000000 0.500000000001106559288643893524 0.500000000000000000000000000000 0.500000000000000000000000000000  | 0.364154287805292409263557829036 0.435280486860011583960528014359 0.987879666653687427135821508273 
0.142411971316762198114247439662 0.018033324833654162944185372908 0.500000000000000000000000000000 0.500000000000101030295240889245 0.500000000000000000000000000000 0.500000000000000000000000000000 0.500000000000000111022302462516 0.500000000000000000000000000000 0.500000000000000000000000000000 0.500000000001106559288643893524 0.500000000000000000000000000000 0.500000000000000000000000000000  | 0.854769712277545168355175064789 0.709559910368811941339117765892 0.252739304276631049361867553671 
0.350059997699742553312063364501 0.015389103966300603232308930046 0.500000000000000000000000000000 0.500000000000101030295240889245 0.500000000000000000000000000000 0.500000000000000000000000000000 0.500000000000000111022302462516 0.500000000000000000000000000000 0.500000000000000000000000000000 0.500000000001106559288643893524 0.500000000000000000000000000000 0.500000000000000000000000000000  | 0.747706403272051733921443883446 0.620043633124439885762058111141 0.595369390281097699002543777169 
0.073690127059800908382314332812 0.962339768218671065547198395507 0.500000000000000000000000000000 0.500000000000101030295240889245 0.500000000000000000000000000000 0.500000000000000000000000000000 0.500000000000000111022302462516 0.500000000000000000000000000000 0.500000000000000000000000000000 0.500000000001106559288643893524 0.500000000000000000000000000000 0.500000000000000000000000000000  | 0.726098981682427924155831533426 0.868015186343442657346258783946 0.131581109710962790293464763636 
0.350059997699742553312063364501 0.015389103966300603232308930046 0.500000000000000000000000000000 0.500000000000101030295240889245 0.500000000000000000000000000000 0.500000000000000000000000000000 0.500000000000000111022302462516 0.500000000000000000000000000000 0.500000000000000000000000000000 0.500000000001106559288643893524 0.500000000000000000000000000000 0.500000000000000000000000000000  | 0.747706403272051733921443883446 0.620043633124439885762058111141 0.595369390281097699002543777169 
0.162376888956284604059732146197 0.007038408930947925856713709436 0.500000000000000000000000000000 0.500000000000101030295240889245 0.500000000000000000000000000000 0.500000000000000000000000000000 0.500000000000000111022302462516 0.500000000000000000000000000000 0.500000000000000000000000000000 0.500000000001106559288643893524 0.500000000000000000000000000000 0.500000000000000000000000000000  | 0.849736722010198453070017876598 0.702356562232964276581981266645 0.287448162477208946086193463998 
0.655032768464502201943844283960 0.205997226045666392835187252786 0.500000000000000000000000000000 0.500000000000101030295240889245 0.500000000000000000000000000000 0.500000000000000000000000000000 0.500000000000000111022302462516 0.500000000000000000000000000000 0.500000000000000000000000000000 0.500000000001106559288643893524 0.500000000000000000000000000000 0.500000000000000000000000000000  | 0.438266279941336656111872116526 0.391373011757070954352855096658 0.976080691792666543804557477415 
0.129070910638376057377740835364 0.932151711563627416445854123594 0.500000000000000000000000000000 0.500000000000101030295240889245 0.500000000000000000000000000000 0.500000000000000000000000000000 0.500000000000000111022302462516 0.500000000000000000000000000000 0.500000000000000000000000000000 0.500000000001106559288643893524 0.500000000000000000000000000000 0.500000000000000000000000000000  | 0.720968691185371102214674010611 0.851798701573124983355000949814 0.229405321831600950144292028199 
0.270608169676469278996933098824 0.032820863435772673621926287524 0.500000000000000000000000000000 0.500000000000101030295240889245 0.500000000000000000000000000000 0.500000000000000000000000000000 0.500000000000000111022302462516 0.500000000000000000000000000000 0.500000000000000000000000000000 0.500000000001106559288643893524 0.500000000000000000000000000000 0.500000000000000000000000000000  | 0.796716189659587459281908650155 0.665199411017707742388438418857 0.469826287123094099573705761941 
0.797692972706260050586024590302 0.932592050788828341723046833067 0.500000000000000000000000000000 0.500000000000101030295240889245 0.500000000000000000000000000000 0.500000000000000000000000000000 0.500000000000000111022302462516 0.500000000000000000000000000000 0.500000000000000000000000000000 0.500000000001106559288643893524 0.500000000000000000000000000000 0.500000000000000000000000000000  | 0.229962582161406775549394865266 0.271739156199820697246138934133 1.082247072137105359246334046475 
0.598984303342660950875142589211 0.018398884274780397118931318801 0.500000000000000000000000000000 0.500000000000101030295240889245 0.500000000000000000000000000000 0.500000000000000000000000000000 0.500000000000000111022302462516 0.500000000000000000000000000000 0.500000000000000000000000000000 0.500000000001106559288643893524 0.500000000000000000000000000000 0.500000000000000000000000000000  | 0.516360345668142595165761576936 0.428701364827943687263456240544 0.920636093454956561110691382055 
0.438851226183496478938650398050 0.984692633526783600572684918006 0.500000000000000000000000000000 0.500000000000101030295240889245 0.500000000000000000000000000000 0.500000000000000000000000000000 0.500000000000000111022302462516 0.500000000000000000000000000000 0.500000000000000000000000000000 0.500000000001106559288643893524 0.500000000000000000000000000000 0.500000000000000000000000000000  | 0.561177904447175190938423838816 0.676742240545691986497445213899 0.724626098603509460893690174998 
0.786136883510575423805732953042 0.980018204515957780387225284358 0.500000000000000000000000000000 0.500000000000101030295240889245 0.500000000000000000000000000000 0.500000000000000000000000000000 0.500000000000000111022302462516 0.500000000000000000000000000000 0.500000000000000000000000000000 0.500000000001106559288643893524 0.500000000000000000000000000000 0.500000000000000000000000000000  | 0.239993418943880293392467706326 0.288887490557135251378895191010 1.075607205265517674064312814153 
0.093320391161849550187845636628 0.020917273218914692045622416572 0.500000000000000000000000000000 0.500000000000101030295240889245 0.500000000000000000000000000000 0.500000000000000000000000000000 0.500000000000000111022302462516 0.500000000000000000000000000000 0.500000000000000000000000000000 0.500000000001106559288643893524 0.500000000000000000000000000000 0.500000000000000000000000000000  | 0.866811766901531277618175863608 0.720367525985605716698501055362 0.166408147704047854054110189281 
0.250648177204073729917865875905 0.967530840069359854282993183006 0.500000000000000000000000000000 0.500000000000101030295240889245 0.500000000000000000000000000000 0.500000000000000000000000000000 0.500000000000000111022302462516 0.500000000000000000000000000000 0.500000000000000000000000000000 0.500000000001106559288643893524 0.500000000000000000000000000000 0.500000000000000000000000000000  | 0.674257253423536262459947465686 0.807675741799479762761393430992 0.437059190122206009387895164764 
0.433281694023730290510343365895 0.020276037065042606943876535297 0.500000000000000000000000000000 0.500000000000101030295240889245 0.500000000000000000000000000000 0.500000000000000000000000000000 0.500000000000000111022302462516 0.500000000000000000000000000000 0.500000000000000000000000000000 0.500000000001106559288643893524 0.500000000000000000000000000000 0.500000000000000000000000000000  | 0.681056577059800605233874648547 0.565853121282992255203225795412 0.716907153914474570832737754245 
0.636841717007739060996129865089 0.957384396357433775648360096966 0.500000000000000000000000000000 0.500000000000101030295240889245 0.500000000000000000000000000000 0.500000000000000000000000000000 0.500000000000000111022302462516 0.500000000000000000000000000000 0.500000000000000000000000000000 0.500000000001106559288643893524 0.500000000000000000000000000000 0.500000000000000000000000000000  | 0.395190360117589567501283909223 0.471517882267950994013006038585 0.958894754041102137520624637546 
0.485992106554376523952498700964 0.051794631560075007903343191629 0.500000000000000000000000000000 0.500000000000101030295240889245 0.500000000000000000000000000000 0.500000000000000000000000000000 0.500000000000000111022302462516 0.500000000000000000000000000000 0.500000000000000000000000000000 0.500000000001106559288643893524 0.500000000000000000000000000000 0.500000000000000000000000000000  | 0.629924088556344186073943092197 0.529847631435583110715015209280 0.787680654500560128994379738288 
0.360757462204188916743419213162 0.988512291374126550458356632589 0.500000000000000000000000000000 0.500000000000101030295240889245 0.500000000000000000000000000000 0.500000000000000000000000000000 0.500000000000000111022302462516 0.500000000000000000000000000000 0.500000000000000000000000000000 0.500000000001106559288643893524 0.500000000000000000000000000000 0.500000000000000000000000000000  | 0.613015777168486319936846484779 0.740359791254253329917389692127 0.611606670820670772492633204820 
0.142411971316762198114247439662 0.932126269928767126060620284989 0.500000000000000000000000000000 0.500000000000101030295240889245 0.500000000000000000000000000000 0.500000000000000000000000000000 0.500000000000000111022302462516 0.500000000000000000000000000000 0.500000000000000000000000000000 0.500000000001106559288643893524 0.500000000000000000000000000000 0.500000000000000000000000000000  | 0.717708888268205447147352060711 0.847938959554548565833442808071 0.252739304276631049361867553671 
0.880565047090821506614588543016 0.019067520509876811907190585771 0.500000000000000000000000000000 0.500000000000101030295240889245 0.500000000000000000000000000000 0.500000000000000000000000000000 0.500000000000000111022302462516 0.500000000000000000000000000000 0.500000000000000000000000000000 0.500000000001106559288643893524 0.500000000000000000000000000000 0.500000000000000000000000000000  | 0.163469410593834851841421595964 0.135753785380571062590959741101 1.119299935187534567049283396045 
0.014879260457684617691143103002 0.001259821204888933454668631384 0.500000000000000000000000000000 0.500000000000101030295240889245 0.500000000000000000000000000000 0.500000000000000000000000000000 0.500000000000000111022302462516 0.500000000000000000000000000000 0.500000000000000000000000000000 0.500000000001106559288643893524 0.500000000000000000000000000000 0.500000000000000000000000000000  | 0.878711515754322047833113629167 0.724666021692494499717440703535 0.026625409686685672788764023267 
0.702222735027314359790295839048 0.923723492031743642627361623454 0.500000000000000000000000000000 0.500000000000101030295240889245 0.500000000000000000000000000000 0.500000000000000000000000000000 0.500000000000000111022302462516 0.500000000000000000000000000000 0.500000000000000000000000000000 0.500000000001106559288643893524 0.500000000000000000000000000000 0.500000000000000000000000000000  | 0.332499636950827293091492720123 0.391549454670047702986579452045 1.016915286211700797380785843416 
0.036321006407439737628806142311 0.950440711100055013460519148794 0.500000000000000000000000000000 0.500000000000101030295240889245 0.500000000000000000000000000000 0.500000000000000000000000000000 0.500000000000000111022302462516 0.500000000000000000000000000000 0.500000000000000000000000000000 0.500000000001106559288643893524 0.500000000000000000000000000000 0.500000000000000000000000000000  | 0.731793030752257767090895868023 0.870771063431709069213582097291 0.064964594882941581466262448430 
0.696477355416924792663735388487 0.343717643607231893021491941909 0.500000000000000000000000000000 0.500000000000101030295240889245 0.500000000000000000000000000000 0.500000000000000000000000000000 0.500000000000000111022302462516 0.500000000000000000000000000000 0.500000000000000000000000000000 0.500000000001106559288643893524 0.500000000000000000000000000000 0.500000000000000000000000000000  | 0.380628964677308889719142825925 0.358440187570117640980527085048 1.012238068114041933398539185873 
0.459618400291297968252024475078 0.928799456109964727268391015969 0.500000000000000000000000000000 0.500000000000101030295240889245 0.500000000000000000000000000000 0.500000000000000000000000000000 0.500000000000000111022302462516 0.500000000000000000000000000000 0.500000000000000000000000000000 0.500000000001106559288643893524 0.500000000000000000000000000000 0.500000000000000000000000000000  | 0.552826899429270657293500335072 0.652293143310054168715339528717 0.752914176924553091296843376767 
0.782616913341347086863208915020 0.998991566259211261069594911532 0.500000000000000000000000000000 0.500000000000101030295240889245 0.500000000000000000000000000000 0.500000000000000000000000000000 0.500000000000000111022302462516 0.500000000000000000000000000000 0.500000000000000000000000000000 0.500000000001106559288643893524 0.500000000000000000000000000000 0.500000000000000000000000000000  | 0.242719147242455302038166564671 0.294343990088279605643606373633 1.073514189201370205850594174990 
0.933015872215868791172965757141 0.048915640318202308067796479918 0.500000000000000000000000000000 0.500000000000101030295240889245 0.500000000000000000000000000000 0.500000000000000000000000000000 0.500000000000000111022302462516 0.500000000000000000000000000000 0.500000000000000000000000000000 0.500000000001106559288643893524 0.500000000000000000000000000000 0.500000000000000000000000000000  | 0.091610752801198735983945198313 0.076970044188756539527140887458 1.132990187788335489926794252824 
0.512441335439160927656132571428 0.933232100121747731868993014359 0.500000000000000000000000000000 0.500000000000101030295240889245 0.500000000000000000000000000000 0.500000000000000000000000000000 0.500000000000000111022302462516 0.500000000000000000000000000000 0.500000000000000000000000000000 0.500000000001106559288643893524 0.500000000000000000000000000000 0.500000000000000000000000000000  | 0.510066998509430602481984351471 0.602879520376719324481484818534 0.821189152569483549193307680980 
0.665592171771883567288341509993 0.970927884727841417067395468621 0.500000000000000000000000000000 0.500000000000101030295240889245 0.500000000000000000000000000000 0.500000000000000000000000000000 0.500000000000000111022302462516 0.500000000000000000000000000000 0.500000000000000000000000000000 0.500000000001106559288643893524 0.500000000000000000000000000000 0.500000000000000000000000000000  | 0.365840029295108115636736556553 0.438812131744277800216025298141 0.985691974886305999348223849665 
0.022608910161158797536007369899 0.020917273218914692045622416572 0.500000000000000000000000000000 0.500000000000101030295240889245 0.500000000000000000000000000000 0.500000000000000000000000000000 0.500000000000000111022302462516 0.500000000000000000000000000000 0.500000000000000000000000000000 0.500000000001106559288643893524 0.500000000000000000000000000000 0.500000000000000000000000000000  | 0.875656343257979141725400040741 0.727717847971957820796262694785 0.040452263360608975428789335638 
0.330485642016465908099576154200 0.919345806056437231390532360820 0.500000000000000000000000000000 0.500000000000101030295240889245 0.500000000000000000000000000000 0.500000000000000000000000000000 0.500000000000000111022302462516 0.500000000000000000000000000000 0.500000000000000000000000000000 0.500000000001106559288643893524 0.500000000000000000000000000000 0.500000000000000000000000000000  | 0.640928093147918653826877743995 0.753468042138729421353104953596 0.565226301798909536167059286527 
0.686977154854717886323101083690 0.006459801369458395559064456393 0.500000000000000000000000000000 0.500000000000101030295240889245 0.500000000000000000000000000000 0.500000000000000000000000000000 0.500000000000000111022302462516 0.500000000000000000000000000000 0.500000000000000000000000000000 0.500000000001106559288643893524 0.500000000000000000000000000000 0.500000000000000000000000000000  | 0.414629429799273030443629295405 0.342637668239449522111783608125 1.004323427787897404783734600642 
0.652372709283911111910470026487 0.943304101737858502474409760907 0.500000000000000000000000000000 0.500000000000101030295240889245 0.500000000000000000000000000000 0.500000000000000000000000000000 0.500000000000000111022302462516 0.500000000000000000000000000000 0.500000000000000000000000000000 0.500000000001106559288643893524 0.500000000000000000000000000000 0.500000000000000000000000000000  | 0.381272426937995623230648334356 0.452421156942947710888347501168 0.973617027666979883981923649117 
0.471226759403346129317924351199 0.999005433239028906022838327772 0.500000000000000000000000000000 0.500000000000101030295240889245 0.500000000000000000000000000000 0.500000000000000000000000000000 0.500000000000000111022302462516 0.500000000000000000000000000000 0.500000000000000000000000000000 0.500000000001106559288643893524 0.500000000000000000000000000000 0.500000000000000000000000000000  | 0.535157829544880891958769097982 0.648986070141773785380223671382 0.768379373483318972581912476016 
0.289656418401693205311175915995 0.958268208994177750348342215148 0.500000000000000000000000000000 0.500000000000101030295240889245 0.500000000000000000000000000000 0.500000000000000000000000000000 0.500000000000000111022302462516 0.500000000000000000000000000000 0.500000000000000000000000000000 0.500000000001106559288643893524 0.500000000000000000000000000000 0.500000000000000000000000000000  | 0.657236793831895038664470121148 0.784446685025104284427754919307 0.500666434407744831425191023300 
0.902836841540564538632906987914 0.045131706994740249105912965888 0.500000000000000000000000000000 0.500000000000101030295240889245 0.500000000000000000000000000000 0.500000000000000000000000000000 0.500000000000000111022302462516 0.500000000000000000000000000000 0.500000000000000000000000000000 0.500000000001106559288643893524 0.500000000000000000000000000000 0.500000000000000000000000000000  | 0.132695253369235849350005196357 0.111324255226927126827263236919 1.126047318405098529581209731987 
0.636841717007739060996129865089 0.957384396357433775648360096966 0.500000000000000000000000000000 0.500000000000101030295240889245 0.500000000000000000000000000000 0.500000000000000000000000000000 0.500000000000000111022302462516 0.500000000000000000000000000000 0.500000000000000000000000000000 0.500000000001106559288643893524 0.500000000000000000000000000000 0.500000000000000000000000000000  | 0.395190360117589567501283909223 0.471517882267950994013006038585 0.958894754041102137520624637546 
