1.000000000000000000000000000000 0.995597881712673826726245351892 0.500000002979197111230291739048 0.499999999692743057888577595804 0.500000009541693213321877919952 0.499999990609400757346492127908 0.500000004055213165266025043820 0.500000003402229942217616098787 0.500000001748854283611933624343 0.499999984268518771202138850640 0.499999999015449225758800366748 0.499999994089440513711508629058  | 0.000000000000000043297802811775 0.000000000000000043297802811775 1.000000000000000444089209850063 
1.000000000000000000000000000000 0.067911638793878847941698495561 0.500000002979197111230291739048 0.499999999692743057888577595804 0.500000009541693213321877919952 0.499999990609400757346492127908 0.500000004055213165266025043820 0.500000003402229942217616098787 0.500000001748854283611933624343 0.500000006404356933664701045927 0.499999999015449225758800366748 0.499999994089440513711508629058  | 0.000000000000000043297802811775 0.000000000000000043297802811775 1.000000000000000222044604925031 
0.000000000000000000000000000000 0.123123462360525903758201593519 0.500000002979197111230291739048 0.499999999692743057888577595804 0.500000009541693213321877919952 0.499999990609400757346492127908 0.500000004055213165266025043820 0.500000003402229942217616098787 0.500000001186591047641627483245 0.500000006147606423922979956842 0.499999999015449225758800366748 0.499999994089440513711508629058  | 0.707106781186547794781915854401 0.707106781186547461715008466854 0.000000000000000000000000000000 
0.017907299473513105247945986775 0.995597881712673826726245351892 0.500000002979197111230291739048 0.499999999692743057888577595804 0.500000009541693213321877919952 0.499999990609400757346492127908 0.500000004055213165266025043820 0.521438913181230145887923299597 0.500000001748854283611933624343 0.499999984430947952418478053005 0.499999999015449225758800366748 0.499999994089440513711508629058  | 0.706898979788970871496189829486 0.707404802125312870408890830731 0.028137938039632742759366124119 
0.023929587998423602901443274504 0.019021075497625716810290441572 0.499998223809006547835309675065 0.499840701455650848750167369872 0.501186054747898235284253587452 0.499999602977037216344768921772 0.528666434336398594062700340146 0.500077894617625196005405996402 0.488876475851022784802069054422 0.519941708140477909516619092756 0.499962994647814351623082984588 0.499957578684360248733042908498  | 0.708274881199534189768485248351 0.706839225146930760779184765852 0.037630188108418310966030162490 
0.433197689191514356821244291496 0.062729483484523701486423874485 0.500010540368743483519153869565 0.499890243616288754147092276980 0.499972474034423963740181307003 0.496898938587063188077053155212 0.500507055009487999974737704179 0.499998450292074292367061616460 0.490102642695324108856880229723 0.458727301773059037426349959787 0.500137513863217808562922073179 0.500016171650246254998251060897  | 0.551298873404012401699958445533 0.549931293734902681968890192366 0.630294378296173518627654175361 
0.640289280196464583028159722744 0.115808251757628016820333982650 0.501302166773447743786107366759 0.500183324784111427163679763908 0.500030028349362720696547057742 0.500309639924287008483361205435 0.500336856555779307953457646363 0.499999637918993711238613286696 0.499989265949374594999454757271 0.500009250045693298680760108255 0.502252713483227863910940413916 0.499991249210803734293051547866  | 0.378619689099906009399632011991 0.378616483624235555804915520639 0.844577242405087025289844859799 
0.188404101397357193192760860256 0.145188815598089743241771998328 0.500001058473383608315998571925 0.500339724260931428823084843316 0.500003323740279781439710404811 0.499569160467894679555911352509 0.496207654897694527829088428916 0.495604640423352948985780130897 0.489628546737106595809763120997 0.499084846352412014880428614561 0.502780688960793198383214530622 0.506769653648844631277370353928  | 0.676573227329194115675647935859 0.676425482380772269408453212236 0.291700544155933327861163206762 
0.763904360395764481239666565671 0.050976712327809634017761197811 0.500049978882109780187192882295 0.500165615343367786493899984634 0.504410466872007301475377971656 0.500015388473446065198402266105 0.495655220773217441987412712479 0.521548300681837107006799669762 0.501075512456561567020685288298 0.500091440255948649351580570510 0.500222518396706727905609568552 0.500024618426699318796124771325  | 0.256486576980842650996805787145 0.256304414836174221381526194818 0.932486324082563267090506542445 
0.676212117399471179801651032903 0.009238671227201959018637822396 0.520070584336239094547238437372 0.500189645764705925756743454258 0.499783776576087024334782427104 0.500017112531999319280373583751 0.499929712491568700727384566562 0.499854214137750219038025534246 0.493940732887735989287136817438 0.499639664455257870301352340903 0.500007490707074175873003696324 0.500518163102617319459852751606  | 0.344600416673066456407781288362 0.344366801846646697349285659584 0.873809105925034357298386566981 
0.720648566937843293445098424854 0.062637398801357019317848084938 0.501059836601784658327574106806 0.500016218722794225648442534293 0.504409070422614291828722343780 0.499984797097477617899841106919 0.495900366858430474703567369943 0.494486809544972039098809091229 0.513493339631862277805396388430 0.499705550248043028904731954754 0.499994007658902950286261557267 0.497001007687762896836147774593  | 0.300550668712255830694601854702 0.300443792803074927189044274201 0.905494739672043191802686123992 
0.149267579302013425612827290934 0.009268379598319553824836702915 0.500137886468209780232996308769 0.499984423658172416615741440182 0.499523790683292834291506778754 0.531326093107793773206992682390 0.502928080080114359162735127029 0.498917939956836975490261920640 0.521590507605689923664726848074 0.501655670123212882316465766053 0.500162839487531374338402656576 0.499869133333032789057170930391  | 0.689536838666793716612346543116 0.687988531675929881892272987898 0.232665768510084441933472021447 
0.211391705037575344805489407918 0.084261752792819638591126363281 0.499998414057911122476696164085 0.500708452406433468517832352518 0.495426049110064825597987692163 0.494878375055470498544707425026 0.496234914046532582521109588924 0.533053061031710129213934123982 0.500299321459619084073722206085 0.499063193467289445415246973425 0.501530541796994522307784336590 0.500047568256868357750022369146  | 0.669760103428843622808130930935 0.668749373874567787368050630903 0.326362241027752852939869399052 
0.740877830414122140467725330382 0.994355163353039417373224750918 0.500000002979197111230291739048 0.500006582463758730838776500605 0.499141469233114032366671608543 0.499999990609400757346492127908 0.500019209214462079238217029342 0.500000003402229942217616098787 0.499581675139374237204492601450 0.500028806407324610816544918634 0.499999999015449225758800366748 0.499874031442985089501718221072  | 0.279930924845260165056970436126 0.279931328806824752941651013316 0.918302230657498608223932023975 
0.410368652464987881955948978430 0.062637398801357019317848084938 0.501046844357633580635535963665 0.500232766703676556829805122106 0.506253403429278048264450262650 0.499985748397315521440731345137 0.499912181148920220508102829626 0.500151210885053210120076983003 0.513493339631862277805396388430 0.498214011915994070545110616877 0.499994007658902950286261557267 0.532662957052128738233420790493  | 0.566448622479207908320120168355 0.565444912677409039503118037828 0.601659794638460754256925611116 
0.558849694955454001643602168770 0.099726894925007400494187947970 0.502411820781369478083888679976 0.499937889568653814897913889581 0.489522948160478421630870116132 0.500535274134866314810210496944 0.495748496293830775982769409893 0.489196208952735966946079315676 0.511807506578694892951375550183 0.500553921915248278828869388235 0.499889565564782756279527120569 0.499938035406930603166131277248  | 0.451997771276137327856048386820 0.451776007336120555279990185227 0.769660595745535580647356255213 
0.370411693122228657948369345831 0.030494084781510819026628666961 0.500000003076541688074030389544 0.499663976191325742703952528245 0.501350252995397371869046310167 0.500001247694469630467040133226 0.501825149476026521888627485168 0.496627706945467595200938148992 0.489673069399355398445550235920 0.500089563114599289228578982147 0.500143312176702270477335332544 0.506405810639773856784984218393  | 0.590922562515474703026541192230 0.590779356194282456726796226576 0.549653527780607165098558652971 
0.819990427763404583494377675379 0.089241632745270527138359284436 0.499982285101843892949347036847 0.499974039258716418387962221459 0.499608591980699068280102892459 0.499973894208244229453441676014 0.539722026501324725344943544769 0.500050804911842616817807538609 0.475531730575781463876694488135 0.500118968020929588469414284191 0.500243328077932924990989249636 0.499964408377955582540863588292  | 0.197993052998146845666838089528 0.197438879100284903067574759916 0.962379817772765266958856500423 
0.249084574371554123839445082922 0.107325273098355697398709196477 0.500153826969893966492008985369 0.499457965199072762008114523269 0.501155740374787272983780894720 0.500021574769539567384413203399 0.500104174242035015574003864458 0.503059686125236660281245804072 0.500177538152964951123635728436 0.501516649181728779716138433287 0.500148102089583379559201148368 0.501684291454318587177851895831  | 0.653687051409629904519249521400 0.653673974528760082236544803891 0.381360731504286898374544989565 
0.661990684314175514835199010122 0.102152560230353170456218947493 0.500009258576046389244140755181 0.494448171849540485389695732010 0.501132601197716742724708183232 0.495257280176074177191480885085 0.499925182370356602223893105474 0.500014873432546358422712273750 0.500215868184658130068953596492 0.499646854094404846424737343114 0.499952736510037576422860183811 0.501636110550213509817751855735  | 0.358075125482278322497364797528 0.358049413829552076737883226087 0.862379113631635108028206104791 
0.971336875036627800383826070174 0.106349051135156635883305398238 0.500000002979197111230291739048 0.499999999692743057888577595804 0.500000009541693213321877919952 0.499999990609400757346492127908 0.500000004055213165266025043820 0.496656710404176249262775399984 0.499996468771814472908943116636 0.500000006404356933664701045927 0.499999999015449225758800366748 0.499999994089440513711508629058  | 0.031826547682842085129628628692 0.031826107744990644876637020388 0.998997760282232749595721088554 
0.270757056228060399849510986314 0.120672400900174350835136749538 0.500770978972863378686497526360 0.500164544189306892185697961395 0.500253014208914437155328869267 0.500036830162752465867015416734 0.499994759246253583917507512524 0.500014514059424319825097882131 0.527005415937472965204335650924 0.499958314869740627628402762639 0.500001572148994655186982072337 0.498439071177859016614775100606  | 0.644865743196256557823176081001 0.644303550453709017453718388424 0.412900085016418116889980183259 
0.951762460243062102804856294824 0.918894189059272226138830319542 0.499999969357818374593449561871 0.500449292828802905219731655961 0.503128221433911559934415436146 0.500035770588676764525359885738 0.499922273693095498003913235152 0.500009389247576763182223658077 0.498270267218819007393193487587 0.500030854140258718132372450782 0.499952736510037576422860183811 0.500128573401405041032319331862  | 0.053527420121572487354821845429 0.053528336335473998552902941128 0.997143693829146915419414654025 
0.443944301113491479604533651582 0.036713444975520773128074836222 0.500418982216306762467183943954 0.500234901689156297166505282803 0.506927511041899481192274379282 0.500001727186139999226099916996 0.500260855568640527835100328957 0.500233017386393141734401979193 0.501332866012816458223255722260 0.444422755363401700279268879967 0.499866448031468568746760183785 0.500340535903571415055068882793  | 0.544970426948507724596026946529 0.542493990675094184261695318128 0.644201463479154745606081178266 
0.863557252779344142190609545651 0.118165702229219571339768890539 0.499992765595283217283650856189 0.499457965199072762008114523269 0.501155740374787272983780894720 0.500021574769539567384413203399 0.499913243133207119139882479431 0.503133377445418195073045808385 0.500191808389535141898818437767 0.497887403516162341254869261320 0.500148102089583379559201148368 0.501684291454318587177851895831  | 0.150396745098692552478070183497 0.150393350899108740881260359856 0.977138827367049489502903725224 
0.190812045013804776338872670749 0.145188815598089743241771998328 0.500001390756042884966348083253 0.499929891919697499957919717417 0.500003324690638351057714316994 0.499534205710101320008220682212 0.496207654897694527829088428916 0.495605058175119572716482707619 0.489628546737106595809763120997 0.499084846352412014880428614561 0.537161837769039030021644975932 0.500018947191646745409343566280  | 0.677184422184647916154176527925 0.676037277676387104996535981627 0.295709030685999074705705425004 
0.384909981204526463471893293899 0.963263918248444150904674643243 0.527728913715410419271734099311 0.499679725901618465577769256925 0.499996430252875712074711600508 0.499551537352569741123886615242 0.495836115607966088081326461179 0.476893235278832761103728898888 0.502050349289335229308051111730 0.500033843863892490944067503733 0.501377378549599073132014837029 0.500013362536988137385662867018  | 0.581961407134512831440531499538 0.583084569350351022976042258961 0.569199599394324962098323794635 
0.112463479299621471607650846636 0.127272287105332504442145591383 0.502411820781369478083888679976 0.501166122939971314664830970287 0.489764517705756075027778706499 0.500526917231349122161532250175 0.495748496293830775982769409893 0.489291450615168488358364129454 0.500620764732207623737281210197 0.517910355709303660276532355056 0.500521474560896573180457380658 0.499816730744049531054429280630  | 0.696726947330216006548653240316 0.696265238853202017565990900039 0.175839352423886235987637860489 
0.655987368400684833780189819663 0.117777235868474799973526501162 0.499975024384654131992533621087 0.499457965199072762008114523269 0.499967929448634496036873997582 0.499981688027450632549886222478 0.499924771549901392209136474776 0.511620525170752293853126957401 0.499907883713525236224484160630 0.500595621977651838996337119170 0.500160838464306811701476362941 0.500020230982707980516011048167  | 0.363854731317449053840107353608 0.363795443121060824154255897156 0.857632837320599916708374621521 
0.789389616497073287604280267260 0.102281294471470288187653352452 0.500011913370808414036616795784 0.494448171849540485389695732010 0.499751727025993408570769815924 0.495115359013810207855499356810 0.499916826318191398481616261051 0.500016377034171011217722480069 0.501734651895977545876803560532 0.499633888445187468452246548622 0.499952736510037576422860183811 0.506424810087651500190020215086  | 0.229722520397681012616075690858 0.229694058654335953040259710178 0.945868152960619434921341053268 
0.310953767804812986064177948720 0.076937238718193468045569716196 0.501203467149369141786507952929 0.500495484382414868029798071802 0.489037578075665502197466594225 0.501145824726924593583987643797 0.500002192163455649875913877622 0.486331432188158496732199864709 0.501621337803010325373520572612 0.499984257632854423025747792053 0.502768834991657476152226990962 0.504415497794785561147534735937  | 0.624773425611525157208347991400 0.624491419070951736536301268643 0.469412777970383499059892074001 
0.327215319240094670849572366933 0.093550458895280505511315993772 0.501064034358162380122792001202 0.500128495520048899081189119897 0.499999981152664696448795211836 0.500010083637109969956213717523 0.496515181170985142600216022402 0.499818188501734983475444096257 0.498978657910489675764154071658 0.500191828225567070020929349994 0.499987541691384096420591731658 0.500352588542903098378644699551  | 0.615756467270307306094423438481 0.615745043036566963579048206157 0.491661545805882949089493649808 
0.603893669371147745472683254775 0.141961490169785375936584159717 0.500084357400768619861253228009 0.500414904361463741544469030487 0.499907728708663845473836317979 0.500105140793676072874518467870 0.500029448391446695865170113393 0.500015871864493921528094233508 0.500142694147774791169069885655 0.499723618836545036003826680826 0.498973824708214053202937066089 0.502005892495503647232624189201  | 0.412123825779231678367864333268 0.412121334927605276199358286249 0.812601196299670092138001109561 
0.222022087036808118964970049092 0.141961490169785375936584159717 0.500084357400768619861253228009 0.501608679237700583186665426183 0.499907728708663845473836317979 0.500105140793676072874518467870 0.500005103594432509517275775579 0.500015871864493921528094233508 0.500147504540718101928575833881 0.499723618836545036003826680826 0.498973824708214053202937066089 0.501821697729789462094629470812  | 0.664546376444105524328165301995 0.664541080860280519715388436452 0.341727134717779990058517114448 
0.532225605535648571553508645593 0.995882209262496820301180378010 0.500118650519035701229597634665 0.499999999692743057888577595804 0.499999936286332713475388800362 0.499994043387659514721121922776 0.500000004055213165266025043820 0.496152426847264182985242086943 0.499559315374679957511006023196 0.499999820617191226279629745477 0.508264960282669542301903220505 0.499999994089440513711508629058  | 0.474069151426755874823015801667 0.474130686148384272726730159775 0.742041226933226494288931007759 
0.076659630794146838006497546303 0.084552368414765793902532209358 0.501335416530255040257202381326 0.504718826798011610534899773484 0.501331953955299391978428502625 0.480491067686514505830075449921 0.520816494742385338589940602105 0.505718532818024146813229435793 0.499817404635361950404615072330 0.500252824876522561581282388943 0.500003929963282467419105614681 0.499999065904793482673085236456  | 0.702998509539326521533553204790 0.702199072197620122182115665055 0.120230682601374233575697303422 
0.338726288365751582176699230331 0.104282150628966022165577953729 0.519008034798826956013328981498 0.500196851234277373166037250485 0.517025039388418372610090045782 0.500017117976730207651314685791 0.500358432361703964197374716605 0.499975514627552131141641211798 0.499420534927716264217423258742 0.500043499976817518160032705055 0.499998888129391028112280537243 0.499783485878068201024859718018  | 0.609999387352662125749702681787 0.609505690212883588507963850134 0.507648900123219615210246047354 
0.910231594648917008427702057816 0.113109892519220434081717030494 0.499946027546749161007966222314 0.499478387969271575563823262200 0.499760896206780436124006428145 0.500317569238539539000498734822 0.500190364991335956190710021474 0.499871424294483224226581796756 0.499987318734261165786847413983 0.500031472837694668243102569249 0.504088379477985237819837038842 0.500111833689286022774922457756  | 0.099380289651634881598063486763 0.099378210362847219094817319274 0.990091893819448287672457809094 
0.565994510048534293922273263888 0.067855958743923194820268918193 0.490071679841844798364292046244 0.500202984686132334779529173829 0.500000009541693213321877919952 0.500011467482117666349950013682 0.500000004055213165266025043820 0.509442862515038785709009516722 0.500000001748854283611933624343 0.502427197334208930357135614031 0.499999999015449225758800366748 0.500001060158560606261346492829  | 0.445721538376775250345218637449 0.445604381639914004509250844421 0.776631461139080214728380724409 
0.950935343749370831645251200825 0.117492301469684728987274979772 0.500000002979197111230291739048 0.500372622807389255683574447175 0.500003413058366152910139135201 0.499979680288973715729383684447 0.500338457967764549394473760913 0.499884799549687341979620214261 0.500000001748854283611933624343 0.500076268566097881240750666620 0.508275638380505268010267627687 0.500000061032207732125698385062  | 0.054449188679960687509140626616 0.054444690219801590569392857333 0.997100087501879617235545083531 
0.397248091776372658223692724277 0.105242765484498262962276271537 0.497602744748319891776588974608 0.505141549474347417714170660474 0.500658603737940355316027307708 0.533766526147641195976234484988 0.495898545960900827278550195842 0.500000003402229942217616098787 0.501766010089831571150398303871 0.500521538060423432092704842944 0.501442231697110551991158899909 0.500862628424516898029139611026  | 0.574964271554812889064578484977 0.574113230999750534522263478721 0.584981347581375876742981745338 
0.584669760529498705459161556064 0.010274409321141354800577261130 0.500019608313787111697479303984 0.514589600468866814608759341354 0.499973636022578604709565297526 0.502365427532128538956612828770 0.496207654897694527829088428916 0.495630937958721096148195783826 0.489628546737106595809763120997 0.499097904703849348795330342909 0.502792671283366687795535199257 0.499880815292108982017538210130  | 0.429560306536151792489164336075 0.429317181099370059893516327065 0.794922053632714953330662410735 
0.986902877714456727709091410361 0.995798464777475023090858030628 0.499999730239822526289827919754 0.499997895679292869708376656490 0.500000009541693213321877919952 0.500000090415231301932408314315 0.500498022765653138854702319804 0.498449444924387696786993728892 0.499999946228338432163695870258 0.499434940579930264359376224093 0.499889028498645360265584258741 0.499999994089440513711508629058  | 0.014546228733979350844496281070 0.014546296339705314451529183373 0.999791368346128361821456564940 
0.747536983704187640853433549637 0.076937238718193468045569716196 0.499992999324006093253558447032 0.502408394487259934990674992150 0.489037578075665502197466594225 0.481489685903544795131381306419 0.500002362481701045915372105810 0.500039801765520430798517281801 0.501453873347289968975815099839 0.499973058183437402135496085975 0.502801168648307261754837327317 0.504338829467050886457002434327  | 0.273349611266602177117590599664 0.273169053969523623059956207726 0.922850852059441395525141160761 
0.853398774374086510619008549838 0.068587342899871617252216537963 0.502257099724912947635857563000 0.499955953167400102277184714694 0.495417057705666685762935230741 0.500008296316485134624940656067 0.500000195515939438450914167333 0.500231347986948682304841895530 0.499998383443144067683761022636 0.499961511145073755901790946155 0.500002780029973226127992802503 0.501521244835631541114651099633  | 0.161405390192490089118493301612 0.161399162698850462405175676395 0.973630088505291313438760880672 
0.545159302286566616047025490843 0.116846234503933471549075306939 0.536209075929590217590714473772 0.498275292555631577062769110853 0.499999970818783445736244175350 0.500090456938019789490112998465 0.493559538948249554302094566083 0.499398222055966956034467330028 0.500231350540738306520438527514 0.498788536092507117647443237729 0.498998201217224379711012716143 0.501753541563540350622929508972  | 0.464314544409771878807902112385 0.463555243960849072681895677306 0.756474345927184321780600839702 
0.883828370491375303608094782248 0.063674032752829359815827103830 0.501032284195209398625081576029 0.528196924339083606625422362413 0.484337576980512163338232767273 0.500021574769539567384413203399 0.500104174242035015574003864458 0.503059686125236660281245804072 0.500177538152964951123635728436 0.498259156316092965965935945860 0.500152768181366891298011978506 0.501684291454318587177851895831  | 0.128547799940989443401306857595 0.128361925126127290885946763410 0.984435510208374497942429570685 
0.626112623120034461621230548189 0.142628009499787877789600543110 0.500195824838484570662444639311 0.499898669393877392863601016870 0.503760982365246690051208133809 0.506614005168691372560374475142 0.499960792852760849136473098042 0.498359991719560524447985017105 0.495756538412361669188044288603 0.500012496553266183596520022547 0.499875706524013196929701052795 0.500030149776569787789526344568  | 0.391867455711391643458085809471 0.391832855936840085409045286724 0.832504788559358610555705126899 
0.490729022521294910852418524883 0.084293304111403413725334132778 0.499959492774307956430845933937 0.500272625897607237099862231844 0.501188655924611814462821257621 0.502474618772258407872755014978 0.499872330399859676752782888798 0.499845615238273088820619705075 0.500328057746053489474036268803 0.498692830783353968637783282247 0.500344773624407102019517878944 0.504366051637485379721681511000  | 0.507252154932409715648589099146 0.507233176084181058840272271482 0.696754661180364109895890578628 
0.935246297997671338642078353587 0.117205976007199230704003412029 0.500116487575108514818111871136 0.483925239834746778733176597598 0.500003500452263160980237444164 0.499545115749415069572592074110 0.520503499759802923385620943009 0.500128864882846357886592159048 0.500016726356031671052448928094 0.500665451569361485972819991730 0.493179652092392895035288802319 0.502831603880173561016420080705  | 0.071883707861604931310672839118 0.071820330314651126268898906346 0.995561713293189431972507463797 
0.906703133070219990941041032784 0.117627933468415102336024347096 0.520025302306482584135949309712 0.500009724307106662166688693105 0.500000009067592787737055459729 0.500010698988070267922978473507 0.500341970461754992349767690030 0.499888983695831234932427378226 0.487348839310315584683053202752 0.500000230515216803617306595697 0.499798786885718937522682381314 0.500000067313663199008999526995  | 0.103348982576959402823746358990 0.103279368559448109232690171666 0.989835917686094690637332860206 
0.479341874928987943249580894189 0.154186492850074768901080801697 0.500120616695460928902150499198 0.451345975186045078597629753858 0.502515648767489220283266604383 0.500077040841447328922697579401 0.499924996989615455511568598013 0.503127970386561762516919316113 0.500534666293227958888678585936 0.507359312908393311758459276462 0.499917294870739215006949507369 0.499961108180841939940819429467  | 0.517899384134586249217591102934 0.516532895690066440330667774106 0.685460102232868684346556165110 
0.935246297997671338642078353587 0.144370922856004391121587104863 0.500116487575108514818111871136 0.484207858734198193229048001740 0.500003500452263160980237444164 0.499545115749415069572592074110 0.520367487433555986342526011867 0.505539618262131007497828250052 0.500228924789165918518563103135 0.500665451569361485972819991730 0.507472208819629733156375550607 0.500012295019304997545361857192  | 0.071883413277024216236910092448 0.071823132986891732865153414878 0.995579079742534678310050821892 
0.710709586755296829352346321684 0.994355163353039417373224750918 0.500000002979197111230291739048 0.496366089391582998580076946382 0.499141469233114032366671608543 0.500536181033771176984714657010 0.495808254803205727956338932927 0.500000003402229942217616098787 0.499581675139374237204492601450 0.500028806407324610816544918634 0.499999999015449225758800366748 0.499818791836969811281932152269  | 0.310378214387305617627532683400 0.310393643918159434225145787423 0.898546142051651952620261454285 
0.495112671378657109855225826323 0.104764177098040589530825172915 0.499996545905513511964812778388 0.500253625555475700537044758676 0.500924480472364153094133598643 0.494718725369165390759462752612 0.499846783436472152928331524890 0.515591401489849165962198185298 0.491052456734413000916106284421 0.500000006147606423922979956842 0.499999999045720844303986041268 0.492649056827945130976331711281  | 0.504155274132416897359121321642 0.503901274364546236661510647536 0.701942427968465509913187361235 
0.526684290269129551376181552769 0.089389744044005237100236627157 0.500080728220986925336433159828 0.500736462522839986810652135318 0.499856769614493601228133456971 0.494906091440944773118815191992 0.500020098276426683270301509765 0.499992956732515037021613579782 0.500130293034925288431224998931 0.500042955400478716931900180498 0.499930422769477189604003797285 0.501914538256390985182520125818  | 0.478632960914516070172197714783 0.478614311437920603164997146450 0.736138060622995693549341922335 
0.051199732515908369379076248151 0.078033020984207890347050806668 0.499973808579091738568678238153 0.499999999692743057888577595804 0.499733379364804275457601079324 0.499995943124308450666859471312 0.500000004055213165266025043820 0.504224515820438923263679953379 0.491690781630642115285212412346 0.499630456172159953531775045121 0.506759694117478010078059469379 0.500134156395171891595907709416  | 0.704976852322076963375252489641 0.704852762459519111004624392081 0.080348350932376286226421768788 
0.465533999242352614089668350061 0.152012834081184822210275342513 0.500120616695460928902150499198 0.499591735781885482037267820488 0.502495668386149785256122868304 0.506830459905285191091195429181 0.496160736473795827006227909806 0.503127970386561762516919316113 0.500531360362618027437520140666 0.498796332349197624189685029705 0.499866227028798071341242348353 0.501690515562252303816137555259  | 0.526390639901351042873045571469 0.526343344845479066407278878614 0.667862243237018260444415318489 
0.896340597503861857830997905694 0.062842346337968035818732914777 0.501201391683587904601893114886 0.500484939532400585626703559683 0.501073359420938779784648886562 0.500001247694469630467040133226 0.501847436247126799102602490166 0.499862181205998790112232654792 0.501296662172254658962344819884 0.500094249032537740973225481866 0.502657736296356572047727695463 0.506013676774009768521978003264  | 0.114638449382356080730183123251 0.114630392127698155224635456761 0.986823319123471431879579540691 
0.922466812568460414745175057760 0.110958384482381627877956020711 0.499993254257446451127577802254 0.499478387969271575563823262200 0.499760896206780436124006428145 0.500317569238539539000498734822 0.500190364991335956190710021474 0.499871424294483224226581796756 0.499987318734261165786847413983 0.500029210869119444815567021578 0.500104285361832046064023415965 0.499994483228372976757469814402  | 0.085905054702918148823442834328 0.085905002748132050505169843291 0.992593391954381565334131209966 
0.893857368839497623547174498526 0.062625469917300530253712054218 0.501174328267871116437959244649 0.524163666909971404095358593622 0.501187947851867598991759678029 0.500001247694469630467040133226 0.501847436247126799102602490166 0.499862181205998790112232654792 0.501296662172254658962344819884 0.500109350695411736253959134046 0.502657736296356572047727695463 0.506013676774009768521978003264  | 0.117475071724406993078915206752 0.117372677427616978196311947613 0.986759199531759723100776682259 
0.998231522565178663874974063219 0.995597881712673826726245351892 0.500000002979197111230291739048 0.499999999692743057888577595804 0.501439082136411085066640680452 0.499999990609400757346492127908 0.500000004055213165266025043820 0.499721358953306493688728551206 0.500000001748854283611933624343 0.499999984268518771202138850640 0.499998899625908210797575748074 0.499999994089440513711508629058  | 0.001964282963980093586059405553 0.001964289535088251624495025993 0.999998290179815896294712729286 
0.504263565055086293575925537880 0.049415506166189587800019467068 0.494937102722424804301937228956 0.502368263227669697990052100067 0.500920684077746147799814480095 0.500059795025893372155678662239 0.501574641354919692481928450434 0.502017010372401761841842926515 0.500152392413920843239338864805 0.500098080443505232928202985931 0.504135892739304258824972748698 0.500111040442987153653575660428  | 0.496687534964959487293612028225 0.496648312436399286262656005420 0.711866232070271998111365974182 
0.704353702813356186140936188167 0.105042634080645846950119448593 0.518154095169482298288698984834 0.499993866240888207297388134975 0.516334038501710557156343384122 0.500017117976730207651314685791 0.500358432361703964197374716605 0.500356825882137035144126002706 0.499393587650599657390415586633 0.500056844505130104749923702911 0.499998888129391028112280537243 0.499988696372066276918388894046  | 0.317009954473842836542019085755 0.316775355102546785079908886473 0.894624176955507999231542726193 
0.922466812568460414745175057760 0.110958384482381627877956020711 0.499993254257446451127577802254 0.499478387969271575563823262200 0.499760896206780436124006428145 0.500317569238539539000498734822 0.500190364991335956190710021474 0.499871424294483224226581796756 0.499987318734261165786847413983 0.500029210869119444815567021578 0.500104285361832046064023415965 0.499994483228372976757469814402  | 0.085905054702918148823442834328 0.085905002748132050505169843291 0.992593391954381565334131209966 
0.614033830748368814056448172778 0.105808147514268952038563043061 0.497954191036083404497958326829 0.474991118074249041303147578219 0.499527417171681642482639063019 0.500909865640351892324133586953 0.484753784141089827386394972564 0.500824676216344077950282098755 0.500091992138478214080521411233 0.500523874398951629238752047968 0.499825511250291454334870877574 0.503325108050353131616816426686  | 0.403487195571785306480450117306 0.403050510338544276667249732782 0.822495890708062171725600819627 
0.409667233888467374747222038422 0.062637398801357019317848084938 0.501059836601784658327574106806 0.500232766703676556829805122106 0.500399805309750367321441899549 0.499984797097477617899841106919 0.495900366858430474703567369943 0.467838300540995843945779597561 0.513493339631862277805396388430 0.498191173726620639694573355882 0.499994007658902950286261557267 0.509636798466046370137405574496  | 0.566953986129182907482970676938 0.565919665169347441135982990090 0.600800582414238393269556581799 
0.507437464138015492665090278024 0.150316806849279616109527069057 0.500120594876580004672916857089 0.500367734377337947115904626116 0.499948330740069502020617164817 0.499596876853368954130019119475 0.499882197076564060989056770268 0.502476301121466684129757140909 0.489459518312412800167265913842 0.500064608285601286397081821633 0.507472208819629733156375550607 0.506807640810859272306743150693  | 0.494292860289722801869771728889 0.494173577014911769023086662855 0.715476471825952642369372824760 
0.626112623120034461621230548189 0.142628009499787877789600543110 0.500195824838484570662444639311 0.499898669393877392863601016870 0.503760982365246690051208133809 0.506614005168691372560374475142 0.499960792852760849136473098042 0.498359991719560524447985017105 0.495756538412361669188044288603 0.500012496553266183596520022547 0.499875706524013196929701052795 0.500030149776569787789526344568  | 0.391867455711391643458085809471 0.391832855936840085409045286724 0.832504788559358610555705126899 
0.095157081910689930714930540034 0.062617745679400788061386151639 0.500399521378865452803097468859 0.494336243809329223264370511970 0.500427064914361841019285748189 0.501585378225241740324236161541 0.499610434173188511230989661271 0.499981990371021367547399449904 0.500741591594795920627802843228 0.499807629488106364146204896315 0.499483217561668635386951109467 0.508096269089206131752689543646  | 0.699342104850015799932805293793 0.699244595471191221491835676716 0.148931544287246003799296545367 
0.879235139261418052747387719137 0.016198052755783870493289100523 0.499216150139370207217126562682 0.499485483327776591533364580755 0.500024560903299386538378712430 0.499731241683666060904300820766 0.499950051055662036958437965950 0.499999728726435610504097439843 0.500101818744114190451455215225 0.500050089029278610475159894122 0.499778174323175949922415384208 0.499896425987636339183239897466  | 0.133333242319545824949855727937 0.133333034135659306285148772986 0.982062423207732182461882075586 
0.695686144589343302691020198836 0.062637398801357019317848084938 0.501059836601784658327574106806 0.483851943267475659293808121220 0.504409070422614291828722343780 0.499985305070971886021169439118 0.495900366858430474703567369943 0.494450002944038624619338406774 0.513493339631862277805396388430 0.499705550248043028904731954754 0.499994007658902950286261557267 0.506858709509019789152262092102  | 0.325587858000175423001110175392 0.325338405719748591238271728798 0.888405337008682849386786983814 
0.244872242690964525557717479387 0.145091477764437232211847117469 0.500035681157796840778928526561 0.494205710356204641620081474684 0.499999650416748708803282852386 0.495126740837596612809790030951 0.499599195009268637335253515630 0.499589865270661126483986436142 0.497638231703577016418194034486 0.498883691182975208544547740530 0.507411936835118870803285062721 0.507537516741758176763710252999  | 0.655619740366814918175464299566 0.655490953032070833295108513994 0.375295687244615705502326363785 
0.771864914486037445584543092991 0.121404560748778908574330159809 0.500000001135627258896931834897 0.499968018301276351245121531974 0.499890578850817279832341455403 0.499982059624365537953138982630 0.499988480972869298035732299468 0.500056500178449603311037208186 0.500094026615354736442498051474 0.499184689650812751793296229152 0.500210954873636981510287569108 0.514214208055975063871301244944  | 0.248085907153283796722220699849 0.248026092349529658775963980588 0.936665382171928073695710281754 
0.361098671821929673164675023145 0.102281294471470288187653352452 0.500010966438725779070750832034 0.494778640943635439342074278102 0.499432917034322076954566682616 0.494948311377684746492633394155 0.509346188621175310906608046935 0.500009140765248494275851953716 0.498163720666081222265830774631 0.500036995166115549871221901412 0.499952736510037576422860183811 0.506424810087651500190020215086  | 0.596554591650691357074265397387 0.596416657198004629414356259076 0.537382584602780988269898898579 
0.685800442198113868741415899422 0.994355163353039417373224750918 0.508926724029922783465451630036 0.500006582463758730838776500605 0.499137853863387159769615664118 0.502064568915026154805048008711 0.500019209214462079238217029342 0.500000003402229942217616098787 0.499581675139374237204492601450 0.500028806407324610816544918634 0.500211625669328863175167043664 0.499874031442985089501718221072  | 0.334997829339476083099214065442 0.335042014748825112135932613455 0.880734448044254047971435284126 
0.516492550342948164576739600307 0.047263998139836289891224652138 0.492040888396469033860824993099 0.502368263227669697990052100067 0.500920684077746147799814480095 0.500059795025893372155678662239 0.501574641354919692481928450434 0.502017010372401761841842926515 0.490458656564419448464775541652 0.500095818474930009500667438260 0.500151798623151067069159125822 0.499993689982073996613820554558  | 0.487019936438446265913881916276 0.486903995519181675977193890503 0.725307492078290261261486193689 
0.614453073339972455357838043710 0.102522959967560806093800351846 0.499746783021549734193911262992 0.475105683282669666311903711176 0.499527417171681642482639063019 0.530769440006342074767076155695 0.484021505406286967065909720986 0.500824676216344077950282098755 0.500091992138478214080521411233 0.500517481091833138506785871868 0.500027554344308788891737549420 0.503823658276052799287469952105  | 0.403734836724109369399116076238 0.402811139419276154072235840431 0.823662594679981707734839346813 
0.783386300583583050638480926864 0.117777235868474799973526501162 0.499977706404948429863566161657 0.499457965199072762008114523269 0.499967929448634496036873997582 0.499981688027450632549886222478 0.499916415497736243978010861611 0.499891487032239068000194492924 0.499907883713525236224484160630 0.500582656328434572046148787194 0.500160838464306811701476362941 0.500020230982707980516011048167  | 0.235981895724322793261862329928 0.235981700578322434180833511164 0.942669910008396616518666633056 
0.465533999242352614089668350061 0.152012834081184822210275342513 0.500120616695460928902150499198 0.499591735781885482037267820488 0.502495668386149785256122868304 0.506830459905285191091195429181 0.496160736473795827006227909806 0.503127970386561762516919316113 0.500531360362618027437520140666 0.498796332349197624189685029705 0.499866227028798071341242348353 0.501690515562252303816137555259  | 0.526390639901351042873045571469 0.526343344845479066407278878614 0.667862243237018260444415318489 
0.454315450657086561392361545586 0.993917598958341197423749235895 0.500118650519035701229597634665 0.500002011371647681059471324261 0.499979955904993222937093833025 0.506747462451497265867317310040 0.500000004055213165266025043820 0.496152426847264182985242086943 0.499554996800844808291230947361 0.500016398672152306836835577997 0.507383299224668182780817460298 0.499938350313831159077437860105  | 0.534576696557142350130220620485 0.534672137385353463123749406805 0.654662965010034514357073476276 
0.347687148374947796458656057439 0.095061018209836811720947480353 0.500076583494490245485053492303 0.509918929785968200185664045421 0.499999981152664696448795211836 0.500270867899503035580721643782 0.500803272794121179245507846645 0.499756975213427712123603896544 0.490701063255924496697701897574 0.500092230456749109457348367869 0.499987541691384096420591731658 0.499994479187660045838015321351  | 0.604429449427336451527992267074 0.604286743309758067610459875141 0.519493890479074793553593281104 
0.453012891357733149533260075259 0.152012834081184822210275342513 0.500126624741525138695408259082 0.497566628102921459930740866184 0.502495668386149785256122868304 0.506830459905285191091195429181 0.496058952203741965192307361576 0.503127970386561762516919316113 0.500651810587472878566472900275 0.498796332349197624189685029705 0.507271312824987496981066215085 0.501690515562252303816137555259  | 0.535626227486988737425122053537 0.535543247471511940638322357700 0.653132050570565558800240069104 
0.125310022978566498741415102813 0.104705507961917007597740791880 0.499959492774307956430845933937 0.500340399282587888762918737484 0.501188655924611814462821257621 0.500645346438533089816758092638 0.496139206759224127285534677867 0.499930765018358147511179367939 0.500328057746053489474036268803 0.505491324621758719715103325143 0.500344773624407102019517878944 0.504366051637485379721681511000  | 0.693527185362833864523679494596 0.693470089163464198378505898290 0.195580890918203659234464453220 
0.039567394436685165981515410749 0.078680955802955129807507717032 0.499485058315037644405265382375 0.499999999692743057888577595804 0.499733379364804275457601079324 0.499995943124308450666859471312 0.500000004055213165266025043820 0.509774339272418552937438107620 0.491690781630642115285212412346 0.499630456172159953531775045121 0.506759694117478010078059469379 0.500134049767640753714204038261  | 0.705988655258155239913264722418 0.705791773596619931296913819097 0.062125401868233100233229748710 
0.848871046217012148460412390705 0.105242765484498262962276271537 0.497602744748319891776588974608 0.505141549474347417714170660474 0.500658603737940355316027307708 0.498194350253947926265851720018 0.497745281406145212432790003731 0.500000003402229942217616098787 0.499674457195005083942618284709 0.500528171688189638111055046465 0.501441544701565988795266548550 0.500050723514827932802973009530  | 0.166301544196359951666153165206 0.166292588616777176069305710371 0.971996617735305212804064467491 
0.574262554672724023774321722158 0.110042955955611698737328651987 0.499988597725606054300584446537 0.500407228983206886496759580041 0.500412250444169481866651949531 0.500013323989006663872203262144 0.499579031459946976134745000309 0.500036065826558240310362180026 0.465821054275942003641830524430 0.500033918179435543649447026837 0.499833519563768535753922606091 0.504709237205245631052719090803  | 0.439250293642032052510160156089 0.438610664257242433006211967950 0.785533655847281409023707965389 
0.286655883197652505689489998986 0.120882396336804420755584033031 0.500000001135627258896931834897 0.499974039258716418387962221459 0.487381541847293042746258606712 0.499999614762238253629078599261 0.500091339517530819591684121406 0.500050804911842616817807538609 0.498070592517518895281369850636 0.500043565860532446265551698161 0.499944964797990387683768176430 0.499951760984857107583678725859  | 0.636792251776285400666210989584 0.636668683147507463715442099783 0.435286774940308263115440468027 
0.805723460873144614602381352597 0.144370922856004391121587104863 0.500116680649790201762527885876 0.484207858734198193229048001740 0.499990807358789146608302189634 0.496120685448311393717091277722 0.495416407587756624231190016872 0.494449910335109987791213370656 0.499497850027235734682307111143 0.500546195007259941966992755624 0.507560291674788111038196802838 0.452104950027224283815030503320  | 0.213336439198921590243429591283 0.212703179616399146167893263737 0.956340871288187233112410012836 
0.717265755175290564693568740040 0.103634215810218768827333235549 0.519496785062881105687893068534 0.500196851234277373166037250485 0.516334038501710557156343384122 0.500017117976730207651314685791 0.482845608299357853532285389520 0.503314298935752746366745213891 0.499393587650599657390415586633 0.500056844505130104749923702911 0.523441633049256616061484237434 0.499988542814286285320690694789  | 0.304556950856972985519632857176 0.303988677502792126183805976325 0.904346399838467873699698884593 
0.096476245340398086858257897802 0.102330984792073115263733029678 0.500399521378865452803097468859 0.494341227797996218829013059803 0.500427064914361841019285748189 0.495051168632074711783985776492 0.499610434173188511230989661271 0.499981990371021367547399449904 0.500713719451765015833188954275 0.499807629488106364146204896315 0.499480822225649656598278625097 0.508096269089206131752689543646  | 0.699142795995988608481752635271 0.699035058237738371467173692508 0.150983766902826110900548428617 
0.687464898488501674478357017506 0.089241632745270527138359284436 0.499982285101843892949347036847 0.499974039258716418387962221459 0.499902437753110717721938272007 0.499999614762238253629078599261 0.499988379466270838058505887602 0.500050804911842616817807538609 0.475531730575781463876694488135 0.500746649436364266172461157112 0.500210954873636981510287569108 0.499964408377955582540863588292  | 0.333690883241032687500648989953 0.333433069463944742327754511280 0.882423802475767793396244087489 
0.519082597860781147502962085127 0.067885559327171968169167826090 0.499999873595974975160061148927 0.500013736527539665033259552729 0.495426049110064825597987692163 0.494906091440944773118815191992 0.499909456225402060169926699018 0.499992956732515037021613579782 0.500000565946946529116701185558 0.500042955400478716931900180498 0.501502782018102277739046712668 0.501482481374085908853999171697  | 0.484831979342057295401247074551 0.484798194745172716935144308081 0.728018774105650856576232854422 
0.589351238985740488729447861260 0.107120014397520557647425221148 0.500019566886806710037660650414 0.514182443244499909340561316640 0.500414386030367919211414573510 0.502322368199005442335192128667 0.499570056127630113262938493790 0.500011699909869045121979524993 0.499442974029255193357812458999 0.499959571286582360460926111045 0.499792378792184965874412228004 0.500003023687468517444187909859  | 0.425279718771375436769943689796 0.425170969186362268654733043149 0.799237977780035246944123628055 
0.831497015642295167481279349886 0.071635558478129593429351018585 0.501171626891385058044647848874 0.499639889080417065603256787654 0.495288153355806004540795584035 0.499974017190243869013244193411 0.539584112471486299078549109254 0.500063900976230879535933127045 0.499047565482612920373384213235 0.500109331508330146043306285719 0.501408431447233793321061057213 0.500002483781249451588735155383  | 0.185475084041996057804269071312 0.185078396498691538640812837002 0.966713269996876123357765209221 
0.835987406298417612404705323570 0.062176096731786645310791072916 0.501127829378226308243426956324 0.499621370427540623104789574427 0.500079560432207137488092030253 0.500829871719509989169694108568 0.500001830653660328529497292038 0.500269776835736479370098095387 0.472423281353965995865706872792 0.465955286310150540440844224577 0.502745472962447426112930770614 0.499964918703884375617008117842  | 0.180750095961028506286183414886 0.180272013737899139407261372980 0.968862015844522583840614515793 
0.294721603061135817291926741746 0.117777235868474799973526501162 0.500230791193021828711096077313 0.501017403860523735659171506995 0.499967929448634496036873997582 0.499981688027450632549886222478 0.499916415497736243978010861611 0.499891487032239068000194492924 0.499907883713525236224484160630 0.500071369753375072342294060945 0.500160838464306811701476362941 0.499082170922322432282669524284  | 0.632678751007819117901931349479 0.632677238910827055562435816682 0.446588278069210586895820824793 
0.330019669620271682841661231578 0.093550458895280505511315993772 0.501182704778659560140852136101 0.509918929785968200185664045421 0.499997457464384953418345958198 0.499978954717195112067429363378 0.500803272794121179245507846645 0.499814004355591090522636932292 0.498877599209858524353933262319 0.500092230456749109457348367869 0.499988256070145797860249103906 0.499994472906204578954714179417  | 0.614306786097835622051377413300 0.614226999481909174960492237005 0.495535913357757096253664030883 
0.233786086602597226180577649757 0.102644296124660888702706529330 0.500035387880430670648479463125 0.498269350022603751959593409993 0.499999650416748708803282852386 0.495348416647631517584215998795 0.499599195009268637335253515630 0.499493236219512026785594116518 0.499949745536701628534359542755 0.499610321599481821408517134842 0.499549338361631567462239900124 0.507538205172449741198192896263  | 0.660048810023425858162227086723 0.659981062411023056135661590815 0.359061329846038057578283542171 
0.308001579041009498904912788930 0.087164322255429818597782798406 0.502519488981424067297609781235 0.499457965199072762008114523269 0.501155740374787272983780894720 0.500004311370935039526841592306 0.500104174242035015574003864458 0.489221673239012000422576420533 0.500177538152964951123635728436 0.501516649181728779716138433287 0.500148102089583379559201148368 0.493622513747345670331867495406  | 0.626124758512126122766972002864 0.625989030438052318494612791255 0.465231041141745405020913040062 
