1.000000000000000000000000000000 1.000000000000000000000000000000 0.500000007480557284722522126685 0.500000017013723430103766531829 0.499999995905340777202496838072 0.500000092590342948284387603053 0.499999989077967055273177265917 0.500000016550797288239493809670 0.500000017364606863523590618570 0.500000009714412718686560310744 0.500000006137897856639540350443 0.500000009911856446720435087627  | 0.000000000000000000000000000000 0.000000000000000061232339957368 1.000000000000009769962616701378 
0.000000000001612646443686367038 0.000506904010065367671700187202 0.500000007480557284722522126685 0.500000017013723430103766531829 0.499999995905340777202496838072 0.500000092602250534312702257012 0.499999989077967055273177265917 0.500000016550797288239493809670 0.500000017364606863523590618570 0.500000009714412718686560310744 0.500000006137897856639540350443 0.500000009911856446720435087627  | 1.000000000000009769962616701378 0.000000000000000000000000000000 0.000000000000000000000000000000 
0.000000000001612646443686367038 0.000506904010065367671700187202 0.500000007480557284722522126685 0.500000017013723430103766531829 0.499999995905340777202496838072 0.500000092590662026381664873043 0.499999989077967055273177265917 0.500000016550797288239493809670 0.500000017364606863523590618570 0.500000009714412718686560310744 0.500000006137897856639540350443 0.500000009911856446720435087627  | 1.000000000000009769962616701378 0.000000000000000000000000000000 0.000000000000000000000000000000 
0.000000000001593849929949262404 1.000000000000000000000000000000 0.500000007480557284722522126685 0.500000017013723430103766531829 0.499999995905340777202496838072 0.500000092503662174614476043644 0.499999989077967055273177265917 0.500000016550797288239493809670 0.500000017364606863523590618570 0.500000009714412718686560310744 0.500000006137897856639540350443 0.500000009911856446720435087627  | 0.000000000000000061232339957368 1.000000000000009769962616701378 0.000000000000000000000000000000 
1.000000000000000000000000000000 0.981997271939813343166747472424 0.499841221991434103699702973245 0.499755119873395492469114742562 0.499990189099047577236945016921 0.468153950516814354454453450671 0.521944786442138153326197880233 0.490507129077982551024206259171 0.537395574517817165016708713665 0.499890832503348980786483934935 0.502565857031310736502405234205 0.521616339926248229197369710164  | 0.000000000000000059451657123759 0.000000000000000015520224607093 1.003458235076176929823077443871 
1.000000000000000000000000000000 0.000220436691673928705087481816 0.500000007480557284722522126685 0.500000017013723430103766531829 0.499999995905340777202496838072 0.500000092602489454307601590699 0.499999989077967055273177265917 0.500000016550797288239493809670 0.500000017364606863523590618570 0.500000009714412718686560310744 0.500000006137897856639540350443 0.500000009911856446720435087627  | 0.000000000000000061232339957368 0.000000000000000000000000000000 1.000000000000009769962616701378 
0.990692733055004048914327086095 0.990034446744044727140021677769 0.492721972516662942709331218794 0.502279675120203217275616225379 0.496729430577773911625882874432 0.499206542316019297178542046822 0.500656942126677328985806525452 0.506071311753471975158902296243 0.443128280497685766992077560644 0.507111485224325142517898257211 0.525753272265449766997846836603 0.461470734254481707026229742041  | 0.687558736467505426936952517281 0.447491478305495793410528904133 0.581484324094100224478154359531 
0.990951620060808613388303456304 0.998045992427987860295957034396 0.498445453361953616511215159335 0.482192228131884947917029649034 0.496635679508644900526093124427 0.495664923551145553126673348743 0.493246372569587310241701061386 0.500494924720514378080338246946 0.470154307717215003137312123727 0.446193454559318025687275621749 0.511783904537587042149482385867 0.501575201972033202224565684446  | 0.223050782376162326503532540301 0.778449820894355437594924751465 0.594077786466730040082495634124 
0.995358364223271729898101511935 0.991544618681091560752349778340 0.499514044125222100856120732715 0.500249119369090555764501004887 0.499870908711976591476400244574 0.492455389920343544751801800885 0.500286005628204577533324481919 0.479219281187353518536298224717 0.506437744366907693915891286451 0.503472678218801261706971672538 0.520610537558834796101336905849 0.521014918272467153492755187472  | 0.432345382199486261143306364829 0.343911746994598310767088378270 0.835237887464204131759970550775 
0.993511765013084469089221784088 0.985415541781245685193368899490 0.492628319932785774248884536064 0.500358459217156381626523398154 0.507573065704170711676113114663 0.499727602256875624853194040043 0.499559122857874127188182455939 0.497903265037881126442442791813 0.505592193481119722697769702791 0.488601360264705686375918958220 0.504928300207806324273462905694 0.499872876065083793228893682681  | 0.638836367603731858366700180341 0.241525500837992845859503177053 0.730860864747358229820406450017 
0.988676705424499258079151786660 0.987128366702795356779631674726 0.505656622845389591702769394033 0.482474151339531309723440699599 0.497275389736993811418130917446 0.495556657870350025785199932216 0.468233143843374832737680435457 0.498159939422121222918349303654 0.501384021354595921238228584116 0.489249739645179038127764670207 0.458584968586075614194186300665 0.533509086786561947945983774844  | 0.799837207670575200957330253004 0.366836195758799721300391638579 0.484127261487282911645024796599 
0.976368905795919173051800044050 0.994914946339326533575331268366 0.492628319932785774248884536064 0.501050689950075622824954280077 0.500039002865256709817742830637 0.520805459041536855657739124581 0.513901413924152894452390683000 0.489679165102302527134980891788 0.513043584169750599421888637153 0.500558170533789814626857150870 0.476250835662283600324684584848 0.499972959388510773681701948590  | 0.581837218935457700652591483959 0.802456890320432547625273400627 0.143442722991786536512748284622 
0.990455401483313901955796154652 0.991564693825175758057355324127 0.479316994173251520461320751565 0.502964574601693303890215247520 0.505228824176146895652550483646 0.513890961504182230967785471876 0.500888045346718935313390375086 0.497856151904567556520930793340 0.495571604962661893534203727540 0.510236413628897600425204927888 0.523725644420335312290148976899 0.439315568990996274667537591085  | 0.647556193442258121173438212281 0.516543925516372071093940121500 0.569159901550656988078458198288 
0.991528568620309469494600307371 0.991412302933888489597791249253 0.514176492282683916812402458163 0.518333799231927905282191204606 0.506081891403913686211524236569 0.492162179539156752205997236160 0.443486642550903586990074245477 0.478918121129743856734251039597 0.505616253550746130862592053745 0.510333927521984143105271414242 0.504274841504658510871195176151 0.536442021825565995563067644980  | 0.620866580863829398140296689235 0.484905168314611501045874319971 0.625253176421442402599382148765 
0.984765677349114909588934096973 0.997619665364016805497726636531 0.500616767975509913135567785503 0.500549528505646490472713594500 0.499834942862295128485072837066 0.495781194227123855888805792347 0.500197821096084016545546546695 0.500859662470321764793368402024 0.521428815217288010863683211937 0.499996313654323731867634705850 0.518403373087773733374206130975 0.520732043635216412802435570484  | 0.308801765419845664073505986380 0.892559378054206709052209589572 0.332377413959444811819565757105 
0.985985990976612547420643295482 0.992395943988027218196634748892 0.478650532553747010133804451470 0.499980256158560398827006565625 0.498849115466243386851630248202 0.491515453227650389589342694308 0.524891946543788012746745152981 0.500743007460076272607807368331 0.449692830354550265870017256020 0.489035943632662950530942680416 0.477537622154474539204471739140 0.507183659159834099305896870646  | 0.692840965224195248772787181224 0.622761038971557767673914440820 0.375329163529010800814944559534 
0.962376531739577156798759460798 0.988544398999469109412530087866 0.529512368153941648252214235981 0.490879541768702742920993387088 0.509751211524388070372992842749 0.501159963454465007259841513587 0.489865784979111817953878471599 0.539298853736860928087537558895 0.501150206159079902867858891113 0.489217062961188942082912944898 0.496017254715357958083643552527 0.506879431456577322911982719233  | 0.881377447724204898804600816220 0.477264494673796613177785275184 0.034024145620880325013857259364 
0.976368905795919173051800044050 0.977741410009008604653502061410 0.503443673429417759557225053868 0.501050689950075622824954280077 0.499593743104254917053452800246 0.520805459041536855657739124581 0.513901413924152894452390683000 0.507239136295818182631478521216 0.510240076439861134360853611724 0.500558170533789814626857150870 0.475473445016948825792013622049 0.499972959388510773681701948590  | 0.977549463565362652950341271207 0.163171794808377651486708259654 0.143424937264446883400381693718 
0.995442737347806860803700601537 0.979903323243999313518770577502 0.579245935814633350346980478207 0.499804918023807553950632609485 0.498541056645248059631114756485 0.495442522721809774921553071181 0.486472592674896842090959125926 0.477484673050240115976805554965 0.545780031774013463241601584741 0.503468281525800143150206622522 0.500370333950004297918212614604 0.499920821244650315229307580012  | 0.537952585736515720427064479736 0.112566295140506478222874875428 0.846297943125736584768503689702 
0.983782440390343793090721646877 0.996110308595539173381894215709 0.485713044707120455978355266780 0.481804209202282784918480729175 0.499881579508343054651930970067 0.495887142900021227198692486127 0.491903236275313848757662071876 0.488421457110841616966467881866 0.496220870174147454800817058640 0.496979063774426632615899279699 0.483529784915774585307701727288 0.486378758911919284457781031961  | 0.463529839621596773113765266316 0.834570688886535738681970997277 0.301823303306332557660596194182 
0.982378236576811780800255746726 0.995861809033487199727119332238 0.505890897604235334483746555634 0.499980256158560398827006565625 0.499947755711798502709086733375 0.499661356789064037275949203831 0.567885273713205851464635998127 0.492391585869385306484247166736 0.446912150722101830790933263415 0.497383043435759564232512275339 0.498469900205824267835907903645 0.501134391783800370312462746369  | 0.494182632631211149476513355694 0.837276700775584914460125673941 0.264325143946114837767424887716 
0.973885412097616920412690433295 0.991723025094316756877788066049 0.530261866195666731194080512068 0.486680217557411032291980745867 0.406436019359089961699993409638 0.515983650651779202078728303604 0.468349652786997305842220384875 0.498236850874896108898326474446 0.509158316636186047965395573556 0.518930616541984801592946041637 0.501200632848998406387863724376 0.440376143771255390557683995212  | 0.781778489897949291353995704412 0.637594960305576718972986327572 0.112854476994321550886724025986 
0.993798224704296018217064556666 0.994914946339326533575331268366 0.492628319932785774248884536064 0.496827460444542901019104874649 0.499399511646371807582767132772 0.500066905837725506067670266930 0.492707508487411571795888676206 0.489864557898983976613749291573 0.513043584169750599421888637153 0.500558170533789814626857150870 0.476250835662283600324684584848 0.499972959388510773681701948590  | 0.390766561320896321785056670706 0.538936509102143412874852401728 0.747502605409041009920656506438 
0.994971499814478965717512437550 0.999231596969240132288803124538 0.499996495760035297717394087158 0.500939787714840489840639747854 0.497471659838272295406369494231 0.471884961602044461503879801967 0.500107945260833797185284765874 0.500852191217108000387270294596 0.497075541957522071268016361500 0.513201897592398537106817002496 0.462430328548819269407488263823 0.501482103722074135099262548465  | 0.067725687278232929444676813091 0.580097629510183288026325953979 0.814675201693288997262243356090 
0.986812287876239757622442994034 0.992395943988027218196634748892 0.478650532553747010133804451470 0.499980256158560398827006565625 0.498338035576680604687993536572 0.491427422580868189516678512518 0.524891946543788012746745152981 0.500743007460076272607807368331 0.449052101050964602713122530986 0.511262174710435224334048598394 0.477294370918614374588173632219 0.494277814290030703681111390324  | 0.683158567949974093735932001437 0.614058003081816239365764431568 0.406316078774179356702944687640 
0.997930072384521138495472314389 0.998894347543504035336070501216 0.500621044858128749766024156997 0.428918149859239705712354862044 0.499807107680459938858774648907 0.493566758263832949804594818488 0.500253069851561149583574206190 0.499930346779195511341953306328 0.472040211147382537948402614347 0.510552007451584910491249047482 0.484121029493165599966175705049 0.521362008676473642765358817996  | 0.047769357564675957172894982250 0.287759027756763208216739258205 0.963509121434628412750100778794 
0.989853818145149277896166495339 0.956116078792358048410449100629 0.500308901688703788757095480833 0.501582979007692553174990734988 0.508183896468988760553031625022 0.500365154821342472679646107281 0.500173658261485409859403716837 0.497616751800370404890117015384 0.536285190151421398141451390984 0.509882414390287919125910320872 0.506181708977074151789565803483 0.530424822170646792507398004091  | 0.845704405261150538031245105230 0.014943276433067394573517283618 0.538027824514749841711136468803 
0.994869265637640665111973703461 0.985540315317314119525349269679 0.509674584762573323892809185054 0.501432393584499203065263372991 0.517103161906306896256069194351 0.497973095803021237326646541987 0.507479652198506880900197302253 0.500527869160155569616676984879 0.518946264609909779785823502607 0.500057517503498916155990627885 0.499990655528526506401476581232 0.456225210819902637915390641865  | 0.552875029547653329409229172597 0.211941410899986887317325567892 0.809237203127783133460582121188 
0.984227529994238015120799900615 0.990954891734673770642416457122 0.529865301020384427133080862404 0.501299881010474845943747368437 0.502388152921431574426947008760 0.495322333280416027267989420579 0.501819169381277685459963322501 0.529935432922572058345167533844 0.565567007026430368377134527691 0.484686034411693000834020494949 0.495547611609580884728387673022 0.488193383708595662895390887570  | 0.770127697935379607052652772836 0.565238743039669033763061634090 0.316982263210403292230665783791 
0.989616039920799384077554350370 0.996114280050336642347019733279 0.495319303190973336814550975760 0.497369346263182354750398417309 0.492966583952853143468786356607 0.501932851926365830586007632519 0.490035245456439616518196089601 0.501028996566819206925913476880 0.460566060210920558137814850852 0.503344823420869946772882030928 0.484981764523169267544489002830 0.464772145947445980418422095681  | 0.414166894306617905385792255402 0.746440105599466496855143304856 0.527004376974138932787639078015 
0.994931025857495709985300891276 0.999890346068835311754696704156 0.509674584762573323892809185054 0.504606997746850138852892087016 0.517103161906306896256069194351 0.497973095803021237326646541987 0.518581522428512076139384134876 0.500528151512140917489546154684 0.565763168716208353359320426534 0.499999098699262678469068532650 0.499990655528526506401476581232 0.453699226713028203050726006040  | 0.010106955101742372271633740866 0.589914419871487738511461884627 0.816334581109024459699696762982 
0.989216631940016855040198606730 0.998645249923055366991775372298 0.529402609209604246842673092033 0.486680217557411032291980745867 0.406436019359089961699993409638 0.494354653389684983721963362768 0.467470904010537535722136226468 0.488173004457182535542614232327 0.509158316636186047965395573556 0.518930616541984801592946041637 0.501200632848998406387863724376 0.503097087199769976706420493429  | 0.172527225234154590882695856635 0.854859623074124774788629110844 0.512386363710461090192893607309 
0.998331416957270789680478628725 0.995184288275561934611346259771 0.492575714893263794103006603109 0.492143335204904885937793324047 0.507573639338591231506825351971 0.469158563509668002922126106569 0.492779618427776844313825677091 0.516113211979730035494640105753 0.418968951939225064950989008139 0.509961301856435400559064419213 0.515846113113890947232675898704 0.499972959388510773681701948590  | 0.136507240882822067362667439738 0.198904940052720941023878253873 0.979070701191155468023907815223 
0.995714862416375967590909112914 0.995067217427267780571753519325 0.492628319932785774248884536064 0.497332301540445054222061571636 0.507573639338591231506825351971 0.500233247502515188109839527897 0.492822093401197314221917622490 0.500223670818883081601313733699 0.474677782050075491859786325222 0.475214732202149492401588304347 0.516636956978157702025100661558 0.499864135270008280720333004865  | 0.300357041895147169885404991874 0.427188583305366187392593246841 0.854812267871142394959349530836 
0.970322905052952155990908522654 0.053798062344409258717092825464 0.501871102948453717829124798300 0.482829015966970476192443584296 0.499560799583667558554367360557 0.513665940900408735103610524675 0.499994096568717794060177084248 0.512865341353234582832953947218 0.471806267437271831255429788143 0.489863095194510822505407077188 0.483622761576979143249843673402 0.499792573580410015576802607029  | 0.998831062251476331503852179594 0.000000000000000000000000000000 0.077286696403625121387648277960 
0.978962064884974392242611429538 0.999159894969080530913174698071 0.517889695892821189104893164767 0.488980678073321073373591616473 0.503905102050735576035833673814 0.498869852452642870144217113193 0.513578619377261347267449309584 0.500316836172649215264129907155 0.503060634965395547801847442315 0.518709649797370664359164038615 0.504831890355677326276406802208 0.537499102215780899527430847229  | 0.124376466539296473556852618003 0.977000894817324105900979702710 0.186731091608083626942615751432 
0.994651390762537057632641790406 0.995053716574007540707214047870 0.498380262184718092477453410538 0.482194358240084497424504661467 0.507447726269929511033751623472 0.495670635537325598996005737717 0.463527121853291868003310582935 0.500854875794020881762946828530 0.512729177140262115663915665209 0.443620475966819527435802683613 0.504021566137076826308316412906 0.502242643290423118607179731043  | 0.351429184596767085757562654180 0.498449610353556005204467282965 0.798902319292336349221272939758 
0.991744663513800195353553590394 0.996635549411576060485629113828 0.492628319932785774248884536064 0.492364501314065339254710806927 0.495496136315641932945652570197 0.498876691537991578950794746561 0.491227433771461663436497246948 0.505810651520301024497427988535 0.510786353141503668418010875030 0.500398506679643584327266125911 0.499124528397162536830222734352 0.503638565085955947076001848473  | 0.336375952950251466688769141911 0.697410783350129293012287234887 0.633419607806328222032732355729 
0.992667843669948202212083288032 0.987294667787683932758113769523 0.499884745041261679965316488961 0.497144071086857708419159962432 0.507610771560891405052018399147 0.484862643232992440722739502235 0.497497158397651739747402643843 0.512802837295125435446152550867 0.498478313922155524817725336106 0.494373017366934286442869961320 0.505012226855081403087410762964 0.520757310112756832687352925859  | 0.661906276358067091614145738276 0.309447987222777443072629921517 0.684129878491692156039505334775 
0.988013857258735250788106441178 0.996835006209164764534591540723 0.495034121315200636992415184068 0.494350179456951754897175987935 0.492884227240514505297142022755 0.502054057567162037578611943900 0.499946579415038616645006186445 0.499893729015073950971981275870 0.512127675682188421291129998281 0.503507416826820430877376111312 0.475993822623626772205795987247 0.464266073625840325345137671320  | 0.369741291151505946377398004188 0.813191124150091204647594622656 0.454163148804816452219768052601 
0.997291580253389264854035900498 0.979903323243999313518770577502 0.579245935814633350346980478207 0.499804918023807553950632609485 0.499596616671126148023773794193 0.495466229094272903044071654222 0.486413243854714905101133126664 0.500166435433041511871010698087 0.549875683483814770013964334794 0.500185217032150797322742619144 0.500370333950004297918212614604 0.501612470759809969678144625505  | 0.360008492880794783719267115885 0.075331587461793816928867784100 0.939548249809945335009331301990 
0.993130334108236145773673797521 0.997230873944285001186926820083 0.498680188823868497660640741742 0.480660114368206492496682358251 0.489443115850005827649482625930 0.499430739101953236058761831373 0.500996045387300692475207597454 0.488082657344764303530837423750 0.503815871723241270885296216875 0.538808881699714414814650353946 0.487286409325145275506230291285 0.487837929988708174366962566637  | 0.262399068370264443306183466120 0.656199389139325628406140822335 0.710968880739198727525263166171 
0.998832986856065474512433866039 0.994943774774713518560531611001 0.492628319932785774248884536064 0.498098622651185485299407673665 0.507573639338591231506825351971 0.500066564322044437851388920535 0.464369113149697587683562005623 0.509943011357566478025660217099 0.513001697431396896931232731731 0.509950237048921950488988841244 0.504016835716111888388013539952 0.519649826764520983424233691039  | 0.100948474063635690312068504682 0.140030950764533618224660926899 0.987174489235558727528996314504 
0.992846681890969473549546364666 0.976295579432151394705385882844 0.493450595740483111129037752107 0.469910332059408408778011789764 0.496751218268589200821594431545 0.495651069890152784491732518291 0.490306823402918423582264040306 0.489706796433806268442623377268 0.515733527764780652624665435724 0.500003595739962780619691784523 0.499514549694534626400610477504 0.492453794844900594185332920460  | 0.714294029635665572719460669759 0.102586167715923354259999200622 0.694425720324308715092342936259 
0.987182105989247382638041017344 0.985330937214645374844224079425 0.500000007480557284722522126685 0.622727362602565559512868276215 0.499999995905340777202496838072 0.500000092590342948284387603053 0.507519221130845132883280257374 0.499999734198811995877775871122 0.516955998196046540016368453507 0.500058428518648789840028712206 0.500160875554772510476198021934 0.502525994018730881585099723452  | 0.863399664630436824985793009546 0.323380444341884454306779161925 0.425474524882759330690618071458 
0.991961262135166887965453952347 0.996635549411576060485629113828 0.492628319932785774248884536064 0.499105805101285382452402927811 0.495496136315641932945652570197 0.498876691537991578950794746561 0.491202829953494179981987599604 0.502474400711417024112392937241 0.513472500715616120281481471466 0.498990378277057666789318091105 0.476354533434300175809283928174 0.503638565085955947076001848473  | 0.332351168666578433708025386295 0.689066167941468243895997147774 0.645415761663197473652076041617 
0.994082022515539343032742181094 0.984911549655523965718373347045 0.483096176169003077571773019372 0.501669987815218765270230960596 0.499592203464181650041098237125 0.473076935462712955260400349289 0.499045191779914854013355807183 0.497104087045043996351267878708 0.505687839717819720419811346801 0.510609599335391850516430167772 0.496480390168493934677229617591 0.530706961073362792902230467007  | 0.610157416515765937958803988295 0.218195309768446060738611436136 0.764427478124480863641565520084 
0.993863084078164260581900180114 0.996604111173957529778988373437 0.493195188190910516201626023758 0.501289595895799688918259562342 0.501781315131498373283136515965 0.504762668830755711901758786553 0.474435891068899884270848588130 0.500736327634324740465388003940 0.505852558453574352448356421519 0.483597290750225172750731417182 0.496866612357728443249982319685 0.499985801269768548316108081053  | 0.289528196268435233928784100499 0.594902162375122167681240625825 0.751230952941285279322869428142 
0.996887064826527447003456927632 0.979903323243999313518770577502 0.500844632705267911454427576246 0.499804918023807553950632609485 0.499596616671126148023773794193 0.499905116140584193651363875688 0.486680264766437165047108237559 0.500166435433041511871010698087 0.518036918668962731437943602941 0.500185217032150797322742619144 0.500312171411040673696390967962 0.501612470759809969678144625505  | 0.399987512024304436852872868258 0.083697176154289606997416228751 0.913245797343030907278205177136 
0.973832121851253118549607279419 0.998734936686035745800893437263 0.478036238416685022034613439246 0.498848533679153938180661498336 0.499544918635604184853349352124 0.500298363378711696825007493317 0.526025037865773259504464931524 0.497856151904567556520930793340 0.496258788382659077331737762506 0.507030635097921678067223183461 0.489397294325744636189767788892 0.439718252545181431667487004233  | 0.185466510831904435319117396830 0.981443008993129972772351266030 0.111120976989327435724419501639 
0.989616039920799384077554350370 0.993758853281376919319711760181 0.497987847603072852908923096038 0.492602138453437810028390231309 0.491241602498328155945728212828 0.499997180310272348879863102411 0.486239915338781747422558510152 0.523589993823317167986886033759 0.504719880402220932857915158820 0.498991740020417295919941125248 0.501746447178504362263140592404 0.500462495938418738816721997864  | 0.568536355685857364150592729857 0.634133593857575506014256916387 0.525792322202850992418632358749 
0.982225305784062197034245400573 0.956116078792358048410449100629 0.500308901688703788757095480833 0.501582979007692553174990734988 0.507491530742320673397216523881 0.500365154821342472679646107281 0.500308239297779899779072820820 0.497616751800370404890117015384 0.525001011465980993442315138964 0.509882414390287919125910320872 0.497423254185235030888634355506 0.530424822170646792507398004091  | 0.967550823051286923437430687045 0.017096256472061959613695236726 0.258834675530360769357685057912 
0.946092979184141702475585589127 0.992379970649012399519506288925 0.500014388423115407888985828322 0.499980256158560398827006565625 0.498338035576680604687993536572 0.491427422580868189516678512518 0.524891946543788012746745152981 0.500752003376874310625055386481 0.449052101050964602713122530986 0.497383043435759564232512275339 0.498594744699052627723290243011 0.486325313695848193695780992130  | 0.747088062592072277290355941659 0.669932284612677508839340134728 0.006180324133761284227661647606 
0.993041699736218475003113326238 0.968953106343267478450798080303 0.500471240145644258312529473187 0.497147582378418662063523925099 0.528200411386042012473751583457 0.484324892360895320475577818797 0.497497158397651739747402643843 0.503365542086013695310953153239 0.500344045442858931238561126520 0.494762854521294370702122478178 0.482436979141256216951916258040 0.503213783085185051291432500875  | 0.709340387116073833873031162511 0.047632348431659636556201320445 0.705262988889816422322098787845 
0.969658953636123643882172018493 0.998126446123522859110721583420 0.529535405797255775972587343858 0.497568156483091550423836224581 0.499712883290439557892881339285 0.500078925505991533917438118806 0.492766088692745352073387721248 0.500852971119886247741703755310 0.510485946329252815445443047793 0.500210672097220032661368804838 0.489280378099644586153971204112 0.507079709460504401974390020769  | 0.265012393069586849048135945850 0.962797362233934972408633257146 0.072138684843035594251858810821 
0.996020758854489818290289804281 0.995067217427267780571753519325 0.492628319932785774248884536064 0.497332301540445054222061571636 0.507573639338591231506825351971 0.500233247502515188109839527897 0.492822093401197314221917622490 0.500223670818883081601313733699 0.474677782050075491859786325222 0.475214732202149492401588304347 0.516780520004947896417490937893 0.499864135270008280720333004865  | 0.284528509272440832678086053420 0.404676148157409265593287273077 0.871033182799959559972080569423 
0.997656394550210157134984001459 0.994061475719490217350937655283 0.523496741081294181263672271598 0.501582979007692553174990734988 0.507491530742320673397216523881 0.471894681677750005288629608913 0.500249196401408413592548640736 0.497616751800370404890117015384 0.498504690686646767527889778648 0.488414573695010234555269335033 0.505381797699690937797356582450 0.530578321219298709721101658943  | 0.209592161135018023587761604176 0.246354681757677468345590909848 0.948894327731368614209372935875 
0.980222835513275381202902281075 0.995650183264171872998815615574 0.478715811114972855655480543646 0.499207240214127490052220537109 0.497988216238345604569559554875 0.513516521328168717985818148009 0.468233143843374832737680435457 0.498159939422121222918349303654 0.547385174573795207919602034963 0.489790949335853820212349774010 0.466481717933822981336788870976 0.513191999793744413338458798535  | 0.517769969004101993093058808881 0.835065812595997436496020327468 0.212620366879073624533091901867 
0.998548059042344338109842283302 0.995184288275561934611346259771 0.492575714893263794103006603109 0.498884638992124984646636676189 0.507573639338591231506825351971 0.469158563509668002922126106569 0.492779618427776844313825677091 0.505693219507538316292993840761 0.443642337673853026647208253053 0.509961301856435400559064419213 0.476392435276036418922984694291 0.499972959388510773681701948590  | 0.119896318459842721182440072880 0.174701135863320783370156163983 0.982391775729899774383113708609 
0.994651390762537057632641790406 0.998150870138180157375984435930 0.498380262184718092477453410538 0.476992185271976509852720482741 0.499962480003349474255713857929 0.495670635537325598996005737717 0.494135813171953319766771528521 0.500873720612192485646119166631 0.522206021379538865012648329866 0.510453890017139699786241635593 0.504196702168275501243499547854 0.501531818673308649181308283005  | 0.159357767592621296648403017571 0.586254597689709777696975834260 0.795819431976297564368394432677 
0.969873870460430387296923981921 0.996110308595539173381894215709 0.498403222776552079498202374452 0.482194358240084497424504661467 0.499962480003349474255713857929 0.495824497814190912059473248519 0.494976060186293698173187749489 0.500854875794020881762946828530 0.498241978038541311057940674800 0.500045750365034291640142782853 0.483557121796545696934543911993 0.501475826368881882899586344138  | 0.484536530913698137990053282920 0.872392566410510883478934829327 0.073710524306667024596606552223 
0.990094941312076093353766736982 0.994935234751780028794598820241 0.518798892804010258750224693358 0.496870914438973909632579761819 0.418677951761633027061293432780 0.511111514002650757504397915909 0.498005465697173188566182489012 0.500395084174111381969396461500 0.443305812693187528683580467259 0.510250236380130228752705079387 0.477243523659488633192893303203 0.517930840848788709429584287136  | 0.495054676307039143168253758631 0.685542572058590926609156213090 0.554621104638415629572989473672 
0.989091496610918441412252377631 0.963571175633847420982647236087 0.495350296313684712590230674323 0.500391347326285651497812523303 0.507650541076857697575519523525 0.473944496063431142118815841968 0.490127743700185636299693214823 0.489544662869664803928060337057 0.505490306807990674720088009053 0.500027775998996948381147831242 0.501595988770148659696701542998 0.496346315010744609796944359914  | 0.865798348099662939958420793118 0.033275940026738330679290100989 0.501309260871501294332119869068 
0.985010923563856444218345131958 0.990975809966692433583546062437 0.529535405797255775972587343858 0.497290750234236411664312527137 0.505568000264181693914622428565 0.513653856801981500979081829428 0.492766088692745352073387721248 0.489060833754130896977585507557 0.512968786936389586905704618403 0.484746628540670410068003093329 0.489375334525019189957362186760 0.487985598840090517569478834048  | 0.758853789240483189715291700850 0.558527963733393639778057604417 0.340654566363183974875283865913 
0.985980496176168674793416357716 0.976465040444463916458062158199 0.492628319932785774248884536064 0.531775984690979752755879417236 0.498898647353735069653879463658 0.491698437293215939725143925898 0.498082255871345191966526044780 0.468242825646412175188970650197 0.507038535405787582632797239057 0.511603715132172842672275692166 0.477518255382161915800764973028 0.494273863774644994784068785521  | 0.920508550496527133688573485415 0.134549566841190931798522001372 0.374574720299698182834902127070 
0.989616039920799384077554350370 0.995760591024442365259972120839 0.500285189356329929033506687119 0.497386446403166260221695438304 0.499280555391647062890569941374 0.499997180310272348879863102411 0.490078948819362814059985566928 0.422891503465425089292040183864 0.504696816191071873092255373194 0.499935703897092520442413388082 0.462044081213836776989012378181 0.500462495938418738816721997864  | 0.443483624112492313962263779104 0.733681505181468351928231186321 0.529262889205210806942147883092 
0.996697782336684379167479619355 0.994956330949113953998619308550 0.492628319932785774248884536064 0.496827460444542901019104874649 0.499399511646371807582767132772 0.500023659438440737368125610374 0.491700504419792461252569637509 0.489864557898983976613749291573 0.513292079977281656688603561633 0.504996739240869296772018515185 0.475961003287640571635108699411 0.482619485930154912267653344315  | 0.250256676457116800094127029297 0.348020053052889799527491732078 0.904926148229156623870039766189 
0.980858992597201773122606027755 0.997995464916584085202089227096 0.501421357496498854011690582411 0.509984900019007314497798688535 0.509911560485757919813920580054 0.501256588112812373481119720964 0.509601550820351745230141204956 0.497651735277494844389423178654 0.499971857572257816215710590768 0.477685662783344733295365358572 0.499999459710913529697506874072 0.503576503457282886877521832503  | 0.274683083234838532060706484117 0.935555884075569776925362930342 0.225621303374538201280685711936 
0.992212196967146131676429376967 0.987862470413260140844613488298 0.499784820432386145405700972333 0.497050721609505197218226157929 0.499317621468131855877459202020 0.484862643232992440722739502235 0.515548050383286660114379174047 0.512802837295125435446152550867 0.498478313922155524817725336106 0.494314439040169306682770411498 0.504780123738221564444472733157 0.502871618155350974532780128357  | 0.673802454178645593430019289372 0.336524298499377205740046292703 0.658909428787168294228138165636 
0.996177602566466813271972569055 0.995745057440428404937904360850 0.500295651179986644585540034313 0.497483368003162729209520875884 0.499295118026182760395670356957 0.498429935571203353017466497477 0.525781880793342537572243600152 0.425919874216372007502684482461 0.510030641520193284144113476941 0.499920057461112177232820386052 0.459574983482561372216679274061 0.503690353931470546910986740841  | 0.250529049988329755027649525800 0.412970287902605426300084445757 0.884632160022242541863590759021 
0.997930072384521138495472314389 0.997646297043464636011833590601 0.500621044858128749766024156997 0.482938789761249709364676618861 0.499807852488453385753075508546 0.493566758263832949804594818488 0.500253069851561149583574206190 0.500367273846564541983639173850 0.472040211147382537948402614347 0.510294147313279267130781136075 0.500473277935619687006862932321 0.521502070494995861871245779184  | 0.093989853011807469873595266563 0.274604856324648538556942867217 0.958711460678500326793027852545 
0.977716735370735001708908384899 0.983574804304397698473394484608 0.500487554003706813787744067668 0.518750720348479021915011344390 0.507161732711965407283116746839 0.500755835828079143290381125553 0.500102832280243214668757900654 0.505900347453848597822911870026 0.447050397279012301510192628484 0.512451801564703601776784580579 0.495655431488324138555867648392 0.497521276441515669652915221377  | 0.945642855097328371982712269528 0.292334255611790716500308917603 0.164792192790194136353676412909 
0.993078942271513942507965566620 0.999769577462346958895977877546 0.501270409664809069028024168801 0.510534199575627067879679543694 0.492353294287900589143447405149 0.485456317276836746277268730410 0.500156642486329516827936458867 0.539157598695115591880266947555 0.519246536625610155546439727914 0.497923794122908769388402561162 0.499744608418795366322484596822 0.497909485109671257063723714964  | 0.025383584452855309510077574942 0.709034176663962178999156549253 0.707970098483489018725833830104 
0.997241665440705582490465985757 0.977728754232590313577588858607 0.501948811144486972679601421987 0.499976113125857435370846815204 0.499596616671126148023773794193 0.495452164668303274286387249958 0.486360926272892346577947364494 0.506935868106804576882495894097 0.497754509817192325460410984306 0.499937833772519324426752973523 0.500370333950004297918212614604 0.501612470759809969678144625505  | 0.365155035459005516962349702226 0.060871096154391242383230320456 0.929241462969429221629980020225 
0.951897206633720793789166236820 0.983715071471881641329559897713 0.498339154401862771681663843992 0.511191642428675319109743213630 0.507161159077544776430102047016 0.554674147337622991393857319053 0.500102832280243214668757900654 0.499253860575524288645254955554 0.457809260781337601375895474121 0.475530902115071318903005703760 0.505533967681044194009132297651 0.435554733970956453603662339447  | 0.963332334573015036660592613771 0.302353396272237451292141940939 0.011463620238727484715313131858 
0.996864079835297789422554615157 0.983376191570742519409975557210 0.500269134102274803943544156937 0.527847139962278832925335336768 0.507252326059687397297182087641 0.545497163128395801123815544997 0.500102436108631143163449905842 0.504944277797878759983518648369 0.540807114930532017993414228840 0.470907164067705830134968891798 0.483143373274990239885084974958 0.501921201433882413489584450872  | 0.395501837888073248805653747695 0.119672227048380971914376402765 0.916915294537425928922402817989 
0.997893537908558947435722075170 0.996128449203924515309438447730 0.500627162039861794973205633141 0.482938789761249709364676618861 0.499807708369332359676917576508 0.493724965504715840314275965284 0.501006780260887740752195895766 0.500211161692052708183098275185 0.475653518035532407726151404859 0.510268450490403369101954922371 0.500473277935619687006862932321 0.521502070494995861871245779184  | 0.142570705554205062748351906521 0.257870766035038945229729279163 0.957164510205783525265132993809 
0.957555274352754892674965958577 0.998610391843930855770850030240 0.501298192608741755016410479584 0.494976230399675032334272373191 0.406436019359089961699993409638 0.498814904504317924160972097525 0.521189398416523674839595514641 0.488173004457182535542614232327 0.509005895355391091428032268595 0.499871319676070235971110378159 0.499129838065935416135943114568 0.503639717215858984111775953352  | 0.204387447149296241910576554801 0.988341440731871689884258103120 0.020728437158917908944566477203 
0.988676705424499258079151786660 0.995715642209437090670576253615 0.506061095204869970665129130794 0.482474151339531309723440699599 0.497958171902295743116440007725 0.495556657870350025785199932216 0.468233143843374832737680435457 0.498159939422121222918349303654 0.546031192222650729739541475283 0.489240333835086915748036062723 0.458584968586075614194186300665 0.533509086786561947945983774844  | 0.459644903007715821541268041983 0.752532502747390030783947167947 0.485148527524868589111406436132 
0.994651390762537057632641790406 0.980920718207571984414983035094 0.500656979054322603950311076915 0.482154745587834498987689357818 0.500134174850900947717491362710 0.499535492905872069435702087503 0.475144640594083067508535123125 0.500838856016869504728106221592 0.521374193626661375233766193560 0.497490549506564794235430326808 0.504241823824028823075593663816 0.487749130882120296437420847724  | 0.591903786779973906106988579268 0.137859279542152407538324609959 0.796106067276033946278346320469 
0.976972498495205288193687920284 0.994396077647483611627876598504 0.498457204862604419393079524525 0.501057130837744724161098019977 0.499963608314661300813241950891 0.485661122186441418513425105630 0.516626396650521124698229868955 0.499068697276454309452731195051 0.513201861970652761790745444159 0.500297900129865191765077270247 0.496497313960710950908605809673 0.501990044293714854362065125315  | 0.618264370470469115659284398134 0.771933380945594382893659712863 0.152389335795323155320346586450 
0.979646482503953808240737544111 0.984911549655523965718373347045 0.496544438032434032326278838809 0.482912142627063944999576960981 0.499582167769132279300237087227 0.473044147687046223627049812421 0.499033257589785450569763725071 0.479134268647973982080401356143 0.505690689436520623978310595703 0.510609599335391850516430167772 0.496480390168493934677229617591 0.549569611340396058096757769817  | 0.926424940243284145147129038378 0.331294140400527847845069118193 0.200401417007906923473115057277 
0.985225840388110341017124937935 0.996202787656725208265129367646 0.498403222776552079498202374452 0.482194358240084497424504661467 0.499958188170799122662657509863 0.495806830984710344978338980582 0.494976060186293698173187749489 0.500788755393203666166357379552 0.498241978038541311057940674800 0.484581706808484613535625840086 0.483652078221920300737934894642 0.501475826368881882899586344138  | 0.447577735460456316296529166721 0.825029340711683101261542105931 0.347488256688061714072546237730 
0.976972498495205288193687920284 0.994223547441582478079169504781 0.498457204862604419393079524525 0.501057130837744724161098019977 0.489951517292427973782054095864 0.500004334964725183354516957479 0.516626396650521124698229868955 0.499068697276454309452731195051 0.514250310335300775399502981600 0.499999379571173185876631350766 0.496497313960710950908605809673 0.501990044293714854362065125315  | 0.630033801630642043001273577829 0.762260410938957799764637002227 0.152377771288712354769145917999 
0.995792578931138594455774182279 0.993736711806325945239848351775 0.499938508569974904283128580573 0.492640520152647476415097571589 0.495736178404350635862130047826 0.498195890926269535636805585455 0.495066669271775727789730581208 0.526805313257234231194559015421 0.512590991126453565662757227983 0.500314208968072104966040569707 0.499086946353905436257747396667 0.499658128115585742357040999195  | 0.344485283928212537851720753679 0.382789682877980541597651154007 0.858346664016552463039033682435 
0.037143287518132797608849671178 0.980939886101092395342959662230 0.500000007480557284722522126685 0.500000155422812397887355473358 0.499999995905340777202496838072 0.494362820793064483559930977208 0.499999989077967055273177265917 0.502602064499825695875756537134 0.499458685949848213425639187335 0.500000009714412718686560310744 0.496480730671820746913169841719 0.500064076795006084985573124868  | 0.973881006668072424226068051212 0.227284511792298526966504823577 0.000000000000000000000000000000 
0.985501966610199731100294684438 0.000506904010065367671700187202 0.500000007480557284722522126685 0.497791125468817208243876848428 0.499999995905340777202496838072 0.500000092602250534312702257012 0.499999989077967055273177265917 0.500000016550797288239493809670 0.500965702823701120038890621800 0.500000009714412718686560310744 0.522454632246574957044060738554 0.501191942066917861531294420274  | 0.934728492414567901924726811558 0.000000000000000000000000000000 0.356799373500021776983714971720 
0.986867446806122039504316489911 0.995588084286692653890327164845 0.478717490766980557914678229281 0.499213079984651530995876100860 0.498343579217219723176413026522 0.491427422580868189516678512518 0.524891946543788012746745152981 0.500443258680547398142834936152 0.449052101050964602713122530986 0.489177423026427971031182551087 0.477294370918614374588173632219 0.514809203197939102558677859633  | 0.488550800583102629026654994959 0.776940793130949325373535430117 0.408530058862011380416134898041 
0.985010923563856444218345131958 0.998218925184730654365239388426 0.529535405797255775972587343858 0.497568156483091550423836224581 0.499708591457889261810976222478 0.500061258676510966836303850869 0.492766088692745352073387721248 0.500786850719068921122811843816 0.510485946329252815445443047793 0.484746628540670410068003093329 0.489375334525019189957362186760 0.507079709460504401974390020769  | 0.238907663351612620239450279769 0.910970381381340232884724628093 0.340487874191263750756064609959 
0.996762641710553620733037405444 0.996645495783744950202276413620 0.493195188190910516201626023758 0.501289595895799688918259562342 0.501781315131498373283136515965 0.504719422431470943202214129997 0.473428887001280829238680780691 0.500736327634324740465388003940 0.506101054261105409715071346000 0.505007037982173390133766588406 0.496576779983085359049255202990 0.518873012498834773609246440174  | 0.182874513244143999113333620699 0.380242586165746632165252094637 0.907961628499062700647925794328 
0.969263049279916577560811674630 0.995184288275561934611346259771 0.492575714893263794103006603109 0.500322847816644378227124434488 0.507665514407860674062078487623 0.469312440560928467725432255975 0.492779618427776844313825677091 0.512887927026450363143794675125 0.472049868680551099053843699949 0.474522402801097920033157606667 0.483530832146905842350292914489 0.499972959388510773681701948590  | 0.566177596367790414433329715393 0.824978368447123022733080688340 0.069379139777439924330337817082 
0.994747339477520697847978681239 0.999744080758217523730024822726 0.500000361957051442374222460785 0.499775792173368704762737024794 0.499940530847683195503350361832 0.471884961602044461503879801967 0.521929105986958408180953483679 0.505984023812433458822113152564 0.431867395452602276240128276186 0.499628218275901814227069053231 0.462206086156163653555495329783 0.500565758259451598632949753664  | 0.023973902480691342692376011314 0.603640299705830440935017122683 0.806135387968290095805912187643 
0.996177602566466813271972569055 0.993743319697362958997644000192 0.497998309426729679483258905748 0.492699060053434279016215668889 0.496226948326185524074105615000 0.498429935571203353017466497477 0.521942847312761526445967774634 0.526618364574264141708681563614 0.510053705731342343909773262567 0.498976093584436952710348123219 0.499277349447228957490807488284 0.503690353931470546910986740841  | 0.320818551398586893075304260492 0.356891266612278601488839058220 0.878900787093632840374368697667 
0.970247809820538820169133487070 0.987144370505835477835887559195 0.514654819085868520112114765652 0.502117534444279089989038311614 0.507362942569696717676208663761 0.499837813372438433123789991441 0.492758014522219733866137403311 0.505810859765580489444403156085 0.501230819613111555632656290982 0.488805637078599308775750387213 0.487317273243206228183765915674 0.499704838881887491996991457199  | 0.906588749969893359370587404555 0.416562416674020385976007219142 0.076602506895833810673934749502 
0.982378236576811780800255746726 0.992379970649012399519506288925 0.500014388423115407888985828322 0.499980256158560398827006565625 0.498338035576680604687993536572 0.499661356789064037275949203831 0.549758067317356213798973385565 0.492139298353356791082546806138 0.449052101050964602713122530986 0.497383043435759564232512275339 0.498594744699052627723290243011 0.486325313695848193695780992130  | 0.722258245832231082772523222957 0.647666775763933721954401789844 0.263748532649752953638255803526 
0.965917735636141361332818178198 0.998734936686035745800893437263 0.478247858210932241807000764311 0.498848533679153938180661498336 0.499544918635604184853349352124 0.500294491367094806832938047592 0.526025037865773259504464931524 0.497856151904567556520930793340 0.496323800162446260308968248864 0.507030635097921678067223183461 0.489397294325744636189767788892 0.439718252545181431667487004233  | 0.186385038761390231520920224284 0.986303632136980690248151404376 0.049216587750546679502772207115 
0.985010923563856444218345131958 0.998157603510572921656773814902 0.499608613346846197611483830769 0.497290750234236411664312527137 0.505568000264181693914622428565 0.514136576844478665471172007528 0.492766088692745352073387721248 0.486873071782723876310683408519 0.512968786936389586905704618403 0.500950296263495964410594751826 0.489375334525019189957362186760 0.508454666706158797673253957328  | 0.246080123597496341902868266516 0.908454591860031523964380539837 0.340276912845763279680255664061 
0.980222027252335648128678258217 0.989863993623681159839122756239 0.522615262453304474377091537463 0.499219889795393612086371604164 0.497911011553002935681178087179 0.519262525768530047720616948936 0.500243483805573374567643440969 0.494966919147644068832647690215 0.510256401562474648514466935012 0.500266916053880850157042914361 0.510361094561690875615056484094 0.505340831544901725180807261495  | 0.825327260252730177114699472440 0.525657893149456434400690341135 0.211726298277624735977298087164 
0.977621405884812388897842083679 0.999311325561753172053158777999 0.500371043359274070283504443069 0.498848533679153938180661498336 0.499544918635604184853349352124 0.500299119335387620921551388165 0.500170374381286753084907559241 0.497856151904567556520930793340 0.446157625391433554362663471693 0.512306979663457395801628990739 0.489397294325744636189767788892 0.439718252545181431667487004233  | 0.103690866163602041227775885091 0.987969793124080952750887263392 0.163757395305022979137277161499 
0.968560862805300848421552473155 0.999149290772789577808055128116 0.552007118330034463049571513693 0.482507399702231887239634033904 0.492360860019260548892106044150 0.499813045074837647430143761085 0.499990283559481107911182107273 0.499585158625444836211215715593 0.472929060053482064329699596783 0.510294147313279267130781136075 0.514923254211321679285617847199 0.553132007453044582945267393370  | 0.128426695118983691390468493410 0.996626596700385780636111121567 0.064791930705126801748328091435 
