3495.19 -29.8269 9.08875 -48.5319 25.0869 -28.9547 56.6643 -79.2843 9.45833 51.4046 -96.2604 
1600.61 -58.5138 72.5334 -9.54798 -9.03705 -25.0904 59.3875 -38.6869 2.02684 50.2599 -30.1356 
1600.52 -58.4141 72.5334 -9.54798 -8.94403 -25.0904 59.3875 -38.6614 2.02684 50.2599 -30.0121 
1600.23 -58.4555 72.533 -9.54798 -8.94403 -25.0904 59.1417 -38.6614 2.02684 50.1185 -29.8497 
1600.17 -58.4555 72.5326 -9.62257 -8.94403 -25.1584 59.1417 -38.6614 2.02684 50.1185 -29.8497 
1600.11 -58.4555 72.5318 -9.62257 -8.96986 -25.1584 59.0394 -38.6614 1.95194 50.1185 -29.8497 
1600.08 -58.4739 72.5312 -9.64714 -8.96958 -25.1664 59.1037 -38.6179 1.98205 50.129 -29.813 
1600.08 -58.4739 72.5312 -9.64714 -8.96958 -25.1664 59.0829 -38.6179 1.98205 50.129 -29.813 
1600.07 -58.4427 72.5312 -9.64714 -8.96958 -25.1664 59.0829 -38.6179 1.98205 50.129 -29.8155 
1600.06 -58.4427 72.5312 -9.64714 -8.96958 -25.1958 59.0829 -38.6179 1.98205 50.1161 -29.8155 
1600.04 -58.4427 72.5315 -9.64714 -8.96958 -25.1958 59.0829 -38.6179 1.94872 50.1161 -29.8155 
1600.04 -58.4427 72.5315 -9.64714 -8.96958 -25.1958 59.0829 -38.6179 1.94872 50.1161 -29.8155 
1600.04 -58.4427 72.5315 -9.64714 -8.96958 -25.1958 59.0829 -38.6179 1.94872 50.1161 -29.8155 
1600.04 -58.4427 72.5315 -9.64714 -8.96958 -25.1958 59.0829 -38.6179 1.93962 50.1161 -29.8155 
1600.04 -58.4427 72.5315 -9.64714 -8.96958 -25.1958 59.0829 -38.6179 1.93962 50.1161 -29.8155 
1600.04 -58.4427 72.5315 -9.64714 -8.96958 -25.1958 59.0829 -38.6179 1.93962 50.1161 -29.8284 
1600.04 -58.4427 72.5315 -9.64714 -8.96958 -25.1958 59.0829 -38.6179 1.93962 50.1161 -29.8284 
1600.04 -58.4427 72.5315 -9.64714 -8.96958 -25.1958 59.0829 -38.6179 1.93962 50.1161 -29.8284 
1600.03 -58.4427 72.5315 -9.64714 -8.96958 -25.1958 59.0829 -38.6023 1.93962 50.1161 -29.8284 
1600.03 -58.4427 72.5315 -9.64714 -8.96958 -25.1958 59.0801 -38.6023 1.93962 50.1161 -29.8284 
1600.03 -58.4427 72.5315 -9.64714 -8.96958 -25.1958 59.0801 -38.6023 1.93962 50.1161 -29.8284 
1600.03 -58.4427 72.5315 -9.64714 -8.96958 -25.1958 59.0801 -38.6023 1.93962 50.1161 -29.8284 
1600.03 -58.4436 72.5315 -9.64714 -8.96958 -25.1958 59.0801 -38.6023 1.93962 50.1161 -29.8284 
1600.03 -58.4436 72.5315 -9.64714 -8.96958 -25.1958 59.0801 -38.6023 1.93962 50.1161 -29.8284 
1600.03 -58.4435 72.5317 -9.64769 -8.9686 -25.1953 59.0802 -38.6015 1.93914 50.114 -29.8292 
1600.02 -58.4485 72.5315 -9.64769 -8.9686 -25.1953 59.0802 -38.6015 1.93914 50.0998 -29.8292 
1600.01 -58.4485 72.5315 -9.64769 -8.9686 -25.1878 59.0802 -38.6015 1.93914 50.0998 -29.8292 
1600.01 -58.4485 72.5315 -9.64769 -8.9686 -25.1878 59.0802 -38.6015 1.93914 50.0998 -29.8292 
1600.01 -58.4485 72.5315 -9.64769 -8.9686 -25.1878 59.0802 -38.6015 1.93914 50.0998 -29.8292 
1600.01 -58.4485 72.5315 -9.64769 -8.96861 -25.1878 59.0802 -38.6015 1.93914 50.0998 -29.8292 
1600.01 -58.4485 72.5315 -9.64769 -8.96861 -25.1878 59.0802 -38.6015 1.93914 50.0998 -29.8292 
1600.01 -58.4485 72.5315 -9.64769 -8.96861 -25.1878 59.0802 -38.6015 1.93914 50.0998 -29.8292 
1600.01 -58.4485 72.5315 -9.64769 -8.96861 -25.1878 59.0802 -38.6015 1.93914 50.0998 -29.8292 
1600.01 -58.4485 72.5315 -9.64769 -8.96861 -25.1878 59.0802 -38.6015 1.93914 50.0998 -29.8292 
1600.01 -58.4485 72.5315 -9.64769 -8.96861 -25.1878 59.0802 -38.6015 1.93914 50.0998 -29.8247 
1600.01 -58.4485 72.5315 -9.64769 -8.96861 -25.1878 59.0802 -38.6015 1.93914 50.0998 -29.8247 
1600.01 -58.4485 72.5315 -9.64769 -8.96861 -25.1878 59.0802 -38.5872 1.93914 50.0998 -29.8247 
1600.01 -58.4485 72.5315 -9.64769 -8.96861 -25.1878 59.0802 -38.5872 1.93914 50.0998 -29.8247 
1600.01 -58.4485 72.5315 -9.64769 -8.96861 -25.1878 59.0802 -38.5872 1.93914 50.0998 -29.8247 
1600.01 -58.4485 72.5315 -9.64769 -8.96861 -25.1878 59.0802 -38.5872 1.93914 50.0998 -29.8247 
1600.01 -58.4485 72.5315 -9.64769 -8.96861 -25.1878 59.0802 -38.5872 1.93914 50.0998 -29.8247 
1600.01 -58.4485 72.5315 -9.64769 -8.96861 -25.1878 59.0802 -38.5954 1.93914 50.0998 -29.8247 
1600.01 -58.4485 72.5315 -9.64769 -8.96861 -25.1878 59.0802 -38.5954 1.93914 50.0998 -29.8247 
1600.01 -58.4485 72.5315 -9.64769 -8.96861 -25.1878 59.0802 -38.5954 1.93914 50.0998 -29.8247 
1600.01 -58.4485 72.5315 -9.64769 -8.96861 -25.1878 59.0802 -38.5954 1.93914 50.0998 -29.8247 
1600.01 -58.4485 72.5315 -9.64769 -8.96861 -25.1878 59.0802 -38.5954 1.93914 50.0998 -29.8247 
1600.01 -58.4485 72.5315 -9.64769 -8.96861 -25.1878 59.0802 -38.5954 1.93914 50.0998 -29.8247 
1600.01 -58.4485 72.5315 -9.64769 -8.96861 -25.1878 59.0802 -38.5954 1.93914 50.0998 -29.8247 
1600.01 -58.4485 72.5315 -9.64769 -8.96861 -25.1878 59.0802 -38.5954 1.93914 50.0998 -29.8247 
1600.01 -58.4485 72.5315 -9.64769 -8.96861 -25.1878 59.0802 -38.5954 1.93914 50.0998 -29.8247 
1600.01 -58.4485 72.5315 -9.64769 -8.96861 -25.1878 59.0802 -38.5954 1.93914 50.0998 -29.8247 
1600.01 -58.4485 72.5315 -9.64769 -8.96861 -25.1878 59.0802 -38.5954 1.93914 50.0998 -29.8247 
1600.01 -58.4485 72.5315 -9.64769 -8.96861 -25.1878 59.0802 -38.5954 1.93914 50.0998 -29.8247 
1600.01 -58.4485 72.5315 -9.64769 -8.96861 -25.1878 59.0802 -38.5954 1.93914 50.0998 -29.8247 
1600.01 -58.4485 72.5315 -9.64769 -8.96861 -25.1878 59.0802 -38.5954 1.93914 50.0998 -29.8247 
1600.01 -58.4485 72.5315 -9.64769 -8.96935 -25.1874 59.0802 -38.5954 1.93914 50.0998 -29.8247 
1600.01 -58.4485 72.5315 -9.64769 -8.96935 -25.1874 59.0782 -38.5954 1.93914 50.0998 -29.8247 
1600 -58.4485 72.5315 -9.64769 -8.96935 -25.1874 59.0782 -38.5901 1.93931 50.0998 -29.8247 
1600 -58.4485 72.5315 -9.64769 -8.96935 -25.1874 59.0782 -38.5901 1.93931 50.0998 -29.8247 
1600 -58.4502 72.5315 -9.64769 -8.96935 -25.1874 59.0782 -38.5901 1.93931 50.0998 -29.8247 
1600 -58.4502 72.5315 -9.64769 -8.96935 -25.1874 59.0782 -38.5901 1.93931 50.0998 -29.8247 
1600 -58.4502 72.5315 -9.64769 -8.96935 -25.1874 59.0787 -38.5901 1.93931 50.0995 -29.8247 
1600 -58.4502 72.5315 -9.64769 -8.96935 -25.1874 59.0787 -38.5901 1.93931 50.0995 -29.8247 
1600 -58.4502 72.5315 -9.64769 -8.96935 -25.1873 59.0787 -38.5901 1.93931 50.0995 -29.8247 
1600 -58.4495 72.5315 -9.64769 -8.96935 -25.1873 59.0787 -38.5901 1.93931 50.0995 -29.8247 
1600 -58.4495 72.5315 -9.64769 -8.96935 -25.1873 59.0787 -38.5901 1.93931 50.0995 -29.8247 
1600 -58.4495 72.5315 -9.64769 -8.96935 -25.1873 59.0787 -38.5901 1.93931 50.0995 -29.8247 
1600 -58.4495 72.5315 -9.64769 -8.96935 -25.1873 59.0787 -38.5901 1.93931 50.0995 -29.8247 
1600 -58.4495 72.5315 -9.64769 -8.96935 -25.1873 59.0787 -38.5901 1.93931 50.0995 -29.8247 
1600 -58.4495 72.5315 -9.64737 -8.96935 -25.1867 59.0787 -38.5901 1.93931 50.0995 -29.8247 
1600 -58.4495 72.5315 -9.64737 -8.96935 -25.1867 59.0787 -38.5901 1.93931 50.0995 -29.8247 
1600 -58.4495 72.5315 -9.64737 -8.96935 -25.1867 59.0787 -38.5901 1.93931 50.0995 -29.8247 
1600 -58.4495 72.5315 -9.64737 -8.96935 -25.1867 59.0787 -38.5901 1.93931 50.0995 -29.8247 
1600 -58.4495 72.5315 -9.64737 -8.96935 -25.1867 59.0787 -38.5901 1.93931 50.0995 -29.8247 
1600 -58.4495 72.5315 -9.64737 -8.96935 -25.1867 59.0787 -38.5901 1.93931 50.0995 -29.8247 
1600 -58.4495 72.5315 -9.64737 -8.96935 -25.1867 59.0787 -38.5901 1.93931 50.0984 -29.8247 
1600 -58.4495 72.5315 -9.64737 -8.96935 -25.1867 59.0787 -38.5901 1.93931 50.0984 -29.8247 
1600 -58.4495 72.5315 -9.64737 -8.96935 -25.1867 59.0787 -38.5903 1.93931 50.0984 -29.8247 
1600 -58.4495 72.5315 -9.64737 -8.96935 -25.1867 59.0787 -38.5903 1.93931 50.0984 -29.8247 
1600 -58.4495 72.5315 -9.64737 -8.96935 -25.1867 59.0787 -38.5903 1.93931 50.0984 -29.8247 
1600 -58.4495 72.5315 -9.64737 -8.96935 -25.1867 59.0787 -38.5903 1.93931 50.0984 -29.8229 
1600 -58.4495 72.5315 -9.64737 -8.96935 -25.1867 59.0787 -38.5903 1.93931 50.0984 -29.8229 
1600 -58.4495 72.5315 -9.64737 -8.96935 -25.1867 59.0787 -38.5903 1.94005 50.0989 -29.8229 
1600 -58.4501 72.5315 -9.64737 -8.96935 -25.1867 59.0787 -38.5903 1.94005 50.0989 -29.8229 
1600 -58.4501 72.5315 -9.64737 -8.96935 -25.1867 59.0787 -38.5903 1.94005 50.0989 -29.8229 
1600 -58.4501 72.5315 -9.64737 -8.96935 -25.1867 59.0787 -38.5903 1.94005 50.0989 -29.8229 
1600 -58.4501 72.5315 -9.64737 -8.96935 -25.1867 59.0788 -38.5903 1.94005 50.0989 -29.8229 
1600 -58.4501 72.5315 -9.64737 -8.96935 -25.1867 59.0788 -38.5903 1.94005 50.0989 -29.8229 
1600 -58.4501 72.5315 -9.64737 -8.96935 -25.1867 59.0788 -38.5903 1.94005 50.0989 -29.8229 
1600 -58.4501 72.5315 -9.64707 -8.96935 -25.1867 59.0788 -38.5919 1.94005 50.0989 -29.8229 
1600 -58.4501 72.5315 -9.64707 -8.96925 -25.1874 59.0788 -38.5917 1.94005 50.0989 -29.8229 
1600 -58.4499 72.5315 -9.64719 -8.9692 -25.1871 59.0788 -38.5916 1.94031 50.0989 -29.8227 
1600 -58.4499 72.5315 -9.64719 -8.9692 -25.1871 59.0788 -38.5916 1.94031 50.0989 -29.8227 
1600 -58.4499 72.5315 -9.64719 -8.9692 -25.1871 59.0788 -38.5916 1.94031 50.0989 -29.8227 
1600 -58.4499 72.5315 -9.64719 -8.9692 -25.1871 59.0788 -38.5916 1.94031 50.0989 -29.8227 
1600 -58.4499 72.5315 -9.64719 -8.9692 -25.1871 59.0788 -38.5916 1.94031 50.0989 -29.8227 
1600 -58.4499 72.5315 -9.64719 -8.9692 -25.1871 59.0788 -38.5916 1.94031 50.0989 -29.8227 
1600 -58.4499 72.5315 -9.64719 -8.9692 -25.1871 59.0788 -38.5916 1.94031 50.0989 -29.8227 
1600 -58.4499 72.5315 -9.64719 -8.9692 -25.1871 59.0788 -38.5916 1.94031 50.0989 -29.8227 
1600 -58.4499 72.5315 -9.64719 -8.9692 -25.1871 59.0788 -38.5916 1.94031 50.0989 -29.8227 
1600 -58.4499 72.5315 -9.64719 -8.9692 -25.1871 59.0788 -38.5916 1.94031 50.0989 -29.8227 