3403.06 70.1152 -1.99735 38.2214 -62.6412 -34.3868 54.3729 -90.7907 -12.4948 68.7787 74.2436 
507.495 65.5951 20.1189 -24.7772 46.2758 33.2833 -69.9288 -80.9789 -31.2551 -14.5591 -46.5969 
506.81 65.5931 20.141 -24.8377 46.2599 33.2704 -69.8567 -80.9791 -31.4622 -14.5423 -46.5946 
503.82 58.9691 35.1665 11.4073 65.9563 29.0297 -21.2264 -61.8881 -75.6096 -10.5331 16.9071 
503.684 58.9023 35.1596 11.4434 65.9803 29.0297 -21.2314 -61.8885 -75.62 -10.5644 16.9056 
503.566 65.5943 35.1414 11.4696 46.2729 33.2718 -69.8093 -80.9755 -31.4433 -10.5123 -46.604 
503.547 65.595 35.1421 11.4631 46.2719 33.2747 -69.8052 -80.9758 -31.4376 -10.5533 -46.5979 
500.25 58.9033 35.1563 11.4564 65.9622 33.9742 -59.1432 -61.8886 -19.7953 -10.5572 16.9057 
500.25 58.9033 35.1553 11.4576 65.9622 33.9736 -59.143 -61.8886 -19.7936 -10.5522 16.9057 
500.25 58.9033 35.1551 11.4578 65.9622 33.973 -59.143 -61.8886 -19.7936 -10.5521 16.9057 
500.25 58.9033 35.1551 11.4581 65.9622 33.9731 -59.143 -61.8886 -19.7937 -10.5522 16.9057 
500.187 58.9032 42.4098 2.47292 65.9622 33.973 -59.143 -61.8886 -19.7938 -11.6599 16.9057 
500.187 58.9033 42.4107 2.47235 65.9622 33.973 -59.1429 -61.8886 -19.7937 -11.6592 16.9057 
500.187 58.9033 42.4107 2.47235 65.9622 33.9731 -59.143 -61.8886 -19.7937 -11.6592 16.9057 
500.187 58.9033 42.4107 2.47235 65.9622 33.973 -59.143 -61.8886 -19.7937 -11.6592 16.9057 
500.187 58.9033 42.4107 2.47235 65.9622 33.973 -59.143 -61.8886 -19.7937 -11.6592 16.9057 
500.187 58.9033 42.4107 2.47235 65.9622 33.973 -59.143 -61.8886 -19.7937 -11.6592 16.9057 
500.126 58.9033 42.4412 -0.358669 65.9622 33.9731 -59.143 -61.8886 -19.7937 -26.5971 16.9057 
500.125 58.9033 42.4421 -0.360925 65.9622 33.973 -59.1437 -61.8886 -19.7937 -26.6039 16.9057 
500.125 58.9033 42.4422 -0.360995 65.9622 33.973 -59.143 -61.8886 -19.7937 -26.6039 16.9057 
500.125 58.9033 42.4422 -0.360993 65.9622 33.973 -59.143 -61.8886 -19.7937 -26.6039 16.9057 
500.125 58.9033 42.4422 -0.360993 65.9622 33.973 -59.143 -61.8886 -19.7937 -26.6039 16.9057 
500.125 58.9033 42.4422 -0.360993 65.9622 33.973 -59.143 -61.8886 -19.7937 -26.6039 16.9057 
500.125 58.9033 42.4422 -0.360993 65.9622 33.973 -59.143 -61.8886 -19.7937 -26.6039 16.9057 
500.125 58.9033 42.4422 -0.360993 65.9622 33.973 -59.143 -61.8886 -19.7937 -26.6039 16.9057 
500.125 58.9033 42.4422 -0.360993 65.9622 33.973 -59.143 -61.8886 -19.7937 -26.6039 16.9057 
500.125 58.9033 42.4422 -0.360993 65.9622 33.973 -59.143 -61.8886 -19.7937 -26.6039 16.9057 
500.125 58.9033 42.4422 -0.360993 65.9622 33.973 -59.143 -61.8886 -19.7937 -26.6039 16.9057 
500.125 58.9033 42.4422 -0.360993 65.9622 33.973 -59.143 -61.8886 -19.7937 -26.6039 16.9057 
500.125 58.9033 42.4422 -0.360993 65.9622 33.973 -59.143 -61.8886 -19.7937 -26.6039 16.9057 
500.125 58.9033 42.4422 -0.360993 65.9622 33.973 -59.143 -61.8886 -19.7937 -26.6039 16.9057 
500.125 58.9033 42.4422 -0.360993 65.9622 33.973 -59.143 -61.8886 -19.7937 -26.6039 16.9057 
500.125 58.9033 42.4422 -0.360993 65.9622 33.973 -59.143 -61.8886 -19.7937 -26.6039 16.9057 
500.125 58.9033 42.4422 -0.360993 65.9622 33.973 -59.143 -61.8886 -19.7937 -26.6039 16.9057 
500.125 58.9033 42.4422 -0.360993 65.9622 33.973 -59.143 -61.8886 -19.7937 -26.6039 16.9057 
500.125 58.9033 42.4422 -0.360993 65.9622 33.973 -59.143 -61.8886 -19.7937 -26.6039 16.9057 
500.125 58.9033 42.4422 -0.360993 65.9622 33.973 -59.143 -61.8886 -19.7937 -26.6039 16.9057 
500.125 58.9033 42.4422 -0.360993 65.9622 33.973 -59.143 -61.8886 -19.7937 -26.6039 16.9057 
500.125 58.9033 42.4422 -0.360993 65.9622 33.973 -59.143 -61.8886 -19.7937 -26.6039 16.9057 
500.125 58.9033 42.4422 -0.360993 65.9622 33.973 -59.143 -61.8886 -19.7937 -26.6039 16.9057 
500.125 58.9033 42.4422 -0.360993 65.9622 33.973 -59.143 -61.8886 -19.7937 -26.6039 16.9057 
500.125 58.9033 42.4422 -0.360993 65.9622 33.973 -59.143 -61.8886 -19.7937 -26.6039 16.9057 
500.125 58.9033 42.4422 -0.360993 65.9622 33.973 -59.143 -61.8886 -19.7937 -26.6039 16.9057 
500.125 58.9033 42.4422 -0.360993 65.9622 33.973 -59.143 -61.8886 -19.7937 -26.6039 16.9057 
500.125 58.9033 42.4422 -0.360993 65.9622 33.973 -59.143 -61.8886 -19.7937 -26.6039 16.9057 
500.125 58.9033 42.4422 -0.360993 65.9622 33.973 -59.143 -61.8886 -19.7937 -26.6039 16.9057 
500.125 58.9033 42.4422 -0.360993 65.9622 33.973 -59.143 -61.8886 -19.7937 -26.6039 16.9057 
500.125 58.9033 42.4422 -0.360993 65.9622 33.973 -59.143 -61.8886 -19.7937 -26.6039 16.9057 
500.125 58.9033 42.4422 -0.360993 65.9622 33.973 -59.143 -61.8886 -19.7937 -26.6039 16.9057 
500.125 58.9033 42.4422 -0.360993 65.9622 33.973 -59.143 -61.8886 -19.7937 -26.6039 16.9057 
500.125 58.9033 42.4422 -0.360993 65.9622 33.973 -59.143 -61.8886 -19.7937 -26.6039 16.9057 
500.125 58.9033 42.4422 -0.360993 65.9622 33.973 -59.143 -61.8886 -19.7937 -26.6039 16.9057 
500.125 58.9033 42.4422 -0.360993 65.9622 33.973 -59.143 -61.8886 -19.7937 -26.6039 16.9057 
500.125 58.9033 42.4422 -0.360993 65.9622 33.973 -59.143 -61.8886 -19.7937 -26.6039 16.9057 
500.125 58.9033 42.4422 -0.360993 65.9622 33.973 -59.143 -61.8886 -19.7937 -26.6039 16.9057 
500.125 58.9033 42.4422 -0.360993 65.9622 33.973 -59.143 -61.8886 -19.7937 -26.6039 16.9057 
500.125 58.9033 42.4422 -0.360993 65.9622 33.973 -59.143 -61.8886 -19.7937 -26.6039 16.9057 
500.125 58.9033 42.4422 -0.360993 65.9622 33.973 -59.143 -61.8886 -19.7937 -26.6039 16.9057 
500.125 58.9033 42.4422 -0.360993 65.9622 33.973 -59.143 -61.8886 -19.7937 -26.6039 16.9057 
500.125 58.9033 42.4422 -0.360993 65.9622 33.973 -59.143 -61.8886 -19.7937 -26.6039 16.9057 
500.125 58.9033 42.4422 -0.360993 65.9622 33.973 -59.143 -61.8886 -19.7937 -26.6039 16.9057 
500.125 58.9033 42.4422 -0.360993 65.9622 33.973 -59.143 -61.8886 -19.7937 -26.6039 16.9057 
500.125 58.9033 42.4422 -0.360993 65.9622 33.973 -59.143 -61.8886 -19.7937 -26.6039 16.9057 
500.125 58.9033 42.4422 -0.360993 65.9622 33.973 -59.143 -61.8886 -19.7937 -26.6039 16.9057 
500.125 58.9033 42.4422 -0.360993 65.9622 33.973 -59.143 -61.8886 -19.7937 -26.6039 16.9057 
500.125 58.9033 42.4422 -0.360993 65.9622 33.973 -59.143 -61.8886 -19.7937 -26.6039 16.9057 
500.125 58.9033 42.4422 -0.360993 65.9622 33.973 -59.143 -61.8886 -19.7937 -26.6039 16.9057 
500.125 58.9033 42.4422 -0.360993 65.9622 33.973 -59.143 -61.8886 -19.7937 -26.6039 16.9057 
500.125 58.9033 42.4422 -0.360993 65.9622 33.973 -59.143 -61.8886 -19.7937 -26.6039 16.9057 
500.125 58.9033 42.4422 -0.360993 65.9622 33.973 -59.143 -61.8886 -19.7937 -26.6039 16.9057 
500.125 58.9033 42.4422 -0.360993 65.9622 33.973 -59.143 -61.8886 -19.7937 -26.6039 16.9057 
500.125 58.9033 42.4422 -0.360993 65.9622 33.973 -59.143 -61.8886 -19.7937 -26.6039 16.9057 
500.125 58.9033 42.4422 -0.360993 65.9622 33.973 -59.143 -61.8886 -19.7937 -26.6039 16.9057 
500.125 58.9033 42.4422 -0.360993 65.9622 33.973 -59.143 -61.8886 -19.7937 -26.6039 16.9057 
500.125 58.9033 42.4422 -0.360993 65.9622 33.973 -59.143 -61.8886 -19.7937 -26.6039 16.9057 
500.125 58.9033 42.4422 -0.360993 65.9622 33.973 -59.143 -61.8886 -19.7937 -26.6039 16.9057 
500.125 58.9033 42.4422 -0.360993 65.9622 33.973 -59.143 -61.8886 -19.7937 -26.6039 16.9057 
500.125 58.9033 42.4422 -0.360993 65.9622 33.973 -59.143 -61.8886 -19.7937 -26.6039 16.9057 
500.125 58.9033 42.4422 -0.360993 65.9622 33.973 -59.143 -61.8886 -19.7937 -26.6039 16.9057 
500.125 58.9033 42.4422 -0.360993 65.9622 33.973 -59.143 -61.8886 -19.7937 -26.6039 16.9057 
500.125 58.9033 42.4422 -0.360993 65.9622 33.973 -59.143 -61.8886 -19.7937 -26.6039 16.9057 
500.125 58.9033 42.4422 -0.360993 65.9622 33.973 -59.143 -61.8886 -19.7937 -26.6039 16.9057 
500.125 58.9033 42.4422 -0.360993 65.9622 33.973 -59.143 -61.8886 -19.7937 -26.6039 16.9057 
500.125 58.9033 42.4422 -0.360993 65.9622 33.973 -59.143 -61.8886 -19.7937 -26.6039 16.9057 
500.125 58.9033 42.4422 -0.360993 65.9622 33.973 -59.143 -61.8886 -19.7937 -26.6039 16.9057 
500.125 58.9033 42.4422 -0.360993 65.9622 33.973 -59.143 -61.8886 -19.7937 -26.6039 16.9057 
500.125 58.9033 42.4422 -0.360993 65.9622 33.973 -59.143 -61.8886 -19.7937 -26.6039 16.9057 
500.125 58.9033 42.4422 -0.360993 65.9622 33.973 -59.143 -61.8886 -19.7937 -26.6039 16.9057 
500.125 58.9033 42.4422 -0.360993 65.9622 33.973 -59.143 -61.8886 -19.7937 -26.6039 16.9057 
500.125 58.9033 42.4422 -0.360993 65.9622 33.973 -59.143 -61.8886 -19.7937 -26.6039 16.9057 
500.125 58.9033 42.4422 -0.360993 65.9622 33.973 -59.143 -61.8886 -19.7937 -26.6039 16.9057 
500.125 58.9033 42.4422 -0.360993 65.9622 33.973 -59.143 -61.8886 -19.7937 -26.6039 16.9057 
500.125 58.9033 42.4422 -0.360993 65.9622 33.973 -59.143 -61.8886 -19.7937 -26.6039 16.9057 
500.125 58.9033 42.4422 -0.360993 65.9622 33.973 -59.143 -61.8886 -19.7937 -26.6039 16.9057 
500.125 58.9033 42.4422 -0.360993 65.9622 33.973 -59.143 -61.8886 -19.7937 -26.6039 16.9057 
500.125 58.9033 42.4422 -0.360993 65.9622 33.973 -59.143 -61.8886 -19.7937 -26.6039 16.9057 
500.125 58.9033 42.4422 -0.360993 65.9622 33.973 -59.143 -61.8886 -19.7937 -26.6039 16.9057 
500.125 58.9033 42.4422 -0.360993 65.9622 33.973 -59.143 -61.8886 -19.7937 -26.6039 16.9057 
500.125 58.9033 42.4422 -0.360993 65.9622 33.973 -59.143 -61.8886 -19.7937 -26.6039 16.9057 
500.125 58.9033 42.4422 -0.360993 65.9622 33.973 -59.143 -61.8886 -19.7937 -26.6039 16.9057 
500.125 58.9033 42.4422 -0.360993 65.9622 33.973 -59.143 -61.8886 -19.7937 -26.6039 16.9057 