391.58344228871 
391.582871517347
391.583713653323
391.58330338422 
391.583323514347
391.583884995686
391.582364513091
391.582626074962
391.582366077241
391.582875134883
391.584072806625
391.582918675862
391.582962634435
391.583919074036
391.580671568624
391.582887375686
391.583270432726
391.583521143381
391.583868248746
391.583484481496
391.583764563414
391.582801841388
391.583028260425
391.582862505391
391.583556053383
391.583722146547
391.584052232757
391.582644462285
391.582400206585
391.583994023377
