24441813.8586731
24016668.374832 
25083807.8037804
24645410.2397411
24389358.7393443
24114003.7493119
24576035.1822815
24958366.344169 
24785006.1792746
24134643.6581928
24997246.7923299
24601102.3145186
24377772.9858273
24506192.9014599
24641575.7733664
23695657.8634151
24713285.7286135
24340057.3221899
24169661.8587435
24701938.2587548
24361012.4900946
24803329.0274996
24742092.8307561
24553257.4223804
24570545.9000008
24680643.1781041
24251576.227635 
24572729.1104304
24933429.1000192
24598984.6428673
