77.383 1020.33 
1331.58 164.735 
19.263 860.206 
123.829 984.902 
1165.99 588.775 
1244.05 125.167 
1563.68 415.207 
166.371 1170.07 
387.756 891.173 
790.952 336.145 
723.479 800.343 
1270.59 412.076 
1124.58 779.561 
373.486 977.389 
493.879 987.053 
419.778 772.703 
466.604 860.083 
81.6991 916.677 
377.665 1230.45 
959.95 477.432 
108.149 972.905 
373.211 1115.98 
1375.97 773.25 
430.04 725.853 
294.356 911.49 
645.299 677.197 
557.997 773.851 
819.142 662.419 
472.191 401.812 
250.703 593.078 
1052.68 700.167 
901.915 329.558 
415.061 724.962 
519.509 959.678 
465.426 808.169 
444.818 807.709 
930.363 72.3396 
173.854 548.342 
237.288 1148.64 
820.923 982.296 
915.611 254.606 
518.577 917.923 
1057.63 290.604 
176.875 1433.8 
844.14 555.162 
1080.04 90.0633 
1172.78 96.7385 
337.211 854.26 
469.659 1090.58 
723.621 1190.98 
672.827 654.106 
559.568 1079.86 
943.255 326.48 
633.956 67.4419 
1342.38 613.609 
702.301 745.579 
599.024 904.666 
316.203 1030.53 
420.051 643.065 
493.666 1270.68 
927.728 726.821 
1268.26 346.784 
196.408 673.114 
711.398 680.256 
949.742 922.314 
973.008 201.371 
848.597 362.968 
1187.07 492.642 
1301.04 415.173 
739.001 1006.96 
587.671 1372.69 
1015.37 815.317 
1031.06 280.68 
232.791 1200.84 
604.247 1144.19 
1114.97 800.166 
250.259 779.303 
428.301 1051.85 
647.085 947.983 
922.138 579.216 
961.313 95.3309 
88.2944 1006.82 
613.936 995.098 
375.753 1008.92 
402.418 806.583 
1316.65 433.707 
1031.17 712.687 
1158.66 429.914 
1062.96 503.509 
315.947 854.683 
366.544 775.321 
662.708 1277.79 
510.118 763.226 
768.729 198.649 
804.383 96.3413 
609.727 757.135 
654.293 1040.81 
1158.84 833.998 
1232.26 393.547 
734.951 23.6956 
2.4829e-16 4.05488 
0.927371 3.94741 
0.999028 3.92989 
0.852502 3.96425 
1.13418 3.89303 
1.06782 3.91175 
1.19846 3.87373 
0.773945 3.98034 
1.26075 3.85391 
0.69068 3.99563 
1.32133 3.83356 
1.38026 3.81273 
1.43772 3.79144 
0.601344 4.01004 
1.49388 3.76967 
1.54874 3.74746 
1.60242 3.72482 
1.655 3.70176 
1.70654 3.67828 
0.504088 4.02343 
1.75709 3.65441 
1.80669 3.63014 
1.85541 3.60548 
1.99659 3.52926 
1.90329 3.58044 
1.95026 3.55507 
2.04218 3.50308 
0.394711 4.03562 
2.08693 3.47661 
2.13101 3.44976 
2.17447 3.42253 
2.21727 3.39496 
2.25939 3.36708 
2.30093 3.33883 
3.85981 1.24255 
3.8791 1.18094 
3.84001 1.30245 
3.81971 1.36083 
2.3419 3.31022 
3.93368 0.983987 
3.91605 1.05195 
3.79895 1.41775 
3.89786 1.11747 
3.75607 1.52774 
3.77773 1.47337 
3.95067 0.913362 
3.73396 1.58102 
3.96701 0.839603 
3.71145 1.63315 
2.38228 3.28128 
3.68852 1.6843 
3.98262 0.762088 
3.66519 1.73449 
2.42206 3.25203 
3.64146 1.78377 
3.56795 1.9266 
3.59285 1.87975 
3.99746 0.679981 
3.61735 1.83217 
2.46134 3.2224 
3.54268 1.97269 
2.50005 3.19246 
2.53828 3.16215 
3.51704 2.01803 
3.49105 2.06267 
2.57604 3.13147 
3.46467 2.10668 
2.6133 3.10044 
2.65014 3.06901 
4.01143 0.592008 
3.43795 2.15002 
2.68649 3.03724 
3.38345 2.2348 
3.4109 2.19268 
2.72237 3.00512 
3.35566 2.27631 
3.32753 2.31725 
3.29902 2.35765 
2.7578 2.97265 
3.24094 2.43688 
3.27016 2.39752 
3.21134 2.47575 
2.79278 2.9398 
2.82736 2.90657 
2.86152 2.87293 
3.18139 2.51412 
2.89526 2.83893 
3.15109 2.552 
2.92861 2.80452 
4.02441 0.496159 
3.12042 2.58941 
2.96154 2.76972 
2.99409 2.7345 
3.0894 2.62634 
3.058 2.66283 
3.02623 2.69889 
0.263228 4.04633 
4.03623 0.388455 
4.0466 0.259065 
4.05488 0 
