2.01937 0.722576 
1.58276 0.69005 
0.697234 1.15206 
2.03758 0.890757 
0.886123 1.46376 
1.59464 0.973506 
1.86497 0.954983 
1.66003 1.20565 
1.37863 1.03421 
1.52552 0.827856 
0.635177 1.47153 
1.48956 1.08459 
0.90138 0.892664 
1.10181 1.3993 
1.7466 1.34905 
0.986489 1.44542 
1.32811 0.88225 
1.20957 1.20623 
1.43045 0.975351 
1.22588 0.965613 
1.45491 1.26812 
1.17152 1.00477 
1.93963 0.760956 
1.03101 1.05999 
0.882249 1.30627 
0.882884 0.763246 
0.835462 1.31987 
1.09695 1.26406 
0.657985 1.18361 
0.891178 1.17623 
1.19581 1.20701 
0.928146 1.02095 
0.991766 1.12478 
1.75288 1.1672 
1.81262 0.898961 
0.807361 0.862656 
2.44864 1.42949 
1.53776 0.710891 
1.03432 1.43778 
1.68788 1.25771 
0.744773 1.2327 
1.69072 1.1332 
1.30658 1.38377 
1.8175 1.19147 
1.50322 1.18746 
2.46878 1.11494 
1.60381 0.8345 
1.13499 1.05513 
1.79224 1.01177 
1.16158 0.73262 
1.66137 0.889006 
1.16214 0.611339 
1.09992 0.892055 
2.04373 0.94369 
0.940661 0.915568 
1.86148 0.715631 
0.848901 1.2679 
2.17346 1.137 
0.719051 0.948894 
1.10605 0.799283 
1.34337 1.06569 
1.55129 0.981528 
1.82577 0.793375 
1.47711 1.37039 
1.42862 0.842277 
1.35921 1.06147 
1.03028 1.18328 
0.873021 1.08244 
1.59165 1.18873 
1.90139 1.55009 
1.46332 1.06797 
0.930802 1.30969 
1.80301 1.34226 
0.750947 1.58968 
0.979883 1.36944 
1.65583 1.11074 
1.0124 1.00836 
1.90908 1.06808 
1.10013 0.928296 
1.72461 1.58034 
2.02685 0.707019 
0.765089 1.40461 
0.681841 1.4248 
0.828553 1.20783 
1.14687 1.2642 
1.24325 1.29231 
1.23864 1.32653 
0.685109 1.30048 
0.49052 1.70364 
1.10879 1.27259 
1.32852 0.795402 
1.3979 1.60364 
1.48175 0.82458 
1.11178 1.00929 
1.43211 1.18125 
0.592472 1.07274 
0.684036 1.47917 
1.78599 0.595613 
1.08745 0.952029 
1.0892 1.13993 
1.21707e-06 0.999648 
1.02687 9.13002e-06 
0.876511 0.06858 
1.00041 4.62528e-05 
0.956512 0.0296338 
0.973413 0.0144512 
0.63155 0.205753 
0.778554 0.120151 
0.720759 0.152721 
0.648718 0.195253 
0.617166 0.215841 
0.798132 0.107571 
0.663887 0.185625 
0.702061 0.163575 
0.76483 0.128969 
0.599657 0.226447 
0.736081 0.142846 
0.838108 0.0853988 
0.823343 0.093943 
0.552075 0.257342 
0.576448 0.241569 
0.538722 0.266564 
0.050581 0.775148 
0.412851 0.357612 
0.425198 0.348209 
0.00141245 0.962763 
0.563496 0.249844 
0.689676 0.170229 
0.677071 0.178016 
0.465434 0.318026 
0.391248 0.374815 
0.00751874 0.913429 
0.402847 0.365674 
0.00407608 0.936427 
0.232937 0.517561 
0.242559 0.507818 
0.043946 0.790459 
0.343357 0.414283 
0.295768 0.456312 
0.589093 0.233354 
0.527373 0.27431 
0.251821 0.498375 
0.0116048 0.89234 
0.476811 0.309887 
0.809745 0.10137 
0.0573248 0.760632 
0.305934 0.447087 
0.353497 0.405739 
0.515938 0.281933 
0.333295 0.422901 
0.748132 0.137988 
0.851636 0.0786661 
0.454238 0.326372 
0.286532 0.464891 
0.324063 0.431003 
0.260907 0.489363 
0.314951 0.439019 
0.363208 0.397652 
0.381049 0.382938 
0.964835 0.0211344 
0.435737 0.340247 
0.277857 0.473069 
0.223867 0.526941 
0.0808236 0.715774 
0.0156309 0.875017 
0.0384883 0.803864 
0.487189 0.302516 
0.26911 0.481378 
0.0242018 0.844464 
0.0197444 0.859556 
0.0746513 0.72683 
0.0288277 0.830234 
0.372263 0.390114 
0.0335758 0.816795 
0.0631293 0.748775 
0.444836 0.33329 
0.137448 0.629303 
0.505757 0.289074 
0.165465 0.593303 
0.0686652 0.737993 
0.158163 0.60237 
0.496745 0.295434 
0.201277 0.551459 
0.863381 0.0738144 
0.208931 0.543049 
0.144392 0.62009 
0.130581 0.638714 
0.193905 0.559793 
0.186443 0.56828 
0.151255 0.611159 
0.216496 0.534823 
0.111532 0.666107 
0.0993757 0.684814 
0.172585 0.584635 
0.117936 0.65665 
0.105321 0.675521 
0.124053 0.647866 
0.179315 0.576611 
0.0872827 0.704596 
0.0932009 0.69477 
