1.41067 3.91944 
0.707715 4.60088 
1.1799 4.33758 
2.23586 2.7594 
1.07706 4.31489 
1.81154 3.53925 
0.926831 4.36352 
1.91438 3.19248 
1.08809 4.16791 
1.61793 3.75275 
2.18053 2.79463 
2.13643 3.16627 
1.21745 4.108 
1.83618 3.4829 
1.36119 4.10858 
1.08099 4.33821 
2.02758 2.91421 
1.61606 3.86181 
1.00985 4.35865 
1.45255 3.99622 
1.70697 3.25767 
2.07707 3.52909 
1.01261 4.18397 
1.07142 4.23599 
1.0667 4.26714 
1.58737 3.7152 
0.786582 4.37479 
2.13775 2.89607 
0.612361 4.4987 
1.52098 4.13197 
1.45449 3.92144 
1.97349 3.01383 
1.44371 3.87321 
2.21372 2.62817 
1.84783 3.54638 
1.37337 3.92155 
0.558152 4.54624 
1.28886 4.15786 
1.03742 4.34739 
0.70835 4.54606 
2.03089 3.12359 
1.45685 3.99161 
2.00926 2.94579 
1.08179 4.22 
0.642592 4.53709 
1.9392 3.4634 
1.24991 4.12582 
1.57312 3.76719 
1.93398 3.50058 
1.29911 4.23105 
1.93202 3.25357 
2.01214 2.95748 
1.99312 3.36091 
1.24843 4.01615 
1.89118 3.00918 
1.28995 4.19176 
1.27679 4.09405 
0.60582 4.60506 
1.30143 4.39146 
1.60908 3.77279 
2.24372 2.35921 
2.04814 3.02746 
2.04167 3.26836 
1.39183 4.24778 
1.54504 4.01697 
2.30172 2.51621 
1.04679 4.32732 
1.93135 3.27057 
1.8659 3.31156 
1.20002 4.21587 
1.3756 3.96663 
1.39181 3.90909 
2.21263 2.29926 
1.85061 3.32288 
2.22178 2.6814 
0.942303 4.3138 
2.31727 1.80698 
0.988433 4.42555 
0.977689 4.58626 
1.43601 4.07069 
1.31848 4.24996 
2.2367 2.16093 
0.669354 4.60547 
1.6774 3.55398 
0.853806 4.49077 
2.16462 2.75481 
1.47815 4.19965 
2.39294 2.22435 
1.38004 4.11172 
2.14138 3.01773 
1.79684 3.67826 
2.12565 2.78916 
1.37052 4.26589 
1.59687 3.97382 
1.80582 3.77628 
2.17308 2.95546 
1.55639 3.99399 
1.28154 4.19704 
1.83893 3.77665 
2.00275 3.29729 
2 2.5774e-16 
1.28103e-17 4 
1.67779 2.17718 
1.66388 2.21946 
1.6915 2.13431 
1.64979 2.26115 
1.70503 2.09082 
1.6355 2.30228 
1.71835 2.04671 
1.73149 2.00194 
1.62104 2.34285 
1.74443 1.95649 
1.60638 2.38289 
1.56132 2.49983 
1.59155 2.42238 
1.78204 1.81587 
1.57653 2.46134 
1.54591 2.53783 
1.79417 1.76744 
1.53033 2.57533 
1.80609 1.7182 
1.51457 2.61233 
1.81779 1.66809 
1.49862 2.64888 
1.82928 1.61707 
1.48248 2.68496 
1.84056 1.56506 
1.46615 2.7206 
1.85161 1.51199 
1.44962 2.7558 
1.86244 1.45782 
1.43291 2.79053 
1.41599 2.82488 
1.87303 1.40249 
1.39888 2.85877 
1.88339 1.34587 
1.38157 2.89225 
1.8935 1.28785 
1.32842 2.99018 
1.36405 2.92531 
1.34636 2.95791 
1.90336 1.22837 
1.31029 3.02201 
1.91295 1.16723 
1.29194 3.05345 
1.27338 3.08448 
1.92227 1.10428 
1.25459 3.11512 
1.93131 1.03931 
1.2356 3.14534 
1.21636 3.1752 
1.94005 0.972045 
1.19689 3.20466 
1.17716 3.23375 
1.94847 0.902135 
1.1572 3.26245 
1.95656 0.829135 
1.13699 3.29075 
1.11653 3.31865 
1.96429 0.752459 
1.07481 3.3733 
1.09581 3.34616 
1.05351 3.40007 
1.03193 3.42644 
1.97163 0.671316 
1.01005 3.45242 
0.98784 3.47803 
0.965333 3.50322 
0.942482 3.52802 
1.97854 0.584367 
0.919268 3.55243 
0.89568 3.57646 
0.871725 3.60005 
0.847379 3.62323 
0.822581 3.64602 
1.98496 0.48967 
0.797361 3.66836 
0.745451 3.71177 
0.771673 3.69027 
0.718667 3.73284 
0.691335 3.75343 
0.66338 3.77355 
0.634734 3.79321 
0.605381 3.81236 
0.575203 3.831 
0.544146 3.84911 
0.512106 3.86665 
1.99079 0.383372 
0.478908 3.88363 
0.444423 3.89999 
0.408456 3.91569 
0.370676 3.9307 
0.330669 3.94495 
0.287847 3.95836 
0.241197 3.97081 
1.99591 0.255658 
0.188839 3.98213 
0.125931 3.99206 
1.75717 1.91035 
1.7697 1.8635 
