321.169 85.2518 35.5953 43.7818 75.6224 8.76572 -61.1368 84.106 -43.4524 -77.7524 73.7097 
320.033 -45.0227 66.4891 -73.4831 92.4588 -80.8673 99.5396 41.5609 -31.9545 68.4432 -31.3562 
320.005 -18.8949 -56.4837 -5.85305 76.9329 -90.7755 93.6646 -71.9506 45.1558 60.9262 -90.6148 
320 -88.3692 -55.3554 -62.9724 92.7105 -10.4128 -38.4291 90.3699 13.1845 84.409 17.5351 
319.995 -31.1784 47.2704 -10.2878 -73.6765 28.5671 39.9902 9.60038 -36.9049 79.9071 72.7154 
319.994 -31.1816 47.2707 -10.2881 -73.6765 28.5668 39.9867 9.59575 -36.9052 79.9071 72.7142 
314.197 -30.7114 73.6424 -10.2789 -47.8331 62.592 12.3757 -11.3644 65.3918 68.927 69.6143 
305.463 -27.3641 66.6983 -4.34576 -46.9791 62.2127 19.8434 -15.5472 71.2926 67.1664 71.9836 
303.762 -26.6167 67.2396 -1.88733 -46.961 60.8693 19.8442 -14.2759 71.8926 67.7234 72.0407 
302.474 -26.6169 67.2418 -1.78052 -46.6813 60.8612 19.9445 -13.6965 72.2947 67.9294 74.4003 
302.245 -26.716 67.2701 -1.75009 -46.6955 60.8482 19.9512 -13.6964 72.1604 67.9108 74.3295 
302.164 -26.6711 67.2715 -1.75146 -46.6967 60.852 19.9528 -13.6959 72.1177 67.8578 74.3295 
302.048 -26.6837 67.2511 -1.75146 -46.6967 60.855 20.02 -13.6624 72.1166 67.8578 74.3316 
302.037 -26.6834 67.2513 -1.75061 -46.6967 60.8517 20.0601 -13.6624 72.1166 67.8546 74.3316 
302.037 -26.6834 67.2513 -1.74987 -46.6967 60.8551 20.0601 -13.6624 72.1038 67.8513 74.3421 
302.035 -26.6834 67.1919 -1.74094 -46.7049 60.8551 20.0601 -13.6624 72.1061 67.8512 74.3421 
302.02 -26.6834 67.1919 -1.74618 -46.7049 60.8557 20.0761 -13.6066 72.1078 67.8658 74.3421 
302.016 -26.6827 67.2076 -1.74618 -46.7049 60.8557 20.0761 -13.6066 72.1078 67.8621 74.3421 
302.016 -26.6798 67.2076 -1.74618 -46.7049 60.8557 20.0761 -13.6066 72.1078 67.8621 74.3421 
302.016 -26.679 67.2076 -1.74618 -46.7049 60.8557 20.0761 -13.6066 72.1078 67.8621 74.3421 
302.016 -26.679 67.2076 -1.74618 -46.7049 60.8557 20.0761 -13.6066 72.1078 67.8621 74.3421 
302.016 -26.679 67.2076 -1.74618 -46.7049 60.8557 20.0761 -13.6066 72.1087 67.8621 74.3421 
302.016 -26.679 67.2076 -1.74618 -46.7049 60.8557 20.0761 -13.6066 72.1087 67.8621 74.3421 
302.016 -26.679 67.2076 -1.74618 -46.7049 60.8557 20.0761 -13.6066 72.1087 67.8621 74.3421 
302.015 -26.679 67.2076 -1.74618 -46.7049 60.8557 20.0761 -13.6167 72.1087 67.8621 74.3421 
302.015 -26.679 67.2076 -1.74618 -46.7049 60.8557 20.0761 -13.6167 72.1087 67.8621 74.3421 
302.015 -26.679 67.2076 -1.74618 -46.7049 60.8557 20.0761 -13.6167 72.1087 67.8621 74.3421 
302.014 -26.6649 67.2076 -1.74618 -46.7049 60.8557 20.0761 -13.6167 72.1087 67.8621 74.3421 
302.014 -26.6649 67.2076 -1.74618 -46.7049 60.8557 20.0761 -13.6167 72.1087 67.8593 74.3421 
302.014 -26.6649 67.2076 -1.74618 -46.7049 60.8557 20.0761 -13.6167 72.1087 67.8593 74.3421 
302.014 -26.6649 67.2076 -1.74618 -46.7049 60.8557 20.0761 -13.6269 72.1087 67.8593 74.3421 
302.014 -26.6649 67.2076 -1.74618 -46.7049 60.8557 20.0761 -13.6269 72.1087 67.8593 74.3421 
302.014 -26.6649 67.2076 -1.74618 -46.7049 60.8557 20.0761 -13.6269 72.1087 67.8593 74.3421 
302.014 -26.6649 67.2076 -1.74618 -46.7049 60.8557 20.0761 -13.6269 72.1087 67.8593 74.3421 
302.014 -26.6649 67.2089 -1.74618 -46.7049 60.8557 20.0761 -13.6269 72.1087 67.8593 74.3421 
302.014 -26.6649 67.2089 -1.74618 -46.7049 60.8557 20.0761 -13.6269 72.1087 67.8593 74.3421 
302.014 -26.6649 67.2089 -1.74543 -46.7049 60.8557 20.0761 -13.6269 72.1087 67.8593 74.3421 
302.014 -26.6649 67.2089 -1.74543 -46.7049 60.8557 20.0761 -13.6228 72.1087 67.8593 74.3421 
301.74 -26.944 67.2036 -2.76557 -46.7487 60.9134 20.0858 -13.6957 72.1043 67.8509 74.3272 
300.284 -27.2104 67.2333 -2.9108 -46.5824 60.7413 20.0858 -14.0952 72.0989 67.8855 73.4262 
300.131 -27.1949 67.2393 -2.94324 -46.6045 60.7485 20.0705 -14.0763 72.0642 67.8694 73.495 
300.085 -27.1888 67.2355 -2.94303 -46.5952 60.7436 20.058 -14.067 72.064 67.8584 73.4994 
300.066 -27.1888 67.2355 -2.95808 -46.5601 60.7436 20.058 -14.067 72.064 67.8574 73.4994 
300.062 -27.1888 67.2355 -2.95808 -46.561 60.7436 20.058 -14.067 72.064 67.8563 73.5042 
300.062 -27.1888 67.2355 -2.95808 -46.561 60.7436 20.058 -14.067 72.064 67.8563 73.5042 
300.059 -27.1888 67.2355 -2.95808 -46.561 60.7375 20.058 -14.067 72.064 67.8563 73.5042 
300.048 -27.1888 67.2355 -2.95808 -46.561 60.7375 20.058 -14.0426 72.064 67.8563 73.5042 
300.044 -27.1888 67.2355 -2.95808 -46.561 60.7375 20.058 -14.0426 72.064 67.8563 73.5125 
300.024 -27.1888 67.2231 -2.95808 -46.561 60.7375 20.065 -14.0426 72.064 67.8563 73.5125 
300.021 -27.1888 67.2231 -2.95808 -46.561 60.727 20.065 -14.0426 72.064 67.8563 73.5125 
300.021 -27.1888 67.2231 -2.95808 -46.561 60.727 20.065 -14.0426 72.064 67.8563 73.5125 
300.021 -27.1888 67.2231 -2.95808 -46.561 60.727 20.065 -14.0426 72.064 67.8563 73.5125 
300.013 -27.1888 67.2162 -2.9557 -46.561 60.727 20.065 -14.0426 72.0682 67.8563 73.5125 
300.013 -27.1888 67.2162 -2.9557 -46.561 60.727 20.065 -14.0426 72.0682 67.8563 73.5125 
300.013 -27.1888 67.2162 -2.9557 -46.561 60.727 20.065 -14.0426 72.0682 67.8563 73.5125 
300.013 -27.1888 67.2173 -2.9557 -46.561 60.727 20.0637 -14.0426 72.0682 67.8563 73.5177 
300.012 -27.1888 67.2173 -2.9557 -46.561 60.727 20.0637 -14.0436 72.0682 67.8563 73.5177 
300.012 -27.1888 67.2173 -2.9557 -46.561 60.727 20.0637 -14.0436 72.0679 67.8563 73.5177 
300.012 -27.1888 67.2173 -2.9557 -46.561 60.727 20.0637 -14.0436 72.0679 67.8563 73.5177 
300.012 -27.1888 67.2173 -2.9557 -46.561 60.727 20.0637 -14.0436 72.0679 67.8563 73.5177 
300.012 -27.1888 67.2168 -2.95542 -46.561 60.727 20.0637 -14.0442 72.0679 67.8563 73.5177 
300.01 -27.1908 67.2169 -2.95548 -46.5609 60.727 20.0649 -14.0442 72.0679 67.8563 73.5181 
300.01 -27.1908 67.2169 -2.95548 -46.5609 60.727 20.0649 -14.0442 72.0679 67.8563 73.5181 
300.01 -27.1908 67.2169 -2.95548 -46.5609 60.727 20.0649 -14.0442 72.0679 67.8563 73.5181 
300.01 -27.1908 67.2169 -2.95548 -46.5609 60.727 20.0649 -14.0442 72.0679 67.8565 73.5181 
300.009 -27.1908 67.2169 -2.95354 -46.5668 60.727 20.0649 -14.0442 72.0679 67.8565 73.5181 
300.009 -27.1896 67.2162 -2.95395 -46.5678 60.7277 20.0658 -14.0425 72.0681 67.8579 73.518 
300.007 -27.1902 67.2162 -2.95395 -46.5678 60.7277 20.067 -14.0435 72.0681 67.8574 73.518 
300.007 -27.1902 67.2128 -2.95395 -46.5678 60.7277 20.067 -14.0435 72.0681 67.8574 73.518 
300.006 -27.1902 67.2128 -2.95395 -46.5678 60.7277 20.0705 -14.0435 72.0681 67.8574 73.518 
300.005 -27.1902 67.2128 -2.95395 -46.5661 60.7277 20.0705 -14.0435 72.0681 67.8574 73.518 
300.004 -27.1903 67.2126 -2.95395 -46.5663 60.7288 20.0702 -14.0442 72.0681 67.8591 73.518 
300.004 -27.1903 67.2126 -2.95388 -46.5663 60.7288 20.0692 -14.0442 72.0681 67.8591 73.518 
300.004 -27.1903 67.2126 -2.95388 -46.5663 60.7288 20.0692 -14.0442 72.0681 67.8591 73.518 
300.004 -27.1903 67.2126 -2.95388 -46.5663 60.7288 20.0692 -14.0442 72.0681 67.8591 73.518 
300.003 -27.1903 67.2126 -2.95388 -46.5663 60.7288 20.0692 -14.0442 72.0681 67.8584 73.518 
300.003 -27.1911 67.213 -2.95388 -46.5663 60.7288 20.0692 -14.0442 72.0681 67.8584 73.518 
300.003 -27.1911 67.213 -2.95388 -46.5663 60.7283 20.0692 -14.0442 72.0681 67.8584 73.518 
300.003 -27.1911 67.213 -2.95388 -46.5663 60.7283 20.0692 -14.0442 72.0681 67.8584 73.518 
300.003 -27.1911 67.213 -2.95388 -46.5663 60.7283 20.0692 -14.0442 72.0681 67.8584 73.518 
300.003 -27.1911 67.213 -2.95388 -46.5663 60.7283 20.0692 -14.0442 72.0681 67.8584 73.518 
300.003 -27.1911 67.213 -2.95388 -46.5663 60.7283 20.0692 -14.0442 72.0676 67.8584 73.518 
300.003 -27.1911 67.213 -2.95388 -46.5663 60.7283 20.0692 -14.0442 72.0676 67.8584 73.518 
300.003 -27.1911 67.213 -2.95388 -46.5663 60.7283 20.0692 -14.0442 72.0676 67.8584 73.518 
300.003 -27.1911 67.213 -2.95388 -46.5663 60.7283 20.0692 -14.0442 72.0676 67.8584 73.518 
300.003 -27.1912 67.213 -2.95416 -46.5663 60.7283 20.0692 -14.0442 72.0676 67.8584 73.518 
300.003 -27.1912 67.213 -2.95359 -46.5663 60.7283 20.0692 -14.0442 72.0676 67.8584 73.518 
300.002 -27.1912 67.213 -2.95359 -46.5663 60.7283 20.0692 -14.0442 72.067 67.8584 73.518 
300.001 -27.1912 67.213 -2.95359 -46.5637 60.7283 20.0692 -14.0442 72.067 67.8584 73.518 
300 -27.1917 67.213 -2.95365 -46.5647 60.7284 20.0692 -14.0442 72.067 67.8583 73.518 
300 -27.1918 67.213 -2.95373 -46.5644 60.7284 20.0692 -14.0442 72.067 67.8583 73.518 
300 -27.1917 67.213 -2.95376 -46.5645 60.7284 20.0692 -14.0442 72.0667 67.8583 73.518 
300 -27.1917 67.213 -2.95376 -46.5645 60.7284 20.0692 -14.0442 72.0667 67.8583 73.518 
300 -27.1917 67.213 -2.95376 -46.5645 60.7284 20.0692 -14.0442 72.0667 67.8583 73.518 
300 -27.1917 67.213 -2.95376 -46.5645 60.7284 20.0692 -14.0442 72.0667 67.8583 73.518 
300 -27.1917 67.213 -2.95376 -46.5645 60.7284 20.0692 -14.0442 72.0667 67.8583 73.518 
300 -27.1917 67.213 -2.95376 -46.5645 60.7284 20.0692 -14.0442 72.0667 67.8583 73.518 
300 -27.1917 67.213 -2.95376 -46.5645 60.7284 20.0692 -14.0442 72.0667 67.8583 73.518 
300 -27.1917 67.213 -2.95376 -46.5645 60.7284 20.0692 -14.0442 72.0667 67.8583 73.518 
300 -27.1917 67.213 -2.95376 -46.5645 60.7284 20.0692 -14.0442 72.0667 67.8583 73.518 
300 -27.1917 67.213 -2.95376 -46.5645 60.7284 20.0692 -14.0442 72.0667 67.8583 73.518 