3821.794790037  
3825.62299132745
3821.17902512358
3824.4945797681 
3819.6977043422 
3827.76541358508
3827.28462308648
3825.40924078479
3824.40867971082
3820.07253957121
3823.8528780572 
3823.14690800659
3819.31305750117
3824.15757895019
3813.24147557143
3825.01552861075
3816.63444241647
3818.49264002427
3820.78072575815
3824.3664979493 
3823.39086343891
3820.4249639296 
3824.66492302085
3821.00127489487
3824.2387891826 
3820.3525791556 
3817.89117613961
3824.80911267619
3820.5106122904 
3820.83532747872
