106689.322607574
105063.190597678
106013.732859134
108899.17005033 
105765.429183695
107313.76095996 
106956.530706022
106594.151017406
108361.847542716
105811.60521256 
108619.460641345
106269.45250221 
107269.427423872
105449.349537761
107973.426889342
106415.556029745
110335.979308136
108227.080901249
106413.974592868
106025.006305581
106150.586221476
105899.839212348
105952.694253923
108388.485497038
104664.224619339
108369.859694013
106788.620596947
105636.298271399
107591.098938157
108812.099206799
