2.37315e+10 -91.6764 -49.7475 -84.8456 -58.9289 -26.5915 81.0455 -76.5899 -68.0209 53.4951 10.7106 
179874 -22.4446 -5.35623 -52.6345 -36.3731 -75.8702 69.0467 -68.4562 -37.5819 1.70563 -54.115 
35399.4 -22.3063 -5.75648 -52.5623 -36.2386 -75.7953 68.9119 -68.376 -37.5819 1.42611 -54.1877 
21646.5 -44.5961 39.9011 -52.5745 -36.2391 -75.8001 61.0671 -68.3672 -82.0967 1.41035 -54.2267 
14365.6 -22.2714 -5.75428 -52.6136 -36.2758 -75.7833 69.0441 -68.4186 -37.5819 1.45824 -54.2296 
11891.1 -35.0596 20.6114 -52.6105 -36.2779 -75.7808 64.4134 -68.4289 -63.1999 1.46456 -54.2246 
2425.75 -29.1201 8.35319 -52.6191 -36.2749 -75.7777 66.5706 -68.4356 -51.1928 1.45951 -54.2165 
2425.75 -29.1201 8.35319 -52.6191 -36.2749 -75.7777 66.5706 -68.4356 -51.1928 1.45951 -54.2165 
2421.44 -29.1201 8.3531 -52.6191 -36.2749 -75.7777 66.5706 -68.4356 -51.1928 1.45951 -54.2165 
2395.08 -29.1201 8.3531 -52.6191 -36.2749 -75.7777 66.5706 -68.4356 -51.1928 1.45951 -54.2209 
1031.71 -29.1201 8.34407 -52.6191 -36.2749 -75.7777 66.5706 -68.4209 -51.234 1.45951 -54.2209 
846.476 -29.1201 8.34407 -52.6065 -36.2753 -75.7822 66.5706 -68.4213 -51.234 1.45951 -54.2214 
451.556 -33.9186 18.0702 -52.6061 -36.2754 -75.7825 64.8787 -68.4211 -60.7245 1.45981 -54.2215 
387.155 -33.9186 18.0702 -52.6126 -36.2754 -75.7825 64.8787 -68.4217 -60.7245 1.4583 -54.2215 
385.983 -33.9186 18.0702 -52.6126 -36.2754 -75.7831 64.8787 -68.4217 -60.7245 1.4583 -54.2215 
360.827 -34.1927 18.6178 -52.6126 -36.2765 -75.7829 64.7814 -68.4226 -61.2691 1.458 -54.2212 
358.629 -34.1927 18.6178 -52.6123 -36.2758 -75.783 64.7814 -68.4226 -61.2691 1.45812 -54.2213 
358.273 -34.1927 18.6178 -52.612 -36.2747 -75.7829 64.7814 -68.4226 -61.2691 1.45812 -54.2213 
358.157 -34.1927 18.6178 -52.612 -36.2747 -75.7829 64.7814 -68.4227 -61.2691 1.45812 -54.2213 
341.722 -34.5421 19.3264 -52.612 -36.2747 -75.7829 64.6579 -68.4228 -61.9605 1.45812 -54.2217 
276.888 -34.5421 19.3264 -52.612 -36.2747 -75.7829 64.6429 -68.4228 -61.9526 1.45812 -54.2217 
240.391 -37.6122 25.5585 -52.6123 -36.275 -75.7829 63.5673 -68.4227 -68.0318 1.45825 -54.2216 
231.276 -37.6122 25.5568 -52.6121 -36.2749 -75.7829 63.5673 -68.423 -68.0318 1.45825 -54.2216 
231.136 -37.6122 25.5568 -52.6122 -36.2749 -75.7829 63.5673 -68.423 -68.0318 1.45825 -54.2216 
231.048 -37.6122 25.5568 -52.6122 -36.275 -75.7829 63.5673 -68.423 -68.0318 1.45825 -54.2216 
231.038 -37.6122 25.5568 -52.6123 -36.275 -75.7829 63.5673 -68.423 -68.0318 1.45825 -54.2216 
209.459 -35.9061 22.1002 -52.612 -36.2751 -75.7829 64.1678 -68.4231 -64.6613 1.45794 -54.2215 
209.444 -35.9061 22.1002 -52.612 -36.2751 -75.7829 64.1678 -68.4231 -64.6613 1.45798 -54.2217 
209.444 -35.9061 22.1002 -52.612 -36.2751 -75.7829 64.1678 -68.4231 -64.6613 1.45798 -54.2217 
208.346 -37.2473 24.8189 -52.6124 -36.2751 -75.7828 63.6932 -68.4232 -67.3146 1.45807 -54.2216 
208.342 -37.2473 24.8189 -52.6124 -36.2751 -75.7828 63.6932 -68.4232 -67.3146 1.45807 -54.2216 
208.335 -37.2473 24.8189 -52.6124 -36.2753 -75.7828 63.6932 -68.4232 -67.3146 1.45807 -54.2216 
208.335 -37.2473 24.8189 -52.6124 -36.2753 -75.7828 63.6932 -68.4232 -67.3146 1.45807 -54.2216 
208.335 -37.2473 24.8189 -52.6124 -36.2753 -75.7828 63.6932 -68.4232 -67.3146 1.45807 -54.2216 
208.334 -37.2473 24.8189 -52.6124 -36.2753 -75.7828 63.6932 -68.4232 -67.3146 1.45809 -54.2216 
208.334 -37.2473 24.8189 -52.6124 -36.2753 -75.7828 63.6932 -68.4232 -67.3146 1.45809 -54.2216 
208.334 -37.2473 24.8189 -52.6124 -36.2753 -75.7828 63.6932 -68.4232 -67.3146 1.45809 -54.2216 
208.333 -37.2473 24.8189 -52.6124 -36.2752 -75.7828 63.6932 -68.4232 -67.3146 1.45809 -54.2216 
208.333 -37.2473 24.8189 -52.6124 -36.2752 -75.7828 63.6932 -68.4232 -67.3146 1.45809 -54.2216 
208.333 -37.2473 24.8189 -52.6124 -36.2752 -75.7828 63.6932 -68.4232 -67.3146 1.45809 -54.2216 
203.407 -36.6315 23.5705 -52.6124 -36.2752 -75.7828 63.9104 -68.4232 -66.0956 1.4581 -54.2216 
203.407 -36.6315 23.5705 -52.6124 -36.2752 -75.7828 63.9104 -68.4232 -66.0956 1.4581 -54.2216 
203.407 -36.6315 23.5705 -52.6124 -36.2752 -75.7828 63.9104 -68.4232 -66.0956 1.4581 -54.2216 
203.407 -36.6315 23.5705 -52.6124 -36.2752 -75.7828 63.9104 -68.4232 -66.0956 1.4581 -54.2216 
203.407 -36.6315 23.5705 -52.6124 -36.2752 -75.7828 63.9104 -68.4232 -66.0956 1.4581 -54.2216 
202.038 -36.6325 23.5705 -52.6124 -36.2747 -75.7828 63.9094 -68.4232 -66.0956 1.4581 -54.2216 
201.796 -36.6325 23.5705 -52.6124 -36.2754 -75.7828 63.9094 -68.4232 -66.0956 1.4581 -54.2216 
201.796 -36.6325 23.5705 -52.6124 -36.2754 -75.7828 63.9094 -68.4232 -66.0956 1.4581 -54.2216 
201.791 -36.6325 23.5705 -52.6124 -36.2751 -75.7828 63.9094 -68.4232 -66.0956 1.4581 -54.2216 
201.791 -36.6325 23.5705 -52.6124 -36.2751 -75.7828 63.9094 -68.4232 -66.0956 1.4581 -54.2216 
201.791 -36.6325 23.5705 -52.6124 -36.2751 -75.7828 63.9094 -68.4232 -66.0956 1.4581 -54.2216 
201.787 -36.6325 23.5705 -52.6124 -36.2751 -75.7828 63.9094 -68.4232 -66.0956 1.4581 -54.2216 
201.723 -36.3502 22.9981 -52.6124 -36.2753 -75.7828 64.009 -68.4232 -65.5368 1.45809 -54.2216 
201.722 -36.3502 22.9981 -52.6124 -36.2752 -75.7828 64.009 -68.4232 -65.5368 1.45809 -54.2216 
201.721 -36.3502 22.9981 -52.6124 -36.2752 -75.7828 64.009 -68.4232 -65.5368 1.45809 -54.2216 
201.721 -36.3502 22.9981 -52.6124 -36.2752 -75.7828 64.009 -68.4232 -65.5368 1.4581 -54.2216 
201.721 -36.3502 22.9981 -52.6124 -36.2752 -75.7828 64.009 -68.4232 -65.5368 1.4581 -54.2216 
201.721 -36.3502 22.9981 -52.6124 -36.2752 -75.7828 64.009 -68.4232 -65.5368 1.4581 -54.2216 
201.685 -36.3844 23.0675 -52.6124 -36.2752 -75.7828 63.9969 -68.4232 -65.6046 1.4581 -54.2216 
201.451 -36.5037 23.3065 -52.6124 -36.2752 -75.7828 63.9549 -68.4232 -65.8389 1.45812 -54.2216 
201.451 -36.5037 23.3065 -52.6124 -36.2752 -75.7828 63.9549 -68.4232 -65.8389 1.45812 -54.2216 
200.803 -36.6448 23.5929 -52.6124 -36.2752 -75.7828 63.906 -68.4232 -66.1189 1.4581 -54.2216 
200.356 -36.4746 23.2479 -52.6124 -36.2752 -75.7828 63.9661 -68.4232 -65.782 1.4581 -54.2216 
200.356 -36.4746 23.2479 -52.6124 -36.2752 -75.7828 63.9661 -68.4232 -65.782 1.4581 -54.2216 
200.356 -36.4746 23.2479 -52.6124 -36.2752 -75.7828 63.9661 -68.4232 -65.782 1.4581 -54.2216 
200.356 -36.4746 23.2479 -52.6124 -36.2752 -75.7828 63.9661 -68.4232 -65.782 1.4581 -54.2216 
200.356 -36.4746 23.2479 -52.6124 -36.2752 -75.7828 63.9661 -68.4232 -65.782 1.4581 -54.2216 
200.356 -36.4746 23.2479 -52.6124 -36.2752 -75.7828 63.9661 -68.4232 -65.782 1.4581 -54.2216 
200.112 -36.443 23.1848 -52.6124 -36.2752 -75.7828 63.9766 -68.4232 -65.721 1.4581 -54.2216 
200.112 -36.443 23.1848 -52.6124 -36.2752 -75.7828 63.9766 -68.4232 -65.721 1.4581 -54.2216 
200.112 -36.443 23.1848 -52.6124 -36.2752 -75.7828 63.9766 -68.4232 -65.721 1.4581 -54.2216 
200.112 -36.443 23.1848 -52.6124 -36.2752 -75.7828 63.9766 -68.4232 -65.721 1.4581 -54.2216 
200.112 -36.443 23.1848 -52.6124 -36.2752 -75.7828 63.9766 -68.4232 -65.721 1.4581 -54.2216 
200.112 -36.443 23.1848 -52.6124 -36.2752 -75.7828 63.9766 -68.4232 -65.721 1.4581 -54.2216 
200.112 -36.443 23.1848 -52.6124 -36.2752 -75.7828 63.9766 -68.4232 -65.721 1.4581 -54.2216 
200.085 -36.443 23.1849 -52.6124 -36.2752 -75.7828 63.9766 -68.4232 -65.721 1.4581 -54.2216 
200.085 -36.443 23.1849 -52.6124 -36.2752 -75.7828 63.9766 -68.4232 -65.721 1.4581 -54.2216 
200.085 -36.443 23.1849 -52.6124 -36.2752 -75.7828 63.9766 -68.4232 -65.721 1.4581 -54.2216 
200.085 -36.443 23.1849 -52.6124 -36.2752 -75.7828 63.9766 -68.4232 -65.721 1.4581 -54.2216 
200.085 -36.443 23.1849 -52.6124 -36.2752 -75.7828 63.9766 -68.4232 -65.721 1.4581 -54.2216 
200.085 -36.443 23.1849 -52.6124 -36.2752 -75.7828 63.9766 -68.4232 -65.721 1.4581 -54.2216 
200.085 -36.443 23.1849 -52.6124 -36.2752 -75.7828 63.9766 -68.4232 -65.721 1.4581 -54.2216 
200.085 -36.443 23.1849 -52.6124 -36.2752 -75.7828 63.9766 -68.4232 -65.721 1.4581 -54.2216 
200.078 -36.4838 23.2682 -52.6124 -36.2752 -75.7828 63.9624 -68.4232 -65.8019 1.4581 -54.2216 
200.049 -36.4534 23.2063 -52.6124 -36.2752 -75.7828 63.9732 -68.4232 -65.7414 1.4581 -54.2216 
200.037 -36.4621 23.2239 -52.6124 -36.2752 -75.7828 63.9702 -68.4232 -65.7585 1.4581 -54.2216 
200.035 -36.445 23.1893 -52.6124 -36.2752 -75.7828 63.9762 -68.4232 -65.7248 1.4581 -54.2216 
200.012 -36.466 23.2317 -52.6124 -36.2752 -75.7828 63.9687 -68.4232 -65.7663 1.4581 -54.2216 
200.007 -36.4459 23.191 -52.6124 -36.2752 -75.7828 63.9758 -68.4232 -65.7266 1.4581 -54.2216 
200.001 -36.4367 23.1721 -52.6124 -36.2752 -75.7828 63.9791 -68.4231 -65.7082 1.4581 -54.2216 
200.001 -36.4487 23.1965 -52.6124 -36.2752 -75.7828 63.9748 -68.4232 -65.732 1.4581 -54.2216 
200 -36.4421 23.1832 -52.6124 -36.2752 -75.7828 63.9772 -68.4232 -65.719 1.4581 -54.2216 
200 -36.4421 23.1832 -52.6124 -36.2752 -75.7828 63.9772 -68.4232 -65.719 1.4581 -54.2216 
200 -36.4421 23.1832 -52.6124 -36.2752 -75.7828 63.9772 -68.4232 -65.719 1.4581 -54.2216 
200 -36.4421 23.1832 -52.6124 -36.2752 -75.7828 63.9772 -68.4232 -65.719 1.4581 -54.2216 
200 -36.4421 23.1832 -52.6124 -36.2752 -75.7828 63.9772 -68.4232 -65.719 1.4581 -54.2216 
200 -36.4421 23.1832 -52.6124 -36.2752 -75.7828 63.9772 -68.4232 -65.719 1.4581 -54.2216 
200 -36.4421 23.1832 -52.6124 -36.2752 -75.7828 63.9772 -68.4232 -65.719 1.4581 -54.2216 
200 -36.4421 23.1832 -52.6124 -36.2752 -75.7828 63.9772 -68.4232 -65.719 1.4581 -54.2216 
200 -36.4421 23.1832 -52.6124 -36.2752 -75.7828 63.9772 -68.4232 -65.719 1.4581 -54.2216 
200 -36.4421 23.1832 -52.6124 -36.2752 -75.7828 63.9772 -68.4232 -65.719 1.4581 -54.2216 