1.15739e+10 -64.8047 -9.27699 -16.1218 -26.8042 -55.4859 59.4061 -54.5096 -0.173876 -61.9374 -39.1214 
224563 -25.5548 0.881766 -52.5532 -36.1483 -75.7632 68.1034 -68.4062 -43.4998 1.53097 -54.1937 
18607.2 -48.9856 48.4655 -52.5693 -36.2474 -75.7878 59.5958 -68.4258 -90.4907 1.41417 -54.2596 
6432.15 -48.9856 48.5637 -52.5884 -36.2954 -75.7878 59.5876 -68.391 -90.5055 1.48727 -54.2303 
5276.6 -48.9856 48.5637 -52.5928 -36.2954 -75.7892 59.5876 -68.3951 -90.5053 1.44526 -54.2303 
3875.99 -48.9856 48.5637 -52.6026 -36.2841 -75.7892 59.5876 -68.4124 -90.5053 1.44526 -54.2303 
2747.01 -48.9856 48.5637 -52.6055 -36.2762 -75.7859 59.539 -68.4124 -90.5053 1.4592 -54.2303 
2740.13 -48.9856 48.5637 -52.6055 -36.2762 -75.7842 59.539 -68.4124 -90.5053 1.4592 -54.2299 
2504.04 -48.9856 48.5645 -52.6084 -36.2762 -75.7842 59.539 -68.4182 -90.5053 1.4592 -54.2244 
2500.44 -48.9856 48.5645 -52.6084 -36.2749 -75.7837 59.539 -68.4183 -90.5053 1.45909 -54.2243 
2471.99 -48.9856 48.5645 -52.612 -36.2749 -75.7834 59.539 -68.4206 -90.5053 1.45909 -54.2243 
2152.86 -48.9506 48.5645 -52.6097 -36.2749 -75.7834 59.539 -68.4206 -90.5053 1.45805 -54.2214 
871.037 -40.5435 31.5367 -52.6104 -36.2749 -75.7829 62.5233 -68.4213 -73.8857 1.45846 -54.221 
869.604 -40.5435 31.5367 -52.6104 -36.2749 -75.7829 62.5233 -68.4216 -73.8857 1.45846 -54.2213 
869.604 -40.5435 31.5367 -52.6104 -36.2749 -75.7829 62.5233 -68.4216 -73.8857 1.45846 -54.2213 
431.545 -36.1354 22.589 -52.6108 -36.275 -75.7828 64.0828 -68.422 -65.1448 1.45849 -54.221 
347.673 -36.8211 23.9759 -52.6106 -36.275 -75.7827 63.842 -68.4219 -66.4927 1.45854 -54.2189 
343.81 -36.8211 23.9759 -52.6114 -36.275 -75.7827 63.842 -68.4224 -66.4927 1.45854 -54.2189 
315.59 -35.8682 22.0413 -52.6118 -36.2751 -75.783 64.1792 -68.4226 -64.6037 1.45855 -54.2199 
306.848 -35.8682 22.0413 -52.6124 -36.2751 -75.7828 64.1792 -68.4232 -64.5976 1.45816 -54.2216 
306.848 -35.8682 22.0413 -52.6124 -36.2751 -75.7828 64.1792 -68.4232 -64.5976 1.45816 -54.2216 
301.353 -36.4419 23.2044 -52.6124 -36.2752 -75.7828 63.9768 -68.4232 -65.7374 1.4581 -54.2215 
300.675 -36.4419 23.2044 -52.6124 -36.2752 -75.7828 63.9768 -68.4232 -65.7371 1.4581 -54.2215 
300.671 -36.4419 23.2044 -52.6124 -36.2752 -75.7828 63.9768 -68.4232 -65.7371 1.4581 -54.2216 
240.312 -36.4573 23.2044 -52.6124 -36.2752 -75.7828 63.9768 -68.4232 -65.7371 1.4581 -54.2216 
240.312 -36.4573 23.2044 -52.6124 -36.2752 -75.7828 63.9768 -68.4232 -65.7371 1.4581 -54.2216 
234.427 -36.4573 23.2044 -52.6124 -36.2752 -75.7828 63.9757 -68.4232 -65.7371 1.4581 -54.2216 
234.427 -36.4573 23.2044 -52.6124 -36.2752 -75.7828 63.9757 -68.4232 -65.7371 1.4581 -54.2216 
234.427 -36.4573 23.2044 -52.6124 -36.2752 -75.7828 63.9757 -68.4232 -65.7371 1.4581 -54.2216 
234.427 -36.4573 23.2044 -52.6124 -36.2752 -75.7828 63.9757 -68.4232 -65.7371 1.4581 -54.2216 
234.427 -36.4573 23.2044 -52.6124 -36.2752 -75.7828 63.9757 -68.4232 -65.7371 1.4581 -54.2216 
234.425 -36.4573 23.2044 -52.6124 -36.2752 -75.7828 63.9757 -68.4232 -65.7371 1.4581 -54.2216 
201.968 -36.1766 22.6438 -52.6124 -36.2752 -75.7828 64.0716 -68.4232 -65.1914 1.4582 -54.2217 
201.968 -36.1766 22.6438 -52.6124 -36.2752 -75.7828 64.0716 -68.4232 -65.1914 1.4582 -54.2217 
201.732 -36.6637 23.6318 -52.6124 -36.2752 -75.7828 63.8996 -68.4232 -66.1558 1.45821 -54.2216 
201.731 -36.6637 23.6318 -52.6124 -36.2752 -75.7828 63.8996 -68.4232 -66.1558 1.45821 -54.2216 
201.731 -36.6637 23.6318 -52.6124 -36.2752 -75.7828 63.8996 -68.4232 -66.1558 1.45821 -54.2216 
201.721 -36.6637 23.6318 -52.6124 -36.2752 -75.7828 63.8996 -68.4232 -66.1558 1.45803 -54.2216 
201.721 -36.6637 23.6318 -52.6124 -36.2752 -75.7828 63.8996 -68.4232 -66.1558 1.45804 -54.2216 
201.721 -36.6637 23.6318 -52.6124 -36.2752 -75.7828 63.8996 -68.4232 -66.1558 1.45804 -54.2216 
201.059 -36.6637 23.6318 -52.6124 -36.2752 -75.7828 63.8996 -68.4232 -66.1574 1.45806 -54.2216 
201.059 -36.6637 23.6318 -52.6124 -36.2752 -75.7828 63.8996 -68.4232 -66.1574 1.45806 -54.2216 
201.058 -36.6637 23.6318 -52.6124 -36.2752 -75.7828 63.8996 -68.4232 -66.1574 1.45808 -54.2216 
201.058 -36.6637 23.6318 -52.6124 -36.2752 -75.7828 63.8996 -68.4232 -66.1574 1.45808 -54.2216 
201.058 -36.6637 23.6318 -52.6124 -36.2752 -75.7828 63.8996 -68.4232 -66.1574 1.45808 -54.2216 
200.648 -36.506 23.3121 -52.6124 -36.2752 -75.7828 63.9553 -68.4232 -65.8454 1.45808 -54.2216 
200.648 -36.506 23.3121 -52.6124 -36.2752 -75.7828 63.9553 -68.4232 -65.8454 1.45808 -54.2216 
200.648 -36.506 23.3121 -52.6124 -36.2752 -75.7828 63.9553 -68.4232 -65.8454 1.45808 -54.2216 
200.648 -36.506 23.3121 -52.6124 -36.2752 -75.7828 63.9553 -68.4232 -65.8454 1.45808 -54.2216 
200.648 -36.506 23.3121 -52.6124 -36.2752 -75.7828 63.9553 -68.4232 -65.8454 1.45808 -54.2216 
200.648 -36.506 23.3121 -52.6124 -36.2752 -75.7828 63.9553 -68.4232 -65.8454 1.45809 -54.2216 
200.648 -36.506 23.3121 -52.6124 -36.2752 -75.7828 63.9553 -68.4232 -65.8454 1.45809 -54.2216 
200.617 -36.506 23.3122 -52.6124 -36.2752 -75.7828 63.9553 -68.4232 -65.8454 1.45809 -54.2216 
200.617 -36.506 23.3122 -52.6124 -36.2752 -75.7828 63.9553 -68.4232 -65.8454 1.45809 -54.2216 
200.605 -36.4911 23.2819 -52.6124 -36.2752 -75.7828 63.9606 -68.4232 -65.8159 1.45809 -54.2216 
200.09 -36.4504 23.1993 -52.6124 -36.2752 -75.7828 63.9744 -68.4232 -65.735 1.45809 -54.2217 
200.084 -36.4504 23.1993 -52.6124 -36.2752 -75.7828 63.9744 -68.4232 -65.735 1.4581 -54.2216 
200.084 -36.4504 23.1993 -52.6124 -36.2752 -75.7828 63.9744 -68.4232 -65.735 1.4581 -54.2216 
200.084 -36.4504 23.1993 -52.6124 -36.2752 -75.7828 63.9744 -68.4232 -65.735 1.4581 -54.2216 
200.084 -36.4504 23.1993 -52.6124 -36.2752 -75.7828 63.9744 -68.4232 -65.735 1.4581 -54.2216 
200.084 -36.4504 23.1993 -52.6124 -36.2752 -75.7828 63.9744 -68.4232 -65.735 1.4581 -54.2216 
200.084 -36.4504 23.1993 -52.6124 -36.2752 -75.7828 63.9744 -68.4232 -65.735 1.4581 -54.2216 
200.084 -36.4504 23.1993 -52.6124 -36.2752 -75.7828 63.9744 -68.4232 -65.735 1.4581 -54.2216 
200.084 -36.4504 23.1993 -52.6124 -36.2752 -75.7828 63.9744 -68.4232 -65.735 1.4581 -54.2216 
200.084 -36.4504 23.1993 -52.6124 -36.2752 -75.7828 63.9744 -68.4232 -65.735 1.4581 -54.2216 
200.084 -36.4504 23.1993 -52.6124 -36.2752 -75.7828 63.9744 -68.4232 -65.735 1.4581 -54.2216 
200.084 -36.4504 23.1993 -52.6124 -36.2752 -75.7828 63.9744 -68.4232 -65.735 1.4581 -54.2216 
200.084 -36.4504 23.1993 -52.6124 -36.2752 -75.7828 63.9744 -68.4232 -65.735 1.4581 -54.2216 
200.084 -36.4504 23.1993 -52.6124 -36.2752 -75.7828 63.9744 -68.4232 -65.735 1.4581 -54.2216 
200.084 -36.4504 23.1993 -52.6124 -36.2752 -75.7828 63.9744 -68.4232 -65.735 1.4581 -54.2216 
200.084 -36.4504 23.1993 -52.6124 -36.2752 -75.7828 63.9744 -68.4232 -65.735 1.4581 -54.2216 
200.084 -36.4504 23.1993 -52.6124 -36.2752 -75.7828 63.9744 -68.4232 -65.735 1.4581 -54.2216 
200.084 -36.4504 23.1993 -52.6124 -36.2752 -75.7828 63.9744 -68.4232 -65.735 1.4581 -54.2216 
200.027 -36.4502 23.1993 -52.6124 -36.2752 -75.7828 63.9744 -68.4232 -65.735 1.4581 -54.2216 
200.027 -36.4502 23.1993 -52.6124 -36.2752 -75.7828 63.9744 -68.4232 -65.735 1.4581 -54.2216 
200.027 -36.4502 23.1993 -52.6124 -36.2752 -75.7828 63.9744 -68.4232 -65.735 1.4581 -54.2216 
200.027 -36.4502 23.1993 -52.6124 -36.2752 -75.7828 63.9744 -68.4232 -65.735 1.4581 -54.2216 
200.027 -36.4502 23.1993 -52.6124 -36.2752 -75.7828 63.9744 -68.4232 -65.735 1.4581 -54.2216 
200.027 -36.4502 23.1993 -52.6124 -36.2752 -75.7828 63.9744 -68.4232 -65.735 1.4581 -54.2216 
200.027 -36.4502 23.1993 -52.6124 -36.2752 -75.7828 63.9744 -68.4232 -65.735 1.4581 -54.2216 
200.027 -36.4502 23.1993 -52.6124 -36.2752 -75.7828 63.9744 -68.4232 -65.735 1.4581 -54.2216 
200.027 -36.4502 23.1993 -52.6124 -36.2752 -75.7828 63.9744 -68.4232 -65.735 1.4581 -54.2216 
200.022 -36.4422 23.1835 -52.6124 -36.2752 -75.7828 63.977 -68.4232 -65.7194 1.4581 -54.2216 
200.022 -36.4422 23.1835 -52.6124 -36.2752 -75.7828 63.977 -68.4232 -65.7194 1.4581 -54.2216 
200.022 -36.4376 23.1742 -52.6124 -36.2752 -75.7828 63.9786 -68.4232 -65.7103 1.4581 -54.2216 
200.022 -36.4376 23.1742 -52.6124 -36.2752 -75.7828 63.9786 -68.4232 -65.7103 1.4581 -54.2216 
200.011 -36.4576 23.2144 -52.6124 -36.2752 -75.7828 63.9717 -68.4232 -65.7496 1.4581 -54.2216 
200.011 -36.4576 23.2144 -52.6124 -36.2752 -75.7828 63.9717 -68.4232 -65.7496 1.4581 -54.2216 
200.008 -36.4432 23.1853 -52.6124 -36.2752 -75.7828 63.9768 -68.4232 -65.7212 1.4581 -54.2216 
200.008 -36.4432 23.1853 -52.6124 -36.2752 -75.7828 63.9768 -68.4232 -65.7212 1.4581 -54.2216 
200.008 -36.4432 23.1853 -52.6124 -36.2752 -75.7828 63.9768 -68.4232 -65.7212 1.4581 -54.2216 
200 -36.4419 23.1827 -52.6124 -36.2752 -75.7828 63.9772 -68.4232 -65.7186 1.4581 -54.2216 
200 -36.4419 23.1827 -52.6124 -36.2752 -75.7828 63.9772 -68.4232 -65.7186 1.4581 -54.2216 
200 -36.4419 23.1827 -52.6124 -36.2752 -75.7828 63.9772 -68.4232 -65.7186 1.4581 -54.2216 
200 -36.4419 23.1827 -52.6124 -36.2752 -75.7828 63.9772 -68.4232 -65.7186 1.4581 -54.2216 
200 -36.4419 23.1827 -52.6124 -36.2752 -75.7828 63.9772 -68.4232 -65.7186 1.4581 -54.2216 
200 -36.4419 23.1827 -52.6124 -36.2752 -75.7828 63.9772 -68.4232 -65.7186 1.4581 -54.2216 
200 -36.4419 23.1827 -52.6124 -36.2752 -75.7828 63.9772 -68.4232 -65.7186 1.4581 -54.2216 
200 -36.4419 23.1827 -52.6124 -36.2752 -75.7828 63.9772 -68.4232 -65.7186 1.4581 -54.2216 
200 -36.4419 23.1827 -52.6124 -36.2752 -75.7828 63.9772 -68.4232 -65.7186 1.4581 -54.2216 
200 -36.4419 23.1827 -52.6124 -36.2752 -75.7828 63.9772 -68.4232 -65.7186 1.4581 -54.2216 