0.0921426 0.278565 17.8856 
0.139762 0.38367 17.4158 
0.588658 0.827206 14.5397 
0.807761 0.345731 18.0457 
0.909199 0.709767 16.4914 
0.517384 0.546967 17.204 
0.607284 0.544969 18.4581 
0.943149 0.495913 17.5543 
0.792186 0.44698 15.0589 
0.421551 0.126504 17.9245 
0.0184051 0.728012 18.4747 
0.419961 0.41803 17.9054 
0.0145168 0.668117 19.3251 
0.870264 0.847033 12.7932 
0.267506 0.876349 19.3839 
0.745228 0.220815 17.3138 
0.0298058 0.224244 22.0745 
0.273215 0.0256189 20.2129 
0.192063 0.129861 20.3522 
0.162062 0.212996 19.9017 
0.219511 0.902573 17.0957 
0.448677 0.404084 18.344 
0.547309 0.118467 21.7711 
0.245992 0.776615 15.5033 
0.217696 0.888949 15.4776 
0.864547 0.576058 18.1854 
0.531848 0.607205 19.7831 
0.195195 0.494878 19.7171 
0.711405 0.112063 19.8772 
0.57572 0.382241 18.0845 
0.638716 0.446279 16.3558 
0.586609 0.344525 19.3676 
0.38577 0.128347 16.321 
0.848404 0.419723 19.764 
0.735099 0.31732 19.1602 
0.490942 0.318056 17.6719 
0.223076 0.631851 18.594 
0.716622 0.325447 17.9023 
0.822614 0.638623 16.6669 
0.313117 0.352319 18.3938 
0.232417 0.364958 17.9383 
0.990262 0.285001 17.6323 
0.934073 0.0360081 17.2883 
0.274819 0.82322 18.8884 
0.00662852 0.502565 22.9708 
0.180703 0.480485 18.9862 
0.376949 0.805172 19.0042 
0.394966 0.935131 18.7339 
0.11271 0.58889 22.302 
0.0459636 0.950906 18.7308 
0.218561 0.268884 20.5929 
0.484545 0.774165 20.9506 
0.274627 0.740258 18.2074 
0.000122618 0.850137 16.6612 
0.01277 0.440044 18.8096 
0.474842 0.24248 21.438 
0.314685 0.862318 17.6403 
0.462636 0.826052 18.4309 
0.806137 0.135701 17.1977 
0.944376 0.926805 20.1315 
0.431963 0.594711 21.3163 
0.525528 0.132332 18.6477 
0.884965 0.964095 16.5701 
0.187374 0.57596 22.1902 
0.882309 0.00240246 17.7611 
0.142376 0.0316429 20.2324 
0.925901 0.30235 16.2226 
0.773528 0.0933934 14.7741 
0.566864 0.824903 16.4218 
0.852481 0.488523 18.3259 
0.104742 0.963009 17.5282 
0.752823 0.0567265 17.6489 
0.157709 0.0180393 23.1861 
0.208292 0.434857 22.8774 
0.158898 0.743987 19.2507 
0.809899 0.168757 15.4736 
0.506548 0.321575 20.3935 
0.959277 0.59987 15.3159 
0.687189 0.227915 14.6333 
0.719228 0.412535 17.2373 
0.976425 0.512967 19.2143 
0.860227 0.26707 19.4005 
0.854153 0.260653 18.2519 
0.34881 0.243384 18.1491 
0.866298 0.125391 18.7092 
0.521523 0.00788418 20.534 
0.227022 0.164184 21.3828 
0.690696 0.60118 21.2117 
0.76604 0.618784 17.0749 
0.88144 0.195922 15.6944 
0.753071 0.70295 17.1676 
0.14234 0.192703 15.9399 
0.747099 0.743779 14.8445 
0.963674 0.14712 17.4957 
0.362138 0.214346 18.5922 
0.931736 0.943352 16.1305 
0.654405 0.613786 17.0264 
0.646141 0.789131 16.894 
0.631952 0.0798063 19.6518 
0.15516 0.800166 19.4735 
2.31498e-17 1.71076e-17 6 
0.899803 0.787594 2.8712 
0.8594 0.859395 2.61401 
0.700046 0.899839 3.49067 
0.611351 0.721321 4.61878 
0.278358 0.674097 4.87278 
0.0230325 0.638795 5.56777 
8.42732e-06 0.311215 5.62658 
0.865742 0.820699 2.67328 
0.0845971 0.0796751 5.72554 
0.880524 0.202957 4.01099 
0.124074 0.748838 4.49278 
0.760616 0.027171 4.74409 
0.835732 0.808381 2.76491 
0.258591 0.138609 5.32756 
0.795704 0.757848 3.18626 
0.834061 0.123443 4.12287 
0.101411 0.245108 5.39763 
0.795704 0.764645 3.12181 
0.705919 0.874954 3.41248 
0.120463 0.67881 5.0162 
0.897501 0.716241 3.32815 
0.234512 0.161404 5.31238 
0.783644 0.656021 4.0147 
0.219797 0.051804 5.51689 
0.127527 0.837917 4.1007 
0.186976 0.69119 4.92567 
0.810416 0.109064 4.21577 
0.663118 0.154057 5.06482 
0.790212 0.866415 2.79746 
0.121314 0.666747 5.10536 
0.71666 0.786414 3.54435 
0.169932 0.222401 5.30074 
0.75738 0.859395 3.02628 
0.658072 0.185259 5.14131 
0.623856 0.721063 4.56986 
0.665385 0.282795 4.94751 
0.742601 0.790074 3.26259 
0.0436559 0.721063 4.90746 
0.0631821 0.027171 5.87331 
0.263634 0.222761 5.18263 
0.835686 0.765644 2.9489 
0.260464 0.0820302 5.43783 
0.100536 0.027171 5.81482 
0.0561907 0.302898 5.54916 
0.641552 0.801137 3.97952 
0.852331 0.641687 3.86074 
0.0343056 0.710353 5.04379 
0.262651 0.194702 5.19467 
0.875046 0.727951 3.20456 
0.631631 0.0411969 5.52446 
0.899803 0.781316 2.90826 
0.697454 0.309049 4.82641 
0.169932 0.183799 5.34801 
0.862511 0.851948 2.62289 
0.216206 0.88064 3.93594 
0.778511 0.302898 4.17623 
0.136793 0.838446 4.06022 
0.73101 0.789266 3.36675 
0.852822 0.756631 2.99546 
0.197377 0.0210726 5.59691 
0.0796448 0.820228 4.31126 
0.747271 0.798057 3.22572 
0.679771 0.801137 3.67455 
0.0695886 0.798057 4.37212 
0.251486 0.0678522 5.47201 
0.201676 0.692847 4.82928 
0.152057 0.256255 5.27575 
0.0127699 0.813531 4.39583 
0.121006 0.0188459 5.76291 
0.225861 0.0681106 5.47582 
0.683353 0.753575 3.90835 
0.178008 0.792657 4.12568 
0.67057 0.839822 3.63661 
0.76329 0.707978 3.70721 
0.648335 0.68265 4.68117 
0.648335 0.730767 4.32063 
0.657099 0.695912 4.54278 
0.110277 0.0159159 5.90041 
0.834061 0.0986502 4.15682 
0.76329 0.701528 3.75226 
0.650825 0.282795 5.04322 
0.732761 0.820534 3.31207 
0.668095 0.721321 4.25291 
0.809868 0.109064 4.28417 
0.844909 0.0986502 4.13879 
0.149371 0.0344511 5.67324 
0.00922543 0.804613 4.41311 
0.197377 0.0628897 5.52803 
0.146213 0.0344511 5.68132 
0.157969 0.256255 5.26252 
0.130032 0.00481831 5.83117 
0.274814 0.705285 4.63978 
2.31498e-17 0.0152107 5.98376 
0.783644 0.671187 3.82078 
0.826456 0.00535171 4.34698 
0.766765 0.798057 3.06721 
0.251486 0.84702 3.88749 
0.758285 0.234685 4.2782 
0.255448 0.105327 5.38218 
