2.85632 3.14962 
3.0374 2.05089 
2.4762 1.83723 
1.65364 1.98843 
1.43427 2.3749 
2.06929 2.94051 
1.7533 1.24717 
1.63205 0.84388 
1.91255 2.40338 
1.72591 1.69932 
3.282 2.51719 
2.55634 2.35426 
2.1658 2.36366 
4.10766 3.33702 
3.03435 3.04039 
2.12916 1.1913 
1.8656 1.33134 
1.79991 1.85546 
1.82032 2.76915 
3.53692 2.7136 
1.25123 1.30816 
3.93538 3.71966 
3.24336 1.83799 
2.68077 2.13706 
1.89285 2.05424 
1.42459 1.95623 
1.31212 1.10387 
1.54473 2.26239 
1.64273 0.911976 
2.24248 0.972128 
3.50934 2.05152 
1.48015 1.42687 
1.62671 1.97278 
1.47503 2.0258 
1.92837 1.79487 
1.80462 1.9686 
2.2103 1.43793 
2.85598 1.67579 
1.84471 1.20016 
2.73434 1.1479 
1.35102 1.21746 
1.39758 1.09756 
1.6769 1.39735 
1.53694 1.15143 
1.79914 1.49976 
2.26966 2.38112 
1.35228 0.91258 
1.5772 1.53917 
2.80634 3.87403 
1.38845 1.82111 
1.80293 2.26562 
3.1205 1.67762 
2.01114 1.66097 
2.39953 2.05599 
1.72313 3.06986 
2.09409 2.03149 
4.23015 2.28965 
1.51284 1.24735 
1.2923 1.67361 
1.58008 1.6508 
1.67037 1.08942 
1.42385 1.26899 
1.46891 2.12448 
2.46263 1.53778 
2.46908 3.34176 
1.55748 1.23175 
2.71485 2.8496 
1.98049 1.2476 
2.93329 1.97416 
3.73252 2.95226 
1.69482 1.67937 
1.79333 2.58584 
2.81551 2.96286 
2.72554 1.25219 
1.61658 1.62031 
2.90546 2.13912 
2.41212 2.18264 
2.9761 1.40617 
2.90394 2.73932 
2.36077 1.5705 
2.17807 2.23181 
2.37817 1.7445 
1.5274 3.26213 
1.70598 1.49934 
1.4521 3.64736 
3.36719 3.35251 
1.76942 1.25569 
1.83823 1.92263 
1.80767 2.75907 
3.28623 2.12011 
1.55358 1.42559 
2.78825 1.67953 
4.34845 3.05815 
3.84991 2.77885 
1.77637 0.913377 
2.11135 1.34141 
2.2033 2.49291 
4.17394 2.48735 
1.9016 1.52561 
2.46315 1.59028 
0.752668 0.176209 
0.752668 0.176209 
0.234224 0.520586 
0.685446 0.217567 
0.40457 0.368291 
0.40457 0.368291 
0.685446 0.217567 
0.285406 0.466291 
0.25706 0.496019 
0.248452 0.502754 
0.254288 0.496839 
0.345672 0.412484 
0.262161 0.48913 
0.710039 0.205479 
0.723017 0.19425 
0.338441 0.418728 
0.384492 0.380899 
0.298197 0.454707 
0.702024 0.207394 
0.329402 0.427093 
0.234693 0.518073 
0.383802 0.386642 
0.724429 0.192754 
0.352878 0.406468 
0.246647 0.504372 
0.323008 0.433594 
0.398464 0.372498 
0.695426 0.210529 
0.716175 0.198337 
0.737892 0.184606 
0.324858 0.431286 
0.745209 0.180903 
0.34697 0.412422 
0.378329 0.386826 
0.272431 0.480952 
0.387801 0.37818 
0.334304 0.422283 
0.277811 0.477739 
0.303322 0.454497 
0.369336 0.3924 
0.238204 0.513163 
0.695066 0.211836 
0.688926 0.213933 
0.399045 0.368508 
0.318105 0.436368 
0.352237 0.408309 
0.392479 0.373687 
0.23886 0.51301 
0.317668 0.437677 
0.35921 0.40323 
0.294157 0.458982 
0.731105 0.189866 
0.703573 0.205535 
0.329103 0.429032 
0.290547 0.463263 
0.375476 0.391042 
0.735741 0.188435 
0.242333 0.508325 
0.262796 0.488355 
0.242343 0.50831 
0.714041 0.201347 
0.30963 0.444743 
0.361761 0.399945 
0.274338 0.477739 
0.281077 0.469921 
0.313256 0.440711 
0.338441 0.418728 
0.334304 0.422283 
0.365439 0.396241 
0.365439 0.396241 
0.377765 0.390919 
0.313256 0.440711 
0.265745 0.484573 
0.280107 0.473589 
0.292238 0.462407 
0.751194 0.180629 
0.751653 0.179601 
0.737725 0.184631 
0.30695 0.447412 
0.304696 0.451098 
0.392479 0.373687 
0.387083 0.378181 
0.293672 0.45905 
0.734964 0.189861 
0.272432 0.480794 
0.361063 0.400003 
0.359211 0.402724 
0.309142 0.444773 
0.265745 0.484573 
0.688926 0.213933 
0.716035 0.198337 
0.714075 0.201347 
0.280107 0.473589 
0.281077 0.469921 
0.304696 0.451098 
0.745209 0.180903 
0.30695 0.447412 
0.369336 0.3924 
0.265745 0.484573 
0.234224 0.520586 
