1.41876 3.71721 
1.48832 3.58427 
1.74767 3.1255 
1.72839 3.31156 
0.969858 4.20244 
1.41765 3.59067 
1.09142 4.12086 
1.25014 3.93388 
1.24518 3.85067 
1.94508 2.79715 
1.50079 3.75524 
2.25454 2.05181 
2.24813 1.85696 
1.8461 2.96668 
1.77072 3.43583 
1.06376 3.94249 
0.970966 3.9953 
1.41788 3.80089 
1.20226 4.01858 
0.83275 4.28537 
1.8264 3.28558 
1.72071 3.10327 
1.78681 3.12645 
1.45285 3.89658 
1.61845 3.43543 
0.871842 4.21157 
1.08981 4.02245 
1.78683 3.45168 
1.20656 3.91482 
1.32627 4.03573 
1.32536 3.72899 
1.11615 4.1099 
1.2235 4.09686 
1.05541 4.06264 
1.54092 3.50594 
1.33095 3.67523 
0.745001 4.14471 
1.33063 3.78361 
1.3156 4.10168 
0.974427 4.1594 
1.60992 3.25743 
1.55428 3.77441 
1.13199 3.82967 
2.02204 3.00146 
1.99537 2.44856 
1.70938 3.37256 
2.03405 2.53579 
1.12352 3.79917 
1.51235 3.54866 
1.21973 4.18516 
1.37831 3.80651 
1.08939 3.93035 
1.31192 3.73122 
1.68142 3.55035 
0.659148 4.36665 
1.04689 4.19076 
0.947503 4.12283 
1.07458 4.02799 
1.00252 4.1114 
1.62709 3.39207 
1.4047 3.76058 
1.83665 2.95289 
1.06376 4.06535 
1.45729 3.80969 
0.915403 4.14884 
1.47589 3.60916 
1.44097 3.85588 
1.42461 3.72361 
1.07997 4.0452 
2.09069 2.58332 
1.7466 2.99064 
1.37919 3.7715 
1.54346 3.3429 
1.48427 3.67706 
1.27097 3.8474 
1.25808 3.90754 
1.14046 4.11541 
1.12682 4.0532 
2.19206 2.09083 
1.4058 3.77952 
1.38538 3.75565 
1.85326 2.97461 
1.07863 3.98245 
1.75184 3.16588 
0.946706 4.11096 
1.73532 3.35377 
1.40744 3.79601 
1.51766 3.65122 
1.46167 3.52581 
1.37129 3.98841 
1.28715 3.95151 
0.92226 4.25624 
1.3901 3.84071 
1.38351 3.73004 
1.40332 3.6325 
1.33859 3.87881 
1.84501 3.22613 
1.66038 3.41985 
0.87726 4.27578 
1.34035 4.02441 
4.34112e-10 4 
2 1.93015e-15 
2 1.93015e-15 
1.85345 1.51171 
0.156733 3.98781 
1.58515 2.45181 
1.81962 1.66073 
1.41285 2.83725 
0.458246 3.8939 
1.99783 0.187691 
1.98852 0.433286 
0.208875 3.97838 
1.13088 3.30093 
1.89123 1.30652 
1.94511 0.948071 
0.57731 3.82981 
0.543436 3.85179 
0.0147853 3.99989 
1.10052 3.34207 
0.422792 3.90995 
0.283822 3.95956 
0.24401 3.97013 
1.99531 0.281234 
1.61665 2.36546 
1.65146 2.25827 
1.55958 2.50688 
1.92796 1.1105 
1.8825 1.35101 
0.392688 3.93363 
1.98303 0.528652 
1.0809 3.37217 
1.74334 1.98533 
1.76027 1.93523 
1.29737 3.06055 
0.088469 3.99631 
0.08458 3.99755 
1.69515 2.12362 
1.87001 1.42516 
1.35562 2.94182 
1.674 2.20379 
0.99375 3.47183 
1.03095 3.44521 
1.96179 0.778917 
0.725901 3.73004 
1.15474 3.26618 
1.20621 3.19763 
0.932512 3.53861 
0.611065 3.81315 
0.356084 3.93695 
1.0577 3.41597 
1.7099 2.08103 
1.27534 3.08341 
1.47247 2.70698 
1.33683 2.9854 
0.762722 3.6986 
1.68164 2.17268 
0.806914 3.66035 
1.53653 2.57575 
1.86669 1.46746 
1.39812 2.86476 
1.25842 3.11012 
0.960742 3.52179 
1.78991 1.78797 
1.93768 1.03609 
1.97923 0.57496 
1.62081 2.35891 
0.318587 3.94908 
1.31657 3.01164 
1.97297 0.659491 
0.628974 3.79876 
0.653519 3.78799 
0.782319 3.68217 
1.76686 1.87572 
1.45291 2.76195 
1.99947 0.0921744 
1.91638 1.1672 
1.95084 0.886422 
0.669559 3.76995 
1.50969 2.62362 
1.37278 2.91069 
1.78075 1.82597 
0.509703 3.86796 
0.827435 3.65054 
1.95647 0.852243 
1.99232 0.351281 
1.24403 3.1384 
1.90608 1.21958 
1.97693 0.62892 
1.38702 2.90337 
1.54898 2.54133 
1.73064 2.03446 
1.9331 1.03944 
0.503329 3.87158 
1.22823 3.17167 
0.841429 3.62958 
1.99981 0.0870225 
1.7995 1.74795 
1.63796 2.29585 
1.1851 3.22378 
1.49119 2.68154 
