1.86254 2.10955 
2.00555 2.07584 
2.73345 2.13987 
2.41113 1.23887 
2.0516 2.13675 
2.65245 1.97846 
2.09799 1.85283 
2.53849 2.02692 
1.2017 1.85015 
1.5458 2.1182 
2.6332 1.15368 
2.05276 2.28304 
1.45407 2.35512 
2.94808 2.17318 
2.47466 1.90264 
1.97641 2.18459 
1.94067 3.23481 
2.41431 1.93227 
2.69465 0.870516 
1.941 2.69589 
2.09685 1.97424 
2.55704 1.74601 
1.76092 3.03467 
2.01433 2.30061 
2.60495 1.70988 
2.07659 3.70079 
1.60121 2.02233 
1.99155 2.55576 
2.28723 1.82484 
3.28935 1.63918 
2.28818 1.18683 
1.94591 2.22331 
3.28268 1.54153 
2.24936 1.47751 
1.6239 2.18722 
2.5338 1.01478 
3.08789 1.27307 
2.11925 1.68975 
1.59867 2.18357 
1.71044 1.08001 
1.15805 2.76961 
1.48454 2.56497 
2.07185 3.19826 
2.121 1.76348 
3.26013 1.56288 
1.6607 1.63594 
3.11984 2.13471 
2.69064 2.52966 
1.84226 3.01488 
1.42176 2.54844 
2.73884 2.4876 
1.85839 2.22853 
2.94936 1.88225 
1.11327 2.10521 
1.32376 1.84579 
0.961596 1.76796 
2.97102 1.66013 
0.693623 1.55186 
1.16749 2.02987 
3.0952 1.35696 
1.85543 1.46818 
2.49808 2.21274 
1.23545 1.92161 
1.33767 1.9938 
2.18147 2.1894 
2.37284 1.60328 
2.25423 1.73834 
1.63457 3.23553 
1.71173 1.64703 
2.56016 1.64797 
3.01445 2.34238 
2.42997 2.19806 
1.72279 1.94289 
2.32612 0.702934 
1.88538 2.15614 
1.38551 2.02583 
2.87345 1.92057 
1.2883 2.26044 
2.95093 1.637 
2.42136 2.22439 
1.8057 2.92074 
0.944453 2.15883 
1.52631 2.27302 
2.88747 1.70492 
2.81988 1.29537 
1.62018 1.79432 
2.12723 2.0946 
2.49359 2.10591 
2.76029 2.83968 
2.48357 1.51913 
1.68728 1.12015 
1.93128 2.0049 
2.62414 1.69093 
1.33394 2.10283 
1.95522 2.45005 
2.93129 1.6803 
2.57636 2.10138 
2.60941 2.57174 
3.08273 1.76323 
2.11752 1.46268 
2.04436e-12 1.00001 
1.00011 5.89809e-12 
1.00011 5.89809e-12 
0.331762 0.425643 
0.810177 0.103664 
0.0974829 0.694015 
0.429542 0.351804 
0.0348573 0.823194 
0.53366 0.275622 
0.5235 0.280461 
0.165216 0.596107 
0.763044 0.132927 
0.223683 0.528777 
0.356564 0.422435 
0.844384 0.0961602 
0.287399 0.467449 
0.307584 0.448578 
0.401218 0.374818 
0.206208 0.554206 
0.405348 0.365131 
0.804089 0.121404 
0.00703479 0.944339 
0.557332 0.256621 
0.368692 0.407111 
0.471738 0.314969 
0.0249781 0.868692 
0.0549591 0.783615 
0.471738 0.314969 
0.969332 0.0200187 
0.735008 0.14858 
0.149003 0.617599 
0.694563 0.176779 
0.497608 0.29714 
0.569318 0.250806 
0.184112 0.581065 
0.611933 0.227337 
0.844492 0.0832201 
0.264034 0.49395 
0.494994 0.297709 
0.664454 0.188542 
0.738194 0.141945 
0.891601 0.0562393 
0.866223 0.0699412 
0.378648 0.391195 
0.0825658 0.721524 
0.978836 0.0136699 
0.641845 0.200678 
0.441755 0.340273 
0.135923 0.635953 
0.0460892 0.805116 
0.252589 0.509155 
0.588968 0.235336 
0.193752 0.579549 
0.305599 0.453058 
0.0148806 0.913988 
1.1494e-05 0.99765 
0.00878842 0.918289 
0.198685 0.55643 
0.163856 0.617514 
0.441755 0.340273 
0.0022349 0.963668 
0.114663 0.677638 
0.134931 0.644344 
0.711032 0.161414 
0.238335 0.523812 
0.998862 0.00722321 
0.109459 0.684877 
0.0697229 0.736957 
0.0606154 0.76113 
0.683612 0.18022 
0.617902 0.214811 
0.0169624 0.887509 
0.711032 0.161414 
0.946794 0.0287205 
0.590944 0.232815 
0.0298895 0.847035 
0.777421 0.121824 
0.0511515 0.799441 
0.121483 0.658572 
0.919489 0.0540859 
0.278771 0.480205 
0.069783 0.736854 
0.894936 0.0554647 
0.0606154 0.76113 
0.0825658 0.721524 
0.668084 0.183225 
0.932053 0.0399691 
0.0186372 0.885691 
0.254454 0.499929 
0.0294367 0.848457 
0.932237 0.0399581 
0.917684 0.0540974 
0.120621 0.658738 
0.375036 0.391243 
0.946794 0.0287205 
0.777381 0.125227 
0.00229008 0.96248 
0.637711 0.204044 
0.864996 0.0724 
0.278771 0.480205 
