4.31972 7.44956 5.29971 
4.09359 3.11885 2.23896 
3.14405 1.62291 2.77024 
3.61215 5.28747 7.2336 
2.81091 10.4851 6.34116 
6.68314 3.14252 4.69501 
5.15588 3.68065 3.79499 
2.50487 2.48402 3.16821 
5.57735 3.39847 4.13135 
6.03265 4.57287 3.9091 
6.62967 3.46269 4.18452 
3.84096 4.63453 9.17326 
3.25877 3.68657 4.38626 
4.58323 1.32282 3.60547 
7.7565 4.59617 6.29178 
3.63611 2.7342 3.79746 
2.62568 2.83127 3.31879 
7.22271 4.98983 3.68214 
1.48385 4.4888 6.09735 
8.86995 9.98818 5.79451 
3.29955 3.24545 1.62099 
5.84725 5.66528 3.14308 
3.1038 4.56106 5.58404 
5.70844 7.25026 3.94675 
4.52693 6.33992 6.09433 
2.81331 3.92964 2.47241 
4.79306 4.21442 5.25293 
6.3146 5.33099 5.97459 
4.09845 2.58463 3.67036 
3.42936 3.99806 3.14181 
5.8351 5.79765 6.14119 
9.55471 14.6175 6.6881 
3.12035 1.6015 3.37005 
2.03987 2.15379 4.71508 
4.18147 5.07405 5.24692 
4.25131 2.98591 6.70073 
6.69829 3.15975 5.19771 
5.84547 7.18574 4.96637 
6.06745 9.24096 0.776612 
8.06317 6.6435 7.38375 
4.77777 2.87062 4.95624 
3.93414 7.0214 3.18226 
3.93055 3.98179 3.81285 
2.21909 3.01086 3.90881 
4.42855 5.82274 4.66209 
4.16111 4.43197 6.47352 
2.99671 3.72553 4.10421 
3.93533 3.99311 4.61924 
3.70345 5.31973 6.01201 
4.05102 4.30676 3.32397 
5.15525 4.24084 3.5929 
1.92974 2.7108 4.77432 
4.05908 3.97992 2.88168 
4.80961 2.35232 3.07531 
3.49674 2.9858 3.57211 
3.76928 7.27754 5.15677 
6.29461 4.34232 8.89464 
2.67587 3.19671 4.48933 
3.03676 4.35096 3.77585 
3.58978 3.5781 3.95051 
3.69547 1.92984 3.7621 
5.98702 5.25424 3.97605 
4.37074 2.41569 7.38855 
5.48163 1.02263 5.41846 
3.6218 3.47208 7.46374 
3.34413 1.99509 5.0581 
4.68757 6.53596 3.20635 
5.40499 5.1581 3.18854 
2.68876 1.24825 4.55095 
3.52246 7.55924 5.33308 
4.05405 6.74251 8.03221 
6.30952 8.43399 7.63471 
7.99223 4.44938 5.32237 
4.70804 1.92603 5.50705 
4.09697 3.08105 4.04192 
5.61969 8.19231 4.02337 
6.39076 4.30228 5.1655 
3.70648 4.95056 3.17338 
2.83964 5.30097 6.49322 
2.63228 4.83497 4.81133 
3.97956 2.47631 3.91615 
8.5984 8.03504 10.4033 
4.90457 3.42728 5.90054 
3.66986 2.75947 3.07992 
3.58539 2.06845 3.12351 
4.88898 2.6592 4.48422 
4.36499 4.46463 3.07673 
4.4257 1.90196 3.46775 
3.35636 1.71537 10.3479 
2.39607 4.4679 8.09883 
3.60114 4.2942 7.62857 
3.59195 8.69871 6.46187 
6.55886 4.8378 4.08383 
2.76068 5.30848 6.74286 
4.71362 0.822901 5.52484 
2.99406 7.02574 4.44194 
3.9794 3.51151 3.56003 
4.06324 6.54001 5.18295 
3.26496 2.95054 3.30643 
3.30572 5.2063 3.89626 
6.36251e-16 6.30578e-07 1.00245 
0.995804 0.092056 4.98633e-11 
1.78055e-07 3.46005e-14 1.00214 
1.38572e-08 3.2908e-07 1.00689 
1.02379 0.00490715 0.0195106 
0.359937 6.66048 0.934987 
0.750579 4.43559 0.664493 
0.99532 3.14896 0.119121 
0.841973 2.99818 0.562441 
0.574563 0.827765 0.819099 
0.412657 5.06595 0.912108 
0.999851 0.00231302 0.0224577 
0.289634 1.06053 0.961798 
0.665463 2.82092 0.760972 
0.787211 6.06541 0.619507 
0.90666 3.23783 0.425562 
0.463889 1.00514 0.889037 
0.971568 5.21929 0.24291 
0.982957 1.83542 0.196073 
0.32261 2.00919 0.951098 
0.891371 2.41708 0.459049 
0.682886 1.53971 0.736123 
0.921528 3.89744 0.394489 
0.114775 0.526007 0.998556 
0.722348 2.16737 0.696005 
0.932472 0.452572 0.407008 
0.850437 0.772825 0.529222 
0.863304 1.13771 0.516708 
0.701084 1.49992 0.718257 
0.796821 3.7932 0.612974 
0.922184 6.39514 0.38804 
0.540976 0.663186 0.848025 
0.997418 0.0060173 0.074508 
0.473818 0.257087 0.889014 
0.355993 6.59434 0.936573 
0.611244 4.67484 0.791587 
0.943073 1.26488 0.351957 
0.721819 2.90185 0.693867 
0.97433 1.7258 0.229657 
0.924582 2.01048 0.383773 
0.717219 2.75519 0.705059 
0.687821 1.62092 0.729615 
0.598862 2.82542 0.801975 
0.762287 1.77465 0.649988 
0.953745 3.41809 0.321688 
0.236732 0.0302554 0.986629 
0.191853 1.3118 0.983669 
0.988819 0.888892 0.156173 
0.780608 3.63748 0.643732 
0.50855 0.747528 0.867913 
0.559677 4.6112 0.834225 
0.988821 2.42023 0.153971 
0.716412 3.48337 0.700639 
0.987257 2.30648 0.174331 
0.978524 2.86897 0.213376 
0.997427 0.00597767 0.0747752 
0.000539514 0.263828 1.00118 
0.623108 4.36492 0.787942 
0.842481 3.31805 0.544335 
1.01312 0.014316 0.0118812 
0.0862228 5.01668 0.996402 
0.965733 5.35938 0.261751 
0.442821 1.42024 0.899393 
0.401444 5.6243 0.91692 
0.783258 4.01363 0.623587 
0.812203 2.47385 0.587342 
0.993408 1.08448 0.122485 
0.432792 2.86865 0.902628 
0.627842 6.43556 0.77905 
0.965733 5.35938 0.261751 
0.251999 2.89401 0.969886 
0.259595 2.84929 0.965986 
0.216827 0.456702 0.979779 
0.133526 1.28711 0.993156 
0.792666 3.60983 0.628936 
0.913902 0.0195089 0.427653 
0.306798 1.36511 0.954429 
0.94922 0.0206822 0.343534 
0.649436 4.7533 0.761103 
0.647297 5.49411 0.768515 
0.142594 5.96262 0.990356 
0.865306 4.3189 0.504598 
0.641979 6.49768 0.76846 
0.405251 4.81484 0.918535 
0.644272 5.2358 0.769515 
0.827797 2.06537 0.570634 
0.820039 5.70412 0.57869 
0.789582 3.40082 0.633555 
0.873854 3.70366 0.488906 
0.518955 1.4351 0.857919 
0.561192 0.411564 0.83053 
0.0209382 1.37731 1.00091 
0.105185 1.07912 0.996981 
0.63798 5.67419 0.781012 
0.359274 4.96243 0.937201 
0.535799 4.2056 0.845311 
0.959569 0.00465875 0.284395 
0.154824 4.91708 0.988114 
0.865384 5.80988 0.504349 
0.401589 5.84741 0.916228 
