2.54329 2.60404 
2.79338 2.05532 
2.32705 3.24384 
1.46138 4.4103 
2.05321 3.37936 
1.13221 4.07275 
2.40296 2.16795 
2.51298 2.01889 
2.0265 3.87307 
2.40116 3.21814 
2.31008 3.59414 
1.44457 4.39525 
2.25088 3.47703 
1.14421 4.62587 
2.38683 2.8855 
2.21752 3.83369 
1.90759 4.34439 
2.6913 2.37159 
1.23632 4.68769 
2.35565 2.70054 
2.29417 3.49211 
2.28126 2.36013 
2.48585 3.25392 
1.9681 3.32387 
2.71135 2.29365 
2.57422 1.82107 
2.70518 1.75471 
2.42315 3.43275 
2.503 3.04341 
1.84729 4.04158 
2.58174 2.3301 
2.35718 3.20478 
2.75316 2.40718 
2.30529 2.95606 
2.33509 3.08279 
2.41889 3.04606 
2.46503 3.11167 
2.63224 1.80463 
2.23272 2.53235 
2.42387 2.25822 
1.9551 4.19353 
1.40585 4.42922 
2.16722 3.06072 
1.69486 4.4909 
0.878366 4.79775 
1.7448 4.30406 
2.43944 2.72849 
1.50854 4.43962 
2.67073 1.89693 
2.69797 2.49418 
1.40056 4.56882 
2.32828 3.30812 
2.57717 2.84411 
1.97855 3.92478 
2.69599 1.3243 
2.45906 2.73797 
1.06128 4.60539 
2.41697 3.31249 
0.979561 4.75009 
2.30503 3.65052 
1.98775 4.02127 
1.83321 4.30426 
2.42684 2.68482 
1.38484 4.76019 
2.15288 3.65834 
1.56254 4.31748 
1.25384 4.73474 
1.65557 4.36841 
2.37975 3.38845 
2.42774 1.93772 
1.53103 4.56264 
2.02729 3.13089 
2.10042 2.81096 
1.81161 4.03192 
0.836301 4.75742 
2.42162 3.55938 
2.58824 1.94827 
1.75944 4.49077 
1.05539 4.68148 
2.72317 2.59168 
2.89181 1.44727 
2.39793 2.78299 
2.5123 2.33063 
1.97084 3.40204 
2.31945 1.91981 
2.3234 3.3278 
2.40474 2.87039 
1.41413 4.52867 
2.15714 3.77173 
2.67685 2.45979 
2.43396 2.42482 
1.03674 4.82796 
1.13317 4.82622 
1.12815 4.71823 
2.49796 2.94944 
2.03134 3.79427 
2.08093 3.2495 
1.94068 3.94516 
1.78057 4.47436 
2.6784 2.34916 
0.158069 4.09327 
2.09391 0.284555 
2.09391 0.284555 
1.04687 3.61465 
2.05025 0.947583 
1.0931 3.56279 
1.70334 2.4756 
2.03498 1.07421 
0.996593 3.6668 
0.694303 3.91644 
1.79901 2.19346 
2.07876 0.626481 
0.58318 3.97592 
0.673033 3.92612 
1.10767 3.54625 
1.45644 3.02759 
1.29298 3.30218 
1.81958 2.12403 
1.33089 3.24144 
1.56647 2.80589 
1.25307 3.3581 
0.301225 4.07501 
1.53045 2.88367 
1.23271 3.38825 
2.08742 0.466309 
1.77342 2.27372 
1.59782 2.73652 
0.247285 4.08433 
1.14412 3.50314 
2.0659 0.783746 
1.20878 3.41941 
1.72863 2.40703 
0.405643 4.04783 
2.02594 1.14286 
1.15511 3.48893 
0.739803 3.88685 
1.18757 3.4471 
2.08313 0.550033 
2.09092 0.388886 
1.30694 3.27824 
0.331799 4.06782 
0.465135 4.0278 
1.48223 2.97985 
0.629729 3.95014 
0.354118 4.06228 
0.629729 3.95014 
1.51288 2.91728 
2.05884 0.87238 
0.856007 3.79622 
1.54839 2.84654 
1.94388 1.62558 
1.50263 2.93776 
1.97545 1.4624 
0.445291 4.03563 
1.96254 1.53259 
0.918054 3.74309 
1.85106 2.01619 
2.06799 0.761254 
0.766034 3.86696 
0.503919 4.01172 
0.889147 3.76776 
2.00469 1.28778 
2.00997 1.25565 
1.75039 2.34381 
1.36325 3.19007 
0.204595 4.08995 
2.08541 0.515707 
1.68847 2.51553 
0.804974 3.83709 
1.83608 2.06874 
2.01833 1.19882 
1.75876 2.31931 
2.05395 0.909969 
2.03189 1.09814 
1.92381 1.71884 
1.40068 3.12703 
0.525132 4.0022 
0.957121 3.70549 
2.07323 0.696445 
1.4864 2.9709 
1.87482 1.92722 
1.98455 1.41251 
1.83816 2.06147 
1.91018 1.78392 
1.95314 1.5792 
0.382419 4.05544 
1.93421 1.67081 
0.896285 3.76155 
1.92104 1.73097 
1.73916 2.37539 
1.9983 1.32929 
1.89023 1.86363 
2.07305 0.697813 
1.91159 1.77212 
0.933357 3.72907 
0.266833 4.08114 
1.61994 2.6844 
1.67442 2.55188 
2.01608 1.21402 
0.17365 4.09219 
