0.747484 4.05671 2.92616 
2.31226 1.8071 1.93229 
2.11744 2.13951 2.81218 
0.645039 1.08915 6.29806 
0.873987 2.67673 5.474 
1.42911 2.87357 4.57739 
1.4418 4.03545 2.12049 
0.599797 1.91438 6.15016 
0.467135 0.979038 6.41459 
1.26291 3.52615 3.15094 
1.99083 1.42859 3.75879 
0.560758 1.43731 6.40534 
0.495549 0.49742 6.49555 
1.83335 1.13151 4.79781 
1.52155 2.08346 5.11304 
0.616854 3.09883 5.27441 
0.589479 1.25759 6.47286 
0.463533 0.6675 6.41916 
1.50664 3.61675 2.99867 
0.949728 1.68291 6.13217 
0.865281 1.80557 6.04559 
1.75437 3.47669 0.960841 
2.34328 1.77826 2.53938 
1.55793 3.62361 2.09604 
1.06904 1.21778 6.31471 
0.504228 0.504231 6.50423 
1.65944 1.8713 4.59168 
0.639004 1.05876 6.52469 
1.55236 2.70411 4.76603 
1.49654 3.5409 2.7542 
0.97346 4.12003 3.08918 
1.44361 2.35788 5.32227 
0.505931 0.505935 6.50593 
0.837457 3.60737 4.62287 
0.543036 0.543051 6.54302 
1.86615 2.60356 3.61187 
1.62924 2.91382 3.95621 
1.22409 2.36851 5.57918 
1.56919 2.62874 3.97849 
0.720654 1.85935 6.34334 
0.751334 2.10636 5.74084 
1.83114 1.39534 4.08848 
1.34157 2.62057 5.00568 
1.99549 2.43228 3.34625 
1.34199 1.56965 5.77923 
0.599227 0.643315 6.58977 
1.70643 2.26231 4.85751 
1.69667 2.27368 4.97486 
0.579102 0.581302 6.57788 
1.43187 2.74636 4.85282 
1.73675 3.13089 3.6145 
0.506089 0.608321 6.48596 
1.61214 3.11135 3.14338 
0.690903 2.14644 6.04945 
0.537277 1.95585 6.09818 
0.764647 1.89804 6.31049 
1.54136 3.52232 3.12017 
0.521996 0.532298 6.52133 
1.75065 2.70269 3.96923 
0.989094 2.74586 5.42256 
0.498659 0.513536 6.49862 
1.57371 1.03981 5.43801 
1.84963 1.07406 4.57511 
2.06118 1.89709 3.34839 
0.932947 1.22734 6.31276 
0.843442 3.76882 3.27313 
1.33995 2.68891 4.75016 
1.40874 3.08793 4.18898 
0.477047 0.589743 6.47052 
0.562683 1.20864 6.47241 
1.92065 3.14029 1.37225 
1.53526 2.94307 4.03551 
1.49227 2.70709 5.01061 
1.61764 2.19704 4.73411 
0.779462 1.18661 6.24216 
0.704588 1.25549 6.29522 
1.64977 3.01856 3.14587 
1.59321 1.74773 5.61212 
1.05858 2.09291 5.6154 
0.471393 0.575919 6.44535 
1.08558 3.50897 4.03359 
0.565765 3.3219 4.9001 
1.80249 2.91107 2.54505 
0.419184 0.41956 6.4191 
1.34974 2.53621 5.18065 
0.923503 3.0957 4.52933 
0.833839 2.3421 5.91241 
1.22736 3.67383 3.50338 
0.675977 0.982882 6.63588 
0.647001 0.908296 6.50031 
0.786697 3.29742 5.09267 
1.41722 1.83238 5.49884 
1.64799 1.73829 5.15897 
0.599504 3.33164 4.95284 
0.753567 1.4298 6.55517 
0.534756 0.595464 6.48972 
0.704088 2.29853 5.64257 
0.509114 4.31426 1.7502 
1.40572 1.05423 6.07107 
1.43325 3.00294 4.69777 
6.12544e-08 6.12542e-08 6 
2 6.12738e-08 6.12542e-08 
6.12544e-08 6.12542e-08 6 
6.12656e-08 4 6.12543e-08 
1.99835 0.162498 6.12542e-08 
0.0397314 3.85861 1.70789 
1.69633 1.67954 2.08437 
0.921058 3.0567 2.82894 
0.284062 0.315889 5.94131 
0.154188 3.9933 0.539843 
1.2714 1.80745 3.77939 
1.21336 0.489165 4.75945 
1.47573 0.660112 3.99832 
0.65618 1.63386 5.18178 
0.615161 2.71338 4.05072 
1.53743 1.91544 2.68832 
1.11552 2.48588 3.39142 
1.9062 1.23635 0.670073 
1.82493 1.42669 1.30358 
0.355998 2.52067 4.57213 
1.09833 0.0250027 5.04963 
0.447285 0.809102 5.78015 
1.34511 2.98052 0.719479 
1.80439 0.735599 2.52889 
1.84555 0.972928 2.04828 
1.04417 2.05036 4.14827 
0.211747 0.68403 5.89121 
0.130283 2.60874 4.59053 
1.31799 2.63726 2.32905 
1.88552 1.33385 0.269646 
1.45209 2.80806 0.389915 
1.13417 2.1262 3.87489 
1.97456 0.184545 1.13868 
0.023884 3.14183 3.73512 
0.555347 0.964189 5.5996 
1.36628 2.53806 2.18239 
1.60768 2.37774 1.03987 
1.44637 2.77363 0.893068 
0.669437 3.35032 2.69436 
1.76902 1.10186 2.47816 
1.42131 2.67914 1.53865 
0.184838 0.0811246 5.98774 
1.53774 1.72129 3.04288 
0.0742638 0.85534 5.88326 
1.73803 1.08546 2.62523 
0.722875 3.76606 0.286104 
0.490368 0.668183 5.75024 
0.385405 1.75518 5.30077 
0.67757 0.299111 5.66476 
1.38301 2.63096 1.9635 
0.904214 1.57402 4.83315 
1.61386 1.01631 3.27194 
0.818483 3.14921 2.86909 
1.18638 3.26546 0.0184074 
0.328358 3.46827 2.93817 
1.15069 1.53221 4.38424 
0.826259 3.55905 1.40393 
1.57899 1.83451 2.64299 
1.66162 2.19028 0.812344 
0.56187 3.82431 0.841685 
1.60149 0.845509 3.49842 
1.05816 3.42296 0.215322 
0.861078 3.61749 0.490724 
0.251426 1.16756 5.75225 
0.132798 2.70472 4.44344 
0.394716 3.35141 3.11654 
1.24722 1.78529 3.94208 
0.6862 1.48196 5.19646 
0.851315 2.24163 4.31708 
0.766412 1.39953 5.19994 
0.0763231 0.814659 5.88327 
0.571221 3.672 1.78691 
0.800202 0.599484 5.49473 
1.93837 0.119741 1.60972 
1.03715 2.75217 3.17188 
0.81658 1.95417 4.66259 
1.55938 1.87618 2.69338 
0.368907 2.42857 4.71457 
1.97584 0.944464 0.0606156 
1.08565 2.90102 2.62274 
1.47196 2.80388 0.177602 
0.570504 3.64329 1.87914 
0.752118 1.02588 5.36255 
0.878549 3.35447 2.06987 
1.33521 2.74863 1.86229 
0.833292 2.27713 4.28877 
0.31754 2.31707 4.88403 
1.18445 2.85187 2.43368 
1.4426 2.81851 0.08517 
0.882764 3.51323 1.40432 
0.930051 3.49268 1.10108 
1.64704 2.2346 1.17851 
1.14924 2.091 3.92063 
0.478355 1.04101 5.6307 
0.96841 3.12717 2.3737 
1.39446 2.85505 0.770002 
0.421151 1.36745 5.51909 
1.32595 2.89016 1.49395 
1.6595 2.20562 1.20959 
0.44604 1.25873 5.59442 
