2.12815 2.29532 
1.64505 2.0965 
3.04619 2.43789 
1.37978 2.01432 
1.90146 1.67551 
1.75962 2.0264 
3.04907 1.60294 
2.40512 2.22025 
1.82559 2.35455 
1.98205 3.60178 
1.96521 1.78927 
2.42714 1.71719 
2.04141 1.73621 
1.73994 1.49828 
1.51632 1.2181 
2.30886 2.84035 
2.09285 1.35415 
1.14241 2.64025 
1.94891 2.18315 
2.07784 1.86692 
2.09592 2.02174 
1.88208 2.20526 
2.73902 2.53813 
2.63063 2.43393 
1.92472 2.39576 
1.57539 2.67373 
2.66973 2.26726 
2.33781 2.21914 
2.31098 2.64466 
1.47296 1.56473 
2.3777 2.6474 
2.06109 1.92443 
1.53248 2.12874 
2.55364 1.86544 
2.47682 1.88967 
2.52778 0.63554 
1.7572 1.96839 
2.49085 1.78567 
3.41036 1.60456 
2.01887 2.31755 
3.76762 2.12163 
2.88736 1.68161 
1.3788 1.77237 
2.70678 2.43152 
1.84763 1.66633 
1.35659 2.49332 
2.05112 2.08491 
1.97111 1.70416 
2.15825 2.3395 
2.55688 1.6221 
2.98238 1.39506 
2.09036 1.66189 
2.77945 1.95742 
2.10847 2.36136 
2.53475 2.13254 
1.54031 2.30828 
2.58237 2.10909 
1.18873 1.86283 
3.382 2.40778 
1.92882 3.02128 
2.69848 1.88278 
1.80113 1.9955 
1.96464 2.49813 
2.09931 2.47146 
2.86162 2.17103 
1.90371 2.49553 
1.67053 1.98602 
2.39758 2.34878 
2.19548 1.93063 
2.62655 2.27277 
2.47698 2.35659 
2.12469 1.80963 
2.41704 1.53248 
1.40918 1.99715 
3.478 1.90123 
1.52855 2.01313 
2.21634 1.32677 
1.85026 1.76874 
2.0004 2.70393 
1.42038 2.23149 
2.30344 1.82574 
1.67757 1.84427 
3.05792 1.6965 
3.1 0.995555 
1.84245 1.6195 
2.2328 1.6983 
2.52807 1.92842 
3.02954 1.58759 
1.99896 2.13237 
2.45681 2.89466 
2.3826 2.14993 
1.73719 1.8065 
1.38293 2.5862 
1.73775 2.10893 
2.67021 1.82139 
1.76552 1.4291 
2.60354 1.86563 
2.20123 1.89688 
2.77767 2.11443 
2.22797 1.86661 
1.73785e-12 1 
1 3.63896e-12 
1 3.63896e-12 
0.793678 0.11365 
0.893144 0.0562157 
0.436977 0.34206 
0.0351463 0.820421 
0.0126933 0.894972 
0.82123 0.0958683 
0.217198 0.539315 
0.549056 0.259984 
0.866374 0.0732503 
0.275147 0.487581 
0.289812 0.473671 
0.530388 0.276755 
0.200416 0.559384 
0.228112 0.525571 
0.94529 0.0348529 
0.832485 0.0900488 
0.0815966 0.718454 
0.465656 0.327148 
0.857542 0.0805614 
0.527156 0.292917 
0.339079 0.420861 
0.0098553 0.929659 
0.618333 0.217195 
0.305912 0.463164 
0.102977 0.68417 
0.361512 0.399916 
0.179803 0.578736 
0.691208 0.178286 
0.95214 0.0273082 
0.310734 0.446206 
0.455658 0.327846 
0.026267 0.853092 
0.247373 0.51665 
0.643696 0.200317 
0.128005 0.653875 
0.637419 0.207075 
0.14162 0.628935 
0.664399 0.191703 
0.258356 0.50146 
0.00129726 0.986621 
0.696982 0.166747 
0.668364 0.183212 
0.58206 0.238512 
0.19291 0.569771 
0.571959 0.258078 
0.916232 0.0437826 
0.00221461 0.960743 
0.415172 0.357467 
0.996915 0.00504131 
0.393428 0.374306 
0.137481 0.630107 
0.500602 0.296857 
0.60802 0.227611 
0.974766 0.0135616 
0.770602 0.126486 
0.415317 0.35728 
0.155881 0.606656 
0.971395 0.017021 
0.772073 0.125146 
0.91554 0.0444864 
0.0663281 0.761296 
0.748299 0.138697 
0.0518671 0.780721 
0.0730738 0.736526 
0.0928991 0.705014 
0.0518581 0.781484 
0.068227 0.739192 
0.748143 0.138893 
0.0416832 0.800834 
0.581536 0.241293 
0.727473 0.147865 
0.384414 0.393654 
0.113319 0.674886 
0.02607 0.854813 
0.393428 0.374306 
0.175338 0.598286 
0.0225265 0.878098 
0.364593 0.398476 
0.171252 0.598489 
0.334567 0.42259 
0.0213129 0.878243 
0.121745 0.656717 
0.00458248 0.950588 
0.00915388 0.941039 
0.249037 0.503029 
0.717921 0.163551 
0.329144 0.442573 
0.0416832 0.800834 
0.332108 0.441529 
0.717934 0.161605 
0.0928991 0.705014 
0.38417 0.394407 
0.487002 0.308243 
0.0663332 0.760012 
0.155881 0.606565 
0.727473 0.147865 
0.499747 0.303256 
