2.22639 1.88811 
1.31173 4.24083 
1.46152 3.75404 
2.44227 2.18126 
1.8585 3.62174 
0.75123 4.65379 
1.65024 3.60106 
1.54523 3.64083 
1.7344 3.81 
2.20287 2.63916 
0.733091 4.6241 
1.56638 3.6185 
1.35919 4.04153 
1.79328 3.42696 
0.814527 4.52786 
0.894681 4.32284 
1.06624 4.272 
0.593415 4.42208 
1.13005 4.12944 
1.03003 4.38019 
0.880053 4.31363 
2.19453 2.86914 
1.69585 3.61078 
1.2903 4.23179 
1.53605 3.93827 
1.47009 4.02912 
1.82755 3.40979 
2.39549 2.20859 
0.659108 4.63778 
1.86351 3.49558 
1.20426 4.46856 
1.82261 3.46356 
1.69982 3.64439 
0.636685 4.44569 
2.03935 2.99154 
0.957376 4.23938 
2.17482 2.62162 
0.511637 4.49097 
1.49726 3.79366 
2.2347 2.59142 
1.05682 4.29546 
2.25255 2.38612 
0.684644 4.63997 
1.10107 4.21961 
1.62173 3.62366 
1.91236 3.67331 
0.972295 4.48798 
1.1941 4.31111 
2.01297 3.05036 
0.68232 4.50149 
2.53306 1.64606 
0.856416 4.53576 
0.976503 4.40977 
1.55088 4.01585 
2.1892 1.90058 
1.45696 4.11251 
1.55326 3.95905 
0.899241 4.40057 
1.83552 3.49236 
0.440782 4.41258 
1.59523 3.89283 
1.09368 4.35063 
1.31044 4.14075 
2.34448 2.18307 
0.56535 4.42878 
0.862312 4.46303 
1.66779 3.97554 
0.848914 4.44812 
1.63098 3.44839 
0.515011 4.47847 
0.916837 4.39271 
1.58564 3.60711 
1.99629 3.46121 
0.612378 4.45863 
2.03316 2.90383 
2.04375 3.08997 
2.04365 3.10644 
0.935217 4.57973 
0.806289 4.4692 
0.632283 4.52539 
2.35534 2.50282 
1.52597 3.76849 
1.14225 4.30246 
2.30485 2.40448 
1.33218 4.12057 
1.5596 3.87188 
0.506331 4.50293 
1.82055 3.74694 
0.832078 4.37105 
0.867144 4.42554 
1.77249 3.7983 
0.631259 4.47459 
0.909111 4.43078 
1.19295 4.30124 
1.46735 3.73507 
1.24509 4.22203 
1.85477 3.34379 
2.11753 2.44661 
2.01945 2.91573 
1.58492 3.9128 
4.20207e-09 4 
2 4.16196e-09 
2 4.16196e-09 
1.45709 2.74658 
1.40675 2.84935 
1.9858 0.480516 
0.75648 3.70292 
1.1721 3.24978 
0.169988 3.98585 
0.464336 3.89292 
1.97692 0.636786 
1.90176 1.27103 
0.413367 3.91718 
1.99012 0.408481 
1.61625 2.37278 
1.3339 2.98631 
1.63077 2.32034 
1.80471 1.73764 
1.26679 3.1178 
1.13975 3.28748 
0.935568 3.53743 
0.34981 3.93983 
1.20135 3.20438 
0.230565 3.97344 
0.51196 3.86685 
1.65628 2.27015 
1.36539 2.93463 
1.87141 1.4452 
0.784301 3.68321 
1.89075 1.3481 
1.02336 3.4411 
0.707841 3.74402 
1.91465 1.19781 
1.88153 1.37022 
1.50389 2.65663 
0.13685 3.99068 
0.806634 3.66118 
1.24122 3.13702 
1.53128 2.58234 
1.76308 1.90291 
1.99986 0.0918638 
1.7478 1.95092 
1.5946 2.43345 
0.0506909 3.99912 
1.47549 2.70342 
1.72276 2.06206 
1.86206 1.47777 
0.432359 3.91203 
0.897856 3.57603 
1.6665 2.23996 
1.99399 0.310194 
1.7857 1.81605 
1.83682 1.61617 
1.6824 2.19712 
1.99918 0.130253 
0.299705 3.96371 
1.95119 0.888202 
0.875052 3.5975 
0.094793 3.99556 
1.55428 2.51903 
0.645994 3.78629 
0.320784 3.95356 
1.92763 1.10869 
0.999784 3.47385 
0.268217 3.96735 
1.73017 2.00704 
1.28971 3.06129 
0.829696 3.63971 
1.51861 2.60362 
1.49132 2.68482 
0.0315757 3.9997 
1.93474 1.02353 
0.586363 3.82435 
1.94335 0.956572 
1.77294 1.86878 
1.92085 1.17296 
1.58623 2.44377 
1.70556 2.10414 
1.97 0.70402 
1.84497 1.57665 
0.849976 3.62362 
1.22608 3.17063 
0.525861 3.86281 
1.81301 1.69513 
1.8488 1.5291 
0.578939 3.83243 
1.68754 2.1487 
1.82606 1.66058 
1.99727 0.215791 
1.73946 1.98751 
1.57232 2.48609 
1.99736 0.206313 
1.29107 3.05891 
0.106696 3.99436 
1.31306 3.01865 
1.38854 2.88198 
1.93493 1.0215 
1.94559 0.941733 
1.96312 0.775085 
1.2164 3.18177 
