1.88938 3.30493 
0.743249 4.38379 
1.96017 3.25273 
0.759779 4.56978 
1.20121 4.23219 
0.742851 4.46852 
2.13841 2.58372 
1.03497 4.49449 
2.01365 2.63594 
0.873504 4.44914 
1.7067 3.82469 
1.85629 3.54806 
1.86196 3.27574 
1.86296 3.56065 
2.32101 2.63969 
2.01327 2.42068 
1.56186 4.03365 
1.88861 3.02444 
0.877396 4.46121 
2.11717 3.50731 
0.984672 4.35184 
2.0325 3.24295 
1.70542 3.73304 
0.674872 4.52808 
1.82756 3.60614 
1.76198 3.44168 
0.606897 4.56363 
2.0686 3.05231 
1.00915 4.3169 
0.639782 4.59219 
1.82476 3.53485 
1.57825 3.57932 
2.2926 2.20797 
2.19685 2.26033 
0.493069 4.39171 
1.53082 3.83903 
2.20951 2.75621 
0.598102 4.59809 
0.982386 4.49815 
2.11208 2.51889 
1.89404 3.36523 
0.589978 4.55261 
2.34883 1.9965 
1.67427 3.8499 
1.00331 4.38574 
0.656324 4.64835 
2.14783 2.77716 
0.49071 4.48968 
1.029 4.55258 
0.609519 4.44004 
1.57859 3.73272 
0.716899 4.52285 
1.94447 3.11729 
2.13106 2.78665 
1.86759 3.39394 
0.550327 4.54531 
1.00842 4.36581 
0.633949 4.57856 
1.09214 4.25622 
2.10764 2.71977 
0.494646 4.4917 
1.85218 3.35764 
1.87891 3.43492 
1.1192 4.37367 
2.02136 3.09171 
2.15662 2.54933 
1.41369 3.7632 
1.92356 3.07184 
0.526977 4.48523 
1.34938 4.04763 
1.42353 3.968 
2.18164 2.42056 
1.33051 4.22112 
2.03276 3.39406 
1.72053 3.75702 
0.981091 4.49414 
1.70561 3.86909 
1.17565 4.29024 
1.94521 3.10016 
1.73787 3.52531 
2.2967 2.43106 
1.8073 3.42502 
1.89994 3.09955 
1.64914 3.7579 
2.17033 2.68381 
1.72133 3.75111 
1.64533 3.65586 
2.2228 2.19926 
1.96604 3.04169 
1.79906 3.6753 
2.32666 2.43772 
1.25893 4.2405 
1.28081 4.46843 
1.18021 4.09361 
0.871125 4.39532 
2.12313 2.99667 
2.09589 2.57443 
1.20268 4.14298 
1.56862 3.86743 
1.7788 3.54988 
3.26958e-09 4 
2 3.3896e-09 
2 3.3896e-09 
1.188 3.22601 
1.07811 3.37078 
0.559535 3.85167 
1.30007 3.04953 
1.99359 0.327472 
0.278905 3.9616 
1.16234 3.27555 
1.95461 0.866715 
1.04428 3.42543 
1.97403 0.692111 
0.329892 3.94776 
1.98019 0.561648 
1.66544 2.25785 
0.195852 3.98301 
0.0356587 3.99967 
1.80948 1.72282 
0.448978 3.8987 
1.55589 2.51607 
1.2288 3.17546 
1.33576 3.00025 
1.96467 0.767193 
0.862055 3.61268 
1.37173 2.91163 
0.672066 3.76935 
1.11342 3.33437 
1.67819 2.17835 
0.162942 3.99155 
1.79328 1.78483 
0.725313 3.73607 
0.797879 3.66847 
1.89465 1.28299 
0.891399 3.58095 
0.953351 3.51853 
0.639378 3.79145 
1.98786 0.447634 
1.6161 2.37809 
1.02092 3.44578 
1.94665 0.928393 
0.504547 3.87288 
0.123489 3.99237 
1.84703 1.53543 
1.63869 2.30532 
1.93294 1.03549 
0.993783 3.472 
1.5366 2.56132 
1.9994 0.11225 
0.589451 3.83326 
1.93904 0.98231 
0.360188 3.93701 
0.975559 3.49703 
1.4234 2.81568 
0.925819 3.54896 
0.760871 3.69996 
1.92825 1.10542 
0.499838 3.88962 
0.836425 3.63686 
1.90188 1.23813 
1.8356 1.59388 
0.0843494 3.99645 
1.74538 1.96874 
1.78275 1.82271 
1.72289 2.03228 
1.50925 2.62856 
1.49029 2.67766 
1.3549 2.95185 
1.98275 0.526269 
1.86078 1.46833 
0.81977 3.64864 
1.3991 2.85855 
1.73673 2.00875 
1.39648 2.87036 
1.88262 1.352 
0.766495 3.69465 
1.87451 1.39667 
1.82349 1.65706 
1.12813 3.3071 
1.99986 0.0476869 
1.27369 3.08459 
1.64423 2.28964 
0.912365 3.56115 
1.57589 2.46916 
0.239375 3.97191 
1.2561 3.11355 
1.52452 2.59522 
0.700708 3.7496 
1.96936 0.727629 
1.82214 1.67053 
1.70824 2.13277 
0.239465 3.9719 
1.98689 0.464753 
1.77199 1.85624 
0.386592 3.92674 
1.34269 2.9658 
1.99616 0.255758 
1.8674 1.43911 
1.76754 1.88086 
0.619678 3.81554 
