1.16577 2.99389 4.98342 
1.05105 1.93546 5.94625 
1.62752 2.24216 4.92284 
1.28583 4.18299 2.30965 
2.07404 2.96574 0.811419 
1.04528 1.99031 5.81466 
1.33765 1.22532 5.70506 
1.16998 3.23173 4.39627 
1.76334 3.57237 2.15465 
1.95645 2.15311 4.41666 
1.31574 2.51446 5.44544 
1.2255 2.37187 5.25294 
2.19672 2.635 1.54519 
1.3947 4.01121 2.09222 
1.93286 2.01108 4.1151 
2.0069 2.81458 1.44877 
1.71941 3.04484 3.08339 
1.53868 3.43266 3.71878 
1.07873 2.57436 5.31048 
1.77895 1.8918 4.60933 
1.29883 2.54683 5.18515 
0.948806 0.968885 6.42892 
1.19404 2.41188 5.25026 
1.27173 1.88967 5.8086 
0.893664 2.87036 5.04286 
1.59437 1.78464 5.21822 
1.44792 2.79643 4.93329 
1.21069 1.81809 5.62567 
1.73494 1.91231 4.46712 
1.75649 1.69085 5.04528 
1.36412 2.42661 4.90098 
1.31425 2.68151 4.66367 
2.15122 1.71252 3.22677 
0.694093 1.63257 6.02313 
0.930378 2.92597 5.04636 
1.22016 3.74502 3.35567 
1.84046 2.70905 3.55782 
0.895818 1.87922 5.8973 
1.75811 3.2803 3.48202 
1.06683 3.11596 4.30841 
0.948402 2.96789 5.35968 
1.48661 3.03312 4.82237 
0.898707 3.70421 3.9008 
2.09831 1.72633 3.67628 
1.2399 2.08955 5.53865 
1.52114 3.74252 1.40803 
0.79024 0.96467 6.308 
1.35907 2.33832 4.88197 
0.885287 1.09942 6.22819 
1.10003 0.681593 6.15172 
1.94492 1.1863 4.2918 
1.61625 2.1546 4.9659 
1.7926 1.58654 5.14465 
1.65966 1.35841 5.10949 
2.02249 1.73209 4.03582 
2.0366 2.6157 1.31724 
1.67358 1.5383 5.08626 
1.70102 2.31389 4.47829 
1.7314 1.61784 4.92424 
2.17391 2.4724 1.32223 
2.17987 2.29851 2.61418 
1.33061 3.54695 3.72512 
0.91226 1.85504 6.19151 
1.55777 2.76174 4.58782 
1.37065 2.79265 4.65552 
1.17688 2.72284 5.48887 
1.47101 1.21664 5.77818 
1.37131 3.57049 3.45977 
1.61664 1.10454 5.5622 
1.53744 1.86311 5.11237 
0.950286 0.918257 6.41868 
0.968063 3.14626 4.89692 
0.953944 2.53714 5.23339 
0.711968 0.782881 6.49998 
1.13944 2.20459 5.81264 
1.1693 2.31806 5.63985 
1.386 3.46252 4.048 
0.615815 1.74852 6.01664 
1.92458 2.73079 3.5706 
1.13712 3.23705 4.72219 
1.11979 1.9707 5.83379 
0.743341 3.32288 4.59143 
1.37335 2.45184 5.41755 
1.41319 2.8245 4.96003 
0.970181 0.744469 6.27632 
2.06998 2.64123 3.46674 
1.64449 3.113 3.13193 
1.95166 1.47989 4.42099 
1.78018 2.00838 3.88437 
1.59541 2.64596 4.31317 
1.52789 2.10485 4.62895 
1.63218 3.51052 2.60711 
1.78443 2.6742 3.73354 
1.73886 2.85329 3.23558 
0.780299 1.83048 5.80538 
1.35912 3.65017 3.35806 
1.1431 1.18885 6.31578 
1.01321 1.1848 6.41204 
1.23002 3.49574 3.40254 
1.30246 1.60851 5.53083 
0.05 0.0500002 6.05 
0.0500001 0.05 6.05 
2.05 0.05 0.05 
0.0500005 4.05 0.05 
2.05 0.05 0.05 
1.68963 2.27438 1.10679 
0.105943 3.91983 1.56417 
1.09663 0.817675 5.03258 
1.58239 0.493371 3.85878 
2.02021 0.425172 0.952367 
1.95913 0.769439 1.49704 
1.0791 2.21554 4.04988 
0.294577 3.49413 3.01274 
0.973603 0.267948 5.38423 
1.94501 0.14669 1.9834 
1.60726 0.910966 3.6283 
1.28297 2.8459 2.28141 
1.77574 1.94434 1.22373 
1.65634 0.877803 3.47427 
0.490246 1.02342 5.72122 
0.300111 3.7008 2.39228 
1.24134 0.0556141 4.87575 
0.626211 3.74875 1.56566 
1.99735 0.426942 1.30753 
0.133896 2.59493 4.6959 
0.452694 1.75025 5.34659 
0.732318 3.81441 0.0862881 
2.02026 0.5274 0.839165 
0.643711 1.64316 5.27151 
0.347493 3.54063 2.87707 
0.0561514 3.90459 1.66654 
1.22199 1.27146 4.59135 
0.38355 0.867456 5.8525 
0.3219 3.34991 3.37218 
1.19784 1.84029 4.19501 
1.05847 0.308291 5.23557 
0.904279 3.65659 0.64041 
1.13858 2.35372 3.71899 
1.41431 2.93442 0.795917 
1.69365 0.982528 3.21552 
1.84336 1.87481 0.092292 
1.14797 3.19128 1.88277 
1.98568 0.0965969 1.60135 
0.356126 3.84895 1.74294 
2.02924 0.673639 0.275952 
1.37403 1.3382 4.136 
1.87683 1.03336 2.07379 
0.43373 0.771582 5.85131 
1.52182 1.71941 3.28345 
0.149358 4.04372 0.3015 
1.97211 1.15543 0.510135 
0.438582 0.356757 5.93239 
1.49082 1.5922 3.53083 
1.02461 2.10256 4.33959 
0.270706 0.506925 5.97694 
0.577456 3.36135 3.07427 
0.511039 2.41008 4.70841 
1.16074 3.11095 2.01713 
0.673748 0.447305 5.72636 
1.58752 2.5715 0.731479 
0.684372 1.38536 5.39831 
0.146235 3.01989 4.08721 
1.26588 1.62795 4.2186 
0.66584 1.81146 5.11646 
1.65878 2.13807 1.86384 
0.884371 2.14483 4.52732 
0.280021 3.46546 3.14714 
0.236242 2.78206 4.40002 
0.150323 1.67339 5.53163 
1.34281 3.11482 0.171836 
0.243565 3.47436 3.13122 
1.10977 2.97513 2.65329 
0.811264 3.40041 2.43103 
0.850625 3.35276 2.46631 
0.898733 3.66759 0.554206 
1.49071 1.363 3.7254 
0.183767 0.354437 6.02861 
1.44099 0.401442 4.33346 
0.780136 1.19488 5.37012 
1.33264 3.139 0.405125 
1.92946 1.42643 0.321053 
0.419472 1.68797 5.42042 
1.88469 1.47318 1.23701 
0.514604 1.49709 5.47712 
0.144148 1.52746 5.6243 
1.674 1.99187 2.01791 
1.05712 2.75057 3.34078 
0.280181 3.2503 3.59388 
1.85397 1.8051 0.0894171 
1.13325 0.624072 5.03792 
0.932915 2.20697 4.39112 
0.609943 1.41459 5.4569 
0.674351 1.10913 5.5309 
1.17524 2.38531 3.58741 
1.05203 2.03708 4.31959 
0.923824 0.752129 5.35288 
1.14865 2.48226 3.49776 
1.74269 1.83839 1.87964 
0.804814 3.58558 1.77137 
1.54573 2.71011 0.47619 
