92.0922 70.9827 21.001 
107.376 54.2766 81.4398 
19.561 7.89984 78.4164 
0.111014 0.0502502 219.465 
152.509 18.2897 284.351 
127.198 20.3259 183.055 
26.9417 190.274 29.55 
76.4644 81.2926 5.45982 
27.5107 81.4805 215.067 
46.6843 126.363 44.1506 
103.657 35.0339 82.2823 
64.1176 30.5513 183.666 
97.1806 88.1842 76.936 
151.506 0.0742 73.318 
163.055 98.8646 50.3056 
22.4369 110.448 35.6194 
142.656 33.8368 140.032 
8.58345 119.402 58.1579 
168.227 123.946 60.5895 
35.1157 1.02501 216.83 
14.2103 44.6196 105.934 
10.4406 15.4241 224.091 
44.7586 30.3257 249.668 
108.129 236.67 44.4159 
5.68644 123.804 119.532 
52.782 184.01 43.2746 
175.503 11.8788 7.83285 
3.10738 205.32 116.402 
6.25725 5.01047 175.342 
54.4525 161.067 29.8585 
43.691 197.834 1.76586 
1.08721 4.1392 197.902 
5.61559 0.0588462 109.366 
32.0914 33.4157 139.75 
55.1077 16.2852 245.176 
37.3896 86.7372 199.77 
55.6049 257.371 38.5729 
35.7776 76.8718 41.3904 
65.9995 16.1633 182.283 
149.242 84.3269 94.5991 
44.9979 15.1038 193.275 
9.06845 25.8337 218.53 
5.81934 350.082 47.5254 
85.3906 10.5612 144.036 
135.807 11.7267 61.3596 
22.2807 107.703 174.252 
216.787 39.4874 72.5772 
148.019 73.1038 94.368 
3.82617 38.971 327.991 
74.0235 14.2776 116.908 
39.9161 108.337 159.893 
12.0185 44.9261 260.823 
13.4308 9.60791 267.026 
178.067 10.0979 47.4862 
5.00681 6.49208 143.331 
13.3324 101.239 70.8337 
118.949 5.08624 168.02 
23.9215 0.317934 126.049 
38.992 197.105 10.2057 
6.33164 49.3497 100.351 
128.496 5.45279 106.854 
193.025 87.4694 69.295 
3.684 3.74938 167.208 
168.375 142.298 115.554 
49.3404 170.492 60.591 
5.31168 122.864 78.7621 
2.44706 17.7316 197.269 
13.2094 35.5542 210.179 
48.0275 0.740105 224.858 
66.1341 54.8246 209.547 
114.879 171.991 65.839 
52.5414 43.0952 45.2733 
77.3371 161.907 29.4145 
41.8844 25.1812 136.604 
35.0921 133.137 98.2985 
1.86954 15.4024 329.267 
82.6233 14.8657 133.863 
81.2403 103.576 62.2531 
31.3633 6.86273 48.889 
95.1707 7.88624 96.819 
114.585 47.3256 25.5479 
79.8529 15.2262 129.625 
47.0139 62.2643 292.414 
181.478 145.254 56.7528 
10.1436 45.3315 110.847 
120.162 269.302 41.8958 
60.3675 48.0799 140.066 
7.12798 1.5055 206.037 
43.4227 3.1037 39.2289 
43.7956 124.135 180.2 
62.4866 17.8521 168.04 
23.633 120.511 4.39334 
42.3238 9.00598 208.207 
100.903 3.41825 100.269 
22.68 4.65993 378.966 
14.4147 18.414 97.779 
12.3696 54.7563 319.356 
29.5797 75.3815 255.861 
1.72168 2.73123 172.829 
51.7542 114.463 161.848 
0 0.5 0 
0.5 0 0 
7.63616e-18 2.77726e-18 0.500038 
0.5 0 0 
1.04126e-17 0 0.5 
0 0.5 0 
0.112384 0.313721 0.0739156 
0.182494 0.00862861 0.308879 
0.360122 0.114446 0.025464 
0.381381 0.0886646 0.0299544 
0.30595 0.00480971 0.189244 
0.0544686 0.188949 0.256582 
0.122023 0.33691 0.041067 
0.0608556 0.301819 0.137347 
0.26504 0.133457 0.101503 
0.341034 0.0408956 0.118071 
0.0054938 0.171769 0.322759 
0.0461788 0.400977 0.0528843 
0.0289422 0.0780425 0.393017 
0.101477 0.0339656 0.364557 
0.289548 0.0162714 0.194181 
0.0133036 0.389118 0.097578 
0.0371644 0.461939 0.000896646 
0.0424563 0.112103 0.345441 
0.370825 0.128236 0.00405612 
0.0028945 0.486299 0.0108065 
0.115781 0.294023 0.0902 
0.0508374 0.436085 0.0130778 
0.284969 0.15407 0.0609614 
0.156059 0.0534675 0.290473 
0.238411 0.00378643 0.257825 
0.0136993 0.036172 0.450147 
0.274673 0.102324 0.12302 
0.0537084 0.262831 0.183462 
0.401632 0.00818796 0.0902035 
0.0583764 0.124061 0.317616 
0.457083 0.0217565 0.0211602 
0.250425 0.105628 0.169981 
0.0884711 0.37939 0.0321602 
0.189069 0.15983 0.151101 
0.407762 0.0859423 0.00629734 
0.0363991 0.306844 0.156795 
0.0118625 0.417807 0.0703301 
0.0102941 0.0271469 0.462559 
0.132319 0.366427 0.00126359 
0.486023 0.0133893 0.000684577 
0.476624 0.00476318 0.0186672 
0.0688998 0.165401 0.265703 
0.313389 0.0753224 0.111308 
0.227819 0.00478099 0.267497 
0.0180327 0.0486252 0.433344 
0.216729 0.135115 0.148175 
0.166242 0.0560609 0.27773 
0.432333 0.00737556 0.0603096 
0.138519 0.328442 0.0330391 
0.00844629 0.157424 0.33413 
0.164839 0.242406 0.0927743 
0.0897092 0.249294 0.160998 
0.0867594 0.0290393 0.384203 
0.322727 0.0693239 0.107968 
0.031254 0.22419 0.244556 
0.0554138 0.321572 0.123016 
0.0777388 0.293756 0.128506 
0.46586 0.014164 0.0199937 
0.115719 0.345841 0.0384396 
0.329062 0.0424327 0.128506 
0.255877 0.0102474 0.233876 
0.0545111 0.284243 0.161248 
0.0108795 0.139889 0.349232 
0.0240121 0.256286 0.219706 
0.027587 0.0597849 0.412637 
0.0819907 0.198307 0.219706 
0.0744422 0.200733 0.224825 
0.159517 0.0504784 0.290005 
0.0724121 0.210972 0.216616 
0.103237 0.0177019 0.379061 
0.200425 0.0920007 0.207575 
0.419848 0.0221591 0.05801 
0.0626477 0.205464 0.23193 
0.0231736 0.0641984 0.412637 
0.0660928 0.233039 0.200869 
0 0.0594196 0.440923 
0.0163429 0.474537 0.00913633 
0.210667 0.0084368 0.280896 
0.0275685 0.433992 0.0384396 
0.203419 0.118143 0.178456 
0.42531 0.0689463 0.00574323 
0.221052 0.0308749 0.248122 
0.106827 0.0356543 0.35752 
0.0188851 0.411969 0.0691657 
0.444573 0.0082263 0.0472004 
0.00696236 0.0183836 0.474673 
0.338462 0.0453983 0.116147 
0.171414 0.00153163 0.327106 
0.194292 0.0895015 0.216206 
0.22288 0.0790353 0.198085 
0.178318 0.0750616 0.246621 
0.321177 0.154148 0.024675 
0.076057 0.210667 0.213276 
0.157587 0.100359 0.242073 
