322.902 29.0544 
57.7006 258.627 
27.0273 309.373 
119.716 81.1494 
107.679 56.9332 
146.054 71.1055 
186.198 76.3155 
181.982 164.427 
95.1318 27.7336 
111.72 256.862 
205.909 240.01 
172.484 109.454 
104.689 159.629 
66.7542 123.413 
43.4659 162.728 
19.6704 182.058 
40.55 273.143 
104.524 142.434 
54.6399 328.195 
166.721 58.5763 
112.243 172.474 
2.6002 281.225 
77.7099 295.348 
92.8375 104.355 
246.172 103.861 
29.9873 219.688 
23.9018 87.2998 
193.149 35.731 
261.71 68.2296 
196.488 186.508 
100.156 104.139 
96.495 168.297 
157.13 74.7652 
25.0098 106.445 
150.861 88.6564 
191.251 33.6117 
221.402 95.5316 
228.997 59.0366 
311.363 8.55127 
189.138 168.331 
194.566 97.6443 
319.853 42.5641 
70.3729 253.95 
30.086 268.531 
47.4741 209.586 
195.709 105.4 
221.042 86.3007 
222.06 58.1105 
232.085 27.8677 
3.09817 191.981 
17.4122 89.1816 
117 158.686 
50.6714 192.995 
34.9152 171.93 
187.726 28.824 
91.126 313.409 
165.33 119.46 
86.4675 97.8653 
33.7585 192.828 
314.128 20.7311 
242.037 44.7838 
215.582 76.1903 
3.79821 187.915 
73.0376 140.202 
102.832 79.2728 
276.947 26.6034 
246.628 39.0223 
200.091 48.0154 
100.347 168.388 
159.367 11.719 
203.077 28.8838 
53.7935 198.356 
289.393 43.8416 
112.099 77.1707 
85.6695 309.104 
13.5831 288.656 
193.674 12.7936 
172.607 48.3629 
301.154 120.339 
272.424 55.5851 
61.4019 161.631 
175.904 166.459 
10.407 181.212 
357.222 13.3393 
138.083 243.127 
125.293 170.04 
283.524 106.563 
213.147 70.8632 
101.759 115.529 
152.399 26.6705 
111.403 131.474 
171.885 82.4021 
72.4634 136.185 
82.8574 146.291 
182.718 6.51707 
7.09946 132.449 
111.372 164.855 
11.8217 98.945 
270.921 35.0317 
206.374 35.8004 
2.59741e-17 0.5 
0.5 0 
0.5 0 
0.293871 0.206129 
0.303647 0.196353 
0.374301 0.125699 
0.442872 0.0571283 
0.125066 0.374986 
0.229849 0.270151 
0.327757 0.172243 
0.28339 0.21661 
0.428793 0.0712067 
0.394119 0.105881 
0.0194396 0.48056 
0.159428 0.340572 
0.364358 0.135642 
0.142866 0.357134 
0.335097 0.164903 
0.2665 0.2335 
0.237968 0.262032 
0.135666 0.364334 
0.0686136 0.431386 
0.253348 0.246652 
0.0746584 0.425342 
0.120234 0.379766 
0.0978398 0.40216 
0.320659 0.179341 
0.419007 0.080993 
0.148756 0.351244 
0.201743 0.298257 
0.191876 0.308124 
0.423853 0.076147 
0.344481 0.155519 
0.10732 0.39268 
0.464932 0.0350675 
0.339879 0.160121 
0.184016 0.315984 
0.220997 0.279003 
0.213825 0.286175 
0.461833 0.0381672 
0.168579 0.331421 
0.361679 0.138321 
0.0429625 0.457037 
0.437465 0.0625346 
0.0483019 0.451698 
0.0483019 0.451698 
0.250554 0.249446 
0.478955 0.0210452 
0.0637776 0.436222 
0.310353 0.189647 
0.172341 0.327659 
0.0324806 0.467519 
0.38613 0.11387 
0.191876 0.308124 
0.261156 0.238844 
0.45573 0.0442698 
0.0603356 0.439664 
0.0603356 0.439664 
0.472764 0.0272359 
0.405795 0.0942048 
0.492477 0.00752348 
0.00793128 0.492069 
0.355256 0.144744 
0.114336 0.38572 
0.18251 0.31749 
0.136493 0.363507 
0.211774 0.288226 
0.0363964 0.463604 
0.107371 0.392629 
0.152794 0.347206 
0.092427 0.407573 
0.278119 0.221881 
0.481521 0.0184794 
0.223382 0.276618 
0.155643 0.344357 
0.0902721 0.409776 
0.413745 0.0862555 
0.454045 0.0459547 
0.454045 0.0459547 
0.487939 0.0120613 
0.380701 0.119299 
0.471281 0.0287192 
0.00232023 0.49768 
0.311872 0.188128 
0.399905 0.100096 
0.24469 0.25531 
0.114725 0.385275 
0.0846909 0.415309 
0.27312 0.22688 
0.27312 0.22688 
0.176715 0.323285 
0.399681 0.100319 
0.00980331 0.490197 
0.00980331 0.490197 
0.316513 0.183487 
0.0790881 0.420912 
0.349431 0.150569 
0.380701 0.119299 
0.38613 0.11387 
0.0970958 0.402904 
