1.70192 1.11912 
1.89569 1.93824 
2.03535 1.56907 
2.24711 1.9355 
1.21497 1.62798 
1.24391 1.85581 
1.87879 1.29387 
1.85174 1.42677 
1.84003 2.43852 
2.196 2.655 
1.90257 1.21534 
1.32357 2.08694 
2.8976 2.51762 
1.89257 1.38552 
2.03799 1.47017 
1.66796 1.59821 
3.05688 2.94681 
1.88667 2.27141 
3.40716 2.33993 
2.77936 1.28057 
1.38446 2.65649 
2.514 2.16053 
2.7676 3.50432 
2.93404 2.72559 
1.85273 1.56692 
3.04227 4.29572 
2.71095 3.56903 
2.19802 2.85528 
2.87307 1.68116 
2.63519 1.65221 
1.75795 1.34155 
1.94131 4.02153 
1.31197 1.10433 
3.13757 2.57737 
1.39016 1.65659 
2.99574 1.44584 
3.59387 1.90974 
3.57744 2.22887 
1.49689 1.57292 
2.19419 2.8573 
2.25146 2.38663 
2.53669 3.3823 
4.40086 3.12547 
1.64507 1.29125 
1.72607 1.39018 
1.51681 1.08381 
3.00271 2.68473 
3.56915 1.87499 
1.54936 2.06012 
2.75789 3.00112 
1.66693 1.27863 
1.63965 2.17745 
4.48927 2.93758 
1.27285 1.86956 
1.75534 2.33467 
1.47046 2.64932 
2.28861 1.81372 
0.848501 1.77903 
2.41218 3.15586 
3.28366 2.29346 
2.54749 1.36203 
2.29792 2.04432 
2.14975 2.18832 
2.19971 2.13115 
2.98572 3.5305 
2.22106 1.57787 
1.4942 1.31124 
1.90112 3.95779 
1.48884 1.46501 
2.66354 2.22083 
1.30281 1.36037 
1.64043 1.9172 
2.26074 1.98217 
2.04392 1.76847 
1.54139 1.40638 
1.6947 1.11202 
3.53799 1.78716 
2.29154 2.52095 
2.43586 1.75252 
2.06628 1.31817 
1.93439 3.469 
2.80557 2.05589 
1.18799 1.62999 
1.62649 1.50889 
1.80236 1.15846 
1.79945 1.532 
2.42646 2.63873 
1.72987 1.54754 
3.36881 3.54597 
2.03795 1.05505 
1.552 1.5149 
1.6605 2.48294 
3.32691 3.39575 
2.30937 1.94051 
1.49251 1.58641 
1.63258 1.1749 
2.18215 3.3948 
1.89092 1.84842 
1.87906 1.25091 
3.06218 2.57493 
0.607218 0.222196 
0.231189 0.558042 
0.607218 0.222196 
0.545276 0.282026 
0.472053 0.34015 
0.344086 0.44891 
0.314675 0.460114 
0.236707 0.539703 
0.387302 0.40706 
0.54528 0.267306 
0.402775 0.396027 
0.295183 0.479421 
0.363256 0.428409 
0.410008 0.385356 
0.243999 0.529732 
0.355471 0.434505 
0.564716 0.248996 
0.380627 0.41365 
0.28519 0.492846 
0.580254 0.238719 
0.400759 0.396284 
0.545372 0.262424 
0.598029 0.227236 
0.60493 0.223362 
0.26174 0.511423 
0.288802 0.485809 
0.267949 0.505531 
0.276023 0.498341 
0.394672 0.402229 
0.366824 0.424756 
0.381109 0.413013 
0.579425 0.243831 
0.571388 0.248306 
0.572436 0.243896 
0.426316 0.363555 
0.265859 0.511235 
0.39321 0.402344 
0.426667 0.363024 
0.303307 0.470426 
0.354107 0.436011 
0.46749 0.340385 
0.276023 0.498341 
0.419541 0.368221 
0.309486 0.465174 
0.303134 0.470677 
0.37249 0.419673 
0.288483 0.486499 
0.438697 0.353768 
0.234476 0.543258 
0.231628 0.545363 
0.410063 0.377828 
0.309486 0.465174 
0.445271 0.350997 
0.432759 0.358126 
0.590171 0.23261 
0.254021 0.521351 
0.282354 0.494763 
0.414678 0.372987 
0.419541 0.368221 
0.596296 0.228979 
0.267949 0.505531 
0.45519 0.343309 
0.243999 0.529732 
0.410674 0.375765 
0.257277 0.516775 
0.449978 0.347136 
0.551916 0.259831 
0.297617 0.475917 
0.589682 0.232618 
0.248771 0.525038 
0.257277 0.516775 
0.438697 0.353768 
0.449978 0.347136 
0.559566 0.252857 
0.559566 0.252857 
0.55492 0.256247 
0.35019 0.440825 
0.410008 0.385356 
0.231221 0.55764 
0.347693 0.44494 
0.297617 0.475917 
0.372544 0.419509 
0.231341 0.550652 
0.460515 0.340706 
0.445271 0.350997 
0.460339 0.341226 
0.580254 0.238719 
0.366174 0.426674 
0.35019 0.440825 
0.45543 0.34303 
0.254021 0.521351 
0.589682 0.232618 
0.414586 0.372998 
0.347954 0.444927 
0.551916 0.259831 
0.55492 0.256247 
0.372544 0.419509 
0.432759 0.358126 
0.231341 0.550652 
0.314675 0.460114 
