0.394054 1.10676 
0.367315 1.15834 
1.06795 0.268737 
0.443585 1.1412 
0.981677 0.580602 
0.762096 0.813363 
0.936549 0.588743 
0.808 0.766037 
0.246929 1.1743 
0.256023 1.11211 
0.8094 0.761551 
1.06628 0.342823 
0.413333 1.10861 
0.736381 0.873474 
1.20478 0.258992 
0.172251 1.13888 
0.921986 0.627679 
0.553135 1.0407 
0.560274 1.01127 
0.889152 0.64121 
1.07234 0.42848 
0.411261 1.09614 
1.00531 0.38549 
0.578545 0.96665 
0.779931 0.80824 
0.753816 0.855175 
0.843358 0.671095 
0.754651 0.828386 
0.459546 1.05409 
0.961112 0.648119 
0.609786 0.950075 
0.279467 1.18186 
0.34529 1.14875 
0.842557 0.664751 
1.08047 0.346443 
1.15661 0.247789 
0.87745 0.694824 
0.676971 0.940463 
1.14613 0.213307 
0.957792 0.534058 
0.934267 0.525424 
1.043 0.409681 
0.35581 1.18822 
0.534145 0.962426 
0.692617 0.94493 
0.672951 0.924641 
0.813516 0.760996 
0.918999 0.606988 
0.696912 0.840266 
0.439759 1.09266 
0.343478 1.15113 
0.959997 0.587956 
0.822612 0.757257 
1.10916 0.265917 
1.11397 0.245912 
0.947458 0.625327 
0.995922 0.525591 
0.493232 1.11688 
1.12021 0.182256 
0.570055 0.980951 
0.761235 0.792622 
0.65969 0.975455 
0.472584 1.0688 
0.200826 1.1773 
0.989438 0.474565 
0.188646 1.17112 
0.6009 0.995314 
0.431631 1.11979 
0.618022 0.966633 
0.72255 0.842615 
0.731386 0.843152 
0.507415 1.05677 
0.852395 0.70705 
0.196376 1.21987 
1.10623 0.218465 
0.57737 0.990715 
0.654848 0.944977 
0.98912 0.556816 
0.842019 0.717309 
0.367068 1.14962 
0.945233 0.578739 
0.359465 1.15664 
1.09922 0.294344 
0.985698 0.498535 
0.468805 1.08698 
1.1308 0.284848 
0.674842 0.910442 
0.954808 0.523826 
0.738781 0.882181 
0.284149 1.13316 
0.341665 1.12858 
0.276257 1.19253 
0.215952 1.1339 
0.852646 0.725733 
0.775536 0.75159 
0.888489 0.669398 
1.09256 0.348247 
0.578553 0.997014 
1.12686 0.211039 
0.238385 1.17168 
0.0209715 1.02943 
1.02097 0.0294304 
1.02097 0.0294304 
0.0209715 1.02943 
0.897359 0.2897 
0.362669 0.919961 
0.21184 1.00054 
0.40139 0.905677 
0.0926611 1.02845 
0.656777 0.644019 
0.284316 0.979884 
0.915677 0.260743 
0.870777 0.34956 
0.428643 0.875824 
0.803602 0.44234 
0.757637 0.505319 
0.60222 0.71535 
0.60996 0.698775 
0.783893 0.467675 
0.646877 0.656286 
0.137325 1.02679 
0.97245 0.153999 
0.821594 0.42678 
0.155737 1.01914 
0.847996 0.374295 
0.987383 0.126996 
0.930767 0.237162 
0.623687 0.682134 
0.300763 0.960776 
0.675843 0.62474 
0.635777 0.675126 
1.02083 0.0548516 
0.421893 0.893117 
0.851619 0.36227 
0.0526285 1.0292 
0.111741 1.02715 
0.871844 0.324903 
0.793881 0.462939 
0.832126 0.393459 
0.261248 0.981579 
0.340744 0.940982 
0.77046 0.493307 
0.716815 0.572887 
0.353028 0.928147 
0.453222 0.867772 
0.687687 0.585056 
0.955079 0.188804 
0.961343 0.170647 
0.699975 0.58336 
0.329041 0.947581 
0.887808 0.303842 
0.684417 0.610459 
0.593826 0.737995 
0.940072 0.224091 
0.923971 0.258273 
0.751883 0.535245 
0.240296 0.991861 
0.879002 0.312161 
0.725444 0.565693 
1.00414 0.111532 
0.460874 0.86524 
0.832444 0.393436 
0.487001 0.834142 
0.814588 0.427265 
0.948361 0.200196 
0.408853 0.903935 
0.529393 0.788273 
0.942071 0.209101 
0.0461749 1.02935 
0.511243 0.801924 
0.472441 0.846579 
0.491164 0.831112 
0.541934 0.773282 
0.198969 1.01346 
0.252444 0.99154 
0.472429 0.851118 
0.569799 0.748561 
0.589737 0.74233 
0.555658 0.759618 
0.732067 0.551584 
0.750136 0.53525 
0.502884 0.818489 
0.968812 0.160236 
0.313693 0.954916 
0.736521 0.548086 
0.539064 0.774481 
1.00424 0.086538 
0.575833 0.748496 
0.0209715 1.02943 
0.556185 0.759072 
0.505175 0.816924 
0.768129 0.495232 
1.01044 0.0671069 
0.175176 1.01403 
1.00847 0.0671999 
0.193547 1.01355 
1.00174 0.120128 
1.00431 0.0855137 
0.529868 0.788116 
0.677134 0.615072 
