1.92834 3.48373 
1.56412 4.0134 
1.69808 3.619 
1.92002 3.48667 
1.83993 3.67506 
2.029 3.44345 
1.39457 3.98578 
1.68459 3.8438 
1.89518 3.52129 
1.85238 3.71849 
1.77635 3.56211 
2.2649 2.44468 
1.1261 4.2758 
2.08252 3.29839 
1.84422 3.56694 
1.73095 3.47987 
2.2454 2.63132 
1.64149 3.73581 
2.24256 2.60574 
2.29596 2.24218 
2.19181 2.43876 
2.37103 2.18352 
1.90137 3.35361 
2.22558 2.39396 
1.52926 4.09023 
2.0075 3.38855 
2.21147 2.04134 
2.06028 3.37188 
2.00317 2.95755 
1.80398 3.52131 
2.47211 1.60224 
2.13168 2.91695 
2.04613 3.16907 
1.92677 3.61706 
2.37264 2.07938 
1.35899 4.12327 
1.77766 3.55082 
2.33079 2.153 
2.14567 2.75952 
2.0832 3.28258 
1.9232 3.41488 
2.09339 2.99295 
2.04113 3.02377 
1.58891 3.65806 
2.36254 2.23649 
1.40486 4.073 
2.18602 2.92086 
1.7889 3.69815 
1.66804 3.93441 
2.12924 2.89575 
2.06538 3.13125 
1.92182 3.45001 
2.05285 3.06693 
1.59916 4.05123 
1.77699 3.5891 
1.63755 3.77335 
2.04331 3.37329 
2.09338 3.0866 
1.7196 3.63219 
2.06119 2.88266 
1.54924 3.82817 
1.71552 3.72831 
2.03528 3.52752 
1.75744 3.8015 
1.69545 3.91201 
1.78669 3.56021 
1.84975 3.78834 
2.34791 2.55449 
1.44361 4.00765 
1.69682 3.44653 
2.06025 3.19012 
2.02877 3.26797 
1.76686 3.414 
1.89863 3.08861 
1.72888 3.70553 
1.3194 4.2783 
1.85497 3.55823 
1.81529 3.536 
1.86824 3.66137 
2.32422 2.43041 
1.32651 4.29047 
2.13342 3.00205 
1.92034 3.15599 
1.63511 3.95345 
2.11347 3.03765 
2.16228 3.12137 
1.17874 4.19076 
1.39558 4.29707 
1.58854 3.82668 
2.01743 3.46604 
1.98319 3.23011 
1.81761 3.55137 
1.80739 3.49455 
2.38699 2.01206 
2.2711 2.62399 
1.82429 3.84434 
1.7531 3.60649 
1.91328 3.52435 
1.67529 3.61533 
1.83412 3.62112 
0.0500003 4.05 
2.05 0.05 
0.0500003 4.05 
2.05 0.05 
2.01025 0.857931 
1.96856 1.20393 
1.20012 3.32487 
1.13062 3.41675 
2.02145 0.73121 
2.04062 0.443495 
1.79292 2.01544 
1.24525 3.26243 
1.83424 1.87859 
0.945209 3.62788 
1.30763 3.16808 
0.638756 3.8729 
2.04824 0.217651 
2.04996 0.090656 
1.8621 1.7431 
0.0954669 4.04899 
0.780669 3.77352 
0.899222 3.67583 
0.159233 4.04406 
1.33667 3.11353 
0.45931 3.96738 
1.17208 3.3764 
1.69587 2.32352 
1.99928 0.946306 
1.72032 2.26747 
0.220934 4.03705 
1.81851 1.92304 
1.57314 2.6473 
1.98176 1.10228 
2.03674 0.526745 
1.87939 1.66658 
1.95337 1.27829 
1.40128 2.99916 
1.4186 2.96935 
0.379923 3.99699 
1.7733 2.09016 
1.84867 1.79931 
1.92932 1.457 
0.171911 4.04262 
1.72575 2.23428 
1.50223 2.80062 
1.43877 2.93666 
0.702359 3.83373 
2.02645 0.66975 
1.74362 2.18473 
1.3487 3.09374 
1.25738 3.23892 
2.04753 0.257415 
1.55085 2.69913 
0.972049 3.59978 
1.63997 2.48807 
1.64993 2.45606 
0.72363 3.81824 
2.04499 0.33321 
0.486367 3.95572 
1.75604 2.13852 
1.78133 2.05525 
1.93649 1.37906 
2.02947 0.621914 
1.06884 3.49209 
1.36996 3.05521 
1.09883 3.45702 
2.03498 0.575146 
1.99436 1.02079 
1.17656 3.35609 
1.06071 3.51529 
0.240387 4.03366 
0.555544 3.93249 
0.361191 4.003 
0.505708 3.94489 
0.809761 3.75388 
1.58768 2.61228 
0.749249 3.79968 
1.02985 3.54441 
0.670772 3.85278 
0.418639 3.98155 
1.6684 2.41112 
0.605621 3.89471 
0.421076 3.98072 
1.09779 3.46128 
1.6848 2.36158 
0.293568 4.02208 
1.52556 2.75972 
1.62398 2.52338 
0.871807 3.69681 
1.98479 1.06774 
1.45121 2.90876 
1.28977 3.19241 
1.01237 3.55658 
0.602332 3.89662 
1.38134 3.03507 
0.860324 3.71386 
1.91987 1.47843 
0.33449 4.01084 
1.60775 2.56739 
2.04499 0.33321 
