0.764123 4.11432 
0.942508 4.18129 
1.17481 4.04858 
1.23441 3.81723 
1.147 4.17264 
1.56022 3.45123 
1.61388 3.44421 
1.39434 3.8053 
1.53743 3.60994 
1.42498 3.73115 
1.54306 3.44975 
1.69317 3.45879 
1.20967 4.13977 
1.50355 3.83068 
1.65368 3.23313 
1.49474 3.42283 
1.15045 4.21104 
1.93351 2.70382 
1.47746 3.65876 
0.969321 4.12518 
0.878213 4.27224 
1.70348 3.54985 
1.22612 4.11146 
1.20055 3.79181 
0.861693 4.32557 
0.787534 4.22266 
0.94048 4.25016 
1.00784 4.0677 
1.96357 2.7378 
1.28205 3.8036 
1.32873 3.87984 
1.54152 3.50788 
0.717264 4.2066 
1.78705 3.33088 
0.712951 4.01155 
1.2804 3.76841 
1.96285 3.03929 
1.49382 3.66765 
1.43586 3.63948 
1.20757 3.97796 
1.11312 3.97087 
1.75158 3.41337 
1.5589 3.4072 
1.58167 3.35859 
1.30316 3.94086 
1.1422 3.96304 
1.35652 3.83053 
1.58364 3.68017 
1.18661 4.04886 
1.5738 3.45238 
1.05252 4.19518 
1.92019 2.75938 
1.47667 3.61393 
0.679534 4.24018 
1.59958 3.3093 
1.51488 3.73005 
1.42728 3.75936 
1.76909 3.03668 
1.60245 3.40059 
1.34833 3.89703 
1.8967 3.0241 
1.85381 2.74453 
2.14396 2.10614 
1.69002 3.39414 
1.01747 4.06214 
1.12565 3.94384 
1.23862 3.80397 
1.63233 3.41135 
1.12939 4.04984 
1.47498 3.82048 
1.6188 3.60239 
1.91791 2.89245 
1.30525 3.68859 
1.19622 3.73125 
1.24632 3.77819 
1.47223 3.83733 
0.911909 4.22066 
1.40972 3.81384 
1.86062 2.83903 
1.7064 3.23698 
1.48238 3.58605 
0.709643 4.31529 
1.27693 3.87508 
1.40317 3.55536 
1.42703 3.63481 
0.831017 4.25324 
1.17882 3.99554 
1.28296 3.81678 
1.69387 3.34853 
1.26336 3.9009 
1.17672 3.97229 
1.31748 3.91359 
0.769771 4.1494 
1.9126 3.16388 
1.9857 2.91439 
1.22402 4.12794 
1.52742 3.806 
1.58129 3.84136 
1.72933 3.35548 
1.36864 3.87371 
5.88955e-10 4 
2 2.31562e-14 
2 2.31562e-14 
0.914227 3.55991 
1.9656 0.739332 
0.244432 3.97953 
0.198322 3.98029 
0.140591 3.99011 
1.90378 1.24887 
1.33366 2.98322 
1.92237 1.10415 
1.61794 2.35427 
1.99894 0.130424 
0.336291 3.94803 
0.9698 3.49843 
1.93769 0.991781 
1.83332 1.64494 
1.84762 1.53348 
1.20614 3.19075 
1.68083 2.1831 
1.15019 3.29145 
1.87164 1.42069 
1.70468 2.10485 
0.0651099 3.99788 
0.813779 3.65577 
0.391684 3.92776 
0.754891 3.71665 
1.106 3.33274 
0.670923 3.77408 
1.06967 3.38019 
0.429649 3.91016 
1.55719 2.51017 
0.297047 3.95647 
1.31276 3.04267 
1.86555 1.44183 
1.96086 0.846788 
1.79625 1.76609 
1.75916 1.9101 
0.639061 3.797 
2 0.0101456 
1.46301 2.7563 
0.0258809 3.99967 
1.26957 3.09119 
1.9809 0.551426 
1.85031 1.51851 
1.47732 2.70799 
1.74911 1.94057 
1.39368 2.88471 
1.88648 1.33084 
0.689389 3.75486 
1.44279 2.77144 
0.851675 3.61944 
0.996697 3.47016 
0.52693 3.85888 
1.3705 2.9207 
1.17928 3.24054 
1.99046 0.390335 
0.828381 3.6411 
1.88648 1.33084 
1.91218 1.17888 
1.97382 0.645029 
1.99206 0.356542 
1.17389 3.2413 
1.77314 1.85049 
1.53338 2.56847 
1.73668 1.99111 
0.454255 3.89663 
1.97383 0.645012 
1.57666 2.46208 
1.13223 3.31153 
0.619367 3.80683 
0.730157 3.73779 
1.51757 2.62312 
0.77801 3.6879 
1.35626 2.94136 
0.553986 3.84434 
1.98216 0.533785 
1.67257 2.19449 
1.9978 0.187897 
0.714227 3.73943 
1.99479 0.288905 
1.64263 2.28616 
1.82612 1.65696 
1.59921 2.41922 
1.23321 3.15527 
1.42648 2.80446 
1.49167 2.66455 
1.28458 3.06589 
1.64263 2.28616 
0.508257 3.86878 
1.03245 3.42583 
1.60624 2.39565 
0.397482 3.92481 
1.81216 1.71452 
1.51665 2.64137 
1.22119 3.17033 
0.474183 3.89123 
1.42151 2.8248 
1.53304 2.57036 
0.596577 3.81806 
