0.55165 11.8731 
0.923971 11.359 
0.91202 10.8886 
0.786227 10.4294 
0.381205 12.0909 
0.348095 13.1296 
0.509616 12.9509 
0.224666 11.6433 
0.041124 12.5624 
0.215472 12.6106 
0.201467 12.0712 
0.772139 10.6803 
0.29393 9.45335 
0.970629 11.7275 
0.262194 15.7536 
0.940924 10.3051 
0.207956 13.0357 
0.373171 11.2987 
0.132504 13.4777 
0.745566 11.1786 
0.632949 14.01 
0.404314 12.0607 
0.000144707 10.9707 
0.732367 11.9103 
0.904499 11.0042 
0.462372 12.9225 
0.280839 10.3629 
0.511021 13.5356 
0.258919 13.4307 
0.681981 12.5711 
0.23893 10.7224 
0.880564 12.7014 
0.765355 11.587 
0.0989578 11.3928 
0.175349 14.5379 
0.94 10.6435 
0.571815 13.3476 
0.186396 14.4752 
0.975113 12.8968 
0.932442 12.3527 
0.667195 9.89467 
0.507032 12.7534 
0.0995449 12.2564 
0.0601308 11.8034 
0.0857269 14.4729 
0.0728853 15.718 
0.850087 11.605 
0.966304 10.5994 
0.335942 12.5627 
0.20141 11.4233 
0.317025 11.7586 
0.296789 12.179 
0.926059 11.7879 
0.852292 10.8787 
0.502841 12.7724 
0.419229 13.1821 
0.101475 12.9948 
0.936368 10.7275 
0.143813 13.7754 
0.290699 13.1707 
0.337477 11.7052 
0.334077 12.8026 
0.761791 11.9518 
0.611327 13.0191 
0.551587 13.0535 
0.303051 12.3925 
0.721662 13.2878 
0.765531 10.1381 
0.264406 12.7971 
0.685589 14.3704 
0.696165 11.0022 
0.750466 9.80168 
0.805045 11.561 
0.334058 13.7075 
0.584066 12.701 
0.274706 12.3197 
0.289022 12.9314 
0.839852 10.1923 
0.335539 13.1531 
0.515801 14.545 
0.919505 11.9336 
0.41096 11.8961 
0.100255 13.1993 
0.028808 12.4506 
0.492176 13.9839 
0.572123 11.6683 
0.816832 10.6332 
0.761879 8.96028 
0.936759 12.9346 
0.666211 10.7486 
0.873295 13.2842 
0.462392 15.0903 
0.798244 11.1409 
0.22427 12.7457 
0.989334 10.2366 
0.699719 12.9181 
0.0106497 12.6862 
0.59137 12.2299 
0.295287 11.294 
0.631914 10.8617 
0 4 
0.8594 2.307 
0.8594 2.307 
0.251413 3.57319 
0.631627 3.57319 
0.762774 2.63699 
0.795513 2.459 
0.813175 2.38828 
0.707927 3.02373 
0.827454 2.34637 
0.64214 3.50499 
0.0109531 3.98792 
0.766505 2.61407 
0.0949577 3.83158 
0.688896 3.16783 
0.755661 2.68227 
0.838973 2.32324 
0.727808 2.88112 
0.635734 3.54699 
0.731665 2.84766 
0.692503 3.14054 
0.119781 3.77382 
0.678598 3.24525 
0.179567 3.6429 
0.775449 2.56167 
0.790339 2.48332 
0.740937 2.78535 
0.780718 2.53263 
0.750133 2.71878 
0.661196 3.37462 
0.803942 2.42276 
0.209312 3.5982 
0.0747064 3.87693 
0.1888 3.6265 
0.13676 3.73199 
0.803942 2.42276 
0.65061 3.44747 
0.162273 3.67566 
0.201739 3.60782 
0.0305218 3.96082 
0.819519 2.3679 
0.0842133 3.85575 
0.755307 2.68541 
0.670582 3.30588 
0.10141 3.82448 
0.106006 3.80676 
0.737869 2.80331 
0.156071 3.68864 
0.744404 2.75771 
0.675485 3.26845 
0.194192 3.61812 
0.711606 2.99593 
0.702208 3.06695 
0.128832 3.7525 
0.657035 3.40254 
0.717386 2.95261 
0.0682914 3.89079 
0.648301 3.47012 
0.168774 3.6632 
0.245054 3.57378 
0.173048 3.6546 
0.114589 3.78448 
0.0606913 3.9082 
0.0836225 3.85709 
0.0209852 3.9749 
0.109866 3.79564 
0.682204 3.2222 
0.857264 2.30936 
0.149904 3.70206 
0.698711 3.09347 
0.822675 2.3588 
0.664301 3.35219 
0.232029 3.57859 
0.129248 3.74946 
0.658169 3.39461 
0.770987 2.58734 
0.219291 3.58784 
0.64579 3.48046 
0.710478 3.00449 
0.736022 2.82113 
0.786842 2.50065 
0.142293 3.71915 
0.719662 2.93586 
0.844468 2.31571 
0.6534 3.42822 
0.685741 3.19165 
0.695884 3.11491 
0.782998 2.5205 
0.725054 2.89592 
0.0519985 3.92353 
0.715296 2.9702 
0.0236605 3.97332 
0.772898 2.57623 
0.0582558 3.9114 
0.695194 3.12013 
0.672604 3.2916 
0.643515 3.49579 
0.232769 3.57819 
0.0370703 3.95024 
0.218998 3.58811 
