1.10886 0.431026 
1.00084 0.476002 
0.279072 1.17783 
0.961277 0.565426 
0.271419 1.15266 
1.03144 0.479067 
0.729532 0.824585 
1.15721 0.188098 
0.892198 0.713534 
0.994779 0.539224 
0.210177 1.16517 
0.832105 0.698223 
0.470044 1.07525 
0.348587 1.12529 
0.708897 0.845726 
0.285753 1.12664 
0.62985 0.90991 
0.98311 0.521809 
0.591521 1.00402 
0.884611 0.656626 
0.617841 0.932663 
0.45456 1.09538 
1.03744 0.46515 
0.452374 1.09192 
0.419459 1.06428 
0.741836 0.893894 
0.357688 1.1782 
0.527988 1.04173 
0.311216 1.13766 
0.510426 1.06089 
0.805069 0.782746 
0.440482 1.13053 
0.551577 1.03442 
1.10379 0.278194 
0.959143 0.557918 
0.421444 1.11759 
1.13367 0.153525 
0.986788 0.473017 
0.153726 1.17372 
1.12745 0.318922 
0.508419 1.05892 
0.94317 0.538429 
0.529899 1.00976 
0.921677 0.583189 
1.07002 0.307965 
1.19692 0.168223 
0.833228 0.71686 
0.5265 1.02137 
1.15652 0.220668 
0.866366 0.750644 
1.08381 0.344112 
0.751544 0.847362 
0.55442 1.05929 
0.846221 0.697914 
0.508845 1.06152 
0.973483 0.534623 
0.411754 1.11708 
1.05645 0.245909 
0.447023 1.11005 
0.760339 0.851898 
0.550386 1.03469 
1.01187 0.51908 
1.02339 0.409827 
1.19324 0.162374 
0.541011 1.01151 
1.01526 0.46072 
0.489364 1.09379 
0.343681 1.15569 
0.8056 0.793885 
0.830394 0.712991 
0.997625 0.51276 
0.187122 1.1943 
0.905965 0.63815 
0.18618 1.18717 
0.270026 1.1897 
1.01317 0.429377 
0.71151 0.869825 
0.962391 0.527645 
0.519684 1.03955 
0.942878 0.530107 
1.17765 0.192369 
0.297274 1.12956 
0.207088 1.17183 
0.326558 1.16452 
0.604304 0.941192 
0.640147 0.980333 
0.66235 0.919237 
0.320793 1.1582 
0.317874 1.16881 
0.552862 1.03765 
0.978066 0.588614 
0.833338 0.663036 
0.727898 0.911498 
0.677055 0.93372 
0.991168 0.495127 
0.313885 1.12522 
0.212369 1.13201 
1.00653 0.45011 
0.46987 1.07653 
0.416218 1.1301 
0.0216602 1.0282 
1.02166 0.0281961 
1.02166 0.0281961 
0.819294 0.414818 
0.840726 0.390349 
0.992162 0.143011 
0.908572 0.275969 
1.00123 0.0993141 
0.572512 0.754217 
0.545734 0.769007 
0.264239 0.991008 
0.845914 0.373049 
0.41974 0.893802 
0.64619 0.662055 
0.275565 0.974666 
0.0591874 1.0272 
0.933923 0.234845 
0.673981 0.624003 
0.713524 0.579496 
0.639419 0.693327 
0.146489 1.02159 
0.152301 1.01809 
0.365499 0.914603 
0.61141 0.725093 
0.19176 1.01697 
0.393273 0.901533 
0.672446 0.651253 
0.871164 0.336776 
1.0209 0.0634699 
0.576872 0.738515 
0.899299 0.297919 
0.47328 0.852284 
0.210232 1.00094 
0.233937 0.993594 
0.686195 0.610598 
0.803709 0.449146 
0.892902 0.304547 
1.01261 0.0646088 
0.690032 0.58661 
0.77435 0.499385 
0.108484 1.02472 
0.743716 0.531674 
0.981178 0.146192 
0.755279 0.509873 
0.961622 0.183153 
0.859393 0.350304 
0.026517 1.02777 
0.94822 0.200339 
0.92148 0.253474 
0.541212 0.7844 
0.341801 0.94595 
1.0083 0.0926923 
0.296367 0.965877 
0.335189 0.946999 
0.728609 0.547656 
0.637196 0.703595 
0.358421 0.934559 
0.752822 0.517282 
0.972162 0.162467 
0.774351 0.487803 
0.620729 0.708991 
0.801708 0.464438 
0.483833 0.833665 
0.500361 0.818225 
0.967126 0.165342 
0.733383 0.53862 
0.92324 0.253457 
0.226236 0.995358 
0.877264 0.317885 
0.301579 0.965793 
0.0819169 1.02601 
0.514036 0.808645 
0.438842 0.865722 
0.788425 0.466294 
0.483833 0.833665 
0.38786 0.909504 
0.108484 1.02472 
0.689806 0.59758 
0.521646 0.79201 
0.431291 0.881813 
0.195315 1.00749 
0.526328 0.786188 
0.316746 0.955688 
0.458233 0.862213 
0.363596 0.93413 
0.721156 0.566283 
0.721288 0.561148 
0.86073 0.348849 
0.316746 0.955688 
0.598796 0.735182 
0.812493 0.43321 
0.938297 0.214088 
0.876177 0.318567 
0.459053 0.852961 
0.812493 0.43321 
0.514099 0.801777 
0.0793622 1.02611 
0.938297 0.214088 
0.500361 0.818225 
0.444314 0.865267 
