1.4456 3.67369 2.64842 
1.65996 3.46747 2.11451 
3.76306 3.62614 5.76992 
6.85577 5.86994 7.14405 
3.42021 6.01754 3.6177 
4.03534 4.18175 5.94408 
2.4644 5.22448 7.00588 
3.20853 7.9476 7.59841 
2.10766 3.07678 7.8879 
3.45371 2.51864 3.34932 
4.06434 1.8452 3.82892 
4.35253 2.42279 5.06408 
2.71886 1.39157 4.14424 
2.85155 4.30921 3.34313 
3.37673 3.16385 3.66908 
2.95812 1.60149 3.00236 
5.96752 8.6493 5.67964 
2.54819 2.68348 2.48613 
3.91884 2.19445 2.58376 
3.57366 3.0516 2.8908 
4.25648 2.18064 1.98986 
2.51435 2.66292 3.23418 
5.62014 7.29098 7.4849 
12.3372 5.58221 6.85577 
10.666 7.31803 4.29815 
5.77506 6.45425 4.82535 
7.08045 3.93501 5.21967 
2.9798 2.93241 5.89583 
3.54347 3.67985 4.38388 
6.03839 3.29445 4.76345 
4.08776 5.2285 2.20083 
2.60112 1.7665 4.66308 
3.01047 6.42199 4.21595 
3.21248 2.69005 2.05185 
2.03137 3.62526 4.22129 
3.21293 6.59177 4.58861 
6.05192 9.106 5.75105 
2.23619 3.69785 3.62172 
4.58216 4.98451 3.85311 
3.52809 4.48236 3.5991 
3.46513 5.49855 3.01302 
3.39263 2.8414 2.53903 
3.98845 5.13562 4.9012 
3.58321 5.17835 2.74288 
5.486 4.10628 4.30306 
2.64802 1.14308 4.66127 
2.90915 6.87317 5.07816 
4.19593 4.51038 4.53384 
3.10165 2.96657 4.29438 
4.16069 6.64216 10.3268 
2.33992 1.68158 4.54602 
4.58461 4.01379 3.863 
3.50122 2.38027 3.7557 
7.0735 6.08243 4.9564 
2.23159 2.12424 2.72757 
5.85926 4.68043 7.44517 
2.13294 1.72676 2.90478 
6.97815 2.75644 7.8975 
4.22464 2.22859 3.08429 
4.10462 5.79705 5.48109 
2.66399 3.14064 4.01825 
2.74303 3.78492 4.3306 
5.58531 5.4359 10.14 
7.52147 4.24249 6.82658 
2.74533 2.27024 4.49834 
2.81926 3.20112 3.86204 
7.26774 2.1456 3.70643 
1.52342 2.24459 2.89912 
6.02441 5.33632 3.59199 
6.30107 4.70218 7.31313 
1.45086 1.53791 4.77663 
4.44754 3.65215 5.52751 
2.79062 1.54628 3.25609 
3.34684 3.57716 4.28113 
8.88464 9.99794 7.79582 
4.63884 12.4595 9.21486 
2.89464 3.6564 1.80825 
3.77387 5.60523 3.32311 
8.07271 9.80134 6.68607 
7.39249 10.5771 6.51904 
4.52894 5.66605 2.587 
2.75751 1.87666 3.57842 
7.16615 4.38052 3.82664 
4.36166 5.99866 2.63078 
4.56471 6.3028 5.23069 
4.35581 2.36848 4.54055 
2.76982 2.62438 4.50909 
3.88648 2.22492 4.23634 
3.19427 7.018 6.28726 
2.96686 5.59201 5.34311 
4.00301 4.65674 3.30433 
2.17441 3.01456 3.64262 
3.70475 3.42274 3.52897 
6.56472 7.62941 5.06212 
8.28486 4.77513 5.09387 
3.5685 2.14813 3.22725 
2.51988 2.89586 4.46631 
4.445 7.35668 5.5003 
2.80113 4.56524 3.28609 
2.73378 3.32371 2.25496 
5.4464e-20 1.22695e-07 1.0001 
7.64364e-09 8.37642e-20 1.0002 
4.0037 0.210838 0.000214728 
1.88438 0.964059 1.72043e-10 
0.705536 8.91043 0.0684544 
4.81486e-10 5.34595e-12 1.01077 
0.71444 8.00191 0.0534959 
2.4573 0.145052 0.222689 
1.07671 0.284988 0.35361 
0.473073 2.34361 0.556083 
3.4179 0.173103 0.000852836 
1.41417 0.130625 0.50491 
0.679487 5.59633 0.12487 
0.495066 2.54124 0.436495 
0.591503 0.654242 0.516879 
0.71342 8.69428 0.0559154 
3.16766 0.163922 0.205692 
1.20865 0.362278 0.306695 
2.06209 0.131786 0.263202 
0.691887 4.66442 0.0989411 
1.40045 1.12425 0.156904 
1.65336 0.12833 0.298797 
0.259426 1.50394 0.800513 
0.69847 7.66131 0.0757148 
0.668088 3.4423 0.143756 
0.290337 0.28879 0.722728 
2.55729 0.164371 0.0599245 
2.29943 0.175619 0.0308633 
0.714332 7.34659 0.0544062 
0.914996 0.457031 0.635297 
0.714396 7.06848 0.0538864 
0.672347 3.35724 0.175599 
0.706873 5.93633 0.0718061 
0.540709 3.78821 0.432863 
0.166373 0.134625 0.850511 
0.686375 4.38097 0.118459 
1.31828 0.22865 0.252241 
0.705653 6.55169 0.0700105 
0.701785 6.75467 0.0693988 
0.323851 0.120407 0.82965 
1.94036 0.164075 0.207126 
0.12843 0.138611 0.923379 
0.697071 4.7867 0.0780241 
0.435273 2.03399 0.612175 
0.437404 2.01302 0.594065 
0.981156 0.379764 0.284599 
0.825467 3.9292 0.0143187 
2.69155 0.164566 0.0418604 
0.68231 1.32879 0.149503 
1.48316 0.128334 0.302305 
0.651848 2.93362 0.190863 
0.544472 3.79057 0.421479 
0.56398 0.731634 0.382094 
3.75952 0.209907 0.000422401 
0.68028 3.17203 0.122687 
0.0281064 0.0168793 0.985082 
0.199957 0.107904 0.900733 
3.57089 0.196089 0.000677036 
0.507881 0.561742 0.647495 
0.698624 6.2258 0.0766617 
0.429143 1.91455 0.705669 
0.242569 1.64096 0.78047 
0.648989 2.16452 0.282702 
0.360981 0.0842131 0.930332 
0.651705 4.20307 0.282693 
2.9601 0.164226 0.0312067 
0.438869 1.96598 0.678027 
0.770529 4.11474 0.0131953 
3.61632 0.196089 0.00067587 
1.60722 0.167694 0.0424708 
0.415039 0.0722241 0.965265 
0.443504 1.71777 0.701932 
0.496058 0.55695 0.664839 
0.560326 0.873253 0.398018 
0.667553 1.72537 0.324853 
1.29765 0.736341 0.255045 
3.83783 0.202439 0.00042916 
0.717136 5.24021 0.0510242 
0.561948 2.78624 0.392714 
2.85068 0.164258 0.0384134 
3.07902 0.170121 0.0305065 
3.01942 0.173377 0.00177576 
0.665146 1.02871 0.333021 
2.19091 0.131672 0.291657 
2.76945 0.164181 0.205659 
0.227806 1.60093 0.784616 
0.850114 2.48283 0.0167127 
0.697126 2.33432 0.114122 
2.17217 0.129001 0.293779 
0.219897 0.132945 0.87958 
0.562228 2.6081 0.392523 
0.719358 4.99044 0.0463395 
0.323786 0.253283 0.754548 
2.83245 0.786662 0.0226001 
0.741381 8.77559 0.0218555 
0.746879 5.31418 0.0223095 
0.699175 6.11862 0.0742836 
0.14885 2.00714 0.883315 
0.20474 0.0788033 0.947772 
0.776067 1.01142 0.200084 
