1.34151 1.49572 
1.46712 1.39544 
3.27027 3.30289 
2.6028 3.64033 
2.35316 1.58673 
1.33041 1.4468 
1.23713 2.00864 
1.64329 1.21649 
3.95093 2.46751 
3.14874 3.47438 
2.80754 2.04068 
1.74604 1.48719 
2.43837 2.86537 
2.05229 1.79665 
2.25354 0.843663 
2.48793 2.97113 
1.09094 1.7542 
2.21586 1.31615 
1.7261 1.37941 
1.69836 1.54526 
3.13671 3.53058 
1.87222 1.53186 
2.18172 1.47759 
1.98178 1.63956 
2.37159 3.25299 
3.6389 1.69116 
2.12807 1.35274 
2.34514 2.59555 
2.05983 2.58841 
2.09586 1.55125 
3.0621 3.11227 
1.86145 1.70291 
2.33649 1.21218 
3.52862 3.00205 
2.01595 1.48115 
1.61859 1.61045 
3.19948 1.73303 
1.66088 1.37499 
3.07793 1.93604 
2.00076 3.26892 
1.9637 1.53166 
2.93157 2.49739 
3.48764 2.65437 
1.15798 1.35365 
1.98806 1.99696 
2.11482 2.41766 
2.567 2.73273 
2.79824 2.15893 
1.87759 1.58296 
2.19608 1.38343 
2.03681 2.83921 
4.01032 2.2298 
4.72444 3.64475 
1.70031 2.04788 
1.37397 1.59558 
2.00215 2.54271 
1.74751 2.23393 
1.48483 1.27121 
1.84578 1.65821 
1.63747 1.91446 
1.47192 1.4544 
2.06701 1.1554 
2.62129 1.38569 
2.166 1.09006 
2.86361 1.05593 
2.69766 2.691 
2.4062 2.93926 
2.16197 2.71647 
3.37131 3.06856 
3.50969 0.982897 
1.82151 1.77694 
4.3476 2.81339 
2.48096 1.53655 
1.77512 1.5631 
2.86568 2.34388 
2.554 2.29171 
1.87045 2.09205 
1.75216 1.81676 
1.41923 1.91869 
2.25089 1.63862 
2.784 2.72879 
1.72069 2.1119 
1.65906 1.22389 
1.19431 1.69838 
2.23464 2.55284 
1.83435 1.38456 
2.06996 1.92354 
1.67767 1.18951 
2.78456 1.72249 
1.77224 1.42668 
1.05664 2.29301 
1.4269 1.01498 
1.52707 1.27775 
1.473 1.93952 
2.39995 2.28463 
3.42805 3.07229 
3.35681 2.57793 
3.29604 2.70468 
2.83166 2.13482 
3.68431 2.53731 
0.54217 0.289446 
0.254382 0.574422 
0.54217 0.289446 
0.383141 0.396345 
0.469473 0.341147 
0.310544 0.45707 
0.309849 0.491847 
0.254454 0.573221 
0.254455 0.553202 
0.365439 0.409092 
0.35989 0.414348 
0.314841 0.452685 
0.321062 0.447521 
0.488961 0.328681 
0.339026 0.432488 
0.334898 0.438326 
0.295264 0.508594 
0.331018 0.439454 
0.307197 0.494497 
0.34765 0.426888 
0.29104 0.509529 
0.36083 0.414064 
0.267928 0.533863 
0.301246 0.498998 
0.370969 0.404408 
0.502513 0.317114 
0.519656 0.304543 
0.525812 0.300623 
0.470594 0.340175 
0.340006 0.430573 
0.51173 0.310496 
0.325432 0.443005 
0.32169 0.446442 
0.350985 0.421918 
0.297133 0.503474 
0.264256 0.537399 
0.477446 0.336494 
0.517193 0.307872 
0.378227 0.399143 
0.314043 0.455037 
0.498259 0.320927 
0.538982 0.292545 
0.301244 0.499 
0.344491 0.428696 
0.511726 0.311488 
0.350985 0.421942 
0.529504 0.297532 
0.285466 0.514385 
0.289419 0.513763 
0.491169 0.325639 
0.502479 0.319939 
0.256761 0.544039 
0.27289 0.528837 
0.506912 0.314209 
0.381091 0.399058 
0.276503 0.524784 
0.483639 0.331001 
0.350985 0.421918 
0.255291 0.548954 
0.276503 0.524784 
0.325432 0.443005 
0.267194 0.533897 
0.506912 0.314209 
0.296968 0.503606 
0.264125 0.542704 
0.282621 0.518694 
0.37485 0.401578 
0.370969 0.404408 
0.529504 0.297532 
0.534704 0.294599 
0.256505 0.546875 
0.280126 0.520954 
0.538382 0.294285 
0.542137 0.289454 
0.479911 0.333052 
0.280126 0.520954 
0.37485 0.401578 
0.519656 0.304543 
0.479911 0.333052 
0.483639 0.331001 
0.534704 0.294599 
0.264158 0.539725 
0.475116 0.337065 
0.496238 0.322779 
0.307978 0.494271 
0.254512 0.55243 
0.282621 0.518694 
0.517193 0.307872 
0.475116 0.337065 
0.491169 0.325639 
0.272692 0.528862 
0.346125 0.428119 
0.260459 0.5429 
0.272692 0.528862 
0.496268 0.322392 
0.260459 0.5429 
0.525812 0.300623 
0.285466 0.514385 
0.525812 0.300623 
0.496238 0.322779 
