0.99191293106311
0.996355941713845
0.958023938885075
0.993836738327282
0.996355852269402
0.996356122704521
0.996361087779064
0.99612564633881
0.993779047036976
0.968261985160103
0.996100793675707
0.996356150726142
0.996356471894594
0.996356142728001
0.996356483003143
0.996356724913024
0.996356129595208
0.992205597906588
0.996355960211331
0.996355725966211
0.991040700535457
0.993656771817986
0.996356092826729
0.992497675979434
0.995357143175986
0.994561927840613
0.99635585294213
0.993484066391045
0.996356241082962
0.995061844591358
0.979359994144394
0.994894064144833
0.996355952621258
0.984578740275424
0.979605428857981
