0.95098233893434
0.952544657023534
0.952471329519066
0.952281671624682
0.954324799224463
0.953217249877253
0.953269222236407
0.951583184808478
0.952219714366907
0.952698762463123
0.95176521096326
0.951943948894691
0.952206606583547
0.950943886954493
0.953331759010602
0.951958789935719
0.953766190936543
0.953648584900928
0.9507999615582
0.953717967535381
0.951485659813468
0.953548957347412
0.952897377187382
0.952852002804637
0.951381090314773
0.952946614829499
0.953147742771795
0.95345717977639
0.953305525446847
0.953220063887894
0.95165750138239
0.953894819347146
0.953095453811159
0.951873293333212
0.951675340586945
