1  3.92962e-96  2.09369e-56  
5.24638e-14  1  1.13867e-116  
0.707107  0.707107  1.78091e-71  
0.999253  0.0386456  5.4025e-56  
0.994376  0.105911  6.07092e-71  
0.998859  0.047756  4.68393e-180  
0.979592  0.200998  7.73357e-76  
0.994743  0.102402  6.65116e-76  
0.981451  0.191716  1.05882e-173  
0.999048  0.0436183  1.88943e-75  
0.94056  0.339628  4.35331e-178  
0.983496  0.180932  1.38595e-180  
0.954301  0.298846  9.13011e-207  
0.9958  0.0915516  2.3543e-155  
0.919776  0.392444  4.20755e-203  
0.98503  0.172384  7.20181e-190  
0.948289  0.317409  2.6171e-153  
0.999225  0.0393659  5.32599e-59  
0.840305  0.542114  5.35124e-79  
0.949901  0.312551  2.97087e-308  
0.883314  0.468781  1.49508e-202  
0.985921  0.16721  1.07246e-156  
0.824698  0.565573  1.61412e-202  
0.959787  0.28073  7.46778e-191  
0.884223  0.467065  9.19943e-75  
0.996228  0.0867737  7.86902e-198  
0.751296  0.659965  3.23548e-192  
0.925106  0.379708  3.81683e-68  
0.822878  0.568218  6.72455e-284  
0.985676  0.168649  3.32573e-163  
0.747108  0.664703  2.26907e-216  
0.948808  0.315855  4.06645e-163  
0.837223  0.546862  1.13374e-196  
0.999205  0.0398611  1.54921e-62  
0.608494  0.793558  1.74584e-225  
0.832417  0.55415  2.50843e-207  
0.6908  0.723046  7.72102e-245  
0.944941  0.327242  2.58922e-113  
0.605008  0.796219  1.79528e-72  
0.86868  0.495374  8.67436e-212  
0.706489  0.707724  5.89901e-74  
0.983096  0.18309  9.65227e-73  
0.523936  0.851758  7.18596e-79  
0.792173  0.610297  7.98334e-72  
0.6185  0.785785  4.72734e-105  
0.947774  0.318942  3.38919e-62  
0.526336  0.850277  7.82619e-79  
0.848702  0.528871  4.29806e-75  
0.643781  0.76521  1.91731e-301  
0.994481  0.104919  7.96415e-132  
0.410457  0.91188  5.23925e-87  
0.674705  0.738088  1.91848e-79  
0.49434  0.869269  2.32782e-79  
0.884912  0.465758  2.06836e-208  
0.410134  0.912025  3.38501e-230  
0.738389  0.674375  2.78502e-71  
0.514095  0.857733  1.75617e-79  
0.973732  0.227696  3.79989e-202  
0.340027  0.940416  1.32774e-87  
0.621969  0.783042  2.57197e-75  
0.422735  0.906253  2.23554e-74  
0.898408  0.439163  3.73874e-189  
0.340011  0.940421  1.45631e-78  
0.707894  0.706318  6.87789e-79  
0.444526  0.895766  2.57197e-75  
0.997986  0.0634417  9.59593e-93  
0.231351  0.97287  9.57665e-70  
0.417783  0.908547  1.43137e-71  
0.280545  0.959841  1.32174e-75  
0.651071  0.759017  1.46207e-78  
0.223413  0.974724  4.5217e-61  
0.459535  0.88816  3.5483e-69  
0.281973  0.959422  3.85791e-71  
0.827905  0.560868  2.48794e-202  
0.174492  0.984659  1.01147e-87  
0.342593  0.939484  9.99033e-70  
0.213851  0.976866  5.56091e-257  
0.617483  0.786584  2.36606e-75  
0.163637  0.986521  3.85614e-115  
0.382264  0.924053  7.86531e-72  
0.209349  0.977841  4.92647e-70  
0.897989  0.440017  2.34411e-80  
0.108206  0.994129  9.84895e-124  
0.207374  0.978262  4.04104e-69  
0.126903  0.991915  1.4851e-119  
0.371195  0.928555  3.98488e-79  
0.0926817  0.995696  4.73613e-75  
0.207936  0.978142  9.27379e-72  
0.110475  0.993879  6.61755e-74  
0.565706  0.824607  2.02962e-115  
0.058764  0.998272  4.68089e-62  
0.116956  0.993137  3.74555e-75  
0.0631897  0.998002  6.88938e-113  
0.23129  0.972885  1.9598e-75  
0.0382635  0.999268  1.65909e-75  
0.0875633  0.996159  2.13107e-75  
0.0354063  0.999373  1.37282e-61  
0.489061  0.87225  5.41781e-75  
0.00801024  0.999968  7.56866e-70  
0.00542896  0.999985  1.30238e-87  
