1.09997  7.64314e-17  
6.73539e-17  1.09997  
1.09996  0.00564081  
1.09984  0.0170959  
1.0996  0.0287852  
1.09922  0.0407118  
1.0987  0.0528786  
1.09803  0.0652883  
1.09721  0.0779437  
1.09621  0.0908465  
1.09504  0.103999  
1.09369  0.117402  
1.09214  0.131057  
1.09038  0.144964  
1.0884  0.159123  
1.0862  0.173534  
1.08375  0.188196  
1.08106  0.203107  
1.0781  0.218265  
1.07487  0.233666  
1.07135  0.249308  
1.06753  0.265183  
1.0634  0.281287  
1.05895  0.297613  
1.05416  0.314153  
1.04902  0.330899  
1.04353  0.347842  
1.03766  0.364969  
1.03141  0.382271  
1.02477  0.399732  
1.01773  0.41734  
1.01027  0.435079  
1.00239  0.452932  
0.994086  0.470884  
0.985344  0.488912  
0.976161  0.506999  
0.966532  0.525124  
0.956453  0.543265  
0.945922  0.561401  
0.934939  0.579507  
0.923504  0.597561  
0.91162  0.615538  
0.899292  0.633414  
0.886524  0.651163  
0.873325  0.668761  
0.859702  0.686186  
0.845669  0.703408  
0.831237  0.720406  
0.816419  0.737156  
0.801232  0.753635  
0.785693  0.769821  
0.769821  0.785693  
0.753635  0.801232  
0.737156  0.816419  
0.720406  0.831236  
0.703408  0.845669  
0.686186  0.859702  
0.668761  0.873325  
0.651163  0.886524  
0.633413  0.899292  
0.615538  0.91162  
0.597561  0.923504  
0.579507  0.934939  
0.561401  0.945922  
0.543265  0.956453  
0.525124  0.966532  
0.506999  0.976161  
0.488912  0.985344  
0.470884  0.994086  
0.452932  1.00239  
0.435079  1.01027  
0.41734  1.01773  
0.399732  1.02477  
0.382271  1.03141  
0.36497  1.03766  
0.347842  1.04353  
0.330899  1.04902  
0.314153  1.05416  
0.297613  1.05895  
0.281287  1.0634  
0.265183  1.06753  
0.249308  1.07135  
0.233666  1.07487  
0.218265  1.0781  
0.203107  1.08106  
0.188196  1.08375  
0.173534  1.0862  
0.159123  1.0884  
0.144964  1.09038  
0.131057  1.09214  
0.117402  1.09369  
0.103999  1.09504  
0.0908465  1.09621  
0.0779437  1.09721  
0.0652883  1.09803  
0.0528786  1.0987  
0.0407118  1.09922  
0.0287852  1.0996  
0.0170959  1.09984  
0.00564081  1.09996  
