1  3.72982e-13  
1  3.72982e-13  
1  3.72982e-13  
1  3.72982e-13  
1  3.72982e-13  
1  3.72982e-13  
1  3.72982e-13  
1  3.72982e-13  
1  3.72982e-13  
1  3.72982e-13  
1  3.72982e-13  
1  3.72982e-13  
1  3.72982e-13  
1  3.72982e-13  
1  3.72982e-13  
1  3.72982e-13  
1  3.72982e-13  
1  3.72982e-13  
1  3.72982e-13  
0.897769  0.227548  
0.897769  0.227548  
0.896689  0.228398  
0.896689  0.228398  
0.896689  0.228398  
0.896689  0.228398  
0.896689  0.228398  
0.896689  0.228398  
0.896689  0.228398  
0.896689  0.228398  
0.789354  0.350021  
0.789354  0.350021  
0.789354  0.350021  
0.789354  0.350021  
0.789354  0.350021  
0.789354  0.350021  
0.789354  0.350021  
0.789354  0.350021  
0.789354  0.350021  
0.789354  0.350021  
0.5  0.5  
0.5  0.5  
0.5  0.5  
0.5  0.5  
0.5  0.5  
0.5  0.5  
0.5  0.5  
0.5  0.5  
0.5  0.5  
0.5  0.5  
0.5  0.5  
0.5  0.5  
0.5  0.5  
0.5  0.5  
0.5  0.5  
0.5  0.5  
0.5  0.5  
0.5  0.5  
0.5  0.5  
0.5  0.5  
0.5  0.5  
0.5  0.5  
0.350002  0.780036  
0.350002  0.780036  
0.350002  0.780036  
0.350002  0.780036  
0.350002  0.780036  
0.350002  0.780036  
0.350002  0.780036  
0.350002  0.780036  
0.350002  0.780036  
0.350002  0.780036  
0.350002  0.780036  
0.350002  0.780036  
0.350002  0.780036  
0.350002  0.780036  
1.96906e-13  1  
1.96906e-13  1  
1.96906e-13  1  
1.96906e-13  1  
1.60031e-13  1  
1.96906e-13  1  
1.60031e-13  1  
1.96906e-13  1  
1.60031e-13  1  
1.96906e-13  1  
1.60031e-13  1  
1.60031e-13  1  
1.60031e-13  1  
1.60031e-13  1  
1.60031e-13  1  
1.60031e-13  1  
1.60031e-13  1  
1.60047e-13  1  
1.60047e-13  1  
1.60031e-13  1  
1.60031e-13  1  
1.60031e-13  1  
1.60031e-13  1  
1.60047e-13  1  
1.60031e-13  1  
