2  1.52776e-10  
1.99997  0.0200433  
1.9999  0.0404941  
1.99976  0.0613632  
1.99957  0.0826618  
1.99932  0.104402  
1.999  0.126594  
1.99861  0.149252  
1.99814  0.172387  
1.9976  0.196013  
1.99697  0.220142  
1.99625  0.244789  
1.99544  0.269966  
1.99453  0.295689  
1.99351  0.321971  
1.99238  0.348828  
1.99113  0.376275  
1.98976  0.404327  
1.98825  0.433001  
1.9866  0.462312  
1.9848  0.492277  
1.98284  0.522913  
1.98071  0.554236  
1.9784  0.586265  
1.97591  0.619016  
1.97321  0.652507  
1.9703  0.686756  
1.96717  0.721781  
1.9638  0.757599  
1.96018  0.794228  
1.95629  0.831687  
1.95212  0.869992  
1.94765  0.90916  
1.94287  0.94921  
1.93776  0.990156  
1.93229  1.03202  
1.92645  1.0748  
1.92021  1.11853  
1.91357  1.16321  
1.90648  1.20887  
1.89893  1.25549  
1.89089  1.30311  
1.88234  1.35172  
1.87325  1.40132  
1.86359  1.45192  
1.85333  1.50353  
1.84245  1.55613  
1.8309  1.60972  
1.81866  1.66429  
1.8057  1.71982  
1.79198  1.77629  
1.77747  1.83369  
1.76213  1.89198  
1.74593  1.95113  
1.72884  2.01109  
1.71082  2.07182  
1.69183  2.13327  
1.67185  2.19538  
1.65084  2.25807  
1.62878  2.32128  
1.60563  2.38491  
1.58137  2.44889  
1.55598  2.51311  
1.52944  2.57746  
1.50172  2.64184  
1.47283  2.70612  
1.44275  2.77018  
1.41148  2.83388  
1.37903  2.89709  
1.3454  2.95967  
1.3106  3.02147  
1.27467  3.08234  
1.23763  3.14214  
1.19952  3.20072  
1.16037  3.25794  
1.12024  3.31365  
1.07918  3.36771  
1.03725  3.42001  
0.994521  3.47041  
0.951064  3.51879  
0.906956  3.56507  
0.862278  3.60914  
0.817113  3.65093  
0.771548  3.69037  
0.725672  3.72741  
0.679573  3.76201  
0.63334  3.79414  
0.587061  3.8238  
0.540822  3.85098  
0.494708  3.8757  
0.448798  3.89799  
0.403171  3.91788  
0.3579  3.93543  
0.313053  3.9507  
0.268693  3.96374  
0.22488  3.97463  
0.181666  3.98346  
0.1391  3.99031  
0.0972247  3.99527  
0.0560767  3.99843  
