1.04836  1.05786e-17  
1.0483  0.0105889  
1.04814  0.0213906  
1.04786  0.0324078  
1.04745  0.0436436  
1.04691  0.0551004  
1.04623  0.0667805  
1.0454  0.078686  
1.04442  0.0908187  
1.04327  0.10318  
1.04194  0.115772  
1.04044  0.128594  
1.03874  0.141647  
1.03685  0.154931  
1.03474  0.168445  
1.0324  0.182189  
1.02984  0.19616  
1.02704  0.210357  
1.02398  0.224775  
1.02065  0.239412  
1.01706  0.254264  
1.01317  0.269324  
1.00899  0.284587  
1.0045  0.300046  
0.999695  0.315693  
0.994558  0.331519  
0.989083  0.347516  
0.983258  0.363671  
0.977073  0.379973  
0.970521  0.39641  
0.963592  0.412968  
0.956278  0.429632  
0.948573  0.446387  
0.940469  0.463216  
0.931962  0.480102  
0.923048  0.497025  
0.913722  0.513969  
0.903983  0.530911  
0.89383  0.547831  
0.883264  0.56471  
0.872286  0.581524  
0.860899  0.598252  
0.849108  0.614871  
0.83692  0.631361  
0.824342  0.647697  
0.811383  0.663859  
0.798054  0.679824  
0.784368  0.695571  
0.770336  0.711079  
0.755975  0.726329  
0.7413  0.7413  
0.726329  0.755975  
0.71108  0.770336  
0.695571  0.784367  
0.679824  0.798054  
0.663859  0.811383  
0.647697  0.824342  
0.631361  0.83692  
0.614872  0.849108  
0.598252  0.860899  
0.581524  0.872285  
0.56471  0.883264  
0.547831  0.89383  
0.530911  0.903983  
0.513969  0.913722  
0.497026  0.923048  
0.480102  0.931962  
0.463216  0.940469  
0.446387  0.948573  
0.429632  0.956278  
0.412968  0.963592  
0.39641  0.970521  
0.379973  0.977073  
0.363671  0.983258  
0.347516  0.989083  
0.33152  0.994558  
0.315693  0.999695  
0.300046  1.0045  
0.284587  1.00899  
0.269324  1.01317  
0.254264  1.01706  
0.239413  1.02065  
0.224775  1.02398  
0.210357  1.02704  
0.19616  1.02984  
0.182189  1.0324  
0.168445  1.03474  
0.154931  1.03685  
0.141647  1.03874  
0.128594  1.04044  
0.115772  1.04194  
0.10318  1.04327  
0.0908188  1.04442  
0.0786861  1.0454  
0.0667806  1.04623  
0.0551005  1.04691  
0.0436438  1.04745  
0.032408  1.04786  
0.0213906  1.04814  
0.010589  1.0483  
