0.402949  0.233256  0.891083  
0.386442  0.262391  0.891668  
0.385351  0.232725  0.895035  
0.402949  0.233256  0.891083  
0.389973  0.233837  0.890784  
0.388835  0.232892  0.891501  
0.391343  0.234742  0.890658  
0.389726  0.233025  0.891209  
0.390425  0.233544  0.890964  
0.389119  0.232703  0.891713  
0.390854  0.234906  0.890501  
0.389212  0.233247  0.891305  
0.389577  0.233896  0.890922  
0.388589  0.232816  0.891607  
0.389535  0.234361  0.890745  
0.388426  0.233077  0.891614  
0.388984  0.233716  0.891332  
0.385984  0.232657  0.89272  
0.38983  0.23566  0.890433  
0.388309  0.233482  0.891529  
0.388964  0.234441  0.891137  
0.388323  0.233032  0.891968  
0.389104  0.235247  0.890797  
0.388083  0.233365  0.891807  
0.388197  0.234093  0.891438  
0.385958  0.232706  0.892703  
0.388958  0.23583  0.890679  
0.387956  0.233634  0.892014  
0.388197  0.234093  0.891438  
0.386521  0.232895  0.892486  
0.388238  0.235346  0.891137  
0.387049  0.233209  0.892156  
0.387479  0.234037  0.8917  
0.386172  0.232579  0.892818  
0.389094  0.237307  0.890424  
0.387367  0.233992  0.891808  
0.388051  0.235563  0.891143  
0.386851  0.233108  0.892299  
0.388124  0.236227  0.890985  
0.386846  0.233515  0.89216  
0.387359  0.234055  0.891778  
0.38616  0.232782  0.892648  
0.388267  0.236342  0.890774  
0.386846  0.233515  0.89216  
0.387383  0.234055  0.891744  
0.386423  0.232936  0.892457  
0.387444  0.236263  0.891262  
0.386517  0.233191  0.8924  
0.386758  0.234438  0.891949  
0.386013  0.23261  0.892803  
0.388434  0.236555  0.890703  
0.386428  0.234054  0.892205  
0.386619  0.235686  0.891687  
0.386145  0.232819  0.89264  
0.387099  0.236758  0.891254  
0.386121  0.233526  0.892454  
0.386566  0.234524  0.892097  
0.385959  0.232699  0.892704  
0.387325  0.236968  0.89109  
0.386195  0.233582  0.892448  
0.386571  0.234521  0.892086  
0.385915  0.232744  0.892705  
0.386627  0.235891  0.891615  
0.38596  0.233341  0.892646  
0.386131  0.234253  0.892247  
0.38589  0.232542  0.893066  
0.389032  0.238651  0.890464  
0.386022  0.234425  0.892356  
0.386266  0.236246  0.891699  
0.385776  0.23327  0.892761  
0.386804  0.237986  0.891464  
0.38578  0.233751  0.892527  
0.386053  0.234383  0.892304  
0.385607  0.232833  0.892888  
0.387121  0.237465  0.891195  
0.385732  0.233749  0.892553  
0.385868  0.235901  0.891917  
0.385551  0.233012  0.892837  
0.38614  0.236119  0.891832  
0.385545  0.233523  0.892674  
0.385719  0.233732  0.892571  
0.385467  0.232666  0.893179  
0.387213  0.237911  0.891123  
0.385546  0.233565  0.892674  
0.385699  0.236341  0.892157  
0.385393  0.233104  0.892867  
0.385869  0.23591  0.891913  
0.385395  0.23306  0.892866  
0.385494  0.233554  0.892693  
0.38531  0.23277  0.893146  
0.38593  0.235868  0.891889  
0.385324  0.233085  0.892908  
0.385404  0.233727  0.892739  
0.385235  0.232968  0.892994  
0.385434  0.234879  0.892712  
0.385205  0.233073  0.892996  
0.385227  0.233114  0.892972  
0.38529  0.232794  0.894214  
0.385704  0.236238  0.892129  
0.385134  0.233952  0.893257  
