0.676498  0.183926  
2.0084e-08  1  
0.672983  0.187173  
0.672983  0.187173  
0.672983  0.187173  
0.672983  0.187173  
0.672983  0.187173  
0.609711  0.223625  
0.603223  0.225485  
0.589127  0.232888  
0.589127  0.232888  
0.589127  0.232888  
0.589127  0.232888  
0.549668  0.259494  
0.549362  0.262111  
0.549362  0.262111  
0.549362  0.262111  
0.549362  0.262111  
0.508313  0.287618  
0.507659  0.289359  
0.507578  0.289359  
0.479116  0.308217  
0.479098  0.309126  
0.467096  0.316717  
0.467096  0.316717  
0.467096  0.316717  
0.447496  0.331909  
0.447496  0.331909  
0.447496  0.331909  
0.421751  0.357225  
0.421751  0.357225  
0.408107  0.362282  
0.407868  0.362294  
0.394244  0.373055  
0.394244  0.373055  
0.381523  0.383088  
0.381523  0.383088  
0.364912  0.396655  
0.364912  0.396655  
0.364912  0.396655  
0.346661  0.411769  
0.346559  0.411853  
0.334257  0.423637  
0.33275  0.424145  
0.319042  0.436956  
0.318649  0.437321  
0.318649  0.437321  
0.302658  0.456917  
0.300116  0.457091  
0.290088  0.461969  
0.290048  0.462044  
0.27422  0.47679  
0.27422  0.47679  
0.274177  0.477185  
0.261715  0.488836  
0.261256  0.490554  
0.253191  0.502038  
0.244691  0.50564  
0.235785  0.516501  
0.235785  0.516501  
0.229504  0.521216  
0.223804  0.528798  
0.213132  0.538546  
0.213128  0.538632  
0.204767  0.54943  
0.193636  0.560544  
0.193636  0.560544  
0.187491  0.568845  
0.182198  0.575273  
0.172244  0.586507  
0.172244  0.586507  
0.162827  0.596886  
0.161849  0.599019  
0.152404  0.611695  
0.151521  0.611697  
0.141693  0.624324  
0.141693  0.624324  
0.131598  0.637761  
0.126332  0.644879  
0.121447  0.653809  
0.115327  0.661074  
0.105277  0.675884  
0.105277  0.675884  
0.100108  0.683931  
0.0914748  0.700532  
0.0898755  0.701065  
0.0793919  0.720014  
0.0793919  0.720014  
0.0691537  0.73893  
0.0626001  0.749874  
0.0572471  0.760756  
0.0521936  0.772064  
0.0462858  0.785108  
0.0407966  0.798986  
0.0352364  0.813072  
0.0289197  0.829981  
0.0229828  0.848564  
0.0164538  0.871733  
0.0104314  0.898137  
0.00360998  0.940471  
