1  5.89262e-09  
0.25  0.750001  
0.996205  0.00379488  
0.988538  0.0114631  
0.980916  0.0190844  
0.97322  0.0267806  
0.965596  0.0344046  
0.957979  0.0420214  
0.950358  0.0496425  
0.942604  0.0573968  
0.93497  0.0650297  
0.927312  0.0726886  
0.919644  0.0803558  
0.912012  0.0879882  
0.904366  0.095634  
0.896714  0.103289  
0.889074  0.110926  
0.881402  0.118598  
0.873724  0.126277  
0.866065  0.133935  
0.858488  0.141515  
0.850782  0.149218  
0.843133  0.156884  
0.835452  0.164549  
0.827837  0.172163  
0.820159  0.179841  
0.81252  0.18748  
0.804862  0.195138  
0.7972  0.2028  
0.789569  0.210431  
0.781903  0.218097  
0.774238  0.225763  
0.766599  0.233401  
0.758969  0.241033  
0.751279  0.248721  
0.75  0.25  
0.75  0.25  
0.75  0.25  
0.75  0.25  
0.75  0.25  
0.75  0.25  
0.75  0.25  
0.75  0.25  
0.75  0.25  
0.75  0.25  
0.75  0.25  
0.75  0.25  
0.75  0.25  
0.75  0.25  
0.75  0.25  
0.75  0.25  
0.5  0.5  
0.5  0.5  
0.5  0.5  
0.5  0.5  
0.5  0.5  
0.5  0.5  
0.5  0.5  
0.5  0.5  
0.5  0.5  
0.5  0.5  
0.5  0.5  
0.5  0.5  
0.5  0.5  
0.5  0.5  
0.5  0.5  
0.5  0.5  
0.49872  0.50128  
0.49104  0.50896  
0.483368  0.516632  
0.475733  0.524267  
0.468091  0.531911  
0.460475  0.539525  
0.452785  0.547216  
0.445153  0.554847  
0.437478  0.562522  
0.429819  0.570181  
0.422176  0.577824  
0.414499  0.585502  
0.406825  0.593175  
0.399237  0.600765  
0.391544  0.608456  
0.383897  0.616103  
0.376276  0.623725  
0.368624  0.631379  
0.360924  0.639076  
0.353306  0.646694  
0.345645  0.654355  
0.337978  0.662023  
0.330262  0.669738  
0.322698  0.677302  
0.315007  0.684993  
0.307384  0.692617  
0.299665  0.700335  
0.291943  0.708057  
0.284305  0.715695  
0.276741  0.72326  
0.268999  0.731002  
0.261476  0.738525  
0.253782  0.746219  
