0.92295  0.0780675  
0.885093  0.115394  
0.921887  0.0781724  
0.921887  0.0781724  
0.92127  0.078893  
0.920744  0.079315  
0.920744  0.079315  
0.920035  0.0800497  
0.919823  0.0805463  
0.919181  0.0808839  
0.918768  0.0812544  
0.918748  0.0812767  
0.918161  0.0820352  
0.917783  0.0823699  
0.917387  0.0827886  
0.91701  0.0831498  
0.916626  0.0835672  
0.916212  0.0839077  
0.915807  0.0842925  
0.915527  0.0846388  
0.914988  0.0850355  
0.914699  0.0854764  
0.914276  0.0857911  
0.914026  0.0861598  
0.913447  0.0865711  
0.913189  0.0869175  
0.912824  0.0873694  
0.912475  0.0876953  
0.912041  0.0880771  
0.911589  0.088431  
0.911326  0.0888436  
0.91089  0.0891341  
0.91057  0.089497  
0.910106  0.0899187  
0.909793  0.0902291  
0.909405  0.0906544  
0.909035  0.0909956  
0.908665  0.0913604  
0.908289  0.0917655  
0.907962  0.0921091  
0.907522  0.0925648  
0.907248  0.0929768  
0.906813  0.0932236  
0.906395  0.0936991  
0.906044  0.0940052  
0.905672  0.0943913  
0.905362  0.0948481  
0.904876  0.0951594  
0.904573  0.0955296  
0.903923  0.0960987  
0.903896  0.0964508  
0.903361  0.096672  
0.903099  0.0969892  
0.902628  0.0973879  
0.902417  0.0976973  
0.901903  0.0982162  
0.90167  0.0984381  
0.901166  0.0988651  
0.900819  0.0994396  
0.900414  0.0997026  
0.900098  0.100072  
0.89963  0.100464  
0.899326  0.100813  
0.898979  0.101126  
0.898525  0.101542  
0.898243  0.10187  
0.897829  0.102276  
0.897413  0.102708  
0.896718  0.103318  
0.896648  0.103366  
0.896352  0.104035  
0.895933  0.10425  
0.895471  0.104808  
0.895103  0.104954  
0.894349  0.105768  
0.894349  0.105768  
0.894022  0.106111  
0.893728  0.106583  
0.893205  0.107153  
0.89282  0.107268  
0.892529  0.107736  
0.891873  0.10823  
0.891694  0.108359  
0.890947  0.109098  
0.890947  0.109098  
0.890453  0.109699  
0.890231  0.109931  
0.889643  0.110497  
0.889442  0.110596  
0.888875  0.111406  
0.888667  0.111418  
0.887791  0.112397  
0.887791  0.112397  
0.887554  0.112525  
0.886785  0.113339  
0.886785  0.113339  
0.885912  0.114277  
0.885912  0.114277  
0.885267  0.114928  
0.885267  0.114928  
