1  8.21113e-13  3.25098e-13  
1.47041e-07  1  1.34444e-07  
2.20752e-14  5.62037e-13  1  
0.998512  0.0385265  0.0386069  
0.993768  0.105834  0.0350137  
0.988774  0.0472132  0.141762  
0.97919  0.200908  0.0286889  
0.980584  0.100819  0.168198  
0.975038  0.190445  0.114161  
0.956335  7.52932e-13  0.292274  
0.940356  0.33944  0.0226061  
0.957948  0.176213  0.226463  
0.94563  0.29613  0.134504  
0.925795  0.0828487  0.368837  
0.916032  0.390841  0.0901652  
0.921055  0.161182  0.354512  
0.920745  0.30798  0.239544  
0.860912  4.66659e-13  0.508754  
0.840234  0.54201  0.0154143  
0.895424  0.294614  0.333818  
0.868867  0.461029  0.180344  
0.855331  4.31177e-13  0.518081  
0.820246  0.562455  0.104127  
0.873103  7.80726e-13  0.487535  
0.842294  0.444864  0.304368  
0.764955  4.42738e-13  0.644083  
0.74954  0.658459  0.0679955  
0.857536  5.45065e-13  0.514424  
0.788759  0.544594  0.28509  
0.734489  4.39044e-13  0.678621  
0.73456  0.653403  0.182992  
0.761664  5.73608e-13  0.647973  
0.754436  0.491652  0.434862  
0.628772  5.77055e-13  0.77759  
0.608446  0.793591  0.00282797  
0.716981  0.477319  0.50804  
0.668309  0.69953  0.253025  
0.662298  3.79592e-13  0.749241  
0.603761  0.794628  0.0638247  
0.701279  4.56258e-13  0.712887  
0.643316  0.644549  0.413165  
0.550499  4.55362e-13  0.834836  
0.522963  0.85027  0.0597263  
0.60768  0.468088  0.641575  
0.577487  0.733699  0.358053  
0.52494  4.53742e-13  0.851139  
0.514375  0.830998  0.211805  
0.560926  5.85849e-13  0.827866  
0.543754  0.6463  0.535377  
0.422506  4.43284e-13  0.90636  
0.409847  0.911067  0.044711  
0.503465  0.551236  0.665329  
0.46411  0.816085  0.344407  
0.435874  4.4212e-13  0.900008  
0.402993  0.896115  0.185945  
0.471547  4.36545e-13  0.881841  
0.435791  0.727042  0.530563  
0.340726  4.5137e-13  0.940163  
0.337706  0.934241  0.114672  
0.453736  5.01368e-13  0.891136  
0.376778  0.807873  0.45319  
0.317441  5.93012e-13  0.948278  
0.328363  0.908372  0.259013  
0.340806  4.76086e-13  0.940134  
0.340116  0.685393  0.643861  
0.242256  5.83185e-13  0.970212  
0.231045  0.972944  1.65e-06  
0.304832  0.662764  0.683976  
0.265163  0.910816  0.31639  
0.264382  5.777e-13  0.964418  
0.220956  0.964063  0.147517  
0.287541  4.53139e-13  0.957768  
0.242295  0.824502  0.511361  
0.192288  4.90636e-13  0.981339  
0.173973  0.981956  0.0741393  
0.212522  0.587998  0.780445  
0.194161  0.887463  0.417986  
0.169469  4.91485e-13  0.985536  
0.158937  0.9596  0.232219  
0.178369  1.19266e-05  0.983964  
0.164055  0.769223  0.617562  
0.117249  3.44495e-05  0.993103  
0.107952  0.993354  0.0399527  
0.134079  0.643886  0.753301  
0.117607  0.919975  0.373924  
0.10626  3.21816e-05  0.994338  
0.0909502  0.977372  0.191225  
0.106925  3.25242e-05  0.994267  
0.0817488  0.813913  0.575207  
0.0643648  2.26935e-05  0.997926  
0.0583317  0.99201  0.111874  
0.0777634  2.88774e-05  0.996972  
0.0555448  0.877743  0.475902  
0.0414047  1.47283e-05  0.999142  
0.0363744  0.959048  0.280899  
0.0330629  1.19509e-05  0.999453  
0.000454825  0.739448  0.673214  
0.0134552  4.9014e-06  0.999909  
7.51287e-06  0.999723  0.0236067  
0.00194879  0.673244  0.73942  
