1.00105  1.47487e-07  1.41567e-06  
0.428591  0.145268  0.428582  
4.11556e-08  1.66071e-08  1  
0.928421  0.0356843  0.0359042  
0.900589  0.0679174  0.0318534  
0.839525  0.0401071  0.120369  
0.823972  0.151946  0.0241097  
0.795063  0.0685332  0.136415  
0.775523  0.134958  0.0907805  
0.741803  0.0313657  0.226832  
0.736708  0.245576  0.0177353  
0.713358  0.117919  0.168725  
0.68711  0.215138  0.0977534  
0.680678  0.0481172  0.27121  
0.698441  0.232827  0.0687553  
0.646983  0.104072  0.248991  
0.627492  0.209166  0.163355  
0.61547  0.0207472  0.36379  
0.738473  0.246368  0.0153695  
0.587578  0.193333  0.21909  
0.64893  0.216321  0.134762  
0.568893  0.0864227  0.344903  
0.684798  0.228269  0.0869384  
0.540238  0.157983  0.301784  
0.590058  0.196686  0.213256  
0.531968  0.020102  0.447935  
0.70215  0.2341  0.0638056  
0.517281  0.172429  0.310305  
0.589957  0.196653  0.213391  
0.489775  0.057941  0.45256  
0.631933  0.210762  0.157426  
0.457921  0.152461  0.389623  
0.523662  0.174631  0.301787  
0.439428  0.0167701  0.543807  
0.738534  0.246494  0.0152888  
0.489712  0.16325  0.347054  
0.584141  0.194717  0.221147  
0.405773  0.135259  0.458973  
0.645711  0.215237  0.139053  
0.425551  0.141914  0.432599  
0.506214  0.168742  0.325049  
0.377993  0.0486781  0.573333  
0.679779  0.226598  0.0936546  
0.418577  0.139547  0.44191  
0.511827  0.170626  0.317565  
0.338449  0.112808  0.548777  
0.573027  0.19101  0.235965  
0.355968  0.118656  0.525383  
0.431375  0.143793  0.424836  
0.307763  0.0314494  0.660794  
0.693197  0.23501  0.07574  
0.376846  0.125616  0.497541  
0.481753  0.160586  0.357663  
0.294275  0.0981051  0.607643  
0.557164  0.185747  0.257118  
0.312162  0.104058  0.583787  
0.392028  0.130698  0.477298  
0.253477  0.046788  0.699744  
0.597727  0.199263  0.203041  
0.303276  0.101111  0.595639  
0.394329  0.131455  0.474232  
0.23145  0.0771528  0.691401  
0.458713  0.152906  0.388388  
0.24439  0.0814636  0.674148  
0.30995  0.103321  0.586738  
0.197565  0.0108533  0.791583  
0.731871  0.243969  0.0241734  
0.279567  0.0931792  0.627292  
0.396541  0.132205  0.471282  
0.200758  0.0669277  0.732329  
0.499634  0.166509  0.333858  
0.214397  0.071483  0.714143  
0.290379  0.0967928  0.612828  
0.15535  0.0517912  0.792871  
0.568148  0.189384  0.242476  
0.201083  0.0670361  0.731895  
0.286858  0.0956266  0.617529  
0.139885  0.0466578  0.813494  
0.357569  0.11919  0.523243  
0.145991  0.0486706  0.80535  
0.196725  0.0655865  0.737706  
0.102004  0.0340317  0.864  
0.585893  0.195302  0.218813  
0.14598  0.0486672  0.805364  
0.221647  0.073891  0.704479  
0.0935377  0.031186  0.875288  
0.290545  0.0972701  0.612607  
0.0940552  0.0313583  0.874597  
0.13003  0.043359  0.82663  
0.0593528  0.0198231  0.920888  
0.307333  0.102453  0.590227  
0.0706262  0.023669  0.905848  
0.101036  0.0336849  0.865288  
0.0392628  0.0130841  0.947656  
0.111317  0.0371111  0.85158  
0.0316801  0.0105586  0.957764  
0.0369707  0.0123226  0.950712  
0.0131862  0.00439921  0.982421  
0.230978  0.0770906  0.69203  
0.00488207  0.00163133  0.993494  
