0.143052  0.429119  0.427846  
0.143042  0.429119  0.427844  
0.200147  0.600197  0.199738  
0.077241  0.231723  0.691036  
0.225816  0.677445  0.0967411  
0.111352  0.334055  0.554593  
0.17254  0.517609  0.309854  
0.0404476  0.121195  0.838436  
0.238102  0.714271  0.0476469  
0.127492  0.382452  0.490069  
0.186536  0.559598  0.253872  
0.0592115  0.177548  0.763276  
0.213204  0.639464  0.147386  
0.0946212  0.283847  0.621547  
0.158319  0.474137  0.367819  
0.0210113  0.0625055  0.916772  
0.244116  0.732226  0.0237162  
0.144042  0.406008  0.458679  
0.193352  0.580051  0.226602  
0.068641  0.204893  0.726809  
0.219534  0.658602  0.121866  
0.103073  0.309207  0.587724  
0.165355  0.496052  0.338599  
0.0307129  0.0921363  0.877152  
0.232  0.695991  0.0720132  
0.119496  0.358481  0.522026  
0.179603  0.538773  0.281641  
0.0499534  0.149626  0.800506  
0.206667  0.619999  0.173335  
0.0860206  0.25803  0.655963  
0.150609  0.451824  0.397568  
0.0107374  0.0322694  0.956997  
0.247152  0.741118  0.0118452  
0.139225  0.417608  0.44319  
0.196721  0.590158  0.213124  
0.0728092  0.218375  0.708845  
0.222691  0.668061  0.109253  
0.107258  0.3217  0.571068  
0.168959  0.506876  0.324167  
0.03558  0.106746  0.857677  
0.235052  0.705153  0.0598079  
0.123513  0.370534  0.505955  
0.183084  0.549251  0.267668  
0.0545483  0.163642  0.781812  
0.209922  0.629751  0.160334  
0.0903381  0.271012  0.638651  
0.154372  0.463043  0.38261  
0.0157776  0.0475082  0.936715  
0.241089  0.72326  0.0356543  
0.131452  0.394288  0.474286  
0.189958  0.56987  0.240176  
0.0637639  0.191289  0.744948  
0.217264  0.64908  0.134593  
0.0988604  0.296579  0.604563  
0.161719  0.485155  0.353128  
0.0257821  0.0774128  0.896805  
0.228923  0.686769  0.0843081  
0.115457  0.346341  0.538216  
0.176077  0.528229  0.295696  
0.0451249  0.135497  0.819378  
0.203383  0.610147  0.186473  
0.0816538  0.244947  0.673405  
0.146868  0.440526  0.412635  
0.00557448  0.0169556  0.977471  
0.141763  0.867129  0.00699492  
0.141138  0.423391  0.435484  
0.187686  0.603151  0.209167  
0.0750281  0.225066  0.699913  
0.11023  0.775017  0.118659  
0.109376  0.327912  0.562796  
0.163284  0.51683  0.319886  
0.0379854  0.113973  0.848042  
0.130452  0.808402  0.0611672  
0.125503  0.376508  0.49799  
0.0864776  0.622204  0.29272  
0.0568736  0.170619  0.772509  
0.0940353  0.729154  0.176813  
0.0924897  0.277461  0.630053  
0.0568338  0.52378  0.419703  
0.0183419  0.0550314  0.926635  
0.105844  0.859612  0.034548  
0.0435161  0.441705  0.515072  
0.0856607  0.650663  0.264182  
0.0660362  0.198107  0.735858  
0.0837527  0.766032  0.150216  
0.0316092  0.326198  0.642223  
0.0632481  0.549443  0.387316  
0.0282945  0.0848079  0.886938  
0.0620141  0.842811  0.0952017  
0.0372146  0.384392  0.578395  
0.0505244  0.616013  0.333476  
0.0464333  0.142759  0.810812  
0.0412131  0.741771  0.217019  
0.0263603  0.267226  0.706708  
0.0307554  0.507951  0.461295  
0.00832347  0.0246431  0.967217  
0.0341823  0.940541  0.0372935  
0.0149116  0.470362  0.515215  
0.0098122  0.719543  0.270842  
0.00475391  0.226516  0.76924  
