2.24519  0.245399  
0.258709  4.04566  
2.16737  0.255187  
2.13192  0.274517  
2.1097  0.293855  
2.09229  0.31331  
2.07746  0.332933  
2.06427  0.352757  
2.0522  0.372806  
2.04094  0.393098  
2.03028  0.413649  
2.02008  0.434473  
2.01023  0.455582  
2.00064  0.476986  
1.99125  0.498695  
1.982  0.520717  
1.97284  0.543062  
1.96372  0.565735  
1.95462  0.588742  
1.94548  0.612087  
1.93626  0.635775  
1.92694  0.659803  
1.91747  0.68417  
1.90781  0.708872  
1.8979  0.7339  
1.88769  0.75924  
1.87712  0.784871  
1.86611  0.810763  
1.85457  0.836871  
1.84236  0.863135  
1.82934  0.889468  
1.81527  0.915742  
1.79985  0.941766  
1.78261  0.967247  
1.76277  0.991688  
1.73895  1.01421  
1.70835  1.033  
1.6649  1.04412  
1.60701  1.04561  
1.56095  1.05258  
1.52967  1.06779  
1.50586  1.08749  
1.48614  1.10994  
1.46893  1.13432  
1.45337  1.16023  
1.43896  1.18744  
1.42537  1.2158  
1.41236  1.24523  
1.39976  1.27567  
1.38743  1.30707  
1.37526  1.3394  
1.36315  1.37262  
1.35101  1.40669  
1.33876  1.44158  
1.32629  1.47722  
1.31352  1.51354  
1.30033  1.55042  
1.28662  1.58773  
1.27221  1.62523  
1.25694  1.66264  
1.24055  1.69952  
1.22272  1.73523  
1.20298  1.76882  
1.18068  1.79886  
1.15492  1.82323  
1.12462  1.83918  
1.08956  1.8451  
1.0527  1.8456  
1.01912  1.85071  
0.990699  1.86538  
0.966553  1.88904  
0.945393  1.91995  
0.926248  1.95673  
0.908445  1.99846  
0.891505  2.04452  
0.875069  2.09448  
0.858846  2.14796  
0.842581  2.20461  
0.826028  2.264  
0.808933  2.32551  
0.791006  2.38823  
0.771906  2.45075  
0.751199  2.51086  
0.72835  2.56515  
0.702727  2.60872  
0.673839  2.63598  
0.642089  2.64508  
0.609673  2.64599  
0.579402  2.65756  
0.552306  2.69204  
0.527783  2.75203  
0.504779  2.83637  
0.482267  2.94299  
0.459265  3.06861  
0.434728  3.20573  
0.407475  3.33643  
0.376484  3.42533  
0.342479  3.4454  
0.309013  3.48162  
0.276656  3.74514  
