1.38955  0.00012003  1.19254  
0.000120037  2.77873  1.19254  
0.000120012  0.000120011  6.00003  
1.12791  0.0437368  1.23615  
0.995476  0.106135  1.22787  
1.09067  0.0522569  1.34896  
0.884397  0.18156  1.21846  
0.986533  0.101663  1.36178  
0.884433  0.172861  1.29619  
1.08805  0.0476166  1.52503  
0.773469  0.279369  1.21115  
0.887452  0.163361  1.40242  
0.792754  0.248338  1.30535  
0.989162  0.0910498  1.58656  
0.732062  0.31242  1.2646  
0.888829  0.155644  1.5347  
0.773572  0.259007  1.3939  
1.0826  0.0427643  1.83223  
0.649029  0.418761  1.20604  
0.772537  0.254272  1.48058  
0.680608  0.36126  1.33386  
0.885371  0.150257  1.72874  
0.62884  0.431292  1.27239  
0.78914  0.230902  1.63312  
0.676363  0.357325  1.43694  
0.97763  0.085263  2.01558  
0.576459  0.506396  1.24491  
0.721545  0.296228  1.62531  
0.619625  0.427905  1.41662  
0.873538  0.149561  1.99948  
0.568259  0.505593  1.33407  
0.756358  0.251869  1.8359  
0.626328  0.40915  1.55345  
0.654782  0.0387381  2.39003  
0.494294  0.644586  1.20277  
0.619656  0.412553  1.63158  
0.530447  0.555202  1.39332  
0.742443  0.257193  2.03231  
0.485433  0.638815  1.29705  
0.645952  0.368412  1.84906  
0.535004  0.535938  1.53601  
0.490915  0.147175  2.39003  
0.443165  0.720374  1.25357  
0.583455  0.449526  1.80839  
0.485741  0.617087  1.49384  
0.738205  0.248497  2.38927  
0.439405  0.709768  1.37343  
0.620698  0.386835  2.10845  
0.49481  0.588118  1.67974  
0.588949  0.0622422  2.45571  
0.381039  0.846378  1.23416  
0.508002  0.555713  1.86308  
0.418405  0.735652  1.5031  
0.460678  0.175897  2.39003  
0.375697  0.8353  1.36588  
0.538737  0.492043  2.19981  
0.42436  0.707935  1.70905  
0.498125  0.116571  2.56668  
0.336294  0.929881  1.30672  
0.473714  0.596363  2.12268  
0.376338  0.806649  1.64497  
0.41864  0.204702  2.44276  
0.332088  0.918294  1.47361  
0.434206  0.203557  2.39003  
0.383476  0.772621  1.91822  
0.575764  0.0367121  3.49793  
0.268174  1.12733  1.20141  
0.367471  0.798991  2.01678  
0.293462  1.00375  1.54117  
0.328394  0.340739  2.39003  
0.256926  1.12054  1.36413  
0.359617  0.295425  2.39003  
0.290542  0.988292  1.80546  
0.354031  0.239878  2.99872  
0.220046  1.24117  1.2864  
0.320888  0.879756  2.36006  
0.244621  1.11699  1.71888  
0.280734  0.357582  2.82444  
0.207441  1.25  1.49591  
0.219123  0.529521  2.40066  
0.237557  1.10916  2.08289  
0.216442  0.0826738  3.58508  
0.158776  1.45777  1.25179  
0.217174  0.544478  2.39003  
0.172014  1.3437  1.73883  
0.198938  0.497469  3.05299  
0.139212  1.4944  1.48581  
0.145009  0.681689  2.53983  
0.153219  1.37746  2.16585  
0.154396  0.159965  3.58508  
0.0993767  1.6863  1.38315  
0.0993475  0.842737  2.46473  
0.101604  1.60293  2.06152  
0.0992168  0.262127  3.58508  
0.0692623  1.80583  1.72149  
0.0739318  0.839838  3.42379  
0.0467181  1.11667  2.39003  
0.0482536  0.0358025  4.7709  
0.0184708  2.29164  1.24745  
0.00749259  1.35809  2.68408  
