2  1.90917e-14  
1.99997  0.0201125  
1.9999  0.0406339  
1.99976  0.061575  
1.99957  0.0829472  
1.99931  0.104762  
1.99899  0.127031  
1.9986  0.149767  
1.99813  0.172982  
1.99758  0.196689  
1.99695  0.220901  
1.99623  0.245632  
1.99541  0.270896  
1.99449  0.296707  
1.99347  0.323079  
1.99233  0.350028  
1.99107  0.377568  
1.98969  0.405716  
1.98817  0.434487  
1.9865  0.463897  
1.98469  0.493963  
1.98272  0.524702  
1.98058  0.556131  
1.97825  0.588267  
1.97574  0.621127  
1.97303  0.654729  
1.9701  0.689092  
1.96694  0.724231  
1.96355  0.760167  
1.95991  0.796915  
1.95599  0.834495  
1.95179  0.872922  
1.9473  0.912216  
1.94248  0.952392  
1.93733  0.993467  
1.93183  1.03546  
1.92595  1.07837  
1.91967  1.12224  
1.91298  1.16706  
1.90585  1.21284  
1.89825  1.25961  
1.89016  1.30736  
1.88155  1.3561  
1.8724  1.40585  
1.86268  1.45659  
1.85236  1.50833  
1.8414  1.56107  
1.82978  1.6148  
1.81747  1.6695  
1.80442  1.72517  
1.79062  1.78178  
1.77602  1.83931  
1.76058  1.89773  
1.74429  1.957  
1.72709  2.01708  
1.70896  2.07793  
1.68987  2.13949  
1.66977  2.2017  
1.64864  2.26449  
1.62645  2.32779  
1.60318  2.39151  
1.57878  2.45556  
1.55326  2.51984  
1.52657  2.58425  
1.49871  2.64867  
1.46967  2.71298  
1.43944  2.77705  
1.40802  2.84076  
1.37541  2.90396  
1.34162  2.96652  
1.30667  3.02828  
1.27058  3.08909  
1.23338  3.14882  
1.19511  3.20732  
1.1558  3.26443  
1.11551  3.32002  
1.0743  3.37395  
1.03222  3.42609  
0.98934  3.47632  
0.945739  3.52453  
0.901491  3.57061  
0.856677  3.61447  
0.811383  3.65604  
0.765696  3.69525  
0.719703  3.73204  
0.673494  3.76638  
0.627158  3.79825  
0.580783  3.82763  
0.534456  3.85453  
0.488261  3.87897  
0.442279  3.90097  
0.396587  3.92057  
0.351258  3.93783  
0.30636  3.95279  
0.261958  3.96554  
0.218109  3.97614  
0.174866  3.98468  
0.132279  3.99124  
0.0903873  3.99591  
0.0492299  3.99879  
