2.05  0.0500008  0.05  
0.0500009  4.05  0.05  
0.0500999  0.0500999  6.05  
2.04946  0.127328  0.127328  
2.04703  0.262705  0.120902  
2.04715  0.145485  0.336454  
2.03946  0.45821  0.108315  
2.04411  0.255279  0.392131  
2.03903  0.438534  0.28312  
2.03923  0.136849  0.657949  
2.01812  0.760671  0.097378  
2.03548  0.415267  0.519626  
2.02376  0.668095  0.330952  
2.03054  0.232086  0.839039  
2.00498  0.884137  0.242493  
2.0263  0.39586  0.810891  
2.01538  0.707847  0.561661  
2.01193  0.127293  1.20939  
1.95338  1.27795  0.0896103  
2.00879  0.694511  0.780445  
1.97879  1.07362  0.450548  
2.0037  0.381344  1.23337  
1.94035  1.34639  0.290073  
1.99622  0.619252  1.13675  
1.97071  1.06456  0.74417  
1.97391  0.217577  1.66991  
1.88045  1.65793  0.216338  
1.97263  0.839141  1.20336  
1.92833  1.34704  0.729398  
1.95505  0.375952  1.81014  
1.87211  1.67113  0.503918  
1.94992  0.682478  1.66633  
1.92025  1.27162  1.12789  
1.89874  0.123751  2.3363  
1.72527  2.23478  0.084679  
1.9017  1.2827  1.36223  
1.81103  1.89324  0.716703  
1.89728  0.68973  2.13978  
1.71774  2.24482  0.409153  
1.8787  1.09284  1.90897  
1.80635  1.80942  1.17784  
1.82878  0.381275  2.74753  
1.60098  2.57142  0.263679  
1.82316  1.41606  1.92201  
1.71303  2.16283  1.08185  
1.7905  0.635704  2.87206  
1.59706  2.54922  0.687054  
1.77831  1.127  2.6008  
1.70466  2.01676  1.6796  
1.67537  0.221455  3.53674  
1.38773  3.02193  0.19616  
1.6869  1.84067  2.21115  
1.52672  2.64672  1.14639  
1.66009  0.897439  3.37456  
1.38041  3.00846  0.664018  
1.63256  1.49537  3.00956  
1.51623  2.4963  1.83514  
1.51661  0.392951  4.09682  
1.21939  3.28419  0.447182  
1.53053  1.91395  2.95776  
1.366  2.87123  1.63264  
1.44643  0.732608  4.2215  
1.20622  3.24792  1.02895  
1.43197  1.4289  3.86225  
1.33743  2.6443  2.48707  
1.24884  0.126027  4.85125  
0.908994  3.66222  0.0784426  
1.25787  2.67674  2.76014  
1.03974  3.43625  1.22627  
1.24135  1.43887  4.39581  
0.879861  3.67059  0.604504  
1.17391  2.22222  3.79362  
1.00464  3.29818  2.0647  
1.04892  0.726716  5.14795  
0.717367  3.81596  0.334818  
1.00871  2.67904  3.53946  
0.820857  3.57125  1.70944  
0.930164  1.17117  5.16854  
0.672445  3.80254  0.960811  
0.877458  2.05023  4.61462  
0.756373  3.34938  2.69879  
0.71551  0.375986  5.68691  
0.475266  3.95709  0.208825  
0.684195  3.04173  3.54881  
0.529519  3.79807  1.57394  
0.620412  1.47689  5.38766  
0.413049  3.9503  0.815479  
0.547798  2.39186  4.67926  
0.444325  3.59752  2.55691  
0.426355  0.598567  5.88508  
0.283195  4.01148  0.49782  
0.377483  2.83115  4.24899  
0.286456  3.78543  2.07523  
0.288779  1.05462  5.81333  
0.199904  3.9648  1.19676  
0.222124  2.00908  5.25556  
0.170924  3.46316  3.15751  
0.130621  0.193767  6.04124  
0.0820335  4.04898  0.145973  
0.0651507  3.27721  3.59464  
