2.051  0.0509951  
0.0509956  4.051  
2.05099  0.0612515  
2.05093  0.0820822  
2.05082  0.103347  
2.05065  0.125057  
2.05042  0.147224  
2.05011  0.169861  
2.04973  0.192982  
2.04928  0.216599  
2.04874  0.240726  
2.04812  0.265376  
2.0474  0.290565  
2.04659  0.316306  
2.04567  0.342615  
2.04464  0.369507  
2.0435  0.396998  
2.04223  0.425105  
2.04083  0.453843  
2.03928  0.483231  
2.03759  0.513287  
2.03574  0.544023  
2.03373  0.575461  
2.03154  0.607618  
2.02916  0.640513  
2.02657  0.674165  
2.02378  0.708591  
2.02077  0.743811  
2.01751  0.779844  
2.01401  0.816708  
2.01024  0.854423  
2.00618  0.893008  
2.00183  0.93248  
1.99716  0.972862  
1.99215  1.01416  
1.98679  1.05641  
1.98105  1.09961  
1.97491  1.14378  
1.96836  1.18894  
1.96135  1.2351  
1.95388  1.28228  
1.94592  1.33047  
1.93743  1.3797  
1.92839  1.42996  
1.91877  1.48127  
1.90854  1.53362  
1.89766  1.58701  
1.88611  1.64143  
1.87384  1.69687  
1.86084  1.75332  
1.84705  1.81076  
1.83244  1.86917  
1.81699  1.92852  
1.80064  1.98877  
1.78337  2.04988  
1.76513  2.11181  
1.7459  2.17449  
1.72563  2.23787  
1.70429  2.30187  
1.68186  2.36642  
1.65829  2.43142  
1.63356  2.49679  
1.60766  2.56241  
1.58055  2.62818  
1.55221  2.69398  
1.52265  2.75968  
1.49184  2.82515  
1.45978  2.89024  
1.42649  2.9548  
1.39196  3.0187  
1.35622  3.08177  
1.31929  3.14385  
1.2812  3.20479  
1.24199  3.26443  
1.2017  3.32261  
1.1604  3.3792  
1.11813  3.43403  
1.07496  3.48697  
1.03098  3.5379  
0.986248  3.5867  
0.940858  3.63325  
0.894895  3.67747  
0.848446  3.71928  
0.801612  3.7586  
0.754485  3.79538  
0.707158  3.82959  
0.659729  3.86122  
0.612289  3.89024  
0.56493  3.91668  
0.517742  3.94054  
0.470808  3.96188  
0.424211  3.98073  
0.378026  3.99716  
0.332323  4.01123  
0.287169  4.02301  
0.242623  4.03259  
0.198739  4.04007  
0.155564  4.04552  
0.113142  4.04906  
0.0715073  4.05079  
