2.03734  0.0373408  
0.0383466  4.03734  
2.03733  0.047592  
2.03728  0.0684123  
2.03717  0.089666  
2.037  0.111365  
2.03676  0.133521  
2.03646  0.156147  
2.03608  0.179256  
2.03563  0.202861  
2.03509  0.226976  
2.03447  0.251614  
2.03375  0.27679  
2.03294  0.302518  
2.03202  0.328814  
2.031  0.355693  
2.02985  0.383171  
2.02858  0.411263  
2.02718  0.439987  
2.02564  0.46936  
2.02395  0.499401  
2.02211  0.530123  
2.02009  0.561545  
2.0179  0.593687  
2.01552  0.626566  
2.01294  0.660201  
2.01016  0.694611  
2.00714  0.729814  
2.00389  0.765829  
2.00039  0.802676  
1.99662  0.840373  
1.99257  0.87894  
1.98822  0.918393  
1.98355  0.958757  
1.97855  1.00004  
1.9732  1.04226  
1.96746  1.08544  
1.96133  1.1296  
1.95478  1.17474  
1.94779  1.22088  
1.94033  1.26803  
1.93237  1.31621  
1.92389  1.36542  
1.91486  1.41566  
1.90524  1.46694  
1.89502  1.51927  
1.88415  1.57264  
1.87261  1.62704  
1.86036  1.68246  
1.84736  1.73889  
1.83359  1.79631  
1.819  1.8547  
1.80355  1.91403  
1.78722  1.97426  
1.76996  2.03536  
1.75174  2.09726  
1.73253  2.15993  
1.71227  2.2233  
1.69096  2.28728  
1.66854  2.35181  
1.64499  2.4168  
1.62029  2.48216  
1.5944  2.54777  
1.56731  2.61354  
1.539  2.67933  
1.50945  2.74503  
1.47866  2.81049  
1.44663  2.87558  
1.41336  2.94014  
1.37886  3.00405  
1.34314  3.06712  
1.30623  3.12921  
1.26817  3.19016  
1.22898  3.24981  
1.18872  3.30801  
1.14744  3.36461  
1.10519  3.41947  
1.06205  3.47244  
1.01809  3.52339  
0.973379  3.57221  
0.92801  3.6188  
0.882067  3.66305  
0.835637  3.70489  
0.788821  3.74424  
0.741711  3.78106  
0.694401  3.81531  
0.646986  3.84698  
0.59956  3.87604  
0.552215  3.90252  
0.505038  3.92643  
0.458115  3.94781  
0.411527  3.96671  
0.36535  3.98318  
0.319654  3.99729  
0.274506  4.00912  
0.229965  4.01875  
0.186084  4.02626  
0.142913  4.03176  
0.100492  4.03535  
0.0588582  4.03711  
