2.20001  0.200011  
0.117512  4.11751  
2.19999  0.210657  
2.19994  0.23237  
2.19982  0.254521  
2.19963  0.277113  
2.19937  0.300207  
2.19904  0.323776  
2.19863  0.34785  
2.19814  0.372438  
2.19756  0.397556  
2.19688  0.423219  
2.19611  0.449441  
2.19523  0.476238  
2.19423  0.503624  
2.19312  0.531616  
2.19187  0.560229  
2.1905  0.589479  
2.18898  0.619386  
2.18731  0.649963  
2.18547  0.681234  
2.18002  0.712355  
2.17533  0.744338  
2.16891  0.776549  
2.15995  0.808685  
2.14726  0.840267  
2.12917  0.870563  
2.11435  0.902173  
2.11075  0.938696  
2.10692  0.9759  
2.10281  1.01404  
2.09836  1.05308  
2.09364  1.09292  
2.08858  1.13368  
2.08318  1.17534  
2.0774  1.21794  
2.07124  1.26148  
2.06462  1.30597  
2.05761  1.35145  
2.04953  1.39754  
2.04028  1.44415  
2.0286  1.4904  
2.00869  1.53206  
1.98299  1.57022  
1.95321  1.60458  
1.94238  1.65655  
1.93118  1.70853  
1.91931  1.76154  
1.90674  1.81552  
1.89343  1.87043  
1.87938  1.92628  
1.86452  1.98304  
1.84884  2.04068  
1.83228  2.09916  
1.81155  2.15467  
1.78505  2.2048  
1.74662  2.24108  
1.71034  2.28006  
1.68967  2.34042  
1.66798  2.4013  
1.64525  2.46262  
1.62146  2.52429  
1.59657  2.58623  
1.57049  2.64817  
1.54254  2.70886  
1.5099  2.76281  
1.46714  2.79855  
1.42404  2.80865  
1.39935  2.90612  
1.362  2.95422  
1.3232  2.99965  
1.29072  3.06101  
1.25939  3.12738  
1.21887  3.17161  
1.18548  3.23639  
1.15077  3.29978  
1.11476  3.36148  
1.07748  3.42122  
1.03899  3.47875  
0.999365  3.53384  
0.958698  3.58632  
0.917087  3.63601  
0.874643  3.68282  
0.831491  3.72665  
0.787597  3.76661  
0.744122  3.80843  
0.700559  3.84946  
0.656588  3.8873  
0.612327  3.92188  
0.567896  3.95321  
0.523414  3.98131  
0.478997  4.00623  
0.434753  4.02806  
0.390788  4.0469  
0.347194  4.06287  
0.304061  4.0761  
0.261464  4.08673  
0.219568  4.09857  
0.178258  4.10805  
0.13755  4.11497  
