2.09305  0.283708  
2.09254  0.303245  
2.092  0.32317  
2.09139  0.343492  
2.09072  0.364222  
2.08998  0.385371  
2.08916  0.406949  
2.08827  0.428968  
2.0873  0.451439  
2.08624  0.474375  
2.08509  0.497786  
2.08385  0.521686  
2.0825  0.546087  
2.08105  0.571002  
2.07948  0.596444  
2.0778  0.622427  
2.07599  0.648965  
2.07405  0.676072  
2.07197  0.703761  
2.06974  0.732049  
2.06735  0.760949  
2.0648  0.790476  
2.06208  0.820647  
2.05918  0.851475  
2.05608  0.882978  
2.05278  0.91517  
2.04926  0.948068  
2.04552  0.981686  
2.04153  1.01604  
2.0373  1.05115  
2.03279  1.08702  
2.02801  1.12368  
2.02293  1.16114  
2.01754  1.19941  
2.01182  1.2385  
2.00575  1.27844  
1.99931  1.31923  
1.99249  1.36088  
1.98527  1.40341  
1.97762  1.44682  
1.96951  1.49112  
1.96094  1.53633  
1.95187  1.58244  
1.94228  1.62945  
1.93215  1.67738  
1.92144  1.7262  
1.91013  1.77593  
1.8982  1.82656  
1.88561  1.87806  
1.87233  1.93043  
1.85833  1.98365  
1.84359  2.0377  
1.82808  2.09254  
1.81176  2.14814  
1.7946  2.20447  
1.77657  2.26148  
1.75765  2.31913  
1.7378  2.37735  
1.71701  2.43609  
1.69524  2.49527  
1.67247  2.55482  
1.64867  2.61466  
1.62384  2.6747  
1.59795  2.73485  
1.57099  2.795  
1.54296  2.85505  
1.51384  2.91488  
1.48365  2.97438  
1.45237  3.03342  
1.42003  3.09187  
1.38664  3.14962  
1.35222  3.20653  
1.3168  3.26247  
1.2804  3.3173  
1.24308  3.3709  
1.20487  3.42315  
1.16583  3.47392  
1.126  3.5231  
1.08546  3.57058  
1.04426  3.61626  
1.00247  3.66004  
0.960177  3.70185  
0.917443  3.74161  
0.874349  3.77927  
0.830974  3.81477  
0.787397  3.84808  
0.743698  3.87917  
0.699956  3.90803  
0.656249  3.93466  
0.61265  3.95908  
0.569234  3.98129  
0.526069  4.00134  
0.483222  4.01926  
0.440754  4.03511  
0.398724  4.04893  
0.357185  4.06079  
0.316185  4.07077  
0.275769  4.07892  
0.235975  4.08533  
0.196839  4.09009  
