3.11408e+06 19.2018 46.5889 45.4674 -38.5802 -25.1145 -60.1961 18.0262 -31.7394 -95.5481 -80.4345 
800.174 -51.2901 51.6822 8.75528 12.2309 -55.7401 -10.9439 -27.804 33.0322 71.393 -3.8463 
800.067 -51.2933 51.7226 14.1565 12.2309 -55.1805 -11.0598 -27.8069 32.8453 71.395 -3.88046 
800.029 -51.2931 51.7185 9.78683 12.2309 -55.5951 -11.0449 -27.8067 32.8687 71.3957 -3.97525 
800.027 -51.2931 51.7185 12.0828 12.2309 -55.3896 -11.0449 -27.8067 32.8687 71.3956 -3.97525 
800.027 -51.2931 51.7185 12.0828 12.2309 -55.3896 -11.0449 -27.8067 32.8687 71.3957 -3.97525 
800.024 -51.2931 51.7223 12.2432 12.2309 -55.3896 -11.0575 -27.8061 32.8486 71.3953 -4.01848 
800.024 -51.2931 51.7223 12.1854 12.2309 -55.3835 -11.0575 -27.8067 32.8486 71.3957 -4.01848 
800.024 -51.2931 51.7223 12.1784 12.2309 -55.3835 -11.0575 -27.8067 32.8486 71.3957 -4.01831 
800.023 -51.2931 51.7218 12.1784 12.2309 -55.3835 -11.0571 -27.8067 32.8495 71.3957 -4.01831 
800.023 -51.2931 51.7218 12.1784 12.2309 -55.3835 -11.0571 -27.8067 32.8495 71.3957 -4.01829 
800.023 -51.2931 51.7218 12.1784 12.2309 -55.3835 -11.0571 -27.8067 32.8495 71.3957 -4.01829 
800.023 -51.2931 51.7218 12.1784 12.2309 -55.3835 -11.0571 -27.8067 32.8495 71.3957 -4.01829 
800.023 -51.2931 51.7218 12.1784 12.2309 -55.3835 -11.0571 -27.8067 32.8495 71.3957 -4.01829 
800.023 -51.2931 51.7218 12.1784 12.2309 -55.3835 -11.0571 -27.8067 32.8495 71.3957 -4.01829 
800.023 -51.2931 51.7218 12.1784 12.2309 -55.3835 -11.0571 -27.8067 32.8495 71.3957 -4.01829 
800.023 -51.2931 51.7218 12.1784 12.2309 -55.3833 -11.0573 -27.8067 32.8492 71.3957 -4.00911 
800.023 -51.2931 51.7218 12.1784 12.2309 -55.3833 -11.0573 -27.8067 32.8492 71.3957 -4.00911 
800.023 -51.2931 51.7218 12.1784 12.2309 -55.3833 -11.0573 -27.8067 32.8492 71.3957 -4.00911 
800.008 -48.1257 51.7208 12.1784 18.7624 -55.3834 -11.055 -27.8067 32.853 71.3957 -4.00911 
800.008 -48.1257 51.7208 12.1784 18.7624 -55.3834 -11.055 -27.8067 32.853 71.3957 -4.00231 
800.006 -48.1257 51.7209 12.1752 18.7624 -55.3694 -11.0552 -27.8067 32.8526 71.3957 -3.99093 
800.006 -48.1257 51.7216 12.3572 18.7624 -55.3683 -11.0565 -27.8067 32.8504 71.3957 -3.997 
800.005 -48.1257 51.7216 12.3572 18.7624 -55.3683 -11.0565 -27.8067 32.8504 71.3957 -4.01301 
800.005 -48.1257 51.7216 12.5404 18.7624 -55.3527 -11.0565 -27.8067 32.8504 71.3957 -4.01308 
800.005 -48.1257 51.7216 12.5404 18.7624 -55.3527 -11.0565 -27.8067 32.8504 71.3957 -4.01308 
800.005 -48.1257 51.7216 12.5934 18.7624 -55.3527 -11.0565 -27.8067 32.8504 71.3957 -4.01308 
800.005 -48.1257 51.7216 12.5934 18.7624 -55.3453 -11.0565 -27.8067 32.8504 71.3957 -4.0131 
800.005 -48.1257 51.7216 12.5754 18.7624 -55.3413 -11.0565 -27.8067 32.8504 71.3957 -4.0131 
800.005 -48.1257 51.7216 12.5754 18.7624 -55.3442 -11.0565 -27.8067 32.8504 71.3957 -4.0131 
800.005 -48.1257 51.7216 12.5118 18.7624 -55.3512 -11.0565 -27.8067 32.8504 71.3957 -4.0131 
800.005 -48.1257 51.7216 12.5118 18.7624 -55.3512 -11.0565 -27.8067 32.8504 71.3957 -4.01326 
800.005 -48.1257 51.7216 12.5118 18.7624 -55.3497 -11.0565 -27.8067 32.8504 71.3957 -4.01326 
800.005 -48.1257 51.7216 12.5201 18.7624 -55.3483 -11.0565 -27.8067 32.8504 71.3957 -4.01516 
800.005 -48.1257 51.7216 12.5201 18.7624 -55.3483 -11.0565 -27.8067 32.8504 71.3957 -4.01516 
800.005 -48.1257 51.7216 12.5201 18.7624 -55.3483 -11.0565 -27.8067 32.8504 71.3957 -4.01516 
800.005 -48.1257 51.7216 12.5201 18.7624 -55.3483 -11.0565 -27.8067 32.8504 71.3957 -4.01516 
800.005 -48.1257 51.7216 12.4878 18.7624 -55.3496 -11.0565 -27.8067 32.8504 71.3957 -4.01486 
800.005 -48.1257 51.7216 12.4878 18.7624 -55.3496 -11.0565 -27.8067 32.8504 71.3957 -4.01483 
800.005 -48.1257 51.7216 12.4878 18.7624 -55.3496 -11.0565 -27.8067 32.8504 71.3957 -4.01459 
800.005 -48.1257 51.7216 12.4878 18.7624 -55.3506 -11.0565 -27.8067 32.8504 71.3957 -4.01459 
800.005 -48.1258 51.7218 11.972 18.7623 -55.4029 -11.0569 -27.8067 32.8497 71.3957 -4.01276 
800.005 -48.1258 51.7218 11.972 18.7623 -55.4049 -11.0569 -27.8067 32.8497 71.3957 -4.01298 
800.005 -48.1258 51.7218 11.972 18.7623 -55.4049 -11.0569 -27.8067 32.8497 71.3957 -4.01299 
800.005 -48.1258 51.7218 11.972 18.7623 -55.4049 -11.0569 -27.8067 32.8497 71.3957 -4.01334 
800.005 -48.1258 51.7218 11.972 18.7623 -55.4053 -11.0569 -27.8067 32.8497 71.3957 -4.01334 
800.005 -48.1258 51.7218 11.9621 18.7623 -55.406 -11.0569 -27.8067 32.8497 71.3957 -4.01334 
800.005 -48.1258 51.7218 11.9621 18.7623 -55.406 -11.0569 -27.8067 32.8497 71.3957 -4.01334 
800.005 -48.1266 51.7218 11.958 18.7574 -55.4065 -11.0569 -27.8067 32.8497 71.3957 -4.01334 
800.005 -48.1266 51.7217 11.9581 18.7574 -55.4065 -11.0569 -27.8067 32.8498 71.3957 -4.01334 
800.005 -48.1266 51.7217 11.9581 18.7574 -55.4065 -11.0569 -27.8067 32.8498 71.3957 -4.01334 
800.005 -48.1266 51.7217 11.9581 18.7574 -55.4065 -11.0569 -27.8067 32.8498 71.3957 -4.01334 
800.005 -48.1266 51.7217 11.9581 18.7574 -55.4065 -11.0569 -27.8067 32.8498 71.3957 -4.01326 
800.005 -48.1266 51.7217 11.9582 18.7573 -55.4065 -11.0568 -27.8067 32.8499 71.3957 -4.01348 
800.005 -48.1266 51.7217 11.9586 18.7573 -55.4065 -11.0568 -27.8067 32.8499 71.3957 -4.0133 
800.005 -48.1266 51.7217 11.9586 18.7573 -55.4065 -11.0568 -27.8067 32.8499 71.3957 -4.0133 
800.005 -48.1266 51.7217 11.9587 18.7573 -55.4065 -11.0569 -27.8067 32.8499 71.3957 -4.01399 
800.005 -48.1266 51.7217 11.9587 18.7573 -55.4065 -11.0568 -27.8067 32.8499 71.3957 -4.01363 
800.005 -48.1266 51.7217 11.9587 18.7573 -55.4065 -11.0568 -27.8067 32.8499 71.3957 -4.0133 
800.005 -48.1266 51.7217 11.9587 18.7573 -55.4065 -11.0567 -27.8067 32.8501 71.3957 -4.0133 
800.005 -48.1266 51.7217 11.9587 18.7573 -55.4065 -11.0567 -27.8067 32.8501 71.3957 -4.0133 
800.005 -48.1266 51.7217 11.9587 18.7573 -55.4065 -11.0567 -27.8067 32.8501 71.3957 -4.0133 
800.005 -48.1301 51.7219 12.3438 18.7383 -55.3681 -11.0574 -27.8067 32.8491 71.3957 -4.01333 
800.005 -48.1301 51.7218 11.9739 18.7383 -55.4047 -11.0573 -27.8067 32.8492 71.3957 -4.01333 
800.005 -48.1301 51.7218 11.9739 18.7383 -55.4047 -11.0573 -27.8067 32.8492 71.3957 -4.01328 
800.004 -48.1319 51.7217 11.9492 18.7283 -55.4072 -11.0567 -27.8067 32.8501 71.3957 -4.01379 
800.004 -48.1319 51.7217 11.9627 18.7284 -55.4053 -11.0569 -27.8067 32.8499 71.3957 -4.0134 
800.004 -48.1319 51.7217 11.9627 18.7284 -55.4062 -11.0569 -27.8067 32.8499 71.3957 -4.0133 
800.004 -48.1319 51.7217 12.0229 18.7284 -55.3995 -11.0569 -27.8067 32.8498 71.3957 -4.01306 
800.004 -48.1319 51.7217 12.0194 18.7284 -55.4 -11.0568 -27.8067 32.85 71.3957 -4.01328 
800.004 -48.1333 51.7217 11.9571 18.7206 -55.4066 -11.0568 -27.8067 32.85 71.3957 -4.01328 
800.004 -48.1333 51.7217 11.9571 18.7206 -55.4066 -11.0568 -27.8067 32.85 71.3957 -4.0133 
800.004 -48.1333 51.7217 11.9571 18.7206 -55.4066 -11.0568 -27.8067 32.85 71.3957 -4.0133 
800.004 -48.1333 51.7217 11.9563 18.7206 -55.4066 -11.0568 -27.8067 32.85 71.3957 -4.0133 
800.004 -48.1352 51.7217 11.9575 18.7103 -55.4066 -11.0568 -27.8067 32.85 71.3957 -4.01276 
800.004 -48.1352 51.7217 11.9575 18.7103 -55.4066 -11.0568 -27.8067 32.85 71.3957 -4.01329 
800.004 -48.1352 51.7217 11.9566 18.7103 -55.4067 -11.0568 -27.8067 32.85 71.3957 -4.0133 
800.004 -48.1352 51.7217 11.9562 18.7103 -55.4067 -11.0568 -27.8067 32.85 71.3957 -4.01333 
800.004 -48.1352 51.7217 11.9562 18.7103 -55.4067 -11.0568 -27.8067 32.85 71.3957 -4.0133 
800.004 -48.1352 51.7217 11.9562 18.7103 -55.4067 -11.0568 -27.8067 32.85 71.3957 -4.0133 
800.004 -48.1352 51.7217 11.9562 18.7103 -55.4067 -11.0568 -27.8067 32.85 71.3957 -4.01336 
800.004 -48.1352 51.7217 11.9562 18.7103 -55.4067 -11.0568 -27.8067 32.85 71.3957 -4.01329 
800.004 -48.1352 51.7217 11.9562 18.7103 -55.4067 -11.0568 -27.8067 32.85 71.3957 -4.01329 
800.004 -48.1352 51.7217 11.9558 18.7103 -55.4068 -11.0568 -27.8067 32.85 71.3957 -4.01329 
800.004 -48.1352 51.7217 11.9561 18.7103 -55.4067 -11.0568 -27.8067 32.85 71.3957 -4.01329 
800.004 -48.1352 51.7217 11.9561 18.7103 -55.4067 -11.0568 -27.8067 32.85 71.3957 -4.01329 
800.004 -48.1352 51.7217 11.9561 18.7103 -55.4067 -11.0568 -27.8067 32.85 71.3957 -4.01329 
800.004 -48.1352 51.7217 11.9561 18.7103 -55.4067 -11.0568 -27.8067 32.85 71.3957 -4.0133 
800.004 -48.1352 51.7217 11.9561 18.7103 -55.4067 -11.0568 -27.8067 32.85 71.3957 -4.0133 
800.004 -48.1352 51.7217 11.9561 18.7103 -55.4067 -11.0568 -27.8067 32.85 71.3957 -4.0133 
800.004 -48.1352 51.7217 11.9561 18.7103 -55.4067 -11.0568 -27.8067 32.85 71.3957 -4.0133 
800.004 -48.1352 51.7217 11.9561 18.7103 -55.4067 -11.0568 -27.8067 32.85 71.3957 -4.0133 
800.004 -48.1352 51.7217 11.9561 18.7103 -55.4067 -11.0568 -27.8067 32.85 71.3957 -4.0133 
800.004 -48.1352 51.7217 11.9561 18.7103 -55.4067 -11.0568 -27.8067 32.85 71.3957 -4.0133 
800.004 -48.1352 51.7217 11.9561 18.7103 -55.4067 -11.0568 -27.8067 32.85 71.3957 -4.0133 
800.004 -48.1352 51.7217 11.9561 18.7103 -55.4067 -11.0568 -27.8067 32.85 71.3957 -4.0133 
800.004 -48.1352 51.7217 11.9561 18.7103 -55.4067 -11.0568 -27.8067 32.85 71.3957 -4.0133 
800.004 -48.1352 51.7217 11.9561 18.7103 -55.4067 -11.0568 -27.8067 32.85 71.3957 -4.0133 
800.004 -48.1352 51.7217 11.9561 18.7103 -55.4067 -11.0568 -27.8067 32.85 71.3957 -4.0133 
800.004 -48.1352 51.7217 11.9561 18.7103 -55.4067 -11.0568 -27.8067 32.85 71.3957 -4.0133 
800.004 -48.1352 51.7217 11.9561 18.7103 -55.4067 -11.0568 -27.8067 32.85 71.3957 -4.0133 