1.17552e+07 -15.0628 94.3964 -98.092 95.8378 8.01097 7.04089 -71.8873 30.7518 -52.0451 79.1283 
800.485 -48.0106 51.7297 28.5898 20.4752 -52.974 -11.0735 -18.7348 32.8217 59.7457 -10.7656 
800.392 -48.0106 51.7297 27.9975 20.4752 -53.1226 -11.0736 -18.7361 32.8217 59.7452 -6.27421 
800.382 -48.0106 51.7297 27.1334 20.4752 -53.3389 -11.0752 -18.7361 32.8195 59.7453 -6.23213 
800.372 -48.0114 51.7297 25.0935 20.4745 -53.6181 -11.0752 -18.7361 32.8195 59.7453 -6.23213 
800.368 -48.0114 51.7297 24.5843 20.476 -53.7589 -11.0752 -18.7361 32.8195 59.7453 -6.23213 
800.363 -48.0114 51.7218 24.447 20.4761 -53.7801 -11.0588 -18.7361 32.847 59.7453 -6.23213 
800.362 -48.0114 51.722 24.3733 20.4761 -53.8076 -11.0588 -18.7361 32.847 59.7453 -6.23219 
800.353 -48.0108 51.7265 15.8423 19.7179 -54.9754 -11.0645 -18.7361 32.8364 59.7453 -6.27082 
800.342 -48.0109 51.7165 15.8423 19.7179 -54.985 -11.0395 -18.7361 32.8775 59.7453 -3.96461 
800.335 -48.0109 51.7174 15.7784 19.7194 -54.9833 -11.042 -18.7361 32.8734 59.7453 -3.99411 
800.327 -48.0111 51.7236 15.7784 19.7198 -54.9833 -11.0616 -18.7361 32.8421 59.7453 -4.02023 
800.326 -48.0111 51.7212 15.7784 19.7198 -54.9833 -11.0558 -18.7361 32.8517 59.7453 -4.01523 
800.326 -48.0111 51.7212 15.709 19.7195 -54.9833 -11.0558 -18.7361 32.8517 59.7453 -4.01523 
800.326 -48.0111 51.7212 15.709 19.7195 -54.9948 -11.0558 -18.7361 32.8517 59.7453 -4.01523 
800.324 -48.0111 51.7212 15.4763 19.7195 -55.0091 -11.0558 -18.7361 32.8517 59.7453 -4.01523 
800.324 -48.0111 51.7212 15.4763 19.7195 -55.0091 -11.0558 -18.7361 32.8517 59.7453 -4.01523 
800.324 -48.0111 51.7212 15.3332 19.7195 -55.0324 -11.0558 -18.7361 32.8517 59.7453 -4.01523 
800.324 -48.0111 51.7212 15.3299 19.7195 -55.0449 -11.0558 -18.7361 32.8517 59.7453 -4.01523 
800.324 -48.0111 51.7212 14.9192 19.7195 -55.0708 -11.0558 -18.7361 32.8517 59.7453 -4.01523 
800.317 -49.0747 51.7219 17.3333 15.8669 -54.8208 -11.0572 -18.7361 32.8493 59.7453 -4.01724 
800.317 -49.0747 51.7219 17.0533 15.8669 -54.8215 -11.0572 -18.7361 32.8493 59.7453 -4.01724 
800.315 -49.0747 51.722 16.3426 15.8669 -54.9273 -11.0571 -18.7361 32.8493 59.7453 -4.01724 
800.315 -49.0747 51.722 15.404 15.8669 -55.0372 -11.0571 -18.7361 32.8493 59.7453 -4.01724 
800.314 -49.0747 51.7214 14.71 15.8669 -55.0983 -11.0557 -18.7361 32.8516 59.7453 -4.01724 
800.314 -49.0747 51.7214 14.71 15.8669 -55.1094 -11.0557 -18.7361 32.8516 59.7453 -4.01724 
800.314 -48.3883 51.7217 12.6466 17.6665 -55.3391 -11.0565 -18.7361 32.8504 59.7453 -3.99869 
800.313 -48.3883 51.7217 12.6407 17.6665 -55.3391 -11.0565 -18.7361 32.8504 59.7453 -4.02187 
800.313 -48.3883 51.7217 12.6407 17.6665 -55.3373 -11.0565 -18.7361 32.8504 59.7453 -4.02187 
800.313 -48.3883 51.7217 12.5838 17.6665 -55.3373 -11.0565 -18.7361 32.8504 59.7453 -4.02187 
800.313 -48.3883 51.7217 12.5838 17.6665 -55.3373 -11.0565 -18.7361 32.8504 59.7453 -4.02187 
800.313 -48.3883 51.7215 12.154 17.6665 -55.3841 -11.0561 -18.7361 32.8511 59.7453 -4.01272 
800.313 -48.3883 51.7215 12.1546 17.6665 -55.3841 -11.0561 -18.7361 32.851 59.7453 -4.01272 
800.313 -48.3883 51.7215 12.1546 17.6665 -55.3841 -11.0561 -18.7361 32.851 59.7453 -4.01272 
800.313 -48.3883 51.7216 12.158 17.6665 -55.3846 -11.0564 -18.7361 32.8506 59.7453 -4.01343 
800.313 -48.3883 51.7216 12.1671 17.6665 -55.3851 -11.0564 -18.7361 32.8506 59.7453 -4.01343 
800.313 -48.3883 51.7216 12.2154 17.6665 -55.3849 -11.0562 -18.7361 32.8508 59.7453 -4.01343 
800.313 -48.3883 51.7215 12.1086 17.6665 -55.3928 -11.0562 -18.7361 32.8508 59.7453 -4.01319 
800.313 -48.3883 51.7215 12.1086 17.6665 -55.3928 -11.0562 -18.7361 32.8508 59.7453 -4.01319 
800.313 -48.3883 51.7215 12.1086 17.6665 -55.3906 -11.0562 -18.7361 32.8508 59.7453 -4.01319 
800.313 -48.3883 51.7215 12.1086 17.6665 -55.3906 -11.0562 -18.7361 32.8508 59.7453 -4.01319 
800.313 -48.3883 51.7218 12.1086 17.6665 -55.3906 -11.0569 -18.7361 32.8498 59.7453 -4.01319 
800.313 -48.3883 51.7217 12.1086 17.6665 -55.3906 -11.0569 -18.7361 32.8498 59.7453 -4.01333 
800.313 -48.834 51.7218 12.2815 16.4166 -55.3738 -11.0569 -18.7361 32.8498 59.7453 -4.00918 
800.312 -48.834 51.7216 12.2767 16.4166 -55.3738 -11.0567 -18.7361 32.8502 59.7453 -4.01164 
800.312 -48.834 51.7216 12.3031 16.4166 -55.3738 -11.0567 -18.7361 32.8502 59.7453 -4.01319 
800.312 -48.834 51.7218 11.9505 16.4165 -55.4076 -11.0573 -18.7361 32.8492 59.7453 -4.01309 
800.312 -48.834 51.7218 11.9489 16.4165 -55.4076 -11.0573 -18.7361 32.8492 59.7453 -4.01309 
800.312 -48.834 51.7218 11.9493 16.4165 -55.4074 -11.0573 -18.7361 32.8492 59.7453 -4.01309 
800.312 -48.834 51.7217 11.9619 16.4165 -55.4061 -11.0569 -18.7361 32.8498 59.7453 -4.0147 
800.312 -48.834 51.7217 11.9604 16.4165 -55.4063 -11.0569 -18.7361 32.8498 59.7453 -4.01221 
800.312 -48.834 51.7217 11.9604 16.4166 -55.4063 -11.0569 -18.7361 32.8498 59.7453 -4.01221 
800.312 -48.834 51.7217 11.9604 16.4166 -55.4063 -11.0569 -18.7361 32.8498 59.7453 -4.01462 
800.312 -48.834 51.7217 11.9604 16.4166 -55.4063 -11.0569 -18.7361 32.8498 59.7453 -4.01224 
800.312 -48.834 51.7217 11.9604 16.4166 -55.4063 -11.0569 -18.7361 32.8498 59.7453 -4.0133 
800.312 -48.834 51.7217 11.9604 16.4166 -55.4063 -11.0566 -18.7361 32.8502 59.7453 -4.0133 
800.312 -48.834 51.7217 11.9604 16.4166 -55.4063 -11.0566 -18.7361 32.8502 59.7453 -4.0133 
800.312 -48.834 51.7217 11.9604 16.4166 -55.4063 -11.0566 -18.7361 32.8502 59.7453 -4.0133 
800.312 -48.834 51.7217 11.9604 16.4166 -55.4063 -11.0566 -18.7361 32.8502 59.7453 -4.0133 
800.312 -48.834 51.7217 11.9604 16.4166 -55.4063 -11.0566 -18.7361 32.8502 59.7453 -4.0133 
800.312 -48.834 51.7217 11.9604 16.4166 -55.4063 -11.0566 -18.7361 32.8502 59.7453 -4.0133 
800.312 -48.834 51.7217 11.9603 16.4166 -55.4063 -11.0566 -18.7361 32.8502 59.7453 -4.0133 
800.312 -48.834 51.7217 11.9603 16.4166 -55.4063 -11.0566 -18.7361 32.8502 59.7453 -4.0133 
800.312 -48.834 51.7217 11.9603 16.4166 -55.4063 -11.0567 -18.7361 32.8502 59.7453 -4.0133 
800.312 -48.834 51.7217 11.9603 16.4166 -55.4063 -11.0567 -18.7361 32.8502 59.7453 -4.0133 
800.312 -48.834 51.7217 11.9603 16.4166 -55.4063 -11.0567 -18.7361 32.8502 59.7453 -4.0133 
800.312 -48.834 51.7217 11.9603 16.4166 -55.4063 -11.0567 -18.7361 32.8502 59.7453 -4.0133 
800.312 -48.834 51.7217 11.9603 16.4166 -55.4063 -11.0567 -18.7361 32.8501 59.7453 -4.0133 
800.312 -48.834 51.7217 11.9603 16.4166 -55.4063 -11.0567 -18.7361 32.8501 59.7453 -4.0133 
800.312 -48.834 51.7217 11.9603 16.4166 -55.4063 -11.0567 -18.7361 32.8501 59.7453 -4.0133 
800.312 -48.834 51.7217 11.9595 16.4166 -55.4064 -11.0567 -18.7361 32.8501 59.7453 -4.0133 
800.312 -48.834 51.7217 11.9595 16.4166 -55.4064 -11.0567 -18.7361 32.8501 59.7453 -4.0133 
800.312 -48.834 51.7217 11.9595 16.4166 -55.4064 -11.0567 -18.7361 32.8501 59.7453 -4.0133 
800.312 -48.834 51.7217 11.9596 16.4166 -55.4064 -11.0567 -18.7361 32.8501 59.7453 -4.0133 
800.312 -48.834 51.7217 11.9596 16.4166 -55.4064 -11.0567 -18.7361 32.8501 59.7453 -4.0133 
800.312 -48.834 51.7217 11.9596 16.4166 -55.4064 -11.0567 -18.7361 32.8501 59.7453 -4.0133 
800.312 -48.834 51.7217 11.9596 16.4166 -55.4064 -11.0567 -18.7361 32.8501 59.7453 -4.0133 
800.312 -48.834 51.7217 11.9595 16.4166 -55.4064 -11.0567 -18.7361 32.8501 59.7453 -4.0133 
800.312 -48.834 51.7217 11.9595 16.4166 -55.4064 -11.0567 -18.7361 32.8501 59.7453 -4.0133 
800.312 -48.834 51.7217 11.9595 16.4166 -55.4064 -11.0567 -18.7361 32.8501 59.7453 -4.0133 
800.312 -48.834 51.7217 11.9595 16.4166 -55.4064 -11.0567 -18.7361 32.8501 59.7453 -4.0133 
800.312 -48.834 51.7217 11.9595 16.4166 -55.4064 -11.0567 -18.7361 32.8501 59.7453 -4.0133 
800.312 -48.834 51.7217 11.9595 16.4166 -55.4064 -11.0567 -18.7361 32.8501 59.7453 -4.0133 
800.312 -48.834 51.7217 11.9595 16.4166 -55.4064 -11.0567 -18.7361 32.8501 59.7453 -4.0133 
800.312 -48.834 51.7217 11.9595 16.4166 -55.4064 -11.0567 -18.7361 32.8501 59.7453 -4.0133 
800.312 -48.834 51.7217 11.9595 16.4166 -55.4064 -11.0567 -18.7361 32.8501 59.7453 -4.0133 
800.312 -48.834 51.7217 11.9595 16.4166 -55.4064 -11.0567 -18.7361 32.8501 59.7453 -4.0133 
800.312 -48.834 51.7217 11.9595 16.4166 -55.4064 -11.0567 -18.7361 32.8501 59.7453 -4.0133 
800.312 -48.834 51.7217 11.9595 16.4166 -55.4064 -11.0567 -18.7361 32.8501 59.7453 -4.0133 
800.312 -48.834 51.7217 11.9595 16.4166 -55.4064 -11.0567 -18.7361 32.8501 59.7453 -4.0133 
800.312 -48.834 51.7217 11.9595 16.4166 -55.4064 -11.0567 -18.7361 32.8501 59.7453 -4.0133 
800.312 -48.834 51.7217 11.9595 16.4166 -55.4064 -11.0567 -18.7361 32.8501 59.7453 -4.0133 
800.312 -48.834 51.7217 11.9595 16.4166 -55.4064 -11.0567 -18.7361 32.8501 59.7453 -4.0133 
800.312 -48.834 51.7217 11.9595 16.4166 -55.4064 -11.0567 -18.7361 32.8501 59.7453 -4.0133 
800.312 -48.834 51.7217 11.9595 16.4166 -55.4064 -11.0567 -18.7361 32.8501 59.7453 -4.0133 
800.312 -48.834 51.7217 11.9595 16.4166 -55.4064 -11.0567 -18.7361 32.8501 59.7453 -4.0133 
800.312 -48.834 51.7217 11.9595 16.4166 -55.4064 -11.0567 -18.7361 32.8501 59.7453 -4.0133 
800.312 -48.834 51.7217 11.9595 16.4166 -55.4064 -11.0567 -18.7361 32.8501 59.7453 -4.0133 
800.312 -48.834 51.7217 11.9595 16.4166 -55.4064 -11.0567 -18.7361 32.8501 59.7453 -4.0133 
800.312 -48.834 51.7217 11.9595 16.4166 -55.4064 -11.0567 -18.7361 32.8501 59.7453 -4.0133 
800.312 -48.834 51.7217 11.9595 16.4166 -55.4064 -11.0567 -18.7361 32.8501 59.7453 -4.0133 