1.47344e+07 34.6772 90.2564 -90.1341 5.88784 -51.9449 1.80344 94.1153 24.4891 -25.6498 -7.6588 
800.403 -48.0131 51.694 6.94338 19.6815 -55.6102 -10.9606 -37.4074 33.0021 69.958 -1.82259 
800.338 -48.0131 51.7127 8.48177 19.6815 -55.7259 -11.0307 -37.4031 32.8919 69.955 -4.03887 
800.331 -48.0134 51.7127 8.76722 19.6815 -55.7125 -11.0307 -37.4031 32.8919 69.955 -4.03299 
800.331 -48.0134 51.7128 8.76722 19.6815 -55.7135 -11.0307 -37.4031 32.8919 69.955 -4.03299 
800.325 -48.0134 51.723 8.9006 19.6806 -55.7091 -11.0594 -37.4031 32.8456 69.955 -4.02282 
800.325 -48.0134 51.723 8.91519 19.6806 -55.7091 -11.0594 -37.4031 32.8456 69.955 -4.02132 
800.324 -48.0134 51.723 8.91519 19.6806 -55.7027 -11.0594 -37.4031 32.8455 69.955 -4.02082 
800.324 -48.0134 51.7225 8.94917 19.6806 -55.6997 -11.0588 -37.4031 32.8467 69.955 -4.02082 
800.324 -48.0134 51.721 9.62904 19.6806 -55.6519 -11.0552 -37.4031 32.8526 69.955 -4.02082 
800.324 -48.0134 51.721 9.54148 19.6806 -55.6333 -11.0552 -37.4031 32.8526 69.955 -4.02082 
800.323 -48.0134 51.721 10.551 19.6806 -55.5702 -11.0552 -37.4031 32.8526 69.955 -4.02082 
800.323 -48.0134 51.721 10.551 19.6806 -55.5397 -11.0552 -37.4031 32.8526 69.955 -4.02082 
800.323 -48.0134 51.721 10.551 19.6806 -55.5472 -11.0552 -37.4031 32.8526 69.955 -4.02082 
800.323 -48.0134 51.721 10.551 19.6806 -55.5472 -11.0552 -37.4031 32.8526 69.955 -4.02082 
800.323 -48.0134 51.7215 10.5757 19.6806 -55.5472 -11.0561 -37.4031 32.851 69.955 -4.02082 
800.323 -48.0134 51.7215 10.6578 19.6806 -55.544 -11.0561 -37.4031 32.851 69.955 -4.02082 
800.323 -48.0134 51.7215 10.5995 19.6806 -55.544 -11.0561 -37.4031 32.851 69.955 -4.02082 
800.323 -48.0134 51.7215 10.5995 19.6806 -55.544 -11.0561 -37.4031 32.851 69.955 -4.02082 
800.323 -48.0134 51.7215 10.607 19.6806 -55.544 -11.0561 -37.4031 32.851 69.955 -4.02082 
800.323 -48.0134 51.7215 10.607 19.6806 -55.544 -11.0561 -37.4031 32.851 69.955 -4.02082 
800.323 -48.0134 51.7217 10.6381 19.6806 -55.5416 -11.0565 -37.4031 32.8504 69.955 -4.00889 
800.323 -48.0134 51.7216 10.7122 19.6806 -55.5363 -11.0561 -37.4031 32.851 69.955 -4.01027 
800.323 -48.0134 51.7216 10.7122 19.6806 -55.5363 -11.0561 -37.4031 32.851 69.955 -4.01027 
800.323 -48.0134 51.7216 10.7661 19.6806 -55.5254 -11.0561 -37.4031 32.851 69.955 -4.01027 
800.323 -48.0134 51.7216 10.7661 19.6806 -55.5254 -11.0561 -37.4031 32.851 69.955 -4.01387 
800.323 -48.0134 51.7216 10.8213 19.6806 -55.5254 -11.0564 -37.4031 32.8507 69.955 -4.01387 
800.323 -48.0134 51.7216 10.8638 19.6806 -55.5186 -11.0564 -37.4031 32.8507 69.955 -4.01387 
800.323 -48.0134 51.7221 11.1543 19.6806 -55.4868 -11.058 -37.4031 32.8481 69.955 -4.01387 
800.323 -48.0134 51.7217 11.5894 19.6806 -55.4458 -11.0565 -37.4031 32.8505 69.955 -4.01387 
800.323 -48.0134 51.7217 11.5878 19.6806 -55.4458 -11.0565 -37.4031 32.8505 69.955 -4.01387 
800.323 -48.0134 51.7217 11.5878 19.6806 -55.4458 -11.0565 -37.4031 32.8505 69.955 -4.01387 
800.323 -48.0134 51.7217 11.5878 19.6806 -55.4458 -11.0565 -37.4031 32.8505 69.955 -4.01387 
800.323 -48.0134 51.7216 11.6122 19.6806 -55.4425 -11.0563 -37.4031 32.8507 69.955 -4.01323 
800.323 -48.0134 51.7216 11.6268 19.6806 -55.4412 -11.0563 -37.4031 32.8507 69.955 -4.01323 
800.323 -48.0134 51.7217 11.7348 19.6806 -55.4287 -11.0568 -37.4031 32.85 69.955 -4.01323 
800.323 -48.0134 51.7217 11.7359 19.6806 -55.4287 -11.0568 -37.4031 32.85 69.955 -4.01323 
800.312 -48.5608 51.7213 11.3466 17.1324 -55.4648 -11.0554 -18.7361 32.8522 59.745 -4.00476 
800.312 -48.5608 51.7213 11.3466 17.1324 -55.4704 -11.0554 -18.7361 32.8522 59.7453 -4.00476 
800.312 -48.5608 51.7214 11.3466 17.1324 -55.4704 -11.0559 -18.7361 32.8514 59.7453 -4.00842 
800.312 -48.5608 51.7214 11.3466 17.1324 -55.4687 -11.0559 -18.7361 32.8514 59.7453 -4.00842 
800.312 -48.5608 51.7214 11.6554 17.1324 -55.4342 -11.0559 -18.7361 32.8514 59.7453 -4.00842 
800.312 -48.5608 51.7214 11.6554 17.1324 -55.4394 -11.0559 -18.7361 32.8514 59.7453 -4.00852 
800.312 -48.5608 51.7214 11.7044 17.1324 -55.4332 -11.0559 -18.7361 32.8514 59.7453 -4.01247 
800.312 -48.5608 51.7214 11.7044 17.1324 -55.4317 -11.0559 -18.7361 32.8514 59.7453 -4.01247 
800.312 -48.5608 51.7215 11.7344 17.1324 -55.43 -11.0562 -18.7361 32.8509 59.7453 -4.01232 
800.312 -48.5608 51.7215 11.7541 17.1324 -55.4288 -11.0562 -18.7361 32.8509 59.7453 -4.01241 
800.312 -48.5608 51.7217 11.7655 17.1324 -55.4272 -11.0568 -18.7361 32.85 59.7453 -4.01301 
800.312 -48.5608 51.7217 11.7654 17.1324 -55.4271 -11.0568 -18.7361 32.85 59.7453 -4.01301 
800.312 -48.5608 51.7216 11.7767 17.1324 -55.4257 -11.0565 -18.7361 32.8505 59.7453 -4.01354 
800.312 -48.5608 51.7216 11.7767 17.1324 -55.4249 -11.0565 -18.7361 32.8505 59.7453 -4.01332 
800.312 -48.5608 51.7216 11.7923 17.1324 -55.4238 -11.0565 -18.7361 32.8505 59.7453 -4.01331 
800.312 -48.5608 51.7216 12.0694 17.1324 -55.3964 -11.0567 -18.7361 32.8502 59.7453 -4.01303 
800.312 -48.5608 51.7216 12.0606 17.1324 -55.3955 -11.0567 -18.7361 32.8502 59.7453 -4.01326 
800.312 -48.5608 51.7217 11.867 17.1324 -55.4159 -11.0569 -18.7361 32.8498 59.7453 -4.01323 
800.312 -48.5608 51.7216 11.9601 17.1324 -55.406 -11.0566 -37.4031 32.8503 69.955 -4.01288 
800.312 -48.5608 51.7216 11.9601 17.1324 -55.406 -11.0566 -37.4031 32.8503 69.955 -4.01318 
800.312 -48.5608 51.7217 11.9601 17.1324 -55.4063 -11.0567 -37.4031 32.8501 69.955 -4.01335 
800.312 -48.5608 51.7217 11.9601 17.1324 -55.4063 -11.0567 -37.4031 32.8501 69.955 -4.01335 
800.312 -48.5608 51.7217 11.9596 17.1324 -55.4064 -11.0567 -37.4031 32.8501 69.955 -4.0133 
800.312 -48.5608 51.7217 11.9596 17.1324 -55.4064 -11.0567 -37.4031 32.8501 69.955 -4.0133 
800.312 -48.5608 51.7217 11.9596 17.1324 -55.4064 -11.0567 -37.4031 32.8501 69.955 -4.0133 
800.312 -48.5608 51.7217 11.9595 17.1324 -55.4064 -11.0567 -18.7361 32.8501 59.7453 -4.0133 
800.312 -48.5608 51.7217 11.9594 17.1324 -55.4064 -11.0567 -18.7361 32.8501 59.7453 -4.0133 
800.312 -48.5608 51.7217 11.9592 17.1324 -55.4064 -11.0567 -18.7361 32.8501 59.7453 -4.0133 
800.312 -48.5608 51.7217 11.9589 17.1324 -55.4064 -11.0567 -37.4031 32.8501 69.955 -4.0133 
800.312 -48.5608 51.7217 11.9586 17.1324 -55.4065 -11.0567 -18.7361 32.8501 59.7453 -4.01329 
800.312 -48.5608 51.7217 11.9586 17.1324 -55.4065 -11.0567 -18.7361 32.8501 59.7453 -4.0133 
800.312 -48.5608 51.7217 11.9586 17.1324 -55.4065 -11.0567 -37.4031 32.8501 69.955 -4.0133 
800.312 -48.5608 51.7217 11.9586 17.1324 -55.4065 -11.0567 -37.4031 32.8501 69.955 -4.0133 
800.312 -48.5608 51.7217 11.9586 17.1324 -55.4065 -11.0567 -18.7361 32.8501 59.7453 -4.0133 
800.312 -48.5608 51.7217 11.9586 17.1324 -55.4065 -11.0567 -18.7361 32.8501 59.7453 -4.0133 
800.312 -48.5608 51.7217 11.9586 17.1324 -55.4065 -11.0567 -18.7361 32.8501 59.7453 -4.0133 
800.312 -48.5608 51.7217 11.9586 17.1324 -55.4065 -11.0567 -18.7361 32.8501 59.7453 -4.0133 
800.312 -48.5608 51.7217 11.9586 17.1324 -55.4065 -11.0567 -37.4031 32.8501 69.955 -4.0133 
800.312 -48.5608 51.7217 11.9586 17.1324 -55.4065 -11.0567 -18.7361 32.8501 59.7453 -4.0133 
800.312 -48.5608 51.7217 11.9586 17.1324 -55.4065 -11.0567 -18.7361 32.8501 59.7453 -4.0133 
800.312 -48.5608 51.7217 11.9586 17.1324 -55.4065 -11.0567 -18.7361 32.8501 59.7453 -4.0133 
800.312 -48.5608 51.7217 11.9586 17.1324 -55.4065 -11.0567 -37.4031 32.8501 69.955 -4.0133 
800.312 -48.5608 51.7217 11.9586 17.1324 -55.4065 -11.0567 -18.7361 32.8501 59.7453 -4.0133 
800.312 -48.5608 51.7217 11.9586 17.1324 -55.4065 -11.0567 -18.7361 32.8501 59.7453 -4.0133 
800.312 -48.5608 51.7217 11.9586 17.1324 -55.4065 -11.0567 -18.7361 32.8501 59.7453 -4.0133 
800.312 -48.5608 51.7217 11.9586 17.1324 -55.4065 -11.0567 -18.7361 32.8501 59.7453 -4.0133 
800.312 -48.5608 51.7217 11.9586 17.1324 -55.4065 -11.0567 -18.7361 32.8501 59.7453 -4.0133 
800.312 -48.5608 51.7217 11.9586 17.1324 -55.4065 -11.0567 -37.4031 32.8501 69.955 -4.0133 
800.312 -48.5608 51.7217 11.9586 17.1324 -55.4065 -11.0567 -37.4031 32.8501 69.955 -4.0133 
800.312 -48.5608 51.7217 11.9586 17.1324 -55.4065 -11.0567 -37.4031 32.8501 69.955 -4.0133 
800.312 -48.5608 51.7217 11.9586 17.1324 -55.4065 -11.0567 -37.4031 32.8501 69.955 -4.0133 
800.312 -48.5608 51.7217 11.9586 17.1324 -55.4065 -11.0567 -37.4031 32.8501 69.955 -4.0133 
800.312 -48.5608 51.7217 11.9586 17.1324 -55.4065 -11.0567 -37.4031 32.8501 69.955 -4.0133 
800.312 -48.5608 51.7217 11.9586 17.1324 -55.4065 -11.0567 -37.4031 32.8501 69.955 -4.0133 
800.312 -48.5608 51.7217 11.9586 17.1324 -55.4065 -11.0567 -37.4031 32.8501 69.955 -4.0133 
800.312 -48.5608 51.7217 11.9586 17.1324 -55.4065 -11.0567 -37.4031 32.8501 69.955 -4.0133 
800.312 -48.5608 51.7217 11.9586 17.1324 -55.4065 -11.0567 -37.4031 32.8501 69.955 -4.0133 
800.312 -48.5608 51.7217 11.9586 17.1324 -55.4065 -11.0567 -37.4031 32.8501 69.955 -4.0133 
800.312 -48.5608 51.7217 11.9586 17.1324 -55.4065 -11.0567 -37.4031 32.8501 69.955 -4.0133 
800.312 -48.5608 51.7217 11.9586 17.1324 -55.4065 -11.0567 -37.4031 32.8501 69.955 -4.0133 
800.312 -48.5608 51.7217 11.9586 17.1324 -55.4065 -11.0567 -37.4031 32.8501 69.955 -4.0133 
800.312 -48.5608 51.7217 11.9586 17.1324 -55.4065 -11.0567 -37.4031 32.8501 69.955 -4.0133 
800.312 -48.5608 51.7217 11.9586 17.1324 -55.4065 -11.0567 -37.4031 32.8501 69.955 -4.0133 
800.312 -48.5608 51.7217 11.9586 17.1324 -55.4065 -11.0567 -37.4031 32.8501 69.955 -4.0133 