0.249996  0.571421  0.771875  0.777628  0.747468  0.731025  0.710708  0.690832  0.667758  0.639187  0.616423  0.587874  0.552122  0.529079  0.499963  0.478461  0.44098  0.411595  0.377864  0.357115  0.332194  0.292573  0.288387  0.268228  0.249491  0.238629  0.228211  0.228292  0.215533  0.21467  
0.249996  0.571421  0.771875  0.759606  0.747468  0.731025  0.710708  0.690832  0.667758  0.639187  0.616423  0.587874  0.552122  0.529079  0.499963  0.478461  0.44098  0.411595  0.377864  0.357115  0.332194  0.292573  0.288387  0.268228  0.251053  0.238629  0.228211  0.228292  0.215533  0.21467  
0.250003  0.799989  0.880003  0.86619  0.846522  0.823745  0.796269  0.76714  0.735156  0.70071  0.66322  0.623216  0.583109  0.54172  0.499867  0.459523  0.417266  0.376967  0.315913  0.299982  0.264818  0.232765  0.203208  0.175741  0.152603  0.13458  0.119446  0.110911  0.101789  0.0999583  
0.24997  0.307678  0.645813  0.63944  0.633032  0.62372  0.614324  0.603891  0.591012  0.568628  0.562267  0.547546  0.543059  0.515803  0.500211  0.48717  0.468523  0.451404  0.444852  0.422642  0.409474  0.406783  0.38693  0.374998  0.37305  0.360013  0.353592  0.342384  0.347698  0.346606  
0.249999  0.903233  0.92903  0.91609  0.890406  0.865932  0.847473  0.801743  0.764947  0.70849  0.684362  0.638554  0.586285  0.547669  0.49965  0.505082  0.406394  0.362346  0.2877  0.275834  0.235388  0.183774  0.16401  0.134099  0.115749  0.0874784  0.071046  0.0783585  0.0502613  0.0483062  
0.249968  0.444435  0.711511  0.698217  0.692312  0.679267  0.754925  0.648335  0.631331  0.552033  0.590604  0.569595  0.528124  0.523402  0.501441  0.527938  0.453717  0.430656  0.389726  0.388469  0.369602  0.372267  0.335529  0.320147  0.312355  0.29725  0.288654  0.279857  0.278697  0.277844  
0.249985  0.689648  0.827486  0.817314  0.799305  0.777868  0.791093  0.730886  0.702403  0.648413  0.640789  0.607461  0.52627  0.536653  0.500959  0.518104  0.42785  0.39306  0.368535  0.327611  0.297912  0.269244  0.244411  0.220594  0.176365  0.184622  0.172577  0.178914  0.156182  0.154614  
0.249988  0.159994  0.576914  0.537843  0.569415  0.563861  0.647969  0.55442  0.548922  0.540697  0.532169  0.524533  0.497398  0.507518  0.499718  0.468278  0.483703  0.475361  0.42338  0.459624  0.452265  0.390606  0.441705  0.434776  0.42443  0.426773  0.422636  0.474306  0.419531  0.420763  
0.250008  0.952373  0.953256  0.941232  0.911742  0.886066  0.899378  0.819031  0.7794  0.707277  0.694197  0.646588  0.56436  0.550116  0.500283  0.482031  0.401249  0.353955  0.294965  0.262673  0.220204  0.185005  0.145795  0.114  0.119441  0.0644916  0.0477403  0.0294551  0.0255374  0.02409  
0.249996  0.50909  0.742515  0.709962  0.720124  0.705742  0.678301  0.670033  0.649785  0.619778  0.603278  0.578692  0.567474  0.525745  0.499633  0.471552  0.447021  0.421427  0.395858  0.372763  0.349852  0.325906  0.311473  0.293396  0.269309  0.267221  0.258148  0.241154  0.246781  0.246183  
0.250004  0.745768  0.853753  0.854486  0.823027  0.8011  0.766069  0.750056  0.720028  0.689161  0.652159  0.615024  0.580245  0.538415  0.500615  0.462413  0.422847  0.38435  0.344914  0.313415  0.280109  0.228788  0.223291  0.197629  0.168826  0.158286  0.145577  0.127749  0.129082  0.126981  
0.249968  0.235277  0.611572  0.593308  0.601472  0.59561  0.589577  0.579219  0.569627  0.59072  0.54754  0.536008  0.588526  0.512782  0.499625  0.451035  0.475843  0.463894  0.494109  0.441807  0.429907  0.421836  0.412832  0.403719  0.413244  0.393052  0.387372  0.382661  0.383112  0.383077  
0.249995  0.852469  0.905399  0.895425  0.868348  0.84474  0.79547  0.785264  0.749939  0.706987  0.673417  0.631408  0.675526  0.544814  0.499643  0.493667  0.411826  0.369205  0.306797  0.287366  0.249484  0.206317  0.183051  0.153527  0.165122  0.111265  0.0958381  0.0284134  0.0764024  0.074759  
0.249969  0.377343  0.678803  0.66967  0.663154  0.653165  0.661818  0.627083  0.611199  0.636576  0.576628  0.558559  0.599984  0.521177  0.499755  0.474847  0.461002  0.441981  0.454356  0.406703  0.388594  0.357684  0.359278  0.345894  0.355548  0.328221  0.319814  0.336954  0.311846  0.311964  
0.25  0.63158  0.800385  0.780386  0.773236  0.755393  0.691336  0.711059  0.685629  0.647795  0.628597  0.596977  0.560313  0.532209  0.500345  0.468457  0.434602  0.402706  0.386259  0.341931  0.314251  0.322453  0.266425  0.244018  0.236833  0.211157  0.200034  0.147479  0.186255  0.184122  
0.249953  0.0816238  0.539387  0.517717  0.534462  0.533722  0.546578  0.527417  0.524156  0.531481  0.516032  0.511496  0.56144  0.504409  0.499801  0.461088  0.491732  0.488622  0.53467  0.480223  0.475288  0.486266  0.470348  0.466383  0.473339  0.464155  0.460767  0.437825  0.460144  0.460534  
0.250009  0.976401  0.964374  0.960936  0.922676  0.894775  0.859868  0.826583  0.786713  0.734598  0.6994  0.649838  0.575986  0.550156  0.500866  0.475384  0.398644  0.350033  0.321935  0.256137  0.212446  0.164256  0.137591  0.104804  0.103755  0.0532369  0.0367051  0.0154254  0.0139559  0.0116972  
0.249984  0.540535  0.756818  0.728913  0.733677  0.718619  0.706843  0.67966  0.658351  0.635954  0.610355  0.582817  0.554843  0.527483  0.499835  0.458139  0.444136  0.416638  0.39886  0.365024  0.341479  0.280183  0.299577  0.280458  0.240811  0.252699  0.242902  0.274684  0.230939  0.230567  
0.250004  0.7731  0.867666  0.843221  0.834599  0.813324  0.825126  0.759018  0.727145  0.668747  0.657565  0.619113  0.542485  0.54007  0.500433  0.491729  0.419759  0.381603  0.353374  0.307732  0.272785  0.248869  0.213082  0.187301  0.15682  0.146753  0.132478  0.105352  0.114928  0.113621  
0.249988  0.27182  0.630148  0.593497  0.617036  0.609528  0.645864  0.590591  0.580773  0.523945  0.555082  0.541257  0.507762  0.512241  0.499713  0.462811  0.472114  0.458233  0.420127  0.4318  0.418863  0.390696  0.400342  0.389629  0.378546  0.375952  0.370755  0.375755  0.364911  0.364958  
0.250008  0.878045  0.916479  0.89775  0.880507  0.85562  0.83421  0.792965  0.759115  0.707783  0.679127  0.635066  0.587502  0.546785  0.500339  0.481173  0.408829  0.365016  0.309301  0.280509  0.242065  0.195455  0.174138  0.143893  0.109357  0.0990837  0.0821576  0.0854262  0.0630139  0.0608227  
0.249977  0.411193  0.69553  0.687983  0.677747  0.665786  0.607229  0.638552  0.621199  0.613335  0.583483  0.562974  0.575221  0.520991  0.500341  0.435625  0.457736  0.435989  0.438456  0.396756  0.378532  0.413022  0.348462  0.333463  0.352435  0.312413  0.304566  0.223754  0.295963  0.29368  
0.250006  0.660864  0.814022  0.797261  0.786386  0.766559  0.725333  0.722233  0.695335  0.673299  0.634362  0.601946  0.583831  0.534266  0.500406  0.456108  0.431474  0.397867  0.371085  0.334619  0.305393  0.308746  0.255533  0.23227  0.242723  0.19783  0.185765  0.106647  0.171437  0.168787  
0.249951  0.121202  0.557751  0.456072  0.55216  0.54885  0.518845  0.540255  0.53658  0.547509  0.524382  0.518124  0.545337  0.505775  0.500744  0.455611  0.488336  0.481763  0.476233  0.469046  0.464503  0.460684  0.456274  0.449995  0.484724  0.444897  0.441821  0.454881  0.440485  0.439785  
0.250002  0.928002  0.940979  0.959592  0.901126  0.874732  0.854642  0.809613  0.771618  0.734047  0.689299  0.642552  0.603207  0.548602  0.49993  0.458507  0.40377  0.357058  0.33999  0.269599  0.226638  0.191544  0.155541  0.124332  0.117879  0.0758955  0.0598055  0.0918856  0.0378877  0.0361637  
0.249986  0.477045  0.726267  0.71407  0.706029  0.691805  0.685653  0.660165  0.640396  0.634708  0.596749  0.573357  0.571335  0.524499  0.499991  0.457562  0.450983  0.426343  0.400604  0.380871  0.359998  0.342608  0.32396  0.307077  0.309456  0.282594  0.273343  0.219357  0.262979  0.261781  
0.250005  0.717949  0.840656  0.840077  0.811079  0.789891  0.74541  0.740569  0.712093  0.684047  0.646419  0.610714  0.576006  0.536843  0.500461  0.457326  0.425551  0.388828  0.358306  0.320261  0.287873  0.242365  0.23373  0.209827  0.173743  0.170942  0.158802  0.134473  0.143077  0.140971  
0.249955  0.197989  0.593495  0.589452  0.585797  0.580611  0.619859  0.567268  0.558762  0.594273  0.540164  0.530805  0.550248  0.511854  0.500046  0.474053  0.479282  0.469728  0.520295  0.450917  0.44148  0.446295  0.426132  0.419042  0.410219  0.410252  0.405138  0.385714  0.401727  0.401365  
0.249999  0.82645  0.893489  0.875669  0.857259  0.835144  0.839826  0.776622  0.7421  0.67766  0.668194  0.627306  0.590125  0.543269  0.499947  0.511454  0.414248  0.374031  0.334316  0.294708  0.257473  0.237634  0.192962  0.16525  0.154967  0.122714  0.107608  0.0556843  0.0885882  0.08751  
0.249988  0.342853  0.663763  0.631678  0.647877  0.638306  0.658766  0.614524  0.601559  0.546873  0.569627  0.552532  0.519486  0.516439  0.499778  0.474717  0.464694  0.447276  0.40025  0.414248  0.398206  0.35862  0.373565  0.360716  0.349697  0.343536  0.336975  0.352902  0.329278  0.329402  
0.249999  0.601765  0.78664  0.796046  0.760505  0.743161  0.722733  0.700729  0.676727  0.636732  0.622736  0.591753  0.5485  0.529658  0.500094  0.458113  0.437843  0.407171  0.385455  0.349321  0.322605  0.277626  0.277524  0.256447  0.240258  0.224501  0.214105  0.207972  0.200651  0.19957  
0.249947  0.0412327  0.519876  0.504954  0.517115  0.517527  0.549349  0.51325  0.512342  0.500296  0.508461  0.505671  0.5225  0.501272  0.499731  0.463721  0.495907  0.493495  0.533525  0.490416  0.486496  0.504232  0.485033  0.483151  0.464927  0.482287  0.479751  0.449882  0.47991  0.480192  
0.25001  0.98824  0.968464  0.947797  0.928581  0.898976  0.882192  0.829679  0.790532  0.730528  0.701903  0.65258  0.591724  0.55244  0.500601  0.480921  0.397185  0.347468  0.295926  0.253072  0.209958  0.111319  0.133032  0.0993629  0.051374  0.0474727  0.0301489  0.0361019  0.00770088  0.00517266  
0.24999  0.556042  0.764475  0.745661  0.740756  0.724373  0.783625  0.686217  0.663733  0.633825  0.613226  0.58584  0.567606  0.529233  0.499545  0.474448  0.44231  0.414669  0.373125  0.3614  0.33679  0.25272  0.29329  0.274237  0.264963  0.245877  0.235318  0.255209  0.222377  0.222296  
0.249999  0.786605  0.873668  0.858105  0.840161  0.818014  0.814089  0.763493  0.730952  0.682348  0.659892  0.62209  0.63077  0.541339  0.499824  0.502941  0.418532  0.378721  0.298335  0.303891  0.269076  0.221917  0.207625  0.18057  0.172572  0.14114  0.126424  0.109742  0.108304  0.107026  
0.249973  0.28985  0.637735  0.619944  0.62512  0.617569  0.598443  0.597702  0.58628  0.594581  0.558777  0.545486  0.577235  0.515236  0.500084  0.472242  0.469808  0.455637  0.488317  0.428387  0.414561  0.41096  0.392058  0.381914  0.370472  0.368038  0.361727  0.326353  0.356521  0.355299  
0.249994  0.890676  0.923453  0.919359  0.885829  0.859998  0.863748  0.797739  0.760888  0.701957  0.682049  0.637762  0.551325  0.547265  0.5006  0.501515  0.407173  0.362319  0.332118  0.278361  0.238539  0.212198  0.169049  0.139224  0.101821  0.0926895  0.0770368  0.0999574  0.0560317  0.0541336  
0.249972  0.427896  0.703053  0.697669  0.685446  0.672906  0.639109  0.643862  0.626076  0.597742  0.586964  0.566581  0.531298  0.522693  0.500407  0.501353  0.455092  0.434216  0.430212  0.392318  0.374848  0.399139  0.341333  0.326867  0.305795  0.305204  0.297072  0.207261  0.288067  0.285829  
0.250003  0.675327  0.821282  0.80047  0.792371  0.773179  0.731454  0.725543  0.69921  0.661892  0.636929  0.604852  0.613813  0.535052  0.499206  0.482593  0.429348  0.396631  0.351902  0.331278  0.300133  0.276224  0.249381  0.226076  0.19224  0.191763  0.179322  0.136636  0.164284  0.162985  
0.249967  0.140697  0.567761  0.549623  0.560614  0.555935  0.600051  0.547809  0.542646  0.56786  0.528532  0.520929  0.562686  0.506451  0.499391  0.451552  0.485918  0.478797  0.471268  0.464763  0.458406  0.417529  0.448478  0.442366  0.448504  0.435903  0.43198  0.43401  0.429659  0.430503  
0.24999  0.940253  0.946099  0.939889  0.907893  0.879851  0.871113  0.814464  0.775314  0.726975  0.692385  0.645804  0.556507  0.550279  0.500677  0.527851  0.401811  0.354725  0.342912  0.265623  0.224887  0.192983  0.150537  0.119157  0.0721533  0.0700012  0.0534394  0.0530079  0.0314154  0.0287879  
0.249991  0.493148  0.734877  0.723041  0.713774  0.697818  0.782438  0.665501  0.644876  0.585319  0.60012  0.577526  0.508648  0.526368  0.500111  0.511467  0.44853  0.423379  0.392536  0.376528  0.355187  0.268239  0.316743  0.299977  0.25691  0.274462  0.265643  0.334345  0.253156  0.254006  
0.249994  0.731915  0.848286  0.841004  0.816716  0.796163  0.784477  0.74453  0.715066  0.68552  0.649442  0.611588  0.562704  0.538192  0.500429  0.450074  0.423908  0.388286  0.388763  0.317226  0.283624  0.263541  0.228393  0.203777  0.187494  0.164901  0.152055  0.152493  0.13543  0.134439  
0.249973  0.216747  0.603734  0.587031  0.593803  0.585851  0.631078  0.572742  0.564645  0.49987  0.543425  0.534705  0.489917  0.510708  0.500943  0.490445  0.477051  0.465862  0.413056  0.444852  0.435608  0.421725  0.420641  0.412181  0.383295  0.40111  0.397553  0.389887  0.392206  0.392362  
0.249997  0.839497  0.898923  0.889629  0.863289  0.839278  0.833288  0.780663  0.746621  0.708306  0.671297  0.628756  0.59934  0.543906  0.500645  0.461522  0.412771  0.371149  0.342364  0.290797  0.2527  0.219885  0.188296  0.15991  0.148578  0.115978  0.10115  0.0987286  0.0817686  0.0802596  
0.249974  0.36018  0.671708  0.649498  0.655552  0.645526  0.68697  0.620496  0.607458  0.546673  0.573217  0.557093  0.525273  0.519587  0.501552  0.526446  0.462514  0.445202  0.403585  0.409701  0.394815  0.386438  0.366362  0.354314  0.334258  0.335925  0.32853  0.30935  0.321293  0.320416  
0.249999  0.616738  0.793637  0.774614  0.766922  0.748947  0.815632  0.707093  0.681482  0.658884  0.625502  0.595426  0.560686  0.532206  0.499709  0.488722  0.436222  0.405191  0.342093  0.346128  0.319158  0.243434  0.27075  0.249609  0.251555  0.21816  0.206585  0.233035  0.191869  0.191948  
0.249951  0.0615276  0.529241  0.514855  0.525994  0.52509  0.529099  0.520736  0.518849  0.536412  0.512118  0.508885  0.573245  0.503194  0.499737  0.445643  0.49378  0.490767  0.535875  0.484928  0.48106  0.487664  0.477626  0.47433  0.477134  0.472731  0.470064  0.455274  0.470097  0.470197  
0.249994  0.964452  0.957797  0.940561  0.918667  0.889872  0.873726  0.822949  0.782861  0.738097  0.697435  0.649447  0.546463  0.551056  0.501145  0.53629  0.399248  0.351213  0.333885  0.258892  0.217792  0.179339  0.141562  0.109393  0.065091  0.0586719  0.0418892  0.0147778  0.0194495  0.0165547  
0.24998  0.524884  0.748853  0.731326  0.727287  0.712033  0.705645  0.675208  0.654691  0.63347  0.607011  0.580732  0.582484  0.527817  0.500169  0.463282  0.445483  0.419118  0.4159  0.369  0.345509  0.299492  0.305329  0.286846  0.264254  0.260102  0.250107  0.245688  0.238899  0.237685  
0.249999  0.759494  0.860551  0.852253  0.828413  0.806692  0.798989  0.754951  0.723156  0.678224  0.654362  0.617993  0.629338  0.539686  0.500057  0.504386  0.421322  0.382413  0.304148  0.310607  0.276721  0.219929  0.217666  0.191514  0.182342  0.152994  0.13949  0.118161  0.12195  0.120538  
0.249968  0.253634  0.620653  0.615797  0.610051  0.602975  0.589861  0.585085  0.573748  0.571754  0.551212  0.539337  0.526573  0.513768  0.499773  0.45075  0.473309  0.459938  0.446434  0.435932  0.424638  0.413188  0.406615  0.396661  0.388565  0.384638  0.379117  0.378582  0.373399  0.373417  
0.250001  0.865297  0.912506  0.899501  0.874539  0.850166  0.858997  0.7895  0.75401  0.688061  0.676763  0.633363  0.536098  0.545027  0.500991  0.498164  0.409973  0.366401  0.312297  0.284367  0.245094  0.217769  0.178585  0.149527  0.124426  0.104048  0.0890841  0.108677  0.068682  0.0672461  
0.249978  0.394365  0.688644  0.675647  0.67034  0.660314  0.636092  0.632273  0.615709  0.617631  0.579945  0.560471  0.557468  0.521434  0.499813  0.473388  0.45894  0.439592  0.403554  0.401608  0.383321  0.369346  0.353455  0.33985  0.338867  0.320746  0.312593  0.320207  0.304101  0.303581  
0.249997  0.646277  0.807177  0.789232  0.779619  0.76118  0.769659  0.716961  0.690189  0.683589  0.631564  0.599903  0.568643  0.533761  0.500496  0.49183  0.433307  0.400163  0.353837  0.338455  0.310245  0.280921  0.260249  0.23759  0.237439  0.204667  0.192642  0.187469  0.177881  0.176988  
0.24997  0.101517  0.549221  0.508293  0.543073  0.541165  0.604068  0.533849  0.530326  0.500209  0.520187  0.515179  0.51975  0.504408  0.49936  0.471571  0.489839  0.483649  0.468152  0.475021  0.469223  0.448356  0.463116  0.457662  0.469448  0.454592  0.451261  0.476996  0.449296  0.450455  
0.250001  0.915713  0.934846  0.9241  0.896602  0.870503  0.835819  0.806788  0.768774  0.739508  0.686775  0.64208  0.58323  0.548998  0.500605  0.51608  0.404919  0.35888  0.306753  0.271724  0.231625  0.194149  0.159316  0.128368  0.122221  0.0814931  0.0649162  0.0560655  0.0437215  0.0418959  
0.249975  0.460839  0.718623  0.708406  0.699029  0.685908  0.700685  0.65414  0.636293  0.613007  0.594107  0.572143  0.55176  0.524489  0.501096  0.485615  0.452634  0.430869  0.418637  0.385022  0.366086  0.342811  0.328703  0.313613  0.291614  0.289215  0.280895  0.263466  0.27133  0.269627  
0.250001  0.703855  0.834358  0.823436  0.804518  0.784274  0.757671  0.735976  0.707285  0.667996  0.64288  0.609375  0.62086  0.536543  0.499748  0.494212  0.42673  0.391368  0.330931  0.324301  0.292249  0.247082  0.238544  0.215911  0.192176  0.178305  0.165938  0.131608  0.14994  0.148517  
0.249975  0.179085  0.585623  0.562445  0.577013  0.571171  0.610341  0.560241  0.553298  0.545155  0.536194  0.527954  0.517113  0.507487  0.500163  0.4776  0.481749  0.471758  0.452121  0.454339  0.446798  0.442747  0.43476  0.427752  0.410168  0.418217  0.41473  0.408184  0.410993  0.410894  
0.250001  0.813285  0.885869  0.876565  0.8517  0.828249  0.823394  0.773018  0.738933  0.689617  0.665289  0.626578  0.594098  0.542543  0.500165  0.51011  0.415754  0.373845  0.280948  0.297393  0.261259  0.198101  0.197617  0.169581  0.162884  0.128532  0.114037  0.0912786  0.0951194  0.0934478  
0.249978  0.325354  0.655325  0.623478  0.640712  0.631963  0.622604  0.608346  0.594618  0.580483  0.56595  0.550031  0.525286  0.516756  0.499542  0.454185  0.466211  0.449389  0.428624  0.418373  0.404459  0.396376  0.380049  0.367744  0.359361  0.351805  0.344981  0.353708  0.337692  0.337888  
0.250003  0.586656  0.778968  0.759144  0.754332  0.736845  0.713377  0.697552  0.673505  0.639935  0.619147  0.590848  0.577044  0.531009  0.500426  0.467037  0.43917  0.409031  0.373908  0.353181  0.326939  0.33016  0.282949  0.262388  0.281615  0.231962  0.220724  0.152904  0.208088  0.20589  
0.24995  0.0207206  0.510256  0.507544  0.509098  0.508365  0.56296  0.50715  0.506058  0.498467  0.50502  0.504462  0.441157  0.499718  0.499458  0.473306  0.497915  0.493968  0.472821  0.494699  0.492409  0.471451  0.492059  0.491927  0.425695  0.49096  0.489125  0.501036  0.488621  0.489114  
0.200296  0.999975  0.999396  0.994564  0.991606  0.981646  0.9428  0.933378  0.891971  0.863607  0.830395  0.79202  0.742002  0.696809  0.643763  0.595673  0.52388  0.491071  0.43451  0.378475  0.34755  0.277571  0.237776  0.185928  0.161042  0.137591  0.0706189  0.0694003  0.0361583  0.0132417  
0.249977  0.56375  0.769146  0.774793  0.743774  0.72954  0.699267  0.689386  0.665491  0.649816  0.61502  0.587076  0.538146  0.528839  0.499774  0.485054  0.441974  0.413723  0.423627  0.359443  0.334607  0.341067  0.29089  0.271913  0.267975  0.242498  0.232034  0.202626  0.219591  0.218359  
0.237287  0.791176  0.872681  0.86801  0.84503  0.8347  0.796242  0.779026  0.755787  0.721038  0.682183  0.661609  0.608774  0.572292  0.526604  0.488795  0.45395  0.41007  0.360016  0.32754  0.287089  0.261783  0.248568  0.206686  0.176456  0.161412  0.137206  0.104992  0.124085  0.119767  
0.249962  0.298779  0.642516  0.632328  0.628663  0.62014  0.624475  0.599996  0.588633  0.574973  0.560721  0.546116  0.538082  0.514585  0.50072  0.481047  0.469182  0.45391  0.437368  0.424696  0.412551  0.412578  0.389836  0.378811  0.367649  0.364025  0.358026  0.336347  0.35185  0.351229  
0.193943  0.893357  0.959412  0.932934  0.933505  0.934631  0.930918  0.895763  0.863267  0.834224  0.812668  0.792128  0.728631  0.704973  0.658567  0.615328  0.573846  0.529865  0.475033  0.42399  0.396453  0.359472  0.305168  0.254656  0.207867  0.184843  0.14243  0.115405  0.112922  0.0926805  
0.249973  0.436192  0.707776  0.707005  0.688309  0.676742  0.686312  0.645903  0.628986  0.603098  0.589102  0.568258  0.567163  0.523076  0.500975  0.491215  0.455167  0.433781  0.428995  0.391247  0.37252  0.362632  0.337776  0.323495  0.314665  0.300917  0.292095  0.262735  0.283414  0.282213  
0.237278  0.67947  0.819875  0.818874  0.797041  0.790285  0.75214  0.741723  0.722463  0.689561  0.659415  0.644599  0.58642  0.566927  0.526495  0.485389  0.465113  0.426868  0.382931  0.35507  0.319408  0.27819  0.281405  0.251478  0.216011  0.212434  0.190093  0.1949  0.179295  0.175585  
0.249956  0.150362  0.572406  0.556094  0.564555  0.560711  0.600562  0.550634  0.544972  0.508245  0.530291  0.52392  0.524507  0.508071  0.50076  0.502906  0.484574  0.476238  0.443015  0.46182  0.455643  0.455405  0.444668  0.439046  0.445432  0.432287  0.427944  0.42886  0.425151  0.425437  
0.153876  0.947573  0.942194  0.946649  0.976707  0.974803  0.999739  0.949859  0.926884  0.92867  0.895277  0.86349  0.849513  0.792865  0.766628  0.719313  0.688126  0.645831  0.590652  0.534717  0.503053  0.413881  0.388521  0.331699  0.289921  0.259742  0.197271  0.175902  0.144992  0.113591  
0.249991  0.501117  0.739165  0.726658  0.717009  0.702311  0.712588  0.66828  0.647344  0.614312  0.601933  0.577849  0.525232  0.525825  0.500089  0.495114  0.448059  0.42252  0.401493  0.374507  0.352293  0.289408  0.314083  0.296742  0.269205  0.271016  0.262063  0.27831  0.250321  0.249979  
0.18188  0.722507  0.835004  0.842633  0.838492  0.835125  0.823398  0.824399  0.801845  0.780197  0.751523  0.739703  0.706289  0.676756  0.655644  0.624771  0.550725  0.547571  0.498217  0.454047  0.42262  0.396271  0.366778  0.325435  0.329684  0.25749  0.238254  0.193352  0.188558  0.191217  
0.249965  0.226014  0.607208  0.600347  0.598224  0.591059  0.601563  0.57706  0.567556  0.565263  0.545652  0.535762  0.488695  0.512495  0.500075  0.50685  0.476186  0.465192  0.455527  0.442856  0.434104  0.443875  0.416277  0.408327  0.392983  0.397588  0.392229  0.281867  0.388037  0.386874  
0.143201  0.829302  0.888549  0.89697  0.908357  0.920325  0.916783  0.909837  0.891759  0.885106  0.865618  0.843732  0.816041  0.790545  0.764974  0.723014  0.688698  0.652197  0.616879  0.561547  0.515217  0.48538  0.4412  0.395914  0.345011  0.309316  0.267511  0.2392  0.208692  0.18195  
0.249975  0.3688  0.6755  0.656373  0.659942  0.649064  0.650242  0.622839  0.608896  0.595817  0.575332  0.556368  0.548051  0.519458  0.500131  0.455784  0.461635  0.443455  0.476172  0.407557  0.391026  0.345145  0.363562  0.350427  0.317415  0.331344  0.324119  0.339204  0.3165  0.31595  
0.183393  0.601943  0.788077  0.809167  0.779481  0.799571  0.778745  0.764313  0.756735  0.732154  0.71688  0.715831  0.666972  0.657925  0.623687  0.570043  0.534057  0.528199  0.503747  0.455933  0.430872  0.406212  0.38993  0.344652  0.35449  0.281519  0.271401  0.243863  0.24484  0.221388  
0.249953  0.0715931  0.535048  0.512958  0.529746  0.529111  0.523717  0.524162  0.522245  0.546126  0.514097  0.510389  0.56921  0.50265  0.500053  0.447512  0.493178  0.489326  0.478754  0.481794  0.478549  0.488874  0.474047  0.470374  0.486089  0.46824  0.465424  0.44444  0.465315  0.46546  
0.0998693  0.97479  0.887098  0.916017  0.963769  0.975125  0.999771  0.97156  0.968584  0.98564  0.966547  0.944391  0.957136  0.896154  0.894696  0.850322  0.840073  0.823246  0.730726  0.696813  0.662538  0.582005  0.546096  0.483361  0.431706  0.385992  0.324778  0.278922  0.256431  0.215644  
0.18975  0.512766  0.747722  0.763058  0.739465  0.755584  0.758969  0.729161  0.719175  0.694529  0.688139  0.682456  0.636378  0.637374  0.610484  0.574905  0.52553  0.526025  0.513028  0.465652  0.447315  0.411821  0.406269  0.367283  0.357317  0.31081  0.307386  0.285569  0.280353  0.258584  
0.118103  0.741664  0.811675  0.843353  0.846795  0.857776  0.874791  0.888092  0.851134  0.873416  0.850052  0.815667  0.814416  0.799038  0.790497  0.765806  0.700096  0.67939  0.65918  0.594311  0.538465  0.504599  0.474038  0.472452  0.427333  0.396944  0.345446  0.313196  0.263514  0.24178  
0.249959  0.262749  0.625618  0.624823  0.61351  0.606285  0.584796  0.588888  0.577757  0.573262  0.553538  0.541161  0.540988  0.51271  0.500351  0.499089  0.472777  0.458988  0.46389  0.434265  0.423159  0.41943  0.402704  0.393593  0.364141  0.380591  0.374778  0.344735  0.369425  0.368169  
0.0924597  0.852824  0.817687  0.861007  0.883209  0.906019  0.902649  0.92391  0.92025  0.935988  0.918568  0.895335  0.903451  0.876116  0.871382  0.8307  0.80355  0.774528  0.758724  0.699104  0.633982  0.611288  0.577233  0.537172  0.482155  0.433789  0.392592  0.362994  0.304463  0.27122  
0.188336  0.382059  0.6808  0.701427  0.687188  0.680817  0.655346  0.669805  0.666394  0.664129  0.654652  0.628602  0.604745  0.5842  0.582362  0.56454  0.521534  0.511833  0.50526  0.468417  0.44496  0.447407  0.427134  0.393065  0.386652  0.370991  0.340962  0.313834  0.351785  0.320083  
0.0997299  0.611671  0.732828  0.776747  0.764811  0.804063  0.802925  0.812558  0.81066  0.812792  0.812294  0.794572  0.762755  0.787396  0.777753  0.763886  0.676834  0.687762  0.669504  0.616137  0.58705  0.58836  0.550628  0.509737  0.495893  0.433703  0.412637  0.354802  0.349968  0.305269  
0.249943  0.11138  0.553113  0.543421  0.548  0.545374  0.528573  0.537261  0.534595  0.541694  0.523215  0.51673  0.575203  0.504682  0.500008  0.456948  0.488946  0.482026  0.471204  0.471445  0.467233  0.486932  0.458905  0.453781  0.462118  0.448903  0.445747  0.406117  0.443294  0.443838  
0.0654562  0.910862  0.790138  0.845691  0.87674  0.90618  0.902665  0.934761  0.9411  0.964473  0.954203  0.935786  0.957263  0.927761  0.935416  0.896204  0.879523  0.863236  0.828761  0.780152  0.713724  0.69535  0.65602  0.613002  0.553048  0.496914  0.456345  0.414504  0.360183  0.322247  
0.126701  0.424923  0.674669  0.71828  0.694833  0.692874  0.730714  0.700357  0.710113  0.705438  0.724638  0.692342  0.668707  0.648356  0.66404  0.652575  0.585511  0.585998  0.567771  0.540691  0.516199  0.519563  0.508606  0.454679  0.44327  0.43184  0.373175  0.392496  0.408671  0.347743  
0.0699706  0.671015  0.708387  0.752782  0.766156  0.796256  0.806742  0.837911  0.829571  0.834382  0.848516  0.811521  0.840349  0.823868  0.834846  0.801015  0.750662  0.749459  0.727628  0.675734  0.630163  0.609305  0.603485  0.582354  0.550656  0.515555  0.473383  0.421873  0.390536  0.346331  
0.24994  0.184671  0.585406  0.58177  0.5803  0.573281  0.567129  0.561683  0.554385  0.551973  0.538401  0.528792  0.531023  0.510056  0.499507  0.486913  0.4811  0.469623  0.460013  0.453615  0.447364  0.431636  0.432405  0.425207  0.410688  0.416023  0.411803  0.412715  0.408093  0.406556  
0.0492117  0.789607  0.721464  0.766538  0.786273  0.813198  0.826316  0.853071  0.846989  0.881663  0.890407  0.868149  0.882678  0.876714  0.864072  0.859606  0.835054  0.805986  0.799135  0.762108  0.71387  0.688736  0.664473  0.619894  0.569305  0.53759  0.495339  0.463878  0.423792  0.379487  
0.123474  0.284146  0.607959  0.638531  0.631094  0.622591  0.662776  0.650766  0.654069  0.646395  0.657466  0.642314  0.629894  0.580512  0.624313  0.598131  0.531627  0.536265  0.551391  0.548549  0.480954  0.507991  0.495603  0.458442  0.46391  0.430502  0.41932  0.429078  0.464652  0.38158  
0.0451056  0.534825  0.632354  0.692833  0.664143  0.704595  0.713584  0.744961  0.736813  0.73598  0.76381  0.751432  0.744612  0.764621  0.75578  0.758369  0.707888  0.700803  0.703107  0.663823  0.639868  0.628368  0.621522  0.579873  0.56037  0.523149  0.501408  0.491037  0.481074  0.415528  
0.24996  0.030984  0.515052  0.501903  0.512558  0.512616  0.542406  0.510839  0.510805  0.517543  0.506184  0.505787  0.519721  0.50078  0.500453  0.461163  0.497636  0.496267  0.479045  0.492122  0.492186  0.46582  0.488421  0.487655  0.470962  0.486096  0.48432  0.483586  0.485142  0.484778  
0.0214525  0.991228  0.718018  0.752148  0.813565  0.837591  0.877393  0.931701  0.923068  0.952907  0.981202  0.971336  0.998306  0.994617  0.978064  0.99  0.988924  0.963178  0.921967  0.941056  0.896105  0.81887  0.81241  0.757392  0.682522  0.650361  0.607369  0.533687  0.496657  0.450831  
0.0192128  0.479692  0.591166  0.620467  0.631851  0.663505  0.655154  0.718584  0.713926  0.733329  0.744227  0.732258  0.762173  0.740398  0.745281  0.727163  0.693991  0.695993  0.718673  0.669724  0.650771  0.666853  0.643293  0.59628  0.579758  0.548787  0.521173  0.515537  0.523979  0.455187  
0.00596372  0.72639  0.625241  0.672068  0.689336  0.720378  0.749983  0.782231  0.793777  0.827338  0.845401  0.840962  0.861905  0.877311  0.856761  0.888512  0.866558  0.837443  0.839546  0.825113  0.793759  0.766185  0.751713  0.702617  0.656456  0.641391  0.598086  0.564762  0.543121  0.487755  
0.249938  0.0211783  0.511163  0.508872  0.508117  0.50939  0.495803  0.507528  0.506308  0.496741  0.504133  0.503042  0.5132  0.501045  0.500606  0.494698  0.498512  0.496514  0.491199  0.493887  0.493608  0.506099  0.492744  0.49137  0.488486  0.491753  0.489827  0.482724  0.490215  0.489934  
