0.702225  1.4074  2.1068  2.81351  1.17095e-06  12  1.10559e-07  6.12253e-07  18  20  1.16526e-05  24  26  1.49322e-06  30  6.39202e-06  2.01625e-05  1.59374e-05  5.09684e-06  3.74676e-06  1.6056e-05  44  2.62109e-07  0.00010899  
0.704263  1.41757  2.079  2.79198  3.50732e-07  12  4.17824e-07  2.6457e-07  18  20  3.75838e-07  24  26  1.1161e-06  30  1.46897e-06  4.7351e-07  4.62665e-06  1.89342e-06  3.14659e-06  5.73453e-06  44  4.85433e-07  1.71702e-05  
0.705197  1.44168  2.08234  2.83211  9.91195e-07  12  6.05329e-07  4.82937e-07  18  20  5.62587e-07  24  26  7.31545e-07  30  3.8826e-06  9.40454e-07  1.19481e-05  5.39941e-06  3.56597e-06  1.07129e-05  44  2.30237e-07  2.63236e-05  
0.696511  1.41873  2.04206  2.77023  9.24954e-08  12  1.98959e-07  1.34493e-07  18  20  7.35442e-11  24  26  2.086e-07  30  1.21601e-07  2.71667e-08  1.27402e-07  3.59195e-07  3.52716e-06  2.91972e-08  44  5.64177e-07  2.29043e-06  
0.688609  1.44247  2.07741  2.7427  1.27177e-08  12  2.91977e-07  4.46647e-08  18  20  4.03945e-11  24  26  2.15254e-08  30  3.97334e-09  1.28725e-09  1.26796e-07  1.17799e-07  4.98e-06  2.56972e-08  44  7.70737e-07  1.96775e-06  
0.707332  1.32172  2.09157  2.85547  5.72494e-09  12  2.91514e-07  5.42041e-08  18  20  1.26073e-07  24  26  1.06828e-06  30  2.52567e-08  1.42051e-08  1.2647e-07  3.05792e-07  2.58436e-06  1.56992e-09  44  6.22191e-07  1.18058e-05  
0.711501  1.33784  2.11686  2.9632  4.17817e-07  12  3.27869e-07  3.77549e-08  18  20  6.30323e-08  24  26  6.17091e-07  30  1.35453e-06  9.98939e-09  3.8587e-06  2.93805e-06  2.03312e-06  7.81687e-07  44  4.41904e-07  1.67597e-05  
0.697026  1.3848  2.04114  2.62076  2.83647e-07  12  5.0778e-07  4.91385e-07  18  20  1.56112e-06  24  26  3.13162e-06  30  1.58341e-06  2.95872e-06  2.21954e-06  8.48794e-07  4.26007e-06  1.08445e-06  44  5.28962e-07  1.75806e-05  
0.706858  1.48329  2.01755  3.01478  4.75308e-07  12  5.84135e-07  1.95056e-07  18  20  3.88899e-12  24  26  6.68857e-09  30  1.62196e-06  1.69476e-07  6.06755e-06  2.70491e-06  5.09565e-06  5.08949e-06  44  6.46456e-07  6.93965e-07  
0.668698  1.36004  2.20208  2.69939  6.60149e-08  12  2.10126e-08  1.82154e-07  18  20  5.93353e-06  24  26  3.37719e-06  30  6.46631e-07  6.04076e-07  6.65916e-08  2.25178e-07  3.33467e-06  5.85313e-07  44  4.78799e-07  2.88711e-05  
0.693191  1.35781  2.07384  2.5212  1.04825e-07  12  2.86649e-07  4.58935e-07  18  20  2.00588e-06  24  26  3.96004e-06  30  9.72855e-07  2.41092e-06  1.15632e-06  1.44211e-07  3.99456e-06  8.71724e-08  44  5.8555e-07  1.49565e-05  
0.665522  1.4958  2.3307  2.89564  5.44525e-07  12  2.45695e-08  7.53915e-10  18  20  1.16492e-05  24  26  3.21533e-07  30  3.07226e-06  6.71967e-06  8.63997e-06  5.25503e-06  2.72016e-06  1.0019e-05  44  6.7645e-08  6.19742e-05  
0.655711  1.42609  2.23221  3.17623  3.12009e-07  12  1.00577e-07  2.7249e-09  18  20  8.52688e-06  24  26  3.09083e-07  30  2.15208e-06  5.76019e-06  5.91163e-06  4.00067e-06  3.47131e-06  7.10506e-06  44  2.02284e-07  5.0658e-05  
0.705437  1.37235  2.00973  2.43211  1.2423e-07  12  4.19467e-07  5.97325e-07  18  20  4.20583e-08  24  26  4.25146e-06  30  1.13597e-06  3.31434e-06  1.70118e-06  1.03728e-07  4.3245e-06  7.86937e-09  44  6.38926e-07  4.51137e-06  
0.743776  1.45573  1.86096  3.02605  4.90886e-07  12  2.52014e-06  1.45999e-06  18  20  4.22231e-07  24  26  6.50998e-06  30  1.41338e-06  3.82826e-06  6.41197e-06  4.58236e-07  2.72519e-06  7.88264e-07  44  7.65995e-07  1.34494e-05  
0.760117  1.47462  1.85275  2.99103  5.08553e-07  12  1.84496e-06  1.19864e-06  18  20  9.33112e-07  24  26  4.38695e-06  30  1.69508e-06  2.86236e-06  5.41318e-06  9.38944e-07  2.72412e-06  1.15242e-06  44  5.84781e-07  2.9364e-05  
0.774145  1.44758  2.21925  3.52667  3.12579e-07  12  1.39281e-06  6.80277e-07  18  20  3.4359e-07  24  26  5.77499e-06  30  1.4244e-06  2.17136e-06  7.02882e-07  1.66012e-07  3.49384e-09  7.69917e-08  44  6.59485e-07  2.50869e-05  
0.635076  1.49421  2.41956  3.07939  3.53005e-07  12  5.72856e-08  5.73271e-09  18  20  1.16986e-05  24  26  7.77626e-07  30  2.55459e-06  1.5373e-06  7.02731e-06  4.26697e-06  2.75019e-06  7.75866e-06  44  5.73e-08  6.00546e-05  
0.702077  1.58911  2.56769  3.25451  5.01538e-07  12  7.91894e-10  1.60972e-08  18  20  6.04999e-06  24  26  8.45843e-07  30  2.25858e-06  2.10894e-06  1.09479e-06  2.20604e-06  2.76602e-07  2.76123e-06  44  2.24549e-07  6.68317e-06  
0.729254  1.60759  2.48923  3.31032  8.63722e-07  12  1.30597e-08  8.23386e-07  18  20  6.60248e-06  24  26  2.31935e-06  30  2.72825e-06  1.73339e-05  1.88612e-06  2.59436e-06  1.00803e-06  3.45695e-06  44  3.71697e-07  5.37865e-05  
0.80415  1.48944  1.71443  2.91594  5.97991e-07  12  3.05474e-06  1.92727e-06  18  20  2.85853e-07  24  26  7.4874e-06  30  1.32574e-06  1.89639e-06  5.66335e-06  5.4356e-07  2.35106e-06  6.66447e-07  44  8.66636e-07  1.07597e-05  
0.758284  1.36228  1.56847  2.88443  3.41866e-07  12  3.3372e-06  2.95402e-06  18  19.9998  1.17857e-06  24  26  6.61555e-06  30  2.6334e-07  5.62968e-06  3.57359e-06  3.19259e-07  5.00756e-06  1.25863e-07  44  8.28495e-07  7.19423e-06  
0.796486  1.43483  1.57781  2.92236  8.98032e-07  12  2.687e-06  2.56467e-06  18  19.9999  1.57222e-06  24  26  6.20741e-06  30  1.92941e-06  1.47243e-05  7.16536e-06  8.72668e-07  1.64914e-06  2.64187e-06  44  6.88493e-07  5.84032e-05  
0.798789  1.58427  2.45584  3.53396  8.43509e-07  12  6.80823e-07  1.16066e-06  18  20  9.24957e-07  24  26  4.81804e-06  30  2.16315e-06  1.76509e-05  1.5929e-06  5.43881e-07  2.76763e-07  3.13047e-06  44  6.7279e-07  3.63026e-05  
0.739704  1.68515  2.52175  3.58944  1.00186e-06  12  8.09565e-07  7.22578e-07  18  20  7.04324e-06  24  26  1.79069e-06  30  3.11595e-06  1.77346e-05  4.80252e-06  2.98836e-06  2.98519e-07  4.94879e-06  44  3.18142e-07  7.24605e-05  
0.787026  2.08102  2.41816  2.76512  1.71621e-06  12  5.80392e-07  3.95569e-06  18  19.9999  2.56331e-05  24  26  3.57252e-05  30  3.07635e-06  1.87691e-05  1.37706e-05  3.6472e-06  7.0452e-06  2.62681e-06  44  1.5448e-06  0.000104351  
0.795614  1.30268  1.64238  3.24117  5.22523e-07  12  2.89645e-06  2.39753e-06  18  19.9999  8.95412e-07  24  26  6.10732e-06  30  1.73607e-07  5.44908e-06  2.94445e-06  4.7689e-07  4.87918e-06  2.92307e-07  44  7.70715e-07  1.49091e-07  
0.78007  1.24212  1.5417  2.71812  7.84683e-07  12  1.9756e-06  2.78627e-06  18  19.9998  1.40429e-06  24  26  4.70918e-06  30  4.93904e-07  2.37381e-05  3.63083e-06  1.7324e-07  4.34411e-07  2.98047e-06  44  8.29616e-07  6.98841e-05  
0.826083  1.17011  1.81255  3.28481  3.72443e-07  12  3.3024e-06  1.36545e-06  18  20  5.73589e-08  24  26  6.19692e-06  30  5.32731e-08  5.70933e-07  7.57362e-07  1.69919e-06  7.10218e-06  2.44668e-07  44  7.62709e-07  4.83413e-05  
0.683574  1.63281  1.40854  2.5934  8.256e-08  12  2.70627e-06  6.08078e-06  18  19.9998  8.86108e-06  24  26  1.82898e-06  30  2.30234e-07  5.51303e-06  1.46659e-06  2.82555e-06  1.4083e-05  5.01479e-06  44  1.21845e-06  5.2004e-07  
0.62224  1.13858  2.32738  3.75145  5.43759e-07  12  1.0528e-06  2.03427e-07  18  20  6.26575e-06  24  26  2.31498e-06  30  2.09249e-06  2.58023e-06  9.49536e-06  2.85429e-06  3.24077e-06  4.02874e-06  44  2.99182e-07  5.99382e-05  
0.923502  1.77522  2.76238  3.19275  1.24116e-06  12  6.96031e-10  1.13813e-08  18  20  4.08976e-06  24  26  1.67416e-08  30  8.35804e-07  8.95981e-07  7.89505e-07  3.72865e-07  1.84435e-07  2.42194e-06  44  1.29678e-07  7.13231e-05  
0.944502  1.80092  2.2648  3.85286  5.54737e-07  12  2.74767e-06  1.08986e-07  18  19.9999  3.45819e-06  24  26  2.40728e-07  30  1.43775e-06  1.95046e-05  9.06423e-07  1.96672e-06  7.14881e-07  2.65195e-06  44  3.95335e-07  1.24157e-05  
0.870943  1.79263  1.69455  2.40893  8.34895e-08  12  4.11984e-07  4.67644e-07  18  20  2.98343e-06  24  26  4.9332e-08  30  2.63826e-08  6.90392e-06  6.16149e-07  1.45341e-07  2.73469e-06  1.44296e-06  44  5.75537e-07  8.6532e-06  
0.878149  1.77008  2.84555  3.67967  4.91416e-07  12  1.74093e-06  9.75609e-07  18  19.9999  8.79282e-07  24  26  1.47111e-06  30  9.79642e-07  9.54704e-06  1.49061e-06  8.754e-07  5.48705e-07  8.68867e-07  44  3.03802e-07  1.13797e-05  
0.822522  1.61625  1.75987  1.87685  2.70415e-07  12  1.58945e-06  2.13001e-06  18  19.9999  6.49686e-06  24  26  2.22396e-05  30  2.53515e-06  8.06125e-06  5.08378e-05  4.56345e-06  8.0655e-06  1.11245e-05  44  1.04304e-06  8.23759e-06  
0.408824  1.42751  2.79175  2.53906  8.54776e-07  12  1.94581e-08  3.52311e-07  18  20  6.24949e-06  24  26  5.43831e-07  30  4.60756e-06  7.5175e-06  2.37535e-06  7.12858e-06  1.60571e-06  8.9694e-06  44  4.50423e-08  6.52508e-05  
0.511789  1.53701  2.68484  2.08789  1.06322e-07  12  8.35416e-12  9.6655e-06  18  19.9999  3.95262e-06  24  26  1.79567e-05  30  5.03559e-06  1.87268e-06  4.81961e-06  9.46148e-06  2.23387e-05  2.4832e-05  44  6.85178e-07  7.82723e-06  
0.980795  1.70617  1.69959  2.15299  1.04995e-07  12  8.66029e-07  2.78659e-06  18  19.9999  5.66174e-06  24  26  1.96185e-06  30  8.77245e-10  4.17189e-08  3.17643e-07  2.57063e-08  5.53801e-06  1.55676e-10  44  1.05832e-06  8.16596e-06  
0.907737  2.06747  2.05224  1.82966  4.23756e-08  12  1.83102e-06  1.435e-06  18  19.9999  7.14168e-06  24  26  1.42201e-06  30  1.41809e-06  1.03532e-06  1.48088e-06  1.8593e-06  5.51783e-06  5.22576e-06  44  6.75878e-07  2.41337e-05  
0.75201  2.23874  2.25912  1.64622  1.90089e-08  12  2.14565e-08  3.2098e-10  18  20  1.17894e-05  24  26  1.19422e-07  30  2.83557e-06  2.02993e-06  2.59788e-06  3.7171e-06  1.92432e-06  1.04514e-05  44  4.80514e-08  4.20922e-05  
1.14876  1.74167  2.68394  3.94486  1.00467e-06  12  4.87305e-06  2.48721e-06  18  19.9999  2.35417e-07  24  26  4.75599e-06  30  5.21778e-07  2.13297e-05  2.23699e-06  9.30713e-07  4.98283e-06  1.38196e-06  44  9.99041e-07  1.37304e-06  
0.390551  2.21032  2.27619  2.5699  2.93028e-06  12  1.03038e-06  6.62652e-06  18  20  5.05035e-05  24  26  1.92186e-05  29.9999  5.14159e-06  5.49229e-05  2.55145e-05  2.40567e-06  1.23862e-05  1.04022e-05  44  2.46754e-06  0.000238015  
0.509924  1.08456  3.02845  3.73433  1.0998e-06  12  3.85353e-09  1.62992e-10  18  20  1.32694e-05  24  26  1.5455e-08  30  3.36076e-06  6.41491e-06  7.16619e-06  5.31296e-06  1.87228e-07  1.02256e-05  44  2.54196e-08  7.56888e-05  
0.964888  2.11313  3.21585  3.7504  1.0607e-06  12  3.14027e-06  2.92953e-07  18  20  3.62299e-06  24  26  1.49821e-06  30  3.2376e-06  3.00291e-05  1.79724e-06  1.2836e-06  1.19839e-06  9.14851e-06  44  2.82938e-07  1.09339e-05  
1.14563  2.1799  3.02926  3.32575  8.43241e-07  12  3.21518e-06  1.01036e-06  18  20  9.21083e-07  24  26  1.50793e-06  30  1.80789e-06  1.95298e-05  1.74914e-06  1.63452e-06  3.44122e-06  4.10565e-06  44  6.08819e-07  4.03016e-06  
0.409074  2.17082  2.81072  3.44833  3.18103e-08  12  1.56834e-06  2.33511e-07  18  20  9.18538e-06  24  26  1.34154e-06  30  5.40633e-06  1.93712e-05  8.14941e-07  9.59314e-06  7.26405e-07  2.19756e-05  44  1.28791e-07  6.26516e-06  
0.221947  1.6291  2.59172  3.62431  9.35596e-07  12  9.42047e-08  4.53991e-11  18  20  1.33016e-05  24  26  4.20856e-07  30  5.71945e-06  4.20378e-05  5.56286e-07  8.80029e-06  1.40022e-07  2.01716e-05  44  1.81421e-10  3.379e-05  
0.181592  1.58616  2.71702  3.44029  5.13596e-08  12  1.36705e-10  8.71157e-08  18  20  1.40086e-05  24  26  6.00164e-07  30  5.46791e-06  7.56408e-06  1.863e-06  1.16078e-05  2.20825e-07  2.25142e-05  44  3.13515e-11  3.86426e-05  
0.267892  2.10647  2.61554  3.37917  5.25805e-07  12  1.55915e-06  1.1388e-07  18  20  1.35083e-05  24  26  3.64926e-07  30  6.97883e-06  1.78761e-05  2.58927e-06  1.32386e-05  3.62284e-06  2.63958e-05  44  1.15025e-07  3.89839e-05  
0.757687  2.17532  2.09673  1.81646  5.34819e-07  12  4.45508e-07  1.01861e-06  18  19.9999  1.22162e-05  24  26  3.0168e-07  30  3.22822e-06  2.1271e-05  3.35284e-06  3.6312e-06  2.07681e-08  1.17969e-05  44  6.77624e-08  7.79763e-05  
1.09711  2.48647  2.67985  1.84338  1.40853e-08  12  2.95163e-09  3.37218e-06  18  20  6.28109e-06  24  26  4.27948e-08  30  4.52947e-07  4.01179e-06  2.29139e-06  5.92956e-06  3.34533e-06  1.40352e-05  44  5.60622e-07  4.86803e-06  
0.249536  0.881125  2.11772  4.03382  1.6292e-06  12  1.66486e-06  2.08985e-06  18  20  8.43372e-06  24  26  3.26148e-06  30  7.97099e-06  0.000114642  1.4145e-05  7.54416e-06  3.45102e-06  1.20568e-05  44  5.49864e-07  0.000100881  
1.0116  2.93396  2.47335  1.75569  2.46403e-06  12  1.33193e-06  7.47857e-06  18  20  9.77902e-06  24  26  7.5453e-05  30  4.80731e-06  2.73749e-05  2.73757e-05  4.73554e-06  1.83939e-05  4.24215e-06  44  2.27823e-06  3.09029e-05  
1.63712  2.47077  2.17672  2.26761  6.72199e-07  12  4.29749e-06  3.83032e-06  18  19.9999  1.35064e-06  24  26  5.62085e-06  30  3.57921e-07  4.42711e-06  1.43791e-06  6.1642e-07  7.48512e-06  8.25431e-07  44  1.52419e-06  5.12106e-06  
0.112089  1.49718  3.15168  4.04641  8.6051e-07  12  2.5443e-11  7.9753e-06  18  20  7.16519e-06  24  26  3.32622e-05  30  7.25961e-06  4.51933e-06  4.13637e-06  1.67273e-05  1.78273e-05  3.37629e-05  44  1.31171e-06  5.55934e-06  
0.313384  0.874542  2.1045  4.05873  6.28504e-09  12  1.3769e-06  2.16389e-07  18  20  2.81723e-06  24  25.9999  4.14052e-06  30  4.82908e-06  1.85362e-05  1.7341e-05  3.35263e-06  2.34047e-07  4.21779e-06  44  2.6649e-07  2.29168e-05  
1.46548  2.26223  2.29208  1.37089  3.07342e-06  12  3.28623e-06  5.19276e-06  18  19.9998  0.000112125  24  26  5.85816e-05  29.9999  1.14555e-06  2.9771e-06  0.000186945  6.0871e-07  1.89892e-05  1.1693e-06  44  5.98848e-06  0.000751928  
0.978299  2.57461  2.08952  0.39694  5.01537e-07  12  1.60869e-06  1.31179e-06  18  19.9999  1.21229e-05  24  26  1.89024e-07  30  1.05391e-06  9.16949e-06  3.86692e-06  1.24767e-06  3.47385e-06  8.34935e-06  44  3.85898e-07  8.02161e-05  
1.21108  2.69657  1.48882  1.69222  5.04014e-09  12  2.21013e-06  2.80017e-06  18  20  2.46409e-06  24  26  1.18273e-06  30  1.4807e-07  5.00799e-07  2.81295e-06  5.27812e-07  5.31159e-06  9.6898e-07  44  3.05229e-07  4.30474e-06  
1.35043  2.20365  0.677912  2.40258  8.07657e-07  12  3.26568e-06  2.80145e-06  18  19.9999  8.42387e-07  24  26  0.000174682  29.9999  1.77829e-06  8.1169e-06  5.33056e-05  1.72859e-07  3.30592e-05  1.52839e-05  44  7.56071e-07  1.2193e-07  
0.792232  2.76009  2.79533  0.263015  3.48477e-07  12  7.80198e-07  5.66963e-07  18  19.9999  1.77631e-05  24  26  1.65614e-07  30  6.91723e-07  9.69578e-06  3.17293e-06  1.78507e-06  2.07161e-06  4.88207e-06  44  2.00812e-07  0.000120263  
1.25766  2.11322  0.856313  1.5781  1.35825e-06  12  2.65997e-06  2.17716e-06  18  19.9999  4.05708e-06  24  25.9999  0.000174315  29.9998  2.56243e-06  1.34559e-05  5.92886e-05  2.61981e-07  3.2079e-05  2.00139e-05  44  8.21744e-07  4.8399e-05  
1.1523  3.02897  1.75018  0.995299  2.44711e-06  12  1.75602e-06  9.41762e-06  18  20  1.63672e-05  24  26  0.000140822  30  4.7681e-06  3.34054e-05  4.95764e-05  4.23641e-06  2.66202e-05  6.5318e-06  44  2.415e-06  7.27303e-05  
1.51824  1.91904  0.0428284  2.71305  4.55752e-07  12  5.10454e-06  2.96098e-07  18  19.9997  9.90339e-06  24  25.9995  0.000102205  29.9997  6.9029e-06  5.69843e-06  6.63687e-05  5.80885e-10  7.67517e-06  1.37225e-07  44  8.94629e-07  6.32398e-07  
1.1351  2.75304  1.78909  0.302633  2.77406e-06  12  2.25592e-07  1.52009e-05  18  20  6.74692e-06  24  26  0.000132912  29.9999  7.94211e-06  3.61644e-05  9.63488e-05  4.27836e-06  3.04953e-05  7.73758e-06  44  2.20284e-06  0.000156723  
1.53874  3.23299  1.77934  1.54244  2.25754e-06  12  3.69285e-06  4.48905e-06  18  20  5.84916e-05  24  25.9999  0.000140357  29.9999  1.23682e-07  9.08091e-09  4.99954e-05  2.73418e-07  1.75576e-05  1.82355e-07  44  3.26796e-06  0.000129885  
1.50433  2.68113  1.85714  0.610877  2.91145e-06  12  1.63333e-08  1.60557e-05  18  20  3.9251e-05  24  26  0.000124538  29.9998  6.4717e-06  5.52713e-06  0.00014354  3.57315e-07  2.53078e-05  2.59392e-06  44  2.84364e-06  0.000297871  
0.287978  0.579296  3.17102  6.01022  3.54687e-08  12  2.58657e-06  2.14861e-11  18  19.9998  5.02541e-06  24  25.9998  1.70734e-08  29.9999  7.35317e-06  5.07456e-05  2.40951e-05  6.71951e-06  5.4154e-10  8.24101e-06  44  3.09467e-11  2.03078e-05  
1.20986  2.41266  0.603673  1.03195  2.59928e-06  12  1.7416e-06  8.74417e-07  18  20  1.33793e-05  24  26  1.45832e-05  29.9999  4.4237e-06  3.51133e-05  1.1521e-05  3.92092e-06  2.15552e-05  1.20871e-05  44  1.61609e-06  2.09885e-05  
0.146694  0.48016  3.22745  5.13421  3.03873e-07  12  4.94847e-07  3.56179e-07  18  20  8.26932e-08  24  26  1.74111e-06  30  3.35821e-06  2.68414e-05  3.08535e-07  3.22856e-06  1.08848e-09  1.55782e-08  44  3.76345e-07  1.02506e-06  
1.29771  2.94675  1.35983  0.449843  2.7297e-06  12  1.18335e-06  1.09374e-05  18  20  6.3731e-05  24  26  9.10497e-05  29.9998  7.46944e-06  3.58117e-05  0.000104886  6.05395e-07  2.98245e-05  2.34886e-07  44  2.57186e-06  0.000288017  
0.00235881  0.382975  2.5375  5.25418  1.35569e-07  12  9.81625e-07  1.01946e-06  18  20  2.46857e-07  24  26  2.15424e-07  30  6.45701e-06  0.000176723  5.7589e-07  1.2053e-05  4.08692e-06  2.24955e-05  44  1.88184e-09  3.39981e-07  
0.0955316  0.268807  2.70842  5.61767  8.15443e-08  12  1.46975e-06  9.24186e-08  18  19.9999  3.20594e-07  24  26  1.89699e-07  30  5.64591e-06  5.74569e-05  6.15681e-06  6.29796e-06  2.62086e-06  9.59244e-06  44  1.8979e-07  1.64476e-07  
0.0838581  0.143861  2.75779  5.32641  1.5447e-08  12  1.21214e-06  4.02377e-07  18  19.9999  2.11295e-08  24  26  1.80359e-06  30  2.91298e-06  3.15496e-05  3.26255e-06  1.55245e-06  1.28059e-06  8.70421e-09  44  4.71206e-07  7.81862e-07  
0.00408012  0.247966  2.71402  5.50748  7.69936e-07  12  2.01716e-06  1.00389e-07  18  20  3.4313e-06  24  26  2.32132e-07  30  4.60403e-06  0.000180776  1.91581e-06  1.22051e-05  5.33441e-07  2.19516e-05  44  8.02642e-09  6.69918e-07  
0.0124501  0.0705371  2.50399  5.52129  1.19114e-06  12  1.37855e-06  1.22959e-07  18  20  1.26788e-05  24  26  6.67735e-07  30  9.44767e-06  0.000181567  1.37666e-05  1.20834e-05  9.94063e-07  2.09348e-05  44  3.42237e-08  3.83977e-05  
1.8778  2.71703  1.05198  0.805742  5.69829e-06  12  2.12019e-06  1.48883e-05  18  19.9999  5.74764e-05  24  26  0.000209209  29.9994  2.94821e-06  1.57782e-05  0.000218045  5.18782e-07  3.33679e-05  5.24174e-06  44  4.504e-06  0.000341338  
1.83603  2.75348  1.3458  0.183059  2.17787e-06  12  2.32681e-08  6.18e-06  18  20  9.74331e-06  24  25.9998  9.53338e-05  29.9999  8.49139e-06  1.0405e-05  0.000195351  6.00147e-07  1.6942e-05  3.12673e-06  44  3.96691e-07  0.00014213  
1.86817  2.70064  1.05074  0.407809  3.37057e-06  12  2.79681e-08  1.29173e-05  18  20  3.82384e-05  24  25.9999  0.000255392  29.9997  4.70729e-06  3.22945e-06  0.000333985  6.75708e-07  2.94264e-05  9.02709e-06  44  2.68121e-06  0.000106597  
1.39783  3.93462  0.186471  1.69413  2.76838e-06  12  2.591e-06  1.40415e-05  18  19.9999  6.85311e-07  24  25.9999  0.000174708  29.9997  5.51884e-07  7.90538e-06  4.6994e-05  7.17587e-09  6.01228e-05  5.89445e-06  44  3.2822e-06  0.000120506  
1.81707  2.84087  0.940522  0.232468  2.759e-06  12  4.4767e-08  1.25513e-05  18  20  3.4218e-05  24  25.9997  0.000140684  29.9998  5.11177e-06  7.37626e-06  0.0001734  6.89954e-07  3.0854e-05  1.06371e-05  44  3.18482e-06  0.000212392  
1.80171  3.22834  0.962387  0.405222  7.83421e-07  12  1.70517e-06  6.17835e-06  18  20  2.14942e-06  24  25.9999  1.93428e-05  29.9999  1.02621e-06  7.48047e-06  3.74731e-06  2.8728e-07  7.38986e-06  2.10678e-06  44  2.19957e-06  7.54268e-05  
1.80814  3.12841  0.790912  0.358615  5.86672e-07  12  1.69709e-06  4.3358e-06  18  20  1.20008e-06  24  25.9998  3.26236e-07  30  4.13724e-08  5.67895e-06  9.41459e-06  5.75371e-07  8.96255e-06  5.28683e-06  44  2.43596e-06  5.12997e-06  
1.72838  3.25808  0.732137  0.223676  1.85269e-06  12  8.5834e-07  2.11418e-05  18  20  7.28414e-05  24  25.9999  0.000153097  29.9998  2.882e-06  5.03537e-10  2.96441e-05  5.53137e-06  5.15187e-05  1.50196e-05  44  5.28391e-06  0.000284685  
0.000605051  0.0321112  3.29337  7.26704  4.18155e-07  12  2.94884e-06  7.56067e-08  18  20  9.76937e-06  24  26  4.28207e-09  30  9.50833e-06  0.000177619  1.05703e-05  1.16927e-05  3.58893e-07  2.07225e-05  44  2.49221e-08  3.36638e-05  
1.86176  3.53247  0.997283  0.0918528  5.11258e-06  12  2.92001e-08  2.26031e-05  18  20  2.06482e-06  24  25.9999  7.20511e-07  29.9997  1.9392e-06  6.52177e-06  1.14356e-06  3.00432e-08  5.51214e-05  2.15586e-06  44  5.08648e-06  0.000279166  
1.99532  2.92742  0.399372  0.346917  1.79544e-07  12  3.00292e-06  2.11133e-05  18  20  2.30835e-05  24  26  0.000256712  29.9998  2.73162e-06  1.72472e-09  3.46254e-05  3.75616e-08  5.66477e-05  8.7568e-06  44  1.7573e-06  0.00015562  
1.92317  3.05305  0.446011  0.0871716  1.76683e-06  12  8.80496e-07  1.53068e-05  18  19.9999  2.45558e-05  24  25.9998  8.07527e-05  29.9999  2.28224e-06  3.33479e-06  1.26116e-05  1.05334e-06  3.48056e-05  1.26356e-05  44  4.62392e-06  8.57539e-05  
1.85424  3.68815  0.208238  0.763005  9.9197e-08  12  4.29448e-06  7.00247e-06  18  19.9999  2.28944e-10  24  25.9999  0.000299907  29.9998  7.5642e-06  1.69868e-07  6.44093e-05  3.49238e-07  3.31442e-05  1.58855e-05  44  7.91618e-07  2.56535e-07  
1.8207  3.62109  0.212859  0.438165  4.87278e-07  12  2.70976e-06  5.13976e-06  18  20  1.64068e-08  24  25.9999  0.000205489  29.9999  7.66843e-06  3.48086e-06  5.95193e-05  2.84204e-06  2.35035e-05  1.6475e-05  44  6.52826e-07  5.39776e-07  
1.88367  3.99746  0.443799  0.497842  3.03752e-06  12  1.73436e-06  6.90029e-06  18  20  3.95521e-05  24  25.9998  0.000221126  29.9999  5.12344e-06  2.6354e-06  8.08558e-05  1.5355e-07  2.71223e-05  1.17769e-05  44  4.77027e-06  0.000112716  
1.89859  3.99114  0.70111  0.00938815  7.80282e-06  12  3.74588e-07  3.21331e-06  18  20  0.000101268  24  25.9998  2.16473e-05  30  1.63835e-07  1.00221e-05  5.00077e-05  4.29856e-06  8.57364e-07  1.02461e-07  44  1.03355e-05  0.000331083  
1.91068  3.98542  0.18853  0.54407  3.03309e-06  12  3.19405e-06  8.24502e-06  18  19.9999  3.99535e-05  24  25.9998  0.000223876  29.9999  4.52063e-06  5.21348e-06  8.03293e-05  1.93893e-06  2.80528e-05  8.97254e-06  44  4.9418e-06  0.000107728  
1.90262  3.98924  0.434945  0.0359163  6.21291e-06  12  7.72981e-07  4.89055e-06  18  20  8.08299e-05  24  25.9998  3.61287e-05  30  4.73841e-07  8.41922e-06  6.01149e-05  3.51201e-06  9.92251e-06  4.71248e-07  44  8.53759e-06  0.000256631  
1.92731  3.9549  0.348285  0.0035935  1.02645e-05  12  1.26511e-06  8.77373e-07  18  20  0.000102132  24  25.9999  9.31832e-06  30  2.39813e-07  6.05577e-06  9.43119e-05  2.89318e-06  1.4911e-06  1.13594e-07  44  6.52733e-06  0.000306787  
1.91912  3.90337  0.157786  0.0229747  5.33845e-06  12  3.02989e-07  3.97613e-06  18  20  6.22703e-05  24  26  2.10106e-05  30  8.59896e-07  4.70632e-06  4.9399e-05  2.37236e-06  8.80145e-06  3.34748e-07  44  4.38851e-07  0.00020751  
1.93164  3.93199  0.0774734  0.0287115  6.21642e-06  12  1.69506e-06  5.48182e-06  18  20  7.82714e-05  24  25.9998  3.78992e-05  30  1.92093e-07  8.79593e-06  6.22741e-05  2.87847e-06  1.11463e-05  2.83051e-07  44  8.7177e-06  0.000267972  
1.96006  3.91676  0.015209  5.2454e-05  1.11364e-05  12  4.17831e-06  2.18667e-07  18  20  8.25584e-05  24  25.9999  6.86368e-05  30  1.38475e-06  4.86595e-07  0.000148723  7.01254e-07  4.44978e-06  5.09754e-07  44  9.21291e-07  0.000208038  
1.98993  3.98287  0.00144973  1.98494e-08  2.47894e-05  12  1.02917e-05  1.00327e-08  18  20  0.000172771  24  25.999  3.42262e-05  30  9.49972e-07  3.60334e-07  0.000319283  5.29796e-08  3.5964e-07  2.90751e-07  44  2.94175e-05  0.000183685  
