1.24161e-08  4  0.000166449  7.99999  3.50699  4.46652  4.90896  5.60304  6.09026  7.41323  8.66518  9.41612  9.10839  9.16883  12.4211  11.2022  11.8969  11.3676  16.4943  14.8564  14.7022  14.8942  16.0952  18.8818  
0.00132263  3.99409  0.00894106  7.99932  3.71257  4.45528  4.90896  5.60307  6.08949  7.40906  8.65636  8.89958  9.10691  9.82288  12.4211  11.2022  11.8969  11.3676  14.1039  14.8624  14.7023  14.8942  16.0952  19.8757  
0.000698909  3.99407  0.00637376  7.8409  3.71257  4.45903  4.90896  5.60307  6.08949  7.41256  8.64993  8.3922  9.10678  9.49586  12.4211  11.2021  11.8969  11.3676  14.1064  14.8592  14.7023  14.894  16.0952  19.8758  
0.0206363  3.99926  0.00498811  7.98638  3.71257  4.06089  4.90896  5.60302  6.08994  7.40617  8.64195  8.9254  9.10942  10.3923  12.4211  11.2022  11.8969  11.3676  14.1082  14.8581  14.7022  14.8951  16.0952  19.864  
7.51911e-05  3.99404  0.00380645  7.68247  3.71257  4.46279  4.90896  5.60308  6.08948  7.41606  8.6435  8.38756  9.10666  9.16884  12.4211  11.2021  11.8969  11.3676  14.1089  14.8559  14.7023  14.8939  16.0952  19.8759  
0.0239294  3.99374  3.97458e-05  7.81655  3.71257  4.46902  4.90896  5.60305  6.08992  7.41323  8.63669  8.42134  9.10853  9.16883  12.4211  11.2022  11.8969  11.3676  14.1097  14.8524  14.7022  14.8942  16.0952  19.8641  
0.000349562  3.98708  0.00628281  7.86625  3.71257  4.46856  4.90896  5.60306  6.08954  7.41323  8.62558  8.90422  9.10738  9.16882  12.4211  11.2022  11.8969  11.3676  14.1576  14.8592  14.7023  14.8942  16.0952  19.8745  
0.00670355  3.99491  0.00364773  7.98868  3.71257  4.46479  4.90896  5.60313  6.08993  7.42351  8.64521  8.91377  9.10635  9.16894  12.4211  11.202  11.8969  12.6366  14.1172  14.8598  14.7022  14.8921  16.0952  19.8627  
8.31356e-05  4  0.00948845  7.91918  3.71257  4.46849  4.90896  5.60306  6.0895  7.41323  8.60856  8.92076  9.66431  9.16882  12.4211  11.2022  11.8969  11.3676  14.1083  14.8503  14.7023  14.8942  16.0952  18.8208  
0.0188041  3.99596  0.00565594  7.95627  3.71257  4.46566  4.90896  5.60303  6.08979  7.40758  8.63728  8.91859  9.1088  9.16879  12.4211  11.2022  11.8969  11.3676  14.1235  14.8586  14.7022  14.8949  16.0952  19.868  
0.00400676  3.99726  0.00423835  7.92476  3.71257  4.46898  4.90896  5.60305  6.08989  7.41323  8.63255  8.91709  9.10846  9.16883  12.4211  11.2022  11.8969  11.3676  14.1303  14.858  14.7022  14.8942  16.0952  19.865  
0.00575193  3.92466  0.00336538  7.97355  3.71257  4.46476  4.90896  5.60316  6.08984  7.42351  8.64507  8.91381  9.10506  9.169  12.4211  11.2019  11.8968  12.6366  14.117  14.8607  14.7022  14.8966  16.0951  19.8621  
0.00187571  3.996  0.00442973  7.54127  3.71257  4.70893  4.74001  5.60289  5.89273  7.41326  8.16664  9.42173  9.65055  9.1691  11.7697  11.2022  11.5153  12.2053  14.0957  16.5909  14.707  15.4027  16.0936  18.8873  
0.0189607  3.92473  0.00370721  7.95599  3.71257  4.70734  4.74001  5.60258  5.89271  7.41325  8.63143  9.43606  9.65918  9.16878  11.7698  11.2014  11.5153  12.2053  14.1079  15.7004  14.707  15.4528  16.0937  18.8604  
0.000115345  3.82838  0.0111378  7.69438  3.71257  4.70895  4.74001  5.60289  5.89274  7.41326  8.15473  9.94603  9.65066  9.1691  11.7697  11.2022  11.5153  12.2053  14.1443  16.6026  14.707  15.4027  16.0936  18.8869  
0.020864  3.94801  0.00427193  7.98625  3.71257  4.70742  4.74  5.60252  5.89289  7.41325  8.63171  9.43598  9.66176  9.16866  11.7698  11.2017  11.5153  12.2053  14.1082  15.6986  14.707  15.4438  16.0938  18.8617  
2.53898e-06  4  0.0244371  7.72603  3.71257  4.46872  4.90896  5.60312  6.08956  7.41323  8.61497  8.88995  9.66235  9.16891  12.4211  11.2023  11.8969  11.3676  14.1004  14.8445  14.7023  14.8954  16.0952  18.8226  
0.0169675  3.99151  0.00660086  7.89741  3.71257  4.46685  4.90896  5.60304  6.08958  7.40758  8.62916  8.91361  9.10817  9.16878  12.4211  11.2022  11.8969  11.3676  14.1489  14.8589  14.7022  14.8949  16.0952  19.8738  
0.000685627  3.98205  0.0873991  7.93739  3.71257  4.46837  4.90895  5.60293  6.08984  7.41323  8.62332  8.92763  8.81172  9.16867  12.4211  11.2022  11.8969  11.3676  14.1588  14.8604  14.7022  14.9039  16.0953  19.8635  
0.0104042  3.98477  0.00252834  7.95627  3.71257  4.7067  4.73998  5.60201  5.89375  7.41325  8.6384  9.43612  9.67834  9.16782  11.7698  11.2038  11.5155  12.2053  14.111  16.5813  14.7069  15.4205  16.0942  18.8745  
1.12877e-05  4  0.0410547  7.76124  3.71257  4.46825  4.90896  5.60307  6.08931  7.41323  8.61406  8.90567  9.66363  9.16882  12.4211  11.2022  11.8969  11.3676  14.0972  14.8491  14.7023  14.8942  16.0952  18.826  
0.0170575  3.90144  0.00314249  7.89111  3.71257  4.70727  4.74001  5.60265  5.89254  7.41326  8.63115  9.43614  9.6566  9.1689  11.7697  11.2011  11.5153  12.2053  14.1075  15.7021  14.707  15.4617  16.0937  18.8591  
0.00266746  3.82778  0.0196012  7.7104  3.71257  4.70865  4.74001  5.60277  5.89274  7.41326  8.15073  9.94568  9.65499  9.16892  11.7697  11.2019  11.5153  12.2053  14.1449  16.6035  14.707  15.4289  16.0937  18.8797  
0.00972447  3.89248  0.00947951  7.99864  3.71257  4.70831  4.74001  5.60268  5.89289  7.41325  8.62744  9.43556  9.65846  9.46594  11.7697  11.2012  11.5153  12.2053  14.1076  15.7016  14.707  15.4274  16.0937  18.8564  
0.000397053  3.99041  0.165722  7.34455  3.71257  4.46897  4.90896  5.42724  6.08979  7.41323  8.6254  8.38454  8.80699  9.16889  12.4211  11.2022  12.6028  11.3676  14.1268  14.8485  14.7022  14.9771  16.0952  19.8728  
0.0141665  3.98416  0.0258234  7.96117  3.71257  4.70572  4.73995  5.60129  5.89473  7.41324  8.63727  9.4355  9.70353  8.83808  11.7698  11.2055  11.5158  12.2054  14.1148  16.5701  14.7067  15.3831  16.0947  18.8744  
0.00266746  3.82778  0.0267386  7.73204  3.71257  4.70865  4.74001  5.60277  5.89274  7.41326  8.15073  10.4988  9.65499  9.16892  11.7697  11.2019  11.5153  12.2053  14.1449  16.6035  14.707  15.4004  16.0937  18.8797  
0.0117263  3.81253  0.0166344  7.99961  3.71257  4.70858  4.74002  5.60287  5.89255  7.41326  8.62429  9.43546  9.65223  9.46626  11.7697  11.2004  11.5152  12.2053  14.1065  15.7066  14.707  15.4362  16.0935  18.8505  
8.33532e-06  3.98446  0.0923638  7.18766  3.71257  4.46285  4.90896  5.42679  6.29874  7.41323  8.62787  8.38307  8.80699  9.16889  12.4211  11.2022  12.6028  11.3676  14.1308  14.8485  14.7022  15.5096  16.0952  19.8676  
0.0155974  3.96433  0.025878  7.97693  3.71257  4.70677  4.73997  5.60183  5.89406  7.41325  8.6346  9.4356  9.68587  9.1675  11.7698  11.204  11.5156  12.2053  14.112  16.5796  14.7068  15.3994  16.0943  18.8695  
1.99617e-05  3.85786  0.0336058  7.9067  3.71257  4.46549  4.90896  5.60323  6.08901  7.41323  8.6131  9.42943  9.6581  9.16905  12.4211  11.2019  11.8968  11.3676  14.1234  14.8545  14.7023  14.8973  16.0951  18.8313  
0.0100989  3.78277  0.00727354  7.99998  3.71258  4.70932  4.74007  5.60429  5.89256  7.41327  8.6243  9.43563  9.67705  9.46229  11.7697  11.2004  11.5167  12.2052  14.1075  15.6996  14.7072  15.4362  16.0924  18.8549  
0.000462069  3.99712  0.861044  7.99554  3.71257  4.48579  4.9107  5.604  5.6802  7.41323  8.62985  9.90931  9.64156  9.16895  12.4211  11.2022  11.8969  11.3676  14.1076  17.4479  14.7014  13.9258  16.0952  19.9603  
0.00795475  3.97532  0.273939  7.62071  3.71257  4.4659  4.9107  5.60259  5.46941  7.41323  8.6353  9.90735  9.08823  9.16895  12.4211  11.2022  11.8969  11.3676  14.1234  17.4527  14.7084  13.8724  16.0952  19.8842  
0.00258373  3.97837  0.353835  7.18413  3.71257  4.45976  4.9107  5.6021  6.3062  7.41323  8.64035  9.90603  9.64156  9.16896  12.4211  11.2022  11.8969  11.3676  14.1253  17.4479  14.7013  14.9556  16.0952  19.8669  
0.0332718  3.95852  0.0190526  7.95821  3.71257  4.70672  4.73996  5.61607  5.89368  7.41324  8.59746  9.43611  9.6574  9.77648  11.7698  11.2037  11.5147  12.2054  14.1091  16.586  15.634  15.4454  16.0945  18.8745  
0.00336116  3.99027  0.642662  7.49791  3.71257  4.47201  4.9107  5.60299  5.88831  7.41323  8.63541  9.90897  9.64156  9.16895  12.4211  11.2022  11.8969  11.3676  14.1174  17.4479  14.7014  13.8905  16.0952  19.8772  
0.0796717  3.98924  0.237012  7.9996  3.71257  4.73376  4.74178  5.60467  5.46563  7.41326  8.1839  9.93783  11.873  9.17024  12.4211  11.1985  11.5157  11.3674  14.1018  17.4542  14.6999  15.4101  16.0936  19.8417  
0.0193527  3.97095  0.169004  7.16802  3.71257  4.46258  4.9107  5.60208  6.09719  7.41323  8.63696  9.92122  8.52599  9.16896  12.4211  11.2022  11.8969  11.3676  14.1239  17.4485  14.7048  14.3751  16.0952  19.8755  
0.126072  3.89631  0.006796  7.96249  3.71257  4.70837  4.74002  5.60287  5.70323  7.41326  8.6266  9.4357  9.65153  9.46627  11.7697  11.2005  11.5152  12.2053  14.1065  15.7058  14.707  15.4438  16.0935  18.8538  
0.000392912  3.99188  0.722582  7.61777  3.71257  4.47394  4.9107  5.43328  6.09751  7.41323  8.63463  9.90991  9.64156  9.16895  12.4211  11.2022  11.8969  11.3676  14.1163  17.4479  14.7014  13.4233  16.0952  19.8675  
0.0304081  3.95423  0.127544  7.3751  3.71257  4.73463  4.74403  5.9797  5.46854  7.41323  8.71225  9.37497  11.8726  9.16936  12.4211  11.2083  11.8971  11.3676  14.0819  17.445  14.6992  14.3868  16.0952  20.9101  
0.0179246  3.97805  0.34142  7.05745  3.71257  4.46457  4.9107  5.6022  6.30657  7.41323  8.63744  9.92195  9.64246  9.16896  12.4211  11.2022  11.8969  11.3676  14.1215  17.4461  14.7013  14.3751  16.0952  19.867  
0.109702  3.77873  0.0103959  7.94174  3.15108  5.22366  5.77855  5.60168  5.05709  7.41333  8.63006  10.9683  11.8745  9.80438  13.6637  11.2024  11.5263  11.7605  14.145  17.3696  13.7355  14.8992  16.1073  20.8946  
0.00481071  3.98684  0.533471  7.2491  3.71257  4.46512  4.9107  5.60249  6.65209  7.41323  8.63819  9.90881  9.64156  9.16896  12.4211  11.2022  11.8969  11.3676  14.1222  17.4479  14.7013  13.8729  16.0952  19.8357  
0.119176  3.88103  0.0270014  7.90505  3.15108  4.9423  5.77862  5.60339  5.05724  7.41335  8.63047  10.9601  11.837  9.80449  13.6637  11.2025  11.5266  11.7603  14.1411  17.368  13.7357  14.9022  16.106  20.9047  
0.00872846  3.94462  0.400069  7.37367  3.71257  4.46188  4.9107  5.59825  5.46943  7.41323  8.63917  9.40282  9.62713  9.16896  12.4211  11.2056  11.9815  11.3676  14.1202  17.4485  14.7022  16.4071  16.0952  19.8672  
0.183824  3.62449  8.24055e-08  7.96888  3.15112  5.24119  5.77912  5.61587  5.05581  7.41348  8.62655  10.9605  11.2825  9.84639  13.6635  11.2028  11.5232  11.3657  14.0497  17.4636  13.7372  14.8994  16.0964  21.0414  
0.00243669  3.99776  0.940855  7.37985  3.04821  4.96508  6.07653  5.59476  5.8763  7.4225  6.92667  9.95617  11.8417  10.3574  12.443  11.1914  11.5146  10.5202  14.0875  17.3914  13.7819  17.2982  16.1404  18.8465  
0.0121639  3.57041  0.486981  7.28911  3.68503  4.46519  4.9107  5.59554  5.26048  7.41323  8.63848  10.0386  9.75441  9.16895  12.4211  11.2083  11.8969  11.3676  14.1195  17.4482  14.7011  17.1014  16.0952  19.8862  
0.00929767  3.98705  0.516845  7.2582  3.71257  4.46816  4.9107  5.60271  5.46991  7.41323  8.63696  9.9071  9.64156  9.16895  12.4211  11.2022  11.8969  11.3676  14.1194  17.4479  14.7014  14.825  16.0952  19.8967  
0.111325  3.52494  0.0824937  7.92305  3.15107  5.22315  5.77849  5.60029  5.0572  7.41331  8.6305  10.9602  11.8491  9.8084  13.6637  11.2024  11.5248  11.7606  14.1456  17.3744  13.7353  14.8998  16.1084  20.8885  
0.00655662  3.99703  0.717169  6.61928  3.71257  4.46958  4.9107  5.60276  5.47008  7.39362  8.63669  9.90722  9.64346  9.16886  12.4211  11.2023  11.897  11.3676  14.1197  17.4469  14.9436  16.1966  16.0953  19.9046  
0.190018  3.84304  0.295317  7.9121  3.1511  4.96427  5.77889  5.4032  5.05736  7.41342  8.6305  10.9602  11.3549  9.82892  13.6636  11.2027  11.5203  11.7599  14.0863  17.4162  13.7365  14.8996  16.1007  20.9949  
0.00906549  3.85526  0.607802  7.22084  3.71257  4.46214  4.9107  5.58328  5.2604  7.41323  8.64068  10.4446  10.1261  9.16896  12.4211  11.2188  11.8969  11.3676  14.118  17.4464  14.6985  17.2822  16.0952  19.8727  
0.171218  3.62276  0.13368  7.98431  3.15112  5.23918  5.77917  5.61673  5.05548  7.4135  8.62682  10.9611  11.2412  9.84845  13.6635  11.2028  11.5228  11.3657  14.0431  17.4678  14.6997  14.8994  16.0955  21.0466  
0.00236161  3.99793  0.937495  6.92001  3.04821  4.96611  6.07653  5.59486  5.87636  7.4225  6.92699  9.95631  11.8409  10.3574  12.443  11.1914  11.5145  10.5202  14.0874  17.3912  13.7819  17.3011  16.1404  18.8524  
0.156744  3.72562  0.579008  7.7945  3.15109  4.96432  5.77869  5.60586  5.06727  7.41337  8.62764  10.9605  11.2551  9.52553  13.6636  11.2025  11.5238  12.9018  14.097  17.4564  13.7504  14.8926  16.1047  20.9643  
0.0165443  3.80963  0.643886  7.07694  3.71257  4.46928  4.9107  5.58674  5.47015  7.41323  8.6378  10.449  10.1372  9.16896  12.4211  11.2161  11.8969  11.3676  14.1174  17.4455  14.6978  14.9383  16.0952  19.903  
0.241441  3.6381  0.0139279  7.91841  3.15111  5.24092  5.77902  5.61356  5.05595  7.41346  8.62641  10.9602  11.3032  9.83838  13.6093  11.2027  11.5145  11.3659  14.1077  17.3167  13.2557  14.8995  16.0983  21.0185  
0.000103488  3.95487  0.934638  6.47029  3.04821  4.9687  6.07654  5.59518  5.87638  7.46172  6.92685  9.95662  11.8356  10.3577  12.443  11.1912  11.5145  10.5202  14.0866  17.3929  13.2973  14.4148  16.1403  18.8643  
0.180299  3.53533  0.316236  7.93747  3.14555  4.96773  5.77923  5.61865  5.05738  7.41352  8.6304  10.9611  11.5043  9.80508  13.6635  11.2029  11.5292  11.7592  14.0922  17.3739  13.7375  14.9091  16.1098  21.0161  
0.013131  3.55657  0.654102  7.10401  3.71257  4.46772  4.9107  5.58663  5.47004  7.41323  8.63843  10.4488  10.1372  9.16896  12.4211  11.2161  11.8969  11.3676  14.1174  17.4455  14.6978  15.5188  16.0952  19.8957  
0.370673  3.45704  0.00115329  7.99893  3.15115  5.45822  5.77848  5.6274  4.86193  7.41362  8.62514  10.9873  10.8392  9.8178  13.6667  11.2031  11.5245  11.0172  14.0227  17.5713  13.7906  14.9089  16.087  21.1809  
0.000210251  3.99946  0.932939  6.0608  3.04821  4.97047  6.07654  5.59532  5.87651  6.99499  6.92632  9.95678  11.8633  10.3577  12.443  11.1912  11.5145  10.5202  14.0866  17.3928  13.693  14.3476  16.1403  18.8728  
0.00809235  3.22944  0.912154  7.10405  3.68503  4.467  4.9107  5.57318  5.05165  7.41323  8.64081  10.9842  11.0611  9.16896  12.4211  11.2279  11.8969  11.3676  14.1139  17.4438  14.6937  17.2839  16.0952  19.8922  
0.00372567  3.96674  0.933773  6.09792  3.04821  4.96832  6.07653  5.59503  5.87651  7.4225  6.92676  9.95654  11.8402  10.3574  12.443  11.1915  11.5145  10.5202  14.0873  17.391  13.7819  17.2461  16.1404  18.8637  
0.21568  3.51647  0.375291  7.89998  3.15113  4.97958  5.77937  5.51863  5.05749  7.41355  8.63052  10.9612  11.2628  9.81732  13.6634  11.203  11.5261  11.759  14.0647  17.3979  13.738  14.8993  16.0916  21.0659  
0.0029279  3.98483  0.933762  6.05279  3.04821  4.96842  6.07653  5.59504  5.87652  7.4225  6.9267  9.95655  11.8403  10.3574  12.443  11.1915  11.5145  10.5202  14.0873  17.391  13.7819  17.2406  16.1404  18.8641  
0.171122  3.63596  0.692847  6.91428  3.15107  4.98029  5.7842  5.65964  5.06769  7.41294  8.60727  10.5065  11.2054  9.79253  13.6637  11.2024  11.4129  13.1062  14.0442  18.312  13.7423  14.8438  16.6018  20.9702  
0.0148425  3.86897  0.99607  6.42781  3.0482  4.96894  6.42561  5.41726  5.87757  7.48118  6.92085  9.96661  11.8342  10.3494  14.3318  11.1909  11.5146  11.3686  14.0628  19.9261  11.7681  13.3722  16.1355  18.8214  
0.374497  3.45266  0.266513  7.94802  3.15116  5.22203  5.77911  5.60346  5.28494  7.41363  8.62628  10.9703  10.7506  9.8406  13.6243  11.2032  11.5164  11.7512  14.0284  17.4404  13.7649  14.8997  16.0858  21.1832  
0.000114657  3.99985  0.929069  5.33423  3.04821  4.97194  6.07651  5.59468  5.8768  7.46171  6.92813  9.95698  11.825  10.3595  12.443  11.1917  11.5138  11.3863  14.0864  17.3936  13.2973  14.3236  16.1408  18.8842  
0.151426  3.71627  0.638968  5.91548  3.15103  4.98755  5.78947  5.65562  5.06797  7.41243  8.58731  10.052  11.2017  10.0653  13.6639  10.4734  11.2991  13.311  14.0028  19.1768  13.2635  14.7859  17.1035  20.9355  
0.0147268  3.96437  0.994198  6.05376  3.0482  4.97015  6.42561  5.41735  5.87765  7.48118  6.92068  9.96673  11.8339  10.3494  14.3318  11.1909  11.5146  11.3686  14.0627  19.9261  11.7681  13.3391  16.1355  18.8275  
0.423217  3.42318  0.387506  7.91747  3.15116  5.18786  5.77858  5.57834  4.86291  7.41365  8.62985  10.9797  10.8307  9.7988  13.6396  11.2032  11.5218  12.5312  14.0525  17.4635  13.3097  14.9003  16.0851  21.1942  
0.00349418  3.97173  0.930029  5.3622  3.04821  4.97074  6.07653  5.59523  5.87668  7.4225  6.92642  9.95679  11.8396  10.3575  12.443  11.1915  11.5145  10.5202  14.0872  17.3909  13.7819  17.18  16.1403  18.8759  
0.489875  3.95806  1.02722  6.47262  2.81595  6.25366  6.37982  5.72454  5.28397  7.42179  8.59199  10.4499  12.566  9.8282  14.5869  11.2153  10.7419  12.3523  14.8767  19.5187  12.8041  14.4137  15.5866  16.9067  
0.0779799  3.86451  1.27978  6.54431  3.04821  5.13613  6.07647  5.5934  5.87549  7.42248  6.91777  9.95755  11.8689  10.3622  12.4328  11.1908  11.5121  10.5203  14.1247  17.3827  13.6422  17.4292  16.1416  18.8522  
0.429938  2.45788  0.13217  7.79566  2.56704  4.71513  5.4963  5.92011  6.71812  7.89225  6.6981  11.9505  10.2073  10.4511  7.44768  16.6734  19.7893  12.8426  10.6864  12.2301  13.1277  18.2372  12.8789  19.8556  
0.0010338  3.99982  2.02047  4.75836  3.49021  5.48024  6.11372  5.94856  5.27852  7.43865  8.62223  8.12873  12.9737  9.77675  14.3325  11.8765  8.73336  11.3622  14.14  17.3359  12.2335  13.9463  15.0224  18.8093  
0.0476842  2.64408  1.37125  6.03475  2.58593  3.5714  6.03797  5.62753  5.673  7.4793  7.20279  8.15505  10.7735  11.0125  8.75694  15.3246  16.9969  11.4093  13.203  15.4778  12.76  19.2011  13.3991  18.0113  
0.0308297  3.93356  0.929545  4.66606  3.04821  5.17829  6.07653  5.59534  6.016  7.46172  6.928  9.95715  11.832  10.2089  12.443  11.1917  11.5145  10.6159  14.0872  17.39  13.1984  14.2641  16.1403  18.8866  
0.262737  2.92774  0.841044  6.44625  3.0485  4.72828  4.95645  5.02629  4.83862  7.03878  6.70883  10.9834  9.66344  11.6087  8.34462  13.8855  16.9807  11.873  13.2093  14.8534  13.4981  20.1321  15.517  18.7699  
0.00831099  3.99933  1.80258  3.24602  3.04229  5.24252  6.1138  5.39977  5.27715  7.42981  9.03027  8.40177  12.9729  10.3652  14.3325  11.2548  8.41136  11.3638  14.9696  19.9278  12.7357  14.9577  15.0192  18.8225  
0.494145  3.94962  1.18958  6.2165  2.81595  6.24912  6.32838  5.72418  4.9734  7.38283  8.59766  10.9792  13.1087  9.82842  14.3345  11.2153  10.7419  12.3523  14.8651  20.6842  12.8037  14.866  15.6303  16.9057  
0.0818631  3.85445  1.79585  2.88717  3.50419  5.48037  6.11373  5.95346  5.50148  7.82487  8.62238  8.13463  12.9636  9.92592  14.3325  11.8821  9.16205  12.5464  14.1562  18.2255  14.7443  12.1158  15.1  18.7923  
0.533372  2.52351  0.611314  7.78523  2.83103  4.05996  5.84778  7.29184  6.66384  6.54823  5.46371  9.85469  13.0078  12.2006  10.523  14.0252  14.9177  12.5829  13.3151  11.7253  16.4588  17.1862  14.4808  17.7364  
0.0232689  3.99348  1.8259  3.75198  3.4902  5.4814  6.11369  5.94794  5.27875  7.43864  8.6124  8.37842  12.9621  9.77873  14.3325  11.8765  8.73262  11.3885  14.165  18.1959  12.2945  14.3817  15.023  18.809  
0.0396678  2.67413  1.83628  5.08315  2.25375  3.70195  6.70623  5.62376  5.66491  7.48392  6.35043  8.41529  12.4389  11.6069  9.09355  15.3196  16.9965  10.5668  13.1927  17.4279  12.2975  20.095  13.4224  18.0131  
0.0520126  3.85948  1.79821  2.83414  3.50419  5.48508  6.11372  5.95316  5.50202  7.81973  8.62248  8.40215  12.9731  9.77694  14.3325  11.8829  9.16215  12.5464  14.1455  18.2181  14.7442  13.8482  15.0224  18.7898  
0.615931  2.30677  1.14906  6.90029  3.03325  3.63581  6.7415  8.32141  6.08028  7.89629  6.98147  8.39979  15.2094  13.9558  11.8539  12.5185  9.95819  14.7742  15.8088  17.3815  18.3213  16.3459  16.11  16.8246  
0.0414275  3.92975  1.73894  3.33677  3.49024  5.48796  6.11412  5.89914  5.27386  7.33647  8.62688  8.414  12.9722  9.82402  14.3323  11.8768  10.6825  12.1955  16.4726  18.2352  13.7151  14.3566  15.015  18.9871  
0.40115  3.13573  1.52603  4.84372  3.18672  5.209  6.36189  5.54654  4.02808  8.23301  5.93784  8.487  10.3101  13.8643  9.46598  11.9103  15.6633  13.5479  12.8826  17.3805  13.1933  21.9218  19.0575  16.1069  
0.158719  3.7052  1.89041  3.20335  3.64723  5.4693  6.11427  5.91935  5.27718  7.81988  8.60261  7.53937  12.3721  9.78387  14.3052  11.877  9.51074  12.2108  12.9185  18.2887  14.7941  13.8767  16.9548  19.3868  
0.746544  1.57633  4.36194  5.05433  2.58179  5.19024  4.09274  7.32297  6.70769  11.6927  9.14434  8.41133  12.9625  17.6392  11.1295  14.5111  10.7034  12.6897  13.2865  11.1684  13.7996  22.9225  21.0999  25.0131  
0.00131694  3.99768  1.82033  3.98448  3.49021  5.4814  6.11372  5.94866  5.27859  7.43865  8.62208  8.12885  12.9734  9.77677  14.3325  11.8765  8.73336  11.3622  14.14  17.3358  12.2335  13.916  15.0224  18.8152  
0.152761  3.70521  1.89043  3.34644  3.50044  5.46914  6.07228  5.91936  5.27705  7.81988  8.60237  7.53146  12.3717  9.78387  14.3052  11.7905  9.51074  12.2108  12.921  17.3453  14.7941  13.8767  16.9548  18.9149  
0.0462504  3.80833  1.81891  3.29308  3.50418  5.48352  6.11372  5.90546  5.27922  7.81973  8.62912  8.42415  12.9729  9.77695  14.3325  11.8765  9.16215  12.5464  13.3135  18.2252  14.7974  13.8821  15.0224  18.782  
0.533804  2.79723  2.09857  3.31663  3.15056  5.1924  6.81785  7.08655  7.07832  8.25211  7.77335  8.29402  15.7015  11.6225  15.7887  11.9161  7.60056  14.7717  14.2041  18.3303  14.1554  14.3426  15.2105  16.9528  
