2  4  6  8  3.49967  4.20164  4.90016  5.60061  6.31026  7.01114  7.70343  8.4032  9.10032  9.80433  10.4953  11.2096  11.9037  12.6006  13.2987  13.996  14.7011  15.4004  16.1016  16.7995  
1.97621  3.97531  5.99486  7.99016  3.50231  4.20285  4.90037  5.60052  6.29998  7.0006  7.70723  8.40944  9.10059  9.8006  10.4995  11.2002  11.8997  12.5999  13.3006  13.9995  14.7038  15.4048  16.1085  16.8129  
1.97682  3.9386  5.97459  7.92553  3.50228  4.2029  4.9003  5.60042  6.29991  7.00029  7.70597  8.40658  9.10017  9.80019  10.5003  11.2006  11.9002  12.6  13.3005  13.9988  14.7027  15.4038  16.1025  16.8032  
1.97818  3.93136  5.96295  7.78599  3.50222  4.20287  4.90023  5.60032  6.29992  7.00017  7.70523  8.40521  9.1  9.80006  10.5006  11.2008  11.9005  12.6001  13.3006  13.9989  14.7025  15.4035  16.1013  16.8003  
1.96497  3.93002  5.94385  7.70118  3.50227  4.20279  4.90007  5.60016  6.29998  7.00019  7.7046  8.40526  9.09999  9.8  10.5011  11.201  11.9003  12.5998  13.301  13.9996  14.7021  15.4031  16.1025  16.801  
1.96115  3.91501  5.91091  7.62304  3.50224  4.20279  4.90005  5.60014  6.3  7.00009  7.70423  8.40443  9.09989  9.79994  10.5012  11.2012  11.9006  12.5998  13.301  13.9995  14.7019  15.4029  16.1017  16.7993  
1.94096  3.92228  5.88281  7.55767  3.50231  4.20274  4.89997  5.6001  6.30006  7.00012  7.7039  8.4047  9.09987  9.79989  10.5016  11.2013  11.9004  12.5996  13.3011  13.9998  14.7015  15.4025  16.1025  16.8  
1.92661  3.92648  5.86214  7.46341  3.5023  4.20275  4.9  5.60015  6.30008  7.00005  7.70377  8.40415  9.09979  9.79985  10.5015  11.2013  11.9006  12.5997  13.301  13.9997  14.7014  15.4026  16.1021  16.7988  
1.89601  3.93845  5.84456  7.41262  3.50236  4.20271  4.89993  5.60012  6.30013  7.00011  7.70364  8.40468  9.09982  9.79984  10.5017  11.2013  11.9004  12.5995  13.3011  14  14.7012  15.4024  16.1034  16.8004  
1.87125  3.94737  5.83441  7.33295  3.50233  4.20272  4.89999  5.60019  6.30014  7.00008  7.7037  8.4044  9.0998  9.79986  10.5015  11.2013  11.9006  12.5997  13.301  13.9999  14.7014  15.4026  16.1034  16.8002  
1.83025  3.96406  5.82734  7.29675  3.50239  4.20268  4.89995  5.60018  6.30019  7.00017  7.70376  8.4052  9.09987  9.79991  10.5015  11.2013  11.9003  12.5996  13.3011  14.0002  14.7014  15.4026  16.1053  16.8027  
1.81839  3.944  5.77971  7.2697  3.50236  4.20268  4.89996  5.60018  6.30019  7.00018  7.70387  8.40513  9.09996  9.80001  10.5015  11.2013  11.9004  12.5996  13.301  14.0003  14.7016  15.4027  16.1053  16.8034  
1.75678  3.99333  5.83277  7.1667  3.50239  4.20268  4.9  5.60023  6.30019  7.00022  7.70386  8.40524  9.09989  9.79994  10.5014  11.2012  11.9003  12.5998  13.3009  14.0003  14.7017  15.4029  16.1058  16.8032  
1.75504  3.95605  5.77569  7.14233  3.50236  4.20268  4.89999  5.6002  6.30019  7.00021  7.70389  8.40504  9.09997  9.80003  10.5014  11.2013  11.9004  12.5998  13.3009  14.0002  14.7017  15.4028  16.1055  16.8036  
1.70355  3.98817  5.81931  7.04201  3.50238  4.20268  4.9  5.60022  6.30018  7.00024  7.7038  8.40503  9.0999  9.79995  10.5015  11.2012  11.9003  12.6  13.3008  14.0002  14.7018  15.4029  16.1056  16.8032  
1.68887  3.93838  5.79728  7.0437  3.5023  4.20267  4.89999  5.60014  6.30018  7.00021  7.70381  8.40475  9.09997  9.80004  10.5014  11.2013  11.9006  12.6  13.3009  14.0003  14.7021  15.403  16.1056  16.804  
1.64644  3.97419  5.82848  6.91224  3.50232  4.20267  4.89999  5.60015  6.30016  7.00022  7.70368  8.4046  9.09987  9.79992  10.5014  11.2013  11.9005  12.6001  13.3008  14.0003  14.7021  15.403  16.1055  16.8033  
1.64083  3.9281  5.79403  6.88279  3.50223  4.20266  4.89997  5.60005  6.30013  7.00018  7.70365  8.40419  9.09991  9.79998  10.5013  11.2014  11.9009  12.6001  13.3009  14.0005  14.7024  15.403  16.1053  16.8039  
1.61201  3.97538  5.79397  6.71153  3.50222  4.20267  4.89998  5.60004  6.30011  7.00015  7.70345  8.40383  9.09976  9.79981  10.5013  11.2014  11.9009  12.6001  13.3009  14.0004  14.7023  15.403  16.1051  16.8035  
1.63557  3.84598  5.74645  6.74524  3.50223  4.20266  4.89995  5.6  6.3001  7.00018  7.7036  8.40389  9.0999  9.79995  10.5013  11.2014  11.9008  12.6001  13.301  14.0005  14.7023  15.4029  16.1048  16.803  
1.64249  3.83128  5.68302  6.63517  3.50226  4.20269  4.89997  5.60005  6.3001  7.00015  7.70348  8.40378  9.0998  9.79981  10.5014  11.2014  11.9009  12.6  13.3008  14.0002  14.702  15.4027  16.1045  16.8037  
1.70178  3.6399  5.57213  6.73007  3.50229  4.2027  4.89996  5.60006  6.30013  7.00017  7.70372  8.40408  9.09999  9.79999  10.5015  11.2013  11.9008  12.5998  13.3008  14.0001  14.7018  15.4025  16.1041  16.8043  
1.75898  3.53915  5.37323  6.76724  3.50232  4.2027  4.89993  5.60005  6.30006  7.00018  7.70369  8.40391  9.10003  9.80001  10.5017  11.2013  11.9007  12.5996  13.3008  14  14.701  15.4023  16.1025  16.8023  
1.78616  3.45434  5.43354  6.54466  3.50235  4.20272  4.89994  5.60008  6.30013  7.00019  7.70384  8.40408  9.1001  9.80009  10.5017  11.2013  11.9007  12.5996  13.3008  13.9998  14.7013  15.4023  16.1031  16.804  
1.80524  3.38759  5.24567  6.64698  3.50234  4.20271  4.89991  5.60005  6.30002  7.0002  7.70371  8.40353  9.1001  9.80007  10.5019  11.2013  11.9005  12.5995  13.3008  13.9998  14.7006  15.4021  16.1011  16.8011  
1.79431  3.33677  5.31699  6.48954  3.50234  4.20272  4.89991  5.60005  6.30004  7.00021  7.70376  8.40331  9.10012  9.8001  10.502  11.2013  11.9005  12.5996  13.3008  13.9997  14.7009  15.4021  16.1012  16.8019  
1.72046  3.41  5.28003  6.47766  3.50232  4.20272  4.8999  5.60002  6.29993  7.0002  7.70269  8.40212  9.09991  9.79987  10.502  11.2014  11.9005  12.5997  13.3007  13.9997  14.7005  15.402  16.0997  16.7994  
1.6166  3.49917  5.50227  6.20604  3.5023  4.20273  4.89993  5.60003  6.29994  7.00019  7.7018  8.40125  9.09974  9.7997  10.502  11.2014  11.9006  12.6  13.3007  13.9996  14.7013  15.4022  16.1003  16.8007  
1.57475  3.54557  5.45997  6.12198  3.50226  4.20271  4.89992  5.59998  6.29985  7.00021  7.70243  8.40073  9.0997  9.79967  10.502  11.2015  11.9006  12.6001  13.3007  13.9997  14.7011  15.4023  16.0998  16.7994  
1.46947  3.6255  5.64643  5.91711  3.50225  4.20271  4.89993  5.59997  6.29985  7.00025  7.70093  8.40008  9.09961  9.79958  10.502  11.2015  11.9006  12.6006  13.3006  13.9996  14.7017  15.4025  16.1006  16.8006  
1.43913  3.65269  5.5816  5.85042  3.50222  4.20269  4.89992  5.59991  6.29978  7.00029  7.7017  8.40003  9.09967  9.79965  10.502  11.2015  11.9005  12.6007  13.3006  13.9998  14.7016  15.4027  16.1005  16.7996  
1.34537  3.7134  5.74551  5.66294  3.50221  4.20267  4.89993  5.5999  6.29978  7.00036  7.70032  8.39984  9.09968  9.79967  10.502  11.2015  11.9004  12.6011  13.3006  13.9998  14.7022  15.403  16.1017  16.8011  
1.32597  3.71397  5.65733  5.63176  3.50219  4.20264  4.89991  5.59983  6.29973  7.00042  7.70193  8.40036  9.09984  9.79985  10.5019  11.2015  11.9003  12.6012  13.3006  14  14.702  15.4032  16.102  16.8004  
1.25589  3.74802  5.80479  5.41919  3.50221  4.20264  4.89992  5.59983  6.29976  7.00045  7.7017  8.40066  9.09978  9.79979  10.502  11.2015  11.9002  12.6015  13.3005  13.9999  14.7026  15.4033  16.1025  16.8013  
1.25703  3.70554  5.66498  5.45533  3.50219  4.20261  4.8999  5.59977  6.29974  7.00048  7.70265  8.40144  9.09993  9.79997  10.502  11.2015  11.9002  12.6013  13.3006  14.0001  14.7024  15.4033  16.1025  16.8006  
1.20426  3.71295  5.79254  5.24797  3.50223  4.20261  4.89989  5.59978  6.2998  7.0005  7.70341  8.40228  9.09989  9.79992  10.5021  11.2015  11.9002  12.6015  13.3005  14.0001  14.703  15.4033  16.1028  16.8014  
1.19268  3.66029  5.68565  5.3057  3.50221  4.2026  4.89989  5.59975  6.29979  7.00049  7.70348  8.40278  9.10002  9.80006  10.5021  11.2015  11.9002  12.6013  13.3006  14.0002  14.7026  15.4033  16.103  16.8011  
1.12718  3.6575  5.84613  5.11993  3.50223  4.20261  4.8999  5.59979  6.29986  7.00047  7.70337  8.40334  9.09994  9.79998  10.5022  11.2015  11.9002  12.6014  13.3005  14.0001  14.703  15.4033  16.1036  16.8021  
1.11311  3.61735  5.76705  5.11978  3.50221  4.2026  4.8999  5.59976  6.29983  7.00045  7.70338  8.40341  9.10002  9.80006  10.5023  11.2015  11.9003  12.6012  13.3005  14.0001  14.7027  15.4032  16.1035  16.8016  
1.05102  3.63432  5.94484  4.85191  3.50224  4.20261  4.89991  5.59979  6.29987  7.00044  7.70321  8.40338  9.09989  9.79991  10.5025  11.2016  11.9003  12.6013  13.3004  13.9999  14.7033  15.4031  16.1036  16.8023  
1.04253  3.57541  5.83263  4.90486  3.50221  4.2026  4.8999  5.59977  6.29985  7.00041  7.7032  8.40341  9.09997  9.8  10.5025  11.2016  11.9003  12.601  13.3005  14  14.7027  15.4031  16.1036  16.8017  
0.986039  3.57363  5.97731  4.69009  3.50223  4.20262  4.89991  5.5998  6.29988  7.00039  7.70301  8.40335  9.09985  9.79986  10.5027  11.2016  11.9004  12.6011  13.3004  13.9998  14.7031  15.4029  16.1037  16.8023  
0.983137  3.49597  5.83199  4.79613  3.5022  4.2026  4.89991  5.59979  6.29985  7.00034  7.70297  8.40334  9.09995  9.79996  10.5028  11.2017  11.9004  12.6009  13.3006  13.9999  14.7022  15.4029  16.1037  16.8016  
0.956071  3.48796  5.85669  4.62958  3.50223  4.20262  4.8999  5.59982  6.29988  7.00034  7.70277  8.40308  9.09983  9.79983  10.5029  11.2017  11.9004  12.6011  13.3005  13.9998  14.7024  15.4027  16.1031  16.8014  
0.985097  3.40909  5.57632  4.78393  3.50222  4.20261  4.89988  5.59981  6.29985  7.00031  7.70274  8.40288  9.09994  9.79994  10.5029  11.2018  11.9003  12.601  13.3006  13.9999  14.7014  15.4026  16.1022  16.8  
1.00302  3.33534  5.50009  4.69676  3.50218  4.2026  4.89982  5.59974  6.29977  7.00032  7.70247  8.40236  9.09982  9.79982  10.5029  11.2018  11.9003  12.6011  13.3007  14  14.7013  15.4026  16.1016  16.7991  
0.962846  3.33386  5.43201  4.68317  3.50223  4.20262  4.89986  5.5998  6.29983  7.00031  7.70257  8.4027  9.09994  9.79993  10.5031  11.2018  11.9003  12.601  13.3005  13.9998  14.701  15.4023  16.1011  16.7987  
0.91157  3.3375  5.56807  4.42807  3.50226  4.20263  4.89986  5.59981  6.29984  7.00033  7.70243  8.40272  9.09982  9.79981  10.5033  11.2018  11.9003  12.6011  13.3003  13.9996  14.7016  15.4023  16.1009  16.799  
0.977418  3.23363  5.1696  4.62868  3.50228  4.20261  4.89981  5.59975  6.29988  7.00034  7.70268  8.40304  9.1  9.80003  10.5031  11.2018  11.9004  12.6007  13.3004  13.9998  14.7012  15.4021  16.1009  16.7992  
0.951713  3.21005  5.25239  4.38971  3.50227  4.2026  4.89978  5.59973  6.29989  7.00033  7.70256  8.4029  9.09987  9.79989  10.5031  11.2018  11.9006  12.6007  13.3004  13.9996  14.7017  15.4021  16.1014  16.8002  
0.989196  3.1275  4.9335  4.54746  3.50227  4.20259  4.89976  5.59969  6.29994  7.00029  7.70267  8.40304  9.10001  9.80005  10.5029  11.2018  11.9008  12.6003  13.3005  13.9999  14.7012  15.402  16.1016  16.8005  
0.935126  3.12523  5.09587  4.26564  3.50226  4.20259  4.89975  5.59969  6.29996  7.00024  7.70243  8.40273  9.09983  9.79985  10.5031  11.2019  11.9009  12.6004  13.3006  13.9998  14.7017  15.402  16.1023  16.8017  
0.944244  3.06399  4.85655  4.38054  3.50224  4.20258  4.89975  5.59969  6.30002  7.00016  7.70242  8.4027  9.09992  9.79994  10.5029  11.2019  11.9011  12.6001  13.3007  14.0001  14.701  15.4018  16.1027  16.8021  
0.834842  3.10729  5.16493  4.02637  3.50222  4.2026  4.89978  5.59974  6.30005  7.00006  7.70197  8.4022  9.09969  9.79966  10.5032  11.202  11.9012  12.6004  13.3007  14  14.7014  15.4018  16.1033  16.8032  
0.788628  3.09163  5.07161  4.06893  3.50221  4.2026  4.89982  5.59979  6.30012  6.99993  7.70177  8.40198  9.09973  9.79966  10.5031  11.202  11.9012  12.6003  13.3009  14.0003  14.7006  15.4015  16.1035  16.8034  
0.670179  3.14469  5.41987  3.67003  3.5022  4.20263  4.89987  5.59987  6.30015  6.99984  7.7013  8.40146  9.09948  9.79935  10.5034  11.2021  11.9013  12.6006  13.3008  14.0002  14.701  15.4014  16.1039  16.8041  
0.604989  3.16066  5.40476  3.61266  3.5022  4.20266  4.89993  5.59996  6.30021  6.9997  7.70101  8.40114  9.09947  9.79927  10.5035  11.2022  11.9014  12.6007  13.3008  14.0002  14.7003  15.4011  16.1035  16.8036  
0.480933  3.23712  5.8089  3.10653  3.5022  4.20271  4.9  5.60006  6.30022  6.99961  7.70051  8.40056  9.09917  9.7989  10.504  11.2023  11.9016  12.6011  13.3006  13.9997  14.7009  15.4009  16.1033  16.8035  
0.470322  3.17138  5.63447  3.19785  3.50221  4.20271  4.9  5.60007  6.30024  6.99955  7.70039  8.40045  9.09925  9.79897  10.504  11.2023  11.9015  12.601  13.3007  13.9999  14.7001  15.4007  16.1026  16.8026  
0.400846  3.16612  5.87928  2.84042  3.50221  4.20274  4.90002  5.60009  6.30021  6.99955  7.70006  8.40007  9.09905  9.79874  10.5043  11.2024  11.9015  12.6014  13.3005  13.9996  14.7006  15.4006  16.102  16.8021  
0.445699  3.01895  5.54519  3.07676  3.50222  4.20271  4.89996  5.60003  6.30019  6.99957  7.70011  8.40015  9.09924  9.79897  10.5043  11.2024  11.9014  12.6011  13.3006  13.9999  14.6998  15.4004  16.1009  16.8007  
0.433299  2.90029  5.572  2.99928  3.50226  4.20271  4.89994  5.59997  6.30009  6.99965  7.69995  8.40007  9.09928  9.79907  10.5046  11.2024  11.9014  12.6014  13.3003  13.9995  14.6997  15.4001  16.0994  16.7989  
0.523248  2.72898  5.13273  3.23416  3.50222  4.20266  4.89985  5.59988  6.30017  6.99966  7.70019  8.4003  9.09942  9.79919  10.5042  11.2024  11.9012  12.6008  13.3009  14.0004  14.6996  15.4003  16.1001  16.8001  
0.579672  2.51212  5.05777  3.2038  3.50224  4.20262  4.89977  5.59974  6.30008  6.99981  7.70028  8.40045  9.09952  9.79937  10.5044  11.2024  11.9013  12.6008  13.3006  14  14.7  15.4003  16.0992  16.7992  
0.747452  2.25272  4.47241  3.48864  3.50219  4.20253  4.89961  5.59956  6.30017  6.99991  7.70082  8.40095  9.09974  9.79959  10.5038  11.2023  11.9011  12.6  13.3014  14.001  14.7003  15.4008  16.1006  16.8014  
0.70192  2.17434  4.62499  3.27562  3.50223  4.20254  4.89961  5.59954  6.30007  6.99997  7.70056  8.40072  9.09968  9.79957  10.5042  11.2024  11.9012  12.6003  13.3009  14.0004  14.7004  15.4004  16.099  16.7994  
0.767744  2.05341  4.26719  3.37779  3.50219  4.20251  4.89953  5.59946  6.30016  6.99997  7.70073  8.40084  9.09975  9.7996  10.5039  11.2024  11.9011  12.5998  13.3015  14.0012  14.7004  15.4007  16.0997  16.8006  
0.68321  2.05959  4.39424  3.17514  3.50218  4.20253  4.89954  5.59951  6.30013  6.99993  7.7003  8.40036  9.09954  9.79932  10.5043  11.2024  11.9008  12.6001  13.3015  14.0012  14.7005  15.4006  16.0983  16.7991  
0.743139  1.93564  4.08238  3.23469  3.50215  4.2025  4.89946  5.59943  6.30019  6.99996  7.70054  8.40054  9.09964  9.79943  10.504  11.2024  11.9008  12.5996  13.3019  14.0018  14.7005  15.4008  16.0993  16.8002  
0.652711  1.93878  4.25538  2.98941  3.50216  4.20252  4.89948  5.59947  6.30013  6.99994  7.70018  8.40012  9.09947  9.79924  10.5044  11.2025  11.9006  12.5999  13.3017  14.0016  14.7005  15.4006  16.0981  16.7986  
0.706746  1.81181  3.98947  3.00634  3.50215  4.2025  4.8994  5.59938  6.30016  6.99999  7.70047  8.40037  9.0996  9.79944  10.504  11.2025  11.9008  12.5995  13.302  14.0018  14.7004  15.4007  16.0993  16.7996  
0.72679  1.85152  3.62193  2.95534  3.50208  4.20244  4.89926  5.59926  6.30014  7.00005  7.70062  8.4003  9.09962  9.79945  10.5039  11.2025  11.9005  12.599  13.3026  14.0027  14.7003  15.4012  16.0997  16.7994  
0.710758  1.74579  3.59756  2.87592  3.50208  4.20238  4.89923  5.59919  6.30014  7.00006  7.70068  8.40039  9.09972  9.79963  10.5038  11.2026  11.9007  12.599  13.3026  14.0026  14.7003  15.4012  16.1008  16.8002  
0.660736  1.80675  3.47156  2.72858  3.50203  4.20229  4.89914  5.5991  6.3001  7.00009  7.70058  8.40016  9.0997  9.79962  10.5039  11.2027  11.9004  12.5989  13.3029  14.0032  14.7004  15.4015  16.1012  16.7996  
0.646683  1.80312  3.33417  2.57539  3.50203  4.20217  4.89906  5.59893  6.3001  7.00013  7.70081  8.40041  9.09994  9.80003  10.5035  11.2027  11.901  12.5986  13.3028  14.0031  14.7004  15.4016  16.1038  16.8016  
0.522142  1.89577  3.54103  2.20619  3.50201  4.20217  4.89908  5.59896  6.30006  7.0001  7.70036  8.39973  9.09969  9.7997  10.5041  11.2029  11.9007  12.5991  13.3027  14.003  14.7006  15.4015  16.1015  16.7999  
0.433571  1.92384  3.7365  1.83115  3.50205  4.20215  4.89909  5.59892  6.30006  7.00007  7.70023  8.39954  9.09968  9.7998  10.5042  11.2029  11.9013  12.5993  13.3022  14.0023  14.7007  15.4012  16.1016  16.8008  
0.312034  2.00643  3.97402  1.41602  3.50208  4.20207  4.89914  5.59888  6.30005  7.00008  7.70041  8.39964  9.09984  9.80015  10.5041  11.203  11.9021  12.5996  13.3016  14.0011  14.7011  15.4013  16.1026  16.8013  
0.298749  1.88722  3.92863  1.34154  3.50212  4.2021  4.89912  5.59885  6.30011  7.00006  7.70012  8.39955  9.09983  9.80015  10.5041  11.203  11.9023  12.5995  13.3016  14.0014  14.7008  15.4008  16.1035  16.8025  
0.252498  1.82255  3.9253  1.22697  3.50215  4.20208  4.89913  5.59882  6.30017  7.00007  7.70014  8.39976  9.09998  9.8004  10.5039  11.203  11.9026  12.5994  13.3015  14.0013  14.7008  15.4007  16.1055  16.8035  
0.314498  1.55608  3.63906  1.45306  3.5022  4.20217  4.89908  5.5988  6.30028  7.00005  7.6997  8.39978  9.09997  9.80029  10.5038  11.2029  11.9023  12.5988  13.302  14.0028  14.7  15.4  16.1073  16.8052  
0.264974  1.47949  3.3531  1.73771  3.50197  4.20218  4.89918  5.59888  6.29986  7.0002  7.70032  8.40031  9.10019  9.80038  10.5043  11.2027  11.9007  12.5996  13.3027  14.0026  14.7007  15.4014  16.1007  16.8  
0.313283  1.29938  3.2681  1.56216  3.50204  4.20223  4.89909  5.59881  6.30015  7.00008  7.69988  8.39987  9.10012  9.80016  10.504  11.2028  11.9013  12.5989  13.3028  14.0035  14.7002  15.4004  16.1052  16.8042  
0.250069  1.30914  3.1834  1.44517  3.50183  4.2022  4.89916  5.59883  6.2999  7.00011  7.70052  8.39994  9.10028  9.80013  10.5044  11.2028  11.9005  12.5996  13.3032  14.0027  14.7012  15.4015  16.1012  16.8014  
0.284688  1.21539  3.29964  0.867987  3.50192  4.2022  4.89903  5.5987  6.30036  6.99988  7.7001  8.39903  9.10015  9.79979  10.5041  11.2031  11.9021  12.5987  13.303  14.003  14.7009  15.4002  16.1084  16.8081  
0.234523  1.16747  3.06243  1.00082  3.50183  4.2022  4.89908  5.59876  6.30003  6.99999  7.70029  8.39919  9.10024  9.79991  10.5047  11.203  11.9011  12.5993  13.3031  14.0024  14.701  15.4009  16.1019  16.8021  
0.389206  0.898665  2.83057  0.740965  3.502  4.2022  4.89883  5.59863  6.30064  6.99975  7.69954  8.39825  9.09979  9.79945  10.504  11.2033  11.9026  12.5977  13.3033  14.0039  14.7003  15.3996  16.1092  16.8092  
0.459105  0.675688  2.24525  1.19113  3.50198  4.2022  4.89876  5.59871  6.30044  6.99984  7.6994  8.39838  9.09956  9.79944  10.5041  11.2032  11.9017  12.5976  13.3039  14.0045  14.6999  15.4003  16.1029  16.8037  
0.25191  0.979227  2.75909  0.222288  3.50208  4.20236  4.89894  5.59865  6.30045  6.99973  7.69916  8.39755  9.09996  9.7995  10.5048  11.2035  11.9026  12.5982  13.301  14.0021  14.6993  15.3985  16.1051  16.804  
0.442779  0.493019  2.15997  0.715457  3.50157  4.20193  4.89865  5.59856  6.30021  6.99984  7.69952  8.39932  9.10005  9.80017  10.5033  11.2032  11.8998  12.5979  13.3059  14.008  14.7026  15.4029  16.1084  16.8081  
0.245032  0.733278  2.35188  0.245999  3.50197  4.20216  4.89877  5.59856  6.30049  6.9997  7.6988  8.39776  9.09994  9.7999  10.5043  11.2035  11.9024  12.5977  13.3012  14.0035  14.7003  15.3995  16.1079  16.8066  
0.277104  0.493449  1.99223  0.543385  3.50162  4.2018  4.89861  5.5985  6.30033  6.99977  7.69923  8.39887  9.10002  9.80045  10.5035  11.2033  11.901  12.5977  13.3036  14.0058  14.7028  15.4027  16.1094  16.8091  
0.135996  0.658913  2.15197  0.0203268  3.50186  4.20188  4.89868  5.59849  6.30055  6.99967  7.69886  8.39792  9.09993  9.80031  10.5041  11.2035  11.903  12.5976  13.3006  14.0026  14.7015  15.4007  16.1096  16.8089  
0.252805  0.195724  1.46803  0.837564  3.50129  4.20144  4.89844  5.59842  6.30023  6.99983  7.69973  8.39991  9.10006  9.80119  10.5025  11.2031  11.9004  12.6042  13.3066  14.0076  14.7055  15.4057  16.112  16.813  
0.196434  0.137828  1.30346  0.834356  3.50132  4.20145  4.89844  5.59841  6.3003  6.99981  7.69981  8.39985  9.10001  9.80136  10.5024  11.2031  11.9011  12.5973  13.3073  14.007  14.7056  15.4057  16.1131  16.8145  
0.1078  0.181114  1.10708  0.789216  3.50124  4.20147  4.89824  5.59816  6.30022  6.99987  7.69987  8.39972  9.10031  9.80205  10.5029  11.2031  11.9013  12.5972  13.3042  14.0066  14.7054  15.4053  16.1135  16.8157  
0.0732617  0.0594769  0.875212  0.893806  3.5012  4.20121  4.89833  5.59833  6.30034  6.99979  7.69996  8.40012  9.09999  9.80196  10.502  11.203  11.9017  12.597  13.308  14.0065  14.7072  15.4071  16.1154  16.8177  
0.0340249  0.244344  0.54564  0.523132  3.50128  4.20212  4.89811  5.59795  6.30007  6.9999  7.69967  8.3992  9.10046  9.80279  10.5033  11.2031  11.9013  12.5969  13.3038  14.006  14.704  15.4038  16.1132  16.816  
0.00682479  0.182949  0.347322  0.410237  3.50146  4.20151  4.8982  5.59817  6.30023  6.99981  7.69913  8.39909  9.1001  9.80279  10.5031  11.203  11.9024  12.5967  13.3088  14.0048  14.7039  15.4038  16.1134  16.8162  
0.0457735  0.138344  0.00260081  0.181961  3.50148  4.20135  4.89818  5.59816  6.30024  6.99976  7.69878  8.3988  9.09993  9.80276  10.503  11.2031  11.9025  12.5964  13.3121  14.0048  14.7038  15.4036  16.1135  16.8164  
