0.5 0 0
4.55645e-73 0.5 0
3.5576e-52 7.85841e-52 0.5
0.464109 0.0179471 0.0179435
0.437845 0.0466108 0.0155438
0.419771 0.0200204 0.0602086
0.405016 0.0831137 0.0118704
0.39233 0.0403587 0.067311
0.38099 0.0743556 0.0446539
0.37057 0.0161732 0.113257
0.360982 0.130335 0.0086834
0.352013 0.0647354 0.0832519
0.343555 0.107571 0.0488739
0.335519 0.030827 0.133654
0.327847 0.139871 0.0322823
0.320515 0.0560901 0.123395
0.313472 0.104932 0.0815958
0.306712 0.012033 0.181255
0.300136 0.193629 0.00623501
0.293781 0.0966676 0.109552
0.287662 0.152648 0.0596902
0.281657 0.0477516 0.170591
0.275811 0.189169 0.0350205
0.27014 0.0790113 0.150849
0.264624 0.139746 0.0956291
0.259418 0.0225525 0.218029
0.253902 0.223031 0.0230663
0.248723 0.102079 0.149198
0.243645 0.168226 0.0881291
0.238681 0.0408233 0.220495
0.233779 0.207987 0.058234
0.228964 0.0762279 0.194808
0.224266 0.146477 0.129257
0.219648 0.00871225 0.27164
0.215068 0.280485 0.00444756
0.210574 0.14019 0.149237
0.206167 0.215782 0.0780511
0.201801 0.0698868 0.228312
0.197518 0.259947 0.0425354
0.19329 0.110222 0.196488
0.189117 0.189446 0.121437
0.185088 0.0342187 0.280694
0.180934 0.294141 0.0249248
0.17692 0.136289 0.186791
0.172962 0.21972 0.107318
0.169041 0.056853 0.274106
0.16516 0.26683 0.0680094
0.161272 0.100561 0.238167
0.15756 0.187279 0.155161
0.153816 0.0162175 0.329967
0.150112 0.333492 0.0163959
0.146389 0.160226 0.193385
0.142815 0.251145 0.10604
0.139134 0.0732961 0.28757
0.135674 0.301706 0.06262
0.132144 0.120705 0.247151
0.128665 0.214683 0.156652
0.125201 0.0292804 0.345519
0.121792 0.336844 0.0413646
0.118411 0.149005 0.232584
0.115045 0.246604 0.138351
0.11172 0.0545244 0.333756
0.1084 0.29982 0.0917802
0.105123 0.104885 0.289992
0.101778 0.20533 0.192892
0.0987315 0.005856 0.395413
0.095451 0.40139 0.00315932
0.0922298 0.2007 0.207071
0.0891065 0.304958 0.105936
0.0859661 0.100259 0.313775
0.0828862 0.361716 0.0553979
0.0797749 0.154293 0.265932
0.0767354 0.26123 0.162035
0.0737501 0.0498554 0.376394
0.0707197 0.399107 0.0301735
0.0677334 0.185731 0.246536
0.0647583 0.295848 0.139394
0.06181 0.0787226 0.359467
0.05888 0.35496 0.0861604
0.0557516 0.135356 0.308893
0.0528783 0.248 0.199121
0.0502113 0.024493 0.425296
0.0473385 0.434995 0.0176669
0.044483 0.209964 0.245552
0.0415802 0.325904 0.132516
0.0387787 0.0972819 0.363939
0.0360974 0.387803 0.0760993
0.033196 0.156809 0.309995
0.0304904 0.275094 0.194415
0.0278358 0.0405709 0.431593
0.0251165 0.426673 0.0482101
0.0220197 0.190441 0.287539
0.0196308 0.311487 0.168882
0.0169836 0.0716939 0.411322
0.0143708 0.375604 0.110025
0.0115778 0.133532 0.35489
0.00907258 0.256968 0.23396
0.00647927 0.0115585 0.481962
0.0038771 0.484537 0.0115854
0.00128716 0.237668 0.261045
