1 4.38318e-14
0.999949 0.0101
0.999792 0.0204038
0.999522 0.0309056
0.999133 0.0416302
0.998618 0.0525546
0.997969 0.0636968
0.997179 0.0750564
0.996241 0.0866272
0.995145 0.098416
0.993884 0.110431
0.992449 0.122659
0.990831 0.135109
0.98902 0.147785
0.987007 0.160674
0.984784 0.173783
0.982339 0.187111
0.979663 0.200652
0.976745 0.214402
0.973575 0.228367
0.970143 0.242532
0.966441 0.256889
0.962452 0.271452
0.958168 0.286205
0.953583 0.301131
0.948684 0.316226
0.943462 0.33148
0.937904 0.346895
0.932005 0.362445
0.925755 0.378125
0.919147 0.393915
0.91217 0.409812
0.904819 0.425797
0.897092 0.441843
0.888977 0.457953
0.880473 0.474096
0.871575 0.490262
0.862286 0.506422
0.852602 0.522561
0.842523 0.538661
0.832056 0.554691
0.821189 0.570657
0.809943 0.586509
0.798316 0.602238
0.78632 0.617819
0.773957 0.633238
0.761242 0.648468
0.748188 0.663487
0.734802 0.678282
0.721107 0.692823
0.707108 0.707105
0.692826 0.721105
0.67828 0.734803
0.663488 0.748187
0.648467 0.761243
0.633239 0.773957
0.617822 0.786318
0.602237 0.798317
0.586509 0.809942
0.570657 0.821189
0.554699 0.832051
0.538658 0.842525
0.522561 0.852602
0.506423 0.862285
0.490262 0.871575
0.474095 0.880474
0.457953 0.888976
0.441849 0.897089
0.425797 0.904819
0.409812 0.91217
0.393919 0.919145
0.378125 0.925754
0.362444 0.932005
0.346882 0.937909
0.331481 0.943462
0.316225 0.948684
0.301131 0.953583
0.286198 0.958171
0.271455 0.962451
0.256901 0.966438
0.242532 0.970143
0.228369 0.973575
0.214407 0.976744
0.20065 0.979663
0.187107 0.98234
0.173785 0.984784
0.160672 0.987008
0.147784 0.98902
0.135111 0.99083
0.122659 0.992449
0.11043 0.993884
0.0984201 0.995145
0.0866259 0.996241
0.0750541 0.997179
0.063699 0.997969
0.0525583 0.998618
0.0416284 0.999133
0.0309124 0.999522
0.0204013 0.999792
0.010099 0.999949
