0.5 0 0
0.450007 0.0249975 0.0249953
0.429317 0.0530184 0.0176651
0.413403 0.0216421 0.0649548
0.400008 0.0874943 0.0124977
0.388206 0.0419158 0.0698781
0.377527 0.0765447 0.0459282
0.367729 0.016518 0.115753
0.358589 0.132581 0.00882966
0.350017 0.0656195 0.0843637
0.341892 0.108698 0.0494101
0.334175 0.0310824 0.134743
0.326803 0.140722 0.0324747
0.319898 0.0560909 0.124011
0.312927 0.105231 0.0818427
0.306359 0.0121015 0.18154
0.300003 0.193748 0.00624914
0.293848 0.0966353 0.109517
0.287883 0.152475 0.0596419
0.282056 0.0476708 0.170273
0.276395 0.188666 0.0349387
0.270921 0.0786822 0.150397
0.265478 0.13925 0.0952717
0.260208 0.0224767 0.217315
0.255062 0.221996 0.0229416
0.25001 0.101548 0.148442
0.245047 0.167312 0.087641
0.240187 0.0405944 0.219218
0.235315 0.206785 0.0579002
0.230707 0.0757382 0.193555
0.226033 0.145545 0.128422
0.22156 0.00870102 0.269738
0.21716 0.278429 0.00441093
0.212748 0.139131 0.148121
0.208459 0.214108 0.0774324
0.204184 0.0693081 0.226508
0.199996 0.257818 0.0421867
0.195867 0.109302 0.194831
0.191766 0.187844 0.120389
0.187767 0.0341528 0.27808
0.183765 0.29153 0.0247053
0.179839 0.135068 0.185093
0.175967 0.217724 0.10631
0.172138 0.0563285 0.271533
0.168343 0.264294 0.0673634
0.164606 0.0995329 0.235861
0.160805 0.185494 0.153701
0.157243 0.0159798 0.326777
0.153588 0.330184 0.0162288
0.149985 0.158594 0.191421
0.146365 0.248647 0.104988
0.142931 0.0725146 0.284554
0.13944 0.298598 0.061962
0.135999 0.119425 0.244576
0.132581 0.212408 0.155011
0.129291 0.0285751 0.342134
0.125835 0.333252 0.0409125
0.122485 0.147463 0.230052
0.119186 0.243955 0.136859
0.115939 0.0540085 0.330053
0.112699 0.296526 0.0907749
0.109444 0.10374 0.286816
0.106301 0.203006 0.190694
0.103135 0.00617928 0.390686
0.0999992 0.396877 0.00312396
0.0968358 0.198409 0.204755
0.0937933 0.30148 0.104727
0.0907318 0.0991222 0.310146
0.0876487 0.35759 0.054761
0.0846381 0.15251 0.262852
0.0816715 0.258198 0.160131
0.0785414 0.0493843 0.372074
0.0757268 0.394456 0.0298169
0.0728534 0.183311 0.243836
0.0698839 0.292345 0.137772
0.06692 0.0778115 0.355268
0.064104 0.350757 0.0851386
0.0612384 0.133683 0.305079
0.0584089 0.244946 0.196645
0.0555847 0.0238561 0.420559
0.0527634 0.429773 0.0174636
0.0498939 0.207466 0.242641
0.0472264 0.321895 0.130879
0.0444651 0.0960899 0.359445
0.0417421 0.383079 0.0751788
0.0385807 0.155004 0.306415
0.0361991 0.271756 0.192045
0.0336242 0.0400498 0.426326
0.0309503 0.42142 0.0476301
0.0282326 0.187968 0.283799
0.025665 0.307588 0.166747
0.0230321 0.0707474 0.406221
0.0203996 0.370939 0.108661
0.0178002 0.131849 0.350351
0.015232 0.253751 0.231016
0.0123274 0.0114297 0.476243
0.0100788 0.478447 0.0114738
0.00747046 0.234721 0.257809
0.0050231 0.359635 0.135342
0.00238025 0.112724 0.384896
