1 2.59051e-27
6.12323e-17 1
0.999987 0.00512749
0.999879 0.0155416
0.999658 0.0261689
0.999315 0.0370116
0.998844 0.0480683
0.998237 0.0593533
0.997486 0.0708585
0.996584 0.0825879
0.99552 0.0945462
0.994288 0.106732
0.992877 0.119145
0.991278 0.131788
0.989481 0.144661
0.987477 0.157762
0.985255 0.171091
0.982805 0.184648
0.980116 0.198427
0.977177 0.212429
0.973976 0.226649
0.970505 0.241081
0.966751 0.255721
0.962702 0.270564
0.958349 0.285601
0.95368 0.300824
0.948683 0.316228
0.94335 0.331799
0.93767 0.347528
0.931632 0.363402
0.925229 0.37941
0.91845 0.395536
0.911289 0.411767
0.903738 0.428086
0.895791 0.444475
0.887442 0.460919
0.878688 0.477397
0.869525 0.493888
0.859951 0.510376
0.849966 0.526838
0.839571 0.54325
0.828767 0.559594
0.817558 0.575846
0.805951 0.591982
0.793952 0.607981
0.781567 0.623821
0.76881 0.639478
0.755689 0.65493
0.742217 0.670159
0.728412 0.68514
0.714285 0.699855
0.699855 0.714285
0.68514 0.728411
0.670159 0.742217
0.654933 0.755687
0.639478 0.768809
0.623822 0.781567
0.60798 0.793952
0.591979 0.805953
0.575845 0.817559
0.559594 0.828767
0.543252 0.83957
0.526837 0.849966
0.510377 0.859951
0.493888 0.869525
0.477397 0.878688
0.460919 0.887442
0.444476 0.895791
0.428086 0.903738
0.411763 0.911291
0.395534 0.918451
0.37941 0.925229
0.3634 0.931633
0.347528 0.93767
0.331799 0.94335
0.316228 0.948683
0.300825 0.953679
0.285601 0.958349
0.270564 0.962702
0.255721 0.966751
0.241081 0.970505
0.226649 0.973977
0.212429 0.977177
0.198426 0.980116
0.184648 0.982805
0.171091 0.985255
0.157761 0.987477
0.14466 0.989481
0.131788 0.991278
0.119145 0.992877
0.106731 0.994288
0.0945463 0.99552
0.0825898 0.996584
0.0708585 0.997486
0.0593541 0.998237
0.0480727 0.998844
0.0370116 0.999315
0.0261687 0.999658
0.0155386 0.999879
0.00512808 0.999987
