1 3.59097e-13
6.12323e-17 1
0.999987 0.00512803
0.999879 0.015541
0.999658 0.0261639
0.999315 0.0370104
0.998844 0.0480701
0.998237 0.0593534
0.997486 0.0708595
0.996584 0.082587
0.995521 0.0945443
0.994288 0.10673
0.992877 0.119145
0.991278 0.131788
0.989482 0.144659
0.987477 0.157762
0.985255 0.171092
0.982805 0.184647
0.980116 0.198426
0.977177 0.212427
0.973977 0.226647
0.970505 0.241082
0.966752 0.255717
0.962703 0.270559
0.958349 0.285599
0.95368 0.300823
0.948684 0.316227
0.94335 0.331798
0.93767 0.347527
0.931633 0.363402
0.925229 0.379408
0.918451 0.395534
0.911289 0.411767
0.903738 0.428086
0.895796 0.444466
0.887441 0.460921
0.878687 0.477397
0.869523 0.493892
0.85995 0.510378
0.849969 0.526832
0.83957 0.543251
0.828767 0.559593
0.81756 0.575843
0.805952 0.591981
0.79395 0.607983
0.781571 0.623816
0.768811 0.639476
0.75569 0.654929
0.742218 0.670159
0.728412 0.68514
0.714284 0.699856
0.699856 0.714284
0.685139 0.728413
0.67016 0.742217
0.654929 0.755691
0.639478 0.76881
0.623822 0.781567
0.60798 0.793952
0.591979 0.805953
0.575845 0.817559
0.559594 0.828767
0.543251 0.83957
0.526838 0.849966
0.510375 0.859952
0.493887 0.869526
0.477396 0.878688
0.460915 0.887444
0.444475 0.895791
0.428088 0.903737
0.411765 0.91129
0.395535 0.918451
0.379406 0.92523
0.363402 0.931632
0.347528 0.93767
0.331794 0.943352
0.316226 0.948684
0.300821 0.953681
0.285599 0.958349
0.270559 0.962703
0.25572 0.966751
0.241081 0.970505
0.22665 0.973976
0.212429 0.977176
0.198428 0.980116
0.184643 0.982806
0.171091 0.985255
0.157758 0.987478
0.14466 0.989481
0.131785 0.991278
0.119145 0.992877
0.106728 0.994288
0.0945453 0.995521
0.0825892 0.996584
0.0708588 0.997486
0.0593527 0.998237
0.0480725 0.998844
0.0370106 0.999315
0.0261648 0.999658
0.0155419 0.999879
0.00512651 0.999987
