3.55946 7.72124e-09 8.45372e-09
0.998469 3.52539e-05 0.0553124
0.99246 0.122602 0.00931964
0.987895 0.000117799 0.155124
0.97711 0.213718 0.0266427
0.984193 6.82138e-05 0.1771
0.980518 0.198805 0.0558691
0.953857 6.47389e-05 0.300265
0.938079 0.346849 0.0188546
0.972159 7.41623e-05 0.234324
0.953039 0.303018 0.0705927
0.927459 8.02367e-05 0.373924
0.918636 0.395587 0.0788461
0.932404 0.000110873 0.361418
0.947846 0.318757 0.00589959
0.860289 1.83447e-05 0.509807
0.841967 0.543763 0.0174986
0.937042 3.52172e-05 0.349218
0.88379 0.468084 0.05429
0.856111 8.62311e-05 0.516793
0.825933 0.563787 0.00567616
0.874328 2.03443e-05 0.485336
0.885581 0.464496 0.107782
0.767551 4.3144e-06 0.640988
0.754486 0.656658 0.0466887
0.859862 8.6611e-05 0.510527
0.825878 0.56388 0.0529295
0.738628 2.3654e-07 0.674114
0.751466 0.659775 0.0800248
0.766196 1.60214e-05 0.642607
0.840987 0.541059 0.0583853
0.634855 7.49075e-05 0.772631
0.615151 0.788699 0.00881244
0.820759 3.25487e-06 0.571276
0.697662 0.716585 0.0724808
0.669624 4.99494e-05 0.742701
0.61298 0.790175 0.119292
0.70896 0.000128913 0.705248
0.71451 0.699766 0.0774571
0.559558 4.44782e-05 0.828791
0.533454 0.846229 0.0211527
0.696868 8.99269e-05 0.717199
0.628643 0.777797 0.0799844
0.535412 5.00752e-05 0.844591
0.537233 0.843472 0.116637
0.572285 6.07085e-05 0.820055
0.655337 0.755427 0.105662
0.433622 3.72624e-05 0.901095
0.421777 0.90674 0.0187714
0.616827 7.71745e-05 0.7871
0.507594 0.86164 0.0895452
0.44883 4.45612e-05 0.893617
0.423187 0.906157 0.16242
0.485975 4.81165e-05 0.873973
0.529496 0.848373 0.123569
0.353503 3.9448e-05 0.935434
0.35327 0.935569 0.0305598
0.470057 4.51147e-05 0.882636
0.439071 0.898482 0.127
0.331426 3.87333e-05 0.943481
0.355282 0.934826 0.0611064
0.356676 3.75404e-05 0.934228
0.463889 0.885897 0.0687586
0.255222 4.5573e-05 0.966883
0.243066 0.970577 0.00513079
0.427802 4.02938e-05 0.903873
0.297074 0.954878 0.0172224
0.280771 4.12011e-05 0.959775
0.238189 0.971222 0.00461745
0.306565 2.94664e-05 0.95185
0.301583 0.953476 0.190363
0.206983 4.54952e-05 0.978345
0.18857 0.982078 0.0300849
0.286251 2.97945e-05 0.958155
0.232498 0.972618 0.0125831
0.185317 3.38699e-05 0.982679
0.179798 0.983727 0.0265717
0.19685 3.43503e-05 0.980434
0.231965 0.972736 0.00906866
0.131096 2.82426e-05 0.99137
0.121916 0.992552 0.017309
0.201823 4.90887e-05 0.979423
0.145178 0.98945 0.021403
1.61804e-06 0.166607 0.986023
0.10831 0.994138 0.0267199
1.61804e-06 0.166607 0.986023
0.132492 0.991249 0.0280755
0.0786339 2.65692e-05 0.996904
0.0732476 0.997327 0.013174
1.61804e-06 0.166607 0.986023
0.0830813 0.996557 0.0470075
1.61804e-06 0.166607 0.986023
0.0549557 0.998502 0.00743323
1.61804e-06 0.166607 0.986023
0.0599173 0.998217 0.00278815
0.0265049 7.2018e-06 0.999649
0.0209019 0.999806 0.00386096
1.61804e-06 0.166607 0.986023
0.0134376 0.999913 0.012273
1.61804e-06 0.166607 0.986023
