1.00716 5.44904e-07
0.983546 0.00889526
0.96367 0.0190587
0.945536 0.0290375
0.926503 0.0382672
0.909203 0.0477086
0.890598 0.0568147
0.873994 0.0656282
0.858114 0.0744301
0.840957 0.0831598
0.826468 0.0915617
0.811253 0.099875
0.796025 0.108476
0.781511 0.11672
0.767331 0.124652
0.75329 0.132803
0.739696 0.140784
0.725956 0.148385
0.712882 0.156352
0.699917 0.164056
0.68773 0.17157
0.67455 0.179213
0.662503 0.186804
0.650446 0.194029
0.638556 0.201581
0.626996 0.208793
0.615402 0.216131
0.604154 0.223352
0.593182 0.230592
0.582146 0.237661
0.571315 0.244484
0.560584 0.251521
0.5501 0.258727
0.539732 0.265764
0.529524 0.272608
0.519485 0.279599
0.509569 0.286561
0.499794 0.293392
0.490096 0.300197
0.480566 0.306975
0.471087 0.313905
0.461741 0.320751
0.452541 0.32752
0.443386 0.334381
0.434398 0.341237
0.425434 0.347977
0.416582 0.354755
0.40781 0.361592
0.399184 0.368328
0.390583 0.375142
0.38221 0.382072
0.373769 0.388824
0.365515 0.395808
0.357303 0.402662
0.349126 0.409526
0.341061 0.416626
0.33303 0.423518
0.325051 0.430602
0.317126 0.437454
0.309219 0.444366
0.301409 0.451655
0.293568 0.458934
0.285889 0.466088
0.278191 0.473172
0.270594 0.480795
0.262983 0.487578
0.255449 0.495341
0.247882 0.502628
0.240321 0.510305
0.232806 0.517749
0.225369 0.52556
0.217972 0.533421
0.210632 0.5413
0.203309 0.549344
0.195981 0.557431
0.188691 0.565687
0.181463 0.574215
0.174194 0.582727
0.166994 0.591598
0.159761 0.600566
0.152552 0.609683
0.145335 0.619036
0.138103 0.62855
0.130873 0.638366
0.12366 0.648523
0.116399 0.65896
0.109152 0.669751
0.101843 0.680999
0.0945701 0.69262
0.0871941 0.704896
0.0798617 0.717652
0.0723998 0.731177
0.0648994 0.745446
0.0573129 0.760786
0.049733 0.777288
0.0419324 0.795582
0.0341077 0.81582
0.0260378 0.839798
0.0178287 0.868381
0.00926195 0.907991
