1.05854 9.77228e-07
0.98146 0.0097591
0.963192 0.0194598
0.945426 0.0285828
0.925705 0.0385019
0.909691 0.0477896
0.891235 0.0567239
0.874019 0.0656175
0.85839 0.0745174
0.841122 0.0830956
0.826878 0.0917129
0.81089 0.100111
0.795964 0.108166
0.781791 0.116414
0.767155 0.12464
0.753127 0.132569
0.739508 0.140625
0.725847 0.148368
0.712695 0.156151
0.700032 0.163862
0.687006 0.171506
0.674482 0.179022
0.662338 0.186509
0.650309 0.193857
0.638651 0.201344
0.626963 0.208628
0.615484 0.215915
0.60406 0.223052
0.592968 0.230255
0.58186 0.237282
0.57135 0.24445
0.560503 0.251441
0.550242 0.258481
0.539759 0.265476
0.529743 0.272456
0.51966 0.279373
0.509788 0.286251
0.499973 0.293148
0.490282 0.299949
0.480795 0.306855
0.471437 0.313703
0.462096 0.320334
0.452866 0.327237
0.443732 0.333979
0.434643 0.340826
0.425725 0.347631
0.41692 0.354446
0.408226 0.361237
0.399596 0.368016
0.391084 0.374821
0.382585 0.381598
0.374215 0.388491
0.365836 0.395339
0.357583 0.402235
0.349375 0.40915
0.341234 0.415964
0.333186 0.422919
0.325146 0.429892
0.317215 0.436869
0.309321 0.443931
0.301494 0.450994
0.293718 0.458103
0.285996 0.465263
0.278331 0.472493
0.270718 0.479782
0.263134 0.487096
0.255635 0.494546
0.24813 0.502078
0.240708 0.509484
0.233292 0.517344
0.225916 0.524978
0.21855 0.532876
0.211198 0.540731
0.203846 0.548729
0.196517 0.556873
0.189231 0.565201
0.18191 0.573589
0.17466 0.582222
0.167508 0.591012
0.160299 0.599964
0.153088 0.609077
0.145799 0.618417
0.138594 0.62793
0.131363 0.637753
0.124179 0.647803
0.116965 0.658206
0.109705 0.668935
0.102446 0.68008
0.0951482 0.691653
0.0877919 0.703781
0.0804288 0.716469
0.0730204 0.729915
0.0655488 0.744278
0.0579755 0.759299
0.0503586 0.775903
0.0425924 0.793881
0.0347344 0.813893
0.0267014 0.837197
0.0184624 0.864904
0.00985507 0.902144
