1 8.10135e-11
0.980503 0.00986311
0.961593 0.0195875
0.943034 0.0290561
0.925005 0.038498
0.907337 0.0476884
0.89017 0.0567589
0.873367 0.065741
0.857023 0.0744692
0.841058 0.0831649
0.825426 0.0916833
0.81019 0.10008
0.795238 0.108416
0.780645 0.116608
0.766326 0.124729
0.75232 0.132762
0.738626 0.140649
0.72516 0.148527
0.711998 0.156274
0.699062 0.163976
0.686378 0.171598
0.673925 0.179144
0.661697 0.186631
0.649673 0.194061
0.637845 0.20143
0.626221 0.208738
0.614799 0.216002
0.603511 0.223219
0.592435 0.230384
0.581512 0.237516
0.570741 0.244602
0.56013 0.251659
0.549677 0.258672
0.53937 0.265655
0.529195 0.272617
0.519155 0.279544
0.509248 0.286444
0.499456 0.293333
0.489796 0.300194
0.480246 0.30704
0.470812 0.313876
0.461487 0.320699
0.452279 0.32751
0.443165 0.334325
0.434161 0.341126
0.425251 0.347932
0.416426 0.354734
0.407689 0.361539
0.399041 0.368347
0.390468 0.375166
0.381995 0.381992
0.373596 0.388829
0.365264 0.395706
0.357005 0.402578
0.348817 0.40948
0.340686 0.416391
0.332629 0.423337
0.324625 0.430317
0.316685 0.437324
0.308795 0.444362
0.30097 0.451456
0.293189 0.458578
0.285469 0.465766
0.277785 0.472991
0.27016 0.480285
0.262569 0.487624
0.255024 0.495048
0.24751 0.502529
0.240043 0.510095
0.2326 0.517742
0.225205 0.525477
0.217825 0.533318
0.210488 0.541255
0.203164 0.549308
0.195868 0.557469
0.188588 0.565764
0.181329 0.574204
0.17408 0.582808
0.166855 0.591576
0.159635 0.60053
0.152421 0.609688
0.145203 0.619077
0.137987 0.628707
0.130796 0.638611
0.123483 0.648817
0.116268 0.65935
0.108898 0.670255
0.101791 0.681561
0.0944189 0.693329
0.0871756 0.705607
0.0795496 0.718482
0.072 0.732043
0.064676 0.746445
0.0569571 0.761866
0.0494935 0.778539
0.0415536 0.796844
0.0337131 0.817354
0.0255627 0.84111
0.0172777 0.870327
0.00782137 0.913379
