1 9.98343e-11
0.980442 0.00988931
0.961395 0.0195776
0.942826 0.0291557
0.924752 0.0385175
0.907115 0.0477254
0.889937 0.056766
0.873139 0.0657159
0.856812 0.074493
0.840869 0.0831394
0.825267 0.0916961
0.810019 0.100106
0.795094 0.108412
0.780503 0.11663
0.766223 0.124734
0.752291 0.132737
0.738564 0.140677
0.725175 0.148525
0.711997 0.156289
0.699079 0.163981
0.686378 0.1716
0.67393 0.179141
0.661713 0.186633
0.649679 0.19406
0.637876 0.201434
0.626239 0.208734
0.614807 0.216013
0.603529 0.223222
0.592451 0.230402
0.581525 0.237511
0.570772 0.244616
0.560144 0.251655
0.549692 0.258679
0.539367 0.265658
0.529196 0.272625
0.519161 0.279549
0.509252 0.286467
0.499485 0.293343
0.489833 0.300216
0.480279 0.307071
0.470859 0.313905
0.461538 0.320732
0.452324 0.327547
0.443214 0.334354
0.434194 0.341152
0.425271 0.347943
0.416438 0.354742
0.407694 0.361541
0.399044 0.368349
0.390475 0.375159
0.381987 0.381991
0.373578 0.388825
0.36525 0.395678
0.356983 0.402556
0.348793 0.40945
0.340667 0.416371
0.332608 0.423317
0.324606 0.430297
0.316668 0.437306
0.308788 0.44436
0.300962 0.451441
0.293192 0.458571
0.285466 0.465757
0.277791 0.472996
0.270161 0.480293
0.262576 0.48764
0.255032 0.495054
0.247521 0.502545
0.240052 0.510106
0.232611 0.517758
0.225208 0.525486
0.217836 0.533315
0.210486 0.541251
0.203167 0.5493
0.195863 0.557476
0.188591 0.565781
0.181335 0.57423
0.174088 0.582831
0.16686 0.591594
0.159637 0.600548
0.152421 0.609695
0.14521 0.619068
0.137994 0.628679
0.13078 0.638553
0.123561 0.648714
0.116327 0.6592
0.109064 0.670059
0.101771 0.681313
0.094494 0.693041
0.0871318 0.705292
0.0797561 0.718146
0.0723063 0.731703
0.0647678 0.746074
0.0572799 0.761453
0.049518 0.778105
0.0418848 0.796382
0.0340324 0.816917
0.0259473 0.841048
0.0174183 0.873028
0.00815349 0.919149
