1.01666 4.37862e-08
3.09877e-12 1
0.996631 0.00462291
0.985975 0.0146058
0.975466 0.024761
0.964981 0.0351452
0.954653 0.0455852
0.944438 0.0558923
0.934213 0.0661052
0.92404 0.0762634
0.913925 0.0865186
0.903656 0.096645
0.893389 0.1071
0.883202 0.11713
0.872904 0.127353
0.862743 0.137767
0.852367 0.147914
0.842122 0.158175
0.831861 0.168195
0.821573 0.17851
0.811409 0.188795
0.801163 0.198995
0.791014 0.208993
0.780726 0.219275
0.770504 0.229497
0.760199 0.239801
0.75 0.25
0.75 0.25
0.75 0.25
0.75 0.25
0.75 0.25
0.75 0.25
0.75 0.25
0.75 0.25
0.75 0.25
0.75 0.25
0.75 0.25
0.75 0.25
0.75 0.25
0.75 0.25
0.75 0.25
0.5 0.5
0.5 0.5
0.5 0.5
0.5 0.5
0.5 0.5
0.5 0.5
0.5 0.5
0.5 0.5
0.5 0.5
0.5 0.5
0.494832 0.505168
0.484691 0.515309
0.474456 0.525547
0.464293 0.535726
0.454063 0.546001
0.443907 0.556192
0.433722 0.566396
0.423569 0.576661
0.413238 0.586857
0.403064 0.597116
0.392839 0.607257
0.382659 0.617398
0.372481 0.627614
0.362272 0.637821
0.352024 0.648032
0.341838 0.658216
0.33167 0.66846
0.321452 0.678681
0.311257 0.688857
0.300959 0.699121
0.290783 0.70927
0.280528 0.719492
0.270335 0.729668
0.260142 0.739859
0.25 0.75
0.25 0.75
0.25 0.75
0.25 0.75
0.25 0.75
3.09877e-12 1
3.09877e-12 1
3.09877e-12 1
3.09877e-12 1
3.09877e-12 1
3.09877e-12 1
3.09877e-12 1
3.09877e-12 1
3.09877e-12 1
3.09877e-12 1
3.09877e-12 1
3.09877e-12 1
3.09877e-12 1
3.09869e-12 1
3.09877e-12 1
3.09877e-12 1
3.1016e-12 1
3.1016e-12 1
3.10168e-12 1
3.10168e-12 1
