1.02911 4.38776e-07
0.991411 0.00975292
0.985275 0.0186363
0.971583 0.0298674
0.962269 0.0399006
0.952361 0.049745
0.941708 0.0596027
0.930423 0.0699359
0.920209 0.079917
0.910791 0.0899487
0.901503 0.100004
0.893506 0.110211
0.881517 0.120016
0.870755 0.129932
0.861098 0.139959
0.850721 0.1499
0.840706 0.159702
0.830417 0.169848
0.820375 0.179822
0.810343 0.189809
0.800273 0.199773
0.790366 0.209789
0.781226 0.219977
0.77099 0.229927
0.760446 0.239775
0.750829 0.24984
0.740402 0.259736
0.730777 0.269748
0.720461 0.279714
0.710452 0.289713
0.700454 0.299699
0.690474 0.309688
0.680408 0.319649
0.670478 0.329665
0.660501 0.339661
0.650442 0.349611
0.640463 0.359609
0.630463 0.369593
0.620493 0.379594
0.610543 0.389589
0.600534 0.39958
0.590538 0.409571
0.580543 0.419555
0.570571 0.429559
0.560558 0.43953
0.550554 0.449513
0.540556 0.459491
0.530568 0.469478
0.52061 0.479497
0.510606 0.489472
0.500616 0.49946
0.490625 0.509448
0.480622 0.519423
0.470641 0.52942
0.460643 0.539399
0.450655 0.549385
0.440663 0.559374
0.430673 0.569363
0.420688 0.579355
0.410697 0.58934
0.400707 0.599347
0.39072 0.609313
0.380726 0.619304
0.370734 0.629286
0.360743 0.639266
0.350754 0.649255
0.340776 0.659278
0.330777 0.669233
0.320785 0.679234
0.310795 0.689223
0.30081 0.699196
0.290826 0.709205
0.280824 0.71919
0.270849 0.729179
0.260861 0.739158
0.250854 0.749152
0.240864 0.759141
0.230879 0.769125
0.220903 0.779102
0.21091 0.789095
0.200921 0.79908
0.190913 0.809088
0.180941 0.81906
0.170944 0.829059
0.16097 0.83903
0.150976 0.849024
0.140988 0.859012
0.130999 0.869002
0.121017 0.878983
0.111026 0.888974
0.101035 0.898965
0.0910413 0.908959
0.0810616 0.918938
0.0710729 0.928927
0.0610815 0.938919
0.0510922 0.948908
0.0411088 0.958891
0.031115 0.968885
0.0211292 0.978871
0.0111437 0.988856
