1.03251 2.1902e-06 3.49648e-06
1.26012e-05 1.12369 1.2634e-05
3.02713e-07 4.42628e-07 1.28163
0.998599 0.0383173 0.0367992
0.993946 0.105402 0.0348778
0.988999 0.0465793 0.141211
0.979506 0.200654 0.02616
0.98092 0.100056 0.16712
0.975732 0.189311 0.112533
0.955919 0.0414822 0.291282
0.941205 0.338957 0.0121618
0.95885 0.17554 0.224995
0.946431 0.295529 0.133928
0.926265 0.0807132 0.369018
0.917398 0.391165 0.0853077
0.921939 0.157684 0.354859
0.922741 0.306328 0.23859
0.861191 0.00455499 0.508844
0.841247 0.542383 0.00150642
0.897559 0.294351 0.331153
0.871861 0.462376 0.176499
0.847658 0.141665 0.513419
0.823073 0.562388 0.0997363
0.847567 0.246175 0.471806
0.844675 0.445377 0.30482
0.763775 0.0643805 0.643097
0.751321 0.660225 0.0547083
0.811746 0.331711 0.483812
0.791646 0.545456 0.285403
0.729647 0.124045 0.673889
0.73897 0.657452 0.178285
0.742761 0.242588 0.632661
0.757465 0.491891 0.435863
0.628617 0.00268879 0.777909
0.608786 0.793803 0.00652268
0.721631 0.477804 0.505741
0.672906 0.704281 0.240148
0.649286 0.205805 0.734814
0.602405 0.792606 0.127755
0.655764 0.37379 0.664881
0.644719 0.645985 0.414042
0.548334 0.0941858 0.832029
0.524204 0.852145 0.00631521
0.61085 0.468453 0.644649
0.578559 0.736794 0.357476
0.52022 0.142476 0.844003
0.516076 0.833849 0.20274
0.531517 0.331166 0.785072
0.545574 0.649144 0.537533
0.422217 2.61979e-05 0.906497
0.410447 0.912827 0.0257054
0.503391 0.557799 0.673509
0.468243 0.823481 0.34099
0.426971 0.21848 0.881724
0.404942 0.900707 0.184303
0.434427 0.394573 0.813545
0.43599 0.730439 0.533641
0.338607 0.0722322 0.938679
0.340057 0.940662 0.0135085
0.398831 0.49029 0.784095
0.375919 0.816565 0.457834
0.311373 0.151413 0.940138
0.328218 0.910943 0.266229
0.323992 0.315666 0.894864
0.322346 0.696644 0.654539
0.241872 1.69341e-05 0.970309
0.231127 0.973424 0.00416861
0.304937 0.669117 0.690704
0.263049 0.916091 0.316835
0.247532 0.290823 0.932641
0.218605 0.968422 0.145834
0.236857 0.490731 0.84679
0.244187 0.832291 0.512173
0.186061 0.124087 0.976177
0.173018 0.983586 0.0666707
0.214441 0.588263 0.785712
0.188255 0.894344 0.420888
0.164564 0.210182 0.966382
0.157264 0.964393 0.233446
0.163512 0.395873 0.909417
0.107445 0.780035 0.626202
0.116936 1.01682e-05 0.99314
0.107363 0.994249 0.00241994
0.13458 0.647083 0.757146
0.111178 0.926182 0.372324
0.0909709 0.256103 0.966151
0.0741038 0.980939 0.19083
0.02414 0.452436 0.896838
0.0905127 0.817684 0.577162
0.063389 0.0539748 0.996602
0.0582253 0.993002 0.11189
0.020584 0.552635 0.83438
0.0149469 0.882816 0.476209
0.0335747 0.169716 0.985603
0.011617 0.9623 0.276877
0.0287952 0.353 0.941721
0.0162184 0.741328 0.675062
0.0125062 0.000269876 0.999923
0.000361955 1 0.000732047
0.00354787 0.673328 0.742722
