1.00911 6.29549e-07 1.09705e-06
3.31135e-06 1.07152 5.74236e-06
4.43404e-08 1.31932e-08 1.22285
0.998591 0.0383524 0.0378731
0.993904 0.105535 0.0348987
0.989007 0.0470556 0.140723
0.979495 0.200711 0.0268169
0.980779 0.100949 0.1677
0.975452 0.189586 0.11316
0.956405 0.000312615 0.292047
0.941147 0.338841 0.00218257
0.959031 0.175499 0.224616
0.946867 0.296062 0.134653
0.925819 0.0847507 0.368844
0.917632 0.390927 0.0878752
0.922479 0.161416 0.353342
0.921837 0.308077 0.239785
0.860888 0.000208295 0.508805
0.840562 0.542285 0.00993688
0.897332 0.294545 0.331262
0.870395 0.461902 0.178778
0.847248 0.142093 0.51313
0.822105 0.562907 0.09864
0.847801 0.244882 0.473374
0.844026 0.445554 0.30498
0.764843 0.000313186 0.644222
0.751114 0.659832 0.0494503
0.812596 0.331139 0.486193
0.791102 0.54442 0.285198
0.729447 0.124767 0.673157
0.737303 0.655488 0.18336
0.741595 0.245912 0.630979
0.759506 0.493225 0.436098
0.62858 3.81434e-05 0.777749
0.609143 0.795392 0.00680005
0.718484 0.477936 0.508925
0.671868 0.701312 0.249976
0.646999 0.222712 0.731596
0.602073 0.792626 0.118823
0.653561 0.370294 0.66447
0.647482 0.649479 0.416043
0.54921 0.0842992 0.833006
0.522914 0.851632 0.0603429
0.609655 0.469587 0.644368
0.579948 0.736572 0.359005
0.519862 0.155654 0.843125
0.516416 0.834337 0.206558
0.532504 0.324337 0.786394
0.547605 0.648522 0.536577
0.422164 2.39389e-05 0.906521
0.410246 0.912236 0.0123149
0.507104 0.550766 0.674879
0.466216 0.823781 0.344957
0.425713 0.221754 0.87923
0.404604 0.901761 0.177675
0.435877 0.392096 0.816538
0.436349 0.73103 0.534192
0.339571 0.0735054 0.938372
0.338615 0.939787 0.0749518
0.391712 0.503129 0.785825
0.372128 0.814133 0.45639
0.314176 0.144071 0.94076
0.327044 0.908862 0.278188
0.324863 0.323879 0.897526
0.342198 0.689688 0.646837
0.241661 1.6158e-05 0.970361
0.231544 0.973736 0.00380449
0.296831 0.669732 0.690362
0.253024 0.9195 0.318725
0.24759 0.292555 0.931098
0.2218 0.968689 0.133493
0.248161 0.488703 0.843899
0.234885 0.829417 0.515058
0.179625 0.10825 0.979147
0.174468 0.984736 0.0568741
0.199544 0.591805 0.786742
0.191572 0.898885 0.41821
0.164327 0.20347 0.967459
0.153751 0.96451 0.228125
0.112637 0.396268 0.914988
0.11881 0.77937 0.625199
0.117232 6.88091e-06 0.993105
0.107707 0.994336 0.00394038
0.124774 0.647759 0.756768
0.0115215 0.92817 0.375067
0.0702315 0.256751 0.966919
0.0434252 0.981317 0.192213
0.0714123 0.451862 0.893727
0.0396061 0.817811 0.577034
0.0544113 0.078621 0.995491
0.0550036 0.993604 0.107176
0.0362945 0.552432 0.8346
0.0206307 0.882533 0.478674
0.00119163 0.167939 0.986448
0.0132424 0.961893 0.28124
0.0133912 0.352404 0.93665
0.0252973 0.740271 0.673958
0.0132974 8.43436e-07 0.999912
0.000260908 0.999999 0.00241938
0.00340062 0.684574 0.736114
