2.06926 0.069464 0.069464
1.54213 0.150595 0.150592
1.40009 0.232325 0.123749
1.5011 0.143796 0.29246
1.27226 0.329884 0.106664
1.36741 0.208374 0.300981
1.24958 0.306248 0.211505
1.4719 0.131991 0.507154
1.13543 0.459049 0.0954357
1.2355 0.285787 0.347586
1.13069 0.402973 0.221059
1.33759 0.186314 0.575815
1.0612 0.491237 0.166799
1.21856 0.269771 0.510141
1.09153 0.409041 0.333568
1.41422 0.122106 0.859086
0.974385 0.645947 0.0880559
1.07862 0.397296 0.440971
0.981027 0.545759 0.25584
1.18812 0.256473 0.737352
0.924678 0.644842 0.176006
1.08096 0.360006 0.624129
0.961682 0.530989 0.385217
1.25273 0.17063 1.0474
0.862098 0.748631 0.139718
0.99755 0.441501 0.61321
0.891577 0.622373 0.359088
1.13245 0.247078 1.02858
0.835559 0.73128 0.254752
1.01613 0.376118 0.853117
0.885961 0.586484 0.525984
1.11151 0.109889 1.32265
0.768305 0.949699 0.0834358
0.869946 0.584834 0.618009
0.779839 0.786467 0.328802
0.97221 0.37184 1.05712
0.732872 0.908775 0.206803
0.880777 0.515346 0.864299
0.772509 0.745952 0.503103
0.916457 0.221303 1.30587
0.684184 1.02509 0.150446
0.809061 0.615675 0.817975
0.713844 0.85151 0.451391
0.844152 0.319118 1.27234
0.66485 0.984919 0.302788
0.818505 0.515182 1.12511
0.711184 0.795009 0.670594
0.889077 0.151973 1.74715
0.605666 1.19602 0.12486
0.713067 0.736931 0.874946
0.628254 0.997053 0.461143
0.715153 0.390879 1.33041
0.583711 1.14425 0.292293
0.709982 0.621204 1.19922
0.622613 0.936018 0.701809
0.759946 0.222174 1.87144
0.537736 1.27739 0.217806
0.647759 0.750689 1.13223
0.567365 1.06317 0.626903
0.661774 0.3396 1.72055
0.521412 1.2261 0.423568
0.57977 0.54126 1.3739
0.560346 0.983416 0.928021
0.712642 0.10756 2.46947
0.464117 1.58692 0.0814103
0.534985 0.997506 1.02704
0.469907 1.31699 0.502816
0.523709 0.552187 1.58014
0.432084 1.49788 0.288228
0.475481 0.778618 1.29162
0.455569 1.25119 0.802415
0.545201 0.360224 2.25986
0.389393 1.67159 0.190632
0.44025 0.973185 1.26919
0.403638 1.41594 0.70399
0.470466 0.520944 2.13056
0.364984 1.61894 0.445562
0.397334 0.758164 1.64116
0.381775 1.32755 1.07947
0.427831 0.22076 2.68473
0.31293 1.95209 0.145989
0.332808 1.10463 1.28741
0.316422 1.6687 0.719705
0.359583 0.66962 2.31463
0.281465 1.90214 0.429129
0.30034 0.936858 1.78408
0.282491 1.5887 1.14319
0.30485 0.335324 2.89787
0.23445 2.14945 0.304524
0.242508 1.13749 1.68197
0.230139 1.84805 1.03378
0.208132 0.548083 2.81523
0.196252 2.15578 0.680563
0.201674 0.954918 2.42714
0.172412 1.5803 1.44499
0.191805 0.168666 4.20624
0.139312 2.79558 0.134882
0.134743 1.70978 1.87873
0.115583 2.50659 0.986661
0.105267 0.452235 3.67828
