2.09555 0.0957616
0.107339 4.10734
2.0177 0.105558
1.98225 0.124905
1.96002 0.144261
1.9426 0.163734
1.92776 0.183376
1.91457 0.203218
1.90249 0.223286
1.89123 0.243597
1.88056 0.264168
1.87036 0.285012
1.8605 0.306141
1.85091 0.327565
1.84151 0.349295
1.83225 0.371339
1.82309 0.393705
1.81397 0.4164
1.80485 0.439429
1.7957 0.462796
1.78648 0.486507
1.77715 0.510557
1.76767 0.534948
1.758 0.559673
1.74808 0.584724
1.73786 0.610087
1.72728 0.63574
1.71625 0.661654
1.70468 0.687783
1.69245 0.714067
1.6794 0.740417
1.66529 0.766705
1.64983 0.792737
1.63252 0.818218
1.61259 0.842643
1.58863 0.865113
1.55776 0.883786
1.51379 0.894624
1.45573 0.896025
1.41018 0.903308
1.37919 0.91872
1.35553 0.938554
1.33589 0.96109
1.31873 0.985545
1.30321 1.01152
1.28883 1.03879
1.27525 1.06721
1.26225 1.09669
1.24966 1.12718
1.23733 1.15863
1.22516 1.19101
1.21305 1.22427
1.2009 1.25839
1.18863 1.29332
1.17615 1.32901
1.16336 1.36536
1.15016 1.40228
1.13641 1.43961
1.12197 1.47713
1.10665 1.51454
1.0902 1.5514
1.07229 1.58705
1.05245 1.62054
1.03002 1.65041
1.00406 1.67449
0.97351 1.69002
0.938227 1.69553
0.901367 1.69603
0.867978 1.70155
0.839772 1.71672
0.815786 1.7408
0.794738 1.77205
0.775669 1.80912
0.757916 1.85109
0.741009 1.89737
0.724591 1.94752
0.708373 2.00117
0.692102 2.05796
0.675531 2.11746
0.658403 2.17905
0.64043 2.24179
0.621262 2.30424
0.600463 2.36414
0.577487 2.41802
0.551699 2.46091
0.522622 2.48723
0.490735 2.49554
0.458331 2.49655
0.428197 2.50917
0.401254 2.54505
0.376846 2.60643
0.353909 2.692
0.331418 2.79965
0.308391 2.92595
0.283777 3.06313
0.258569 3.23799
0.226081 3.30181
0.191466 3.30941
0.158749 3.40317
0.126352 3.80335
