2 3.73246e-15 3.73246e-15
1.5682 0.087123 0.0870639
1.40508 0.173562 0.0578381
1.56575 0.0819992 0.245943
1.26116 0.275867 0.0394067
1.42068 0.153426 0.255666
1.27185 0.257878 0.154648
1.57758 0.0709413 0.496176
1.11074 0.410645 0.0273425
1.28381 0.24071 0.309423
1.14481 0.364036 0.165385
1.43742 0.133744 0.579173
1.0575 0.455332 0.104981
1.29146 0.227554 0.500346
1.12201 0.377287 0.293301
1.57954 0.0624029 0.936026
0.937327 0.605375 0.0195242
1.12348 0.369448 0.418412
0.98802 0.523241 0.20467
1.29186 0.218361 0.779716
0.912504 0.62285 0.115322
1.15135 0.334749 0.637256
0.985099 0.516673 0.353515
0.980125 0.123353 1.19242
0.837376 0.728833 0.0753823
1.05419 0.428203 0.625853
0.903843 0.616938 0.323081
1.28005 0.21634 1.16811
0.828621 0.727471 0.203471
1.10824 0.363715 0.929512
0.916404 0.589502 0.520183
1.11232 0.0436666 1.35362
0.719274 0.921984 0.0146379
0.908349 0.593923 0.632244
0.776315 0.797323 0.287558
0.768089 0.293404 1.19242
0.710129 0.915293 0.149784
0.949809 0.529976 0.944819
0.785628 0.769382 0.492979
0.894804 0.162744 1.32537
0.649006 1.02973 0.0871892
0.859494 0.645495 0.884556
0.714628 0.884165 0.431795
0.789049 0.258316 1.24465
0.646497 1.01496 0.258645
0.768089 0.293404 1.19242
0.730659 0.842315 0.697911
0.955796 0.0976856 1.98462
0.560736 1.2053 0.0590765
0.752311 0.795428 0.959963
0.618996 1.05074 0.443634
0.688088 0.349143 1.36984
0.555993 1.19068 0.247048
0.663059 0.41005 1.19242
0.630696 1.01052 0.737424
0.820323 0.183948 2.17027
0.499207 1.32217 0.162136
0.635015 0.445376 1.19242
0.561476 1.14897 0.644406
0.685015 0.319064 1.95002
0.496168 1.30546 0.39952
0.550027 0.521131 1.44077
0.575502 1.09906 1.03238
0.640493 0.0385088 2.42604
0.400925 1.59118 0.0125097
0.554058 1.13475 1.17075
0.442673 1.42282 0.494223
0.510841 0.558056 1.74612
0.388559 1.58438 0.242323
0.419605 0.7558 1.30256
0.442305 1.39833 0.867185
0.460453 0.175883 2.38991
0.335673 1.7483 0.132197
0.358923 0.904999 1.20127
0.376486 1.57502 0.742249
0.450694 0.185802 2.38991
0.321327 1.75802 0.426626
0.369378 0.806227 1.83985
0.3542 0.925516 1.19242
0.405087 0.177088 3.06133
0.250119 2.03637 0.0826912
0.266457 1.10553 1.29279
0.275432 1.87706 0.763074
0.295679 0.392905 2.38991
0.226647 2.07997 0.40673
0.262505 1.04176 2.0589
0.225483 1.26142 1.19242
0.275177 0.327932 3.488
0.170809 2.32531 0.262729
0.190548 1.26529 1.91053
0.183035 2.19388 1.18701
0.176755 0.543371 3.11729
0.134906 2.45086 0.716787
0.121543 0.799433 2.38991
0.099877 1.66434 1.51514
0.0593772 0.0226824 4.77078
0.0628477 2.97651 0.0712506
0.0592043 1.8385 2.01934
0.0423342 3.03035 1.13935
0.0233324 0.516315 3.58496
