2 2.41687e-15
1.98995 0.0200937
1.97981 0.0403879
1.96955 0.0608922
1.9592 0.0816066
1.94873 0.102531
1.93817 0.12367
1.92749 0.145028
1.91669 0.166614
1.90579 0.188422
1.89477 0.210459
1.88363 0.232731
1.87238 0.255239
1.86101 0.277988
1.84951 0.300979
1.83789 0.324223
1.82614 0.347718
1.81427 0.371466
1.80226 0.395477
1.79012 0.419758
1.77785 0.444305
1.76544 0.469126
1.75289 0.494227
1.74019 0.519611
1.72736 0.545281
1.71438 0.57125
1.70124 0.597514
1.68796 0.624079
1.67452 0.650958
1.66093 0.678147
1.64717 0.70566
1.63325 0.733492
1.61917 0.761665
1.60491 0.790171
1.59049 0.81902
1.57589 0.848219
1.56111 0.877775
1.54616 0.907686
1.53101 0.937979
1.51568 0.968641
1.50016 0.999684
1.48444 1.03112
1.46852 1.06296
1.4524 1.0952
1.43607 1.12785
1.41954 1.16093
1.40278 1.19443
1.38581 1.22837
1.36862 1.26276
1.3512 1.29761
1.33354 1.33292
1.31565 1.3687
1.29752 1.40497
1.27914 1.44173
1.26051 1.47899
1.24162 1.51677
1.22247 1.55507
1.20305 1.59391
1.18335 1.63329
1.16338 1.67323
1.14313 1.71375
1.12258 1.75485
1.10173 1.79654
1.08058 1.83884
1.05912 1.88177
1.03734 1.92532
1.01523 1.96953
0.992797 2.01441
0.970021 2.05996
0.946895 2.10621
0.923407 2.15319
0.899567 2.20087
0.875353 2.24929
0.850754 2.29849
0.825764 2.34847
0.800375 2.39925
0.77457 2.45086
0.748361 2.50328
0.72171 2.55658
0.694626 2.61075
0.667081 2.66584
0.639082 2.72184
0.610604 2.77879
0.581641 2.83672
0.552177 2.89565
0.522202 2.9556
0.4917 3.0166
0.460659 3.07868
0.429064 3.14187
0.396898 3.2062
0.364147 3.27171
0.330797 3.33841
0.296829 3.40634
0.262226 3.47555
0.226971 3.54606
0.191042 3.61792
0.154413 3.69117
0.117094 3.76581
0.0790309 3.84194
0.0402178 3.91956
