2.99959 1.00021 0.999793
2.99959 1.00021 0.999793
1.9998 1.5001 0.499898
3 1 1
1.4999 1.75005 0.249951
3 1 1
2.49969 1.25015 0.749846
0.300165 0.60033 4.19901
1.24995 1.87502 0.124977
3 1 1
2.24974 1.37513 0.624871
0.40921 0.81842 3.54474
1.74985 1.62508 0.374925
3 1 1
2.74964 1.12518 0.874822
0.166838 0.333677 4.99897
1.12498 1.93751 0.0624901
3 1 1
2.12477 1.43762 0.562384
0.456639 0.913278 3.26017
1.62487 1.68756 0.312438
3 1 1
2.40769 1.26316 0.863944
0.236999 0.473998 4.57801
1.37492 1.81254 0.187463
2.62458 1.06678 1.55853
2.07101 1.41429 0.740369
0.357283 0.714565 3.8563
1.80541 1.58569 0.443881
3 1 1
2.05498 1.32255 1.1666
0.0884254 0.176851 5.46945
1.06249 1.96876 0.0312438
1.98403 1.29799 1.38129
1.57764 1.62088 0.586126
0.478831 0.957662 3.12702
1.37835 1.77694 0.290706
2.06628 1.15337 2.05507
1.54921 1.51795 0.972777
0.269379 0.538758 4.38373
1.1869 1.8829 0.159314
1.71042 1.28482 1.75992
1.31785 1.63138 0.796521
0.38385 0.767699 3.6969
1.14038 1.79146 0.456544
1.83381 1.10984 2.62758
1.30025 1.50034 1.2428
0.128753 0.257505 5.22748
0.98269 1.96538 0.103858
1.30594 1.38095 1.66607
1.01667 1.72702 0.729014
0.433449 0.866898 3.39931
0.931055 1.86211 0.413668
0.594497 1.18885 2.43346
0.989356 1.58582 1.15692
0.202867 0.405734 4.7828
0.948593 1.89719 0.30844
1.08465 1.30645 2.03742
0.839438 1.67888 0.963375
0.329405 0.658809 4.02357
0.881674 1.76335 0.709958
0.520507 1.04101 2.87696
0.796192 1.52053 1.42798
0.0456533 0.0913066 5.72608
0.99482 1.98964 0.0310807
0.739625 1.47925 1.56225
0.843145 1.68629 0.941127
0.489579 0.979159 3.06252
0.905756 1.81151 0.565462
0.635802 1.27043 2.18876
0.75374 1.50748 1.47756
0.284959 0.569918 4.29025
0.938412 1.87682 0.369528
0.642016 1.28403 2.1479
0.752741 1.50548 1.48356
0.396677 0.793355 3.61994
0.818821 1.63764 1.08707
0.546518 1.09304 2.72089
0.640655 1.28131 2.15607
0.148065 0.296129 5.11161
0.947738 1.89548 0.313574
0.553007 1.10601 2.68196
0.684134 1.36827 1.89519
0.426223 0.852446 3.44266
0.769168 1.53834 1.38499
0.4335 0.867 3.399
0.531716 1.06343 2.80971
0.220159 0.440317 4.67905
0.795933 1.59187 1.2244
0.374514 0.749028 3.75292
0.480137 0.960274 3.11918
0.253995 0.507989 4.47603
0.530047 1.06009 2.81972
0.233964 0.467928 4.59622
0.283615 0.567229 4.29831
0.0673581 0.134716 5.59585
0.840781 1.68156 0.955315
0.149758 0.299517 5.10145
0.182359 0.364718 4.90585
0.0378044 0.0756087 5.77317
