2 1.53398e-15
1.98996 0.0200824
1.97981 0.0403728
1.96957 0.0608661
1.95922 0.0815674
1.94876 0.102485
1.93819 0.123617
1.92752 0.144965
1.91673 0.166543
1.90583 0.188339
1.89482 0.210362
1.88368 0.232631
1.87244 0.255127
1.86107 0.277869
1.84957 0.30085
1.83796 0.324084
1.82622 0.347564
1.81435 0.371308
1.80234 0.395311
1.79021 0.419579
1.77794 0.444113
1.76554 0.468927
1.75299 0.494016
1.74031 0.519389
1.72748 0.545046
1.7145 0.571006
1.70137 0.597259
1.68809 0.623815
1.67466 0.650682
1.66107 0.677858
1.64732 0.70536
1.63341 0.733185
1.61933 0.761337
1.60508 0.789835
1.59066 0.818671
1.57607 0.847858
1.5613 0.877399
1.54635 0.907305
1.53121 0.937577
1.51589 0.968225
1.50037 0.999258
1.48466 1.03068
1.46875 1.0625
1.45264 1.09473
1.43631 1.12737
1.41979 1.16043
1.40304 1.19392
1.38608 1.22785
1.36889 1.26222
1.35148 1.29705
1.33383 1.33234
1.31594 1.36812
1.29782 1.40437
1.27945 1.44111
1.26082 1.47836
1.24194 1.51611
1.2228 1.5544
1.20339 1.59322
1.1837 1.6326
1.16374 1.67252
1.14349 1.71301
1.12295 1.75409
1.10212 1.79576
1.08098 1.83805
1.05952 1.88096
1.03774 1.92451
1.01565 1.96869
0.993233 2.01353
0.970459 2.05908
0.947343 2.10531
0.923872 2.15226
0.900036 2.19993
0.875832 2.24834
0.851245 2.29751
0.826262 2.34748
0.800887 2.39823
0.775099 2.4498
0.748887 2.50223
0.722257 2.55549
0.69518 2.60964
0.667649 2.6647
0.639659 2.72068
0.611204 2.77759
0.582245 2.83551
0.552792 2.89442
0.522833 2.95433
0.492336 3.01533
0.461313 3.07737
0.429731 3.14054
0.397576 3.20485
0.364846 3.27031
0.331506 3.33699
0.297557 3.40489
0.262965 3.47407
0.227726 3.54455
0.191806 3.61639
0.155205 3.68959
0.117895 3.76421
0.0798436 3.84031
0.0410437 3.91791
