2.05 0.0501455 0.0508626
2.04643 0.155606 0.158339
2.04356 0.292391 0.130164
2.04415 0.148302 0.359727
2.03571 0.47915 0.109765
2.0411 0.260779 0.404817
2.03587 0.447051 0.288748
2.03622 0.136007 0.669703
2.0146 0.76931 0.0966491
2.03261 0.417088 0.52364
2.02088 0.669889 0.330941
2.02782 0.230414 0.841117
2.00243 0.881961 0.241334
2.02378 0.393265 0.808967
2.01304 0.703561 0.558671
2.00972 0.123924 1.20247
1.95205 1.26816 0.0879789
2.00699 0.686224 0.772425
1.97755 1.062 0.445529
2.00212 0.37498 1.21958
1.9405 1.32849 0.28598
1.99503 0.609509 1.12151
1.97031 1.04852 0.73342
1.97358 0.211285 1.64482
1.88298 1.63239 0.212579
1.97269 0.8236 1.18223
1.92993 1.32298 0.716606
1.95594 0.367627 1.77674
1.87607 1.64013 0.494533
1.95137 0.66727 1.63282
1.92299 1.24477 1.10466
1.90254 0.117615 2.28769
1.73552 2.1927 0.0826378
1.90584 1.2531 1.33154
1.81906 1.8521 0.70094
1.90207 0.671897 2.08907
1.73004 2.19714 0.400338
1.88529 1.06075 1.86211
1.81601 1.76503 1.1494
1.83827 0.354731 2.6792
1.61913 2.51737 0.257636
1.83309 1.37732 1.87123
1.72819 2.10901 1.05512
1.80314 0.610187 2.7947
1.61779 2.48974 0.670068
1.79185 1.09424 2.52739
1.72244 1.96044 1.63425
1.69482 0.213628 3.44088
1.41731 2.96046 0.191555
1.70728 1.78565 2.14717
1.554 2.57989 1.1175
1.68285 0.869633 3.27395
1.41363 2.94133 0.648517
1.65917 1.44099 2.9204
1.54726 2.42689 1.78476
1.54943 0.349562 3.98357
1.25962 3.21856 0.437043
1.56604 1.85733 2.87228
1.40586 2.79741 1.58997
1.4852 0.706332 4.09974
1.25157 3.17677 1.00626
1.47375 1.3832 3.74589
1.38512 2.57401 2.42132
1.29779 0.0485455 4.73056
0.96028 3.61163 0.0767023
1.31007 2.60349 2.6845
1.09631 3.37119 1.2028
1.29802 1.39295 4.27274
0.936494 3.61205 0.593953
1.23696 2.16172 3.69508
1.06553 3.22875 2.0228
1.11639 0.702724 5.03062
0.776512 3.76755 0.3298
1.0809 2.61626 3.45842
0.89022 3.5133 1.68055
1.00684 1.1433 5.05707
0.739395 3.75225 0.947482
0.959444 2.00579 4.5165
0.836019 3.29243 2.65471
0.796482 0.361963 5.5967
0.53754 3.92413 0.206076
0.771101 2.99191 3.49192
0.606735 3.75827 1.55667
0.712847 1.45231 5.30558
0.484458 3.92157 0.808844
0.644429 2.35787 4.61462
0.530563 3.5625 2.53231
0.518203 0.586986 5.82739
0.351307 3.98986 0.49402
0.476741 2.80354 4.20951
0.370477 3.76005 2.05979
0.386884 1.04523 5.77276
0.276547 3.94831 1.18376
0.321241 1.99664 5.228
0.266484 3.4492 3.14523
0.221295 0.189747 6.02428
0.206861 4.03621 0.212185
0.165253 3.26923 3.58604
0.166282 3.57798 2.84541
0.0994168 1.3058 5.74471
