2.05 0.050408 0.0501931
2.04889 0.16063 0.160659
2.04603 0.295835 0.131986
2.04661 0.154227 0.362168
2.03812 0.483399 0.111753
2.04358 0.264569 0.406595
2.03826 0.451767 0.290917
2.03867 0.139185 0.673651
2.01685 0.774588 0.0982286
2.03503 0.420891 0.526767
2.02315 0.675091 0.334223
2.03024 0.233355 0.845163
2.00448 0.888672 0.24346
2.02616 0.396966 0.813123
2.01531 0.708612 0.561911
2.01199 0.127398 1.20837
1.95385 1.27502 0.0896001
2.00913 0.69202 0.777338
1.97956 1.06829 0.447674
2.00433 0.379214 1.2253
1.94204 1.33666 0.288239
1.99721 0.614143 1.12669
1.97232 1.05457 0.736715
1.9756 0.215891 1.65211
1.88432 1.6403 0.21409
1.97475 0.828987 1.18701
1.93165 1.32981 0.720317
1.95786 0.371386 1.78439
1.87738 1.64814 0.496585
1.95326 0.67212 1.63989
1.92464 1.25152 1.10989
1.90408 0.117366 2.29751
1.73586 2.20198 0.0841885
1.90746 1.25942 1.33745
1.81998 1.86057 0.704742
1.90359 0.676904 2.09783
1.73028 2.20668 0.402816
1.88624 1.0707 1.86928
1.81693 1.77325 1.15456
1.83895 0.373952 2.68835
1.6188 2.52707 0.259552
1.83423 1.38398 1.87885
1.72865 2.11769 1.05983
1.8036 0.621703 2.80476
1.61735 2.4996 0.674234
1.79291 1.09962 2.53625
1.72264 1.96959 1.64051
1.69499 0.21705 3.45342
1.4158 2.97048 0.193645
1.70727 1.79457 2.15552
1.55327 2.58963 1.12226
1.68292 0.874876 3.2859
1.41219 2.95117 0.651765
1.65799 1.45497 2.92891
1.54656 2.43621 1.79104
1.54789 0.384077 3.9941
1.25728 3.22841 0.439982
1.56328 1.86283 2.87764
1.4044 2.80675 1.59634
1.48409 0.714266 4.11173
1.24925 3.18648 1.01008
1.47264 1.39107 3.75653
1.38163 2.57945 2.42595
1.29614 0.0964204 4.74248
0.955796 3.6162 0.0781314
1.30824 2.61177 2.693
1.09207 3.37613 1.20531
1.29595 1.4001 4.28407
0.932819 3.62066 0.596804
1.23302 2.16698 3.69973
1.06483 3.23527 2.02553
1.11239 0.707591 5.03687
0.77237 3.77525 0.331542
1.07683 2.62024 3.46273
0.885961 3.51675 1.68377
1.00258 1.14711 5.06249
0.735162 3.75969 0.950481
0.955003 2.00936 4.52111
0.831332 3.29644 2.65616
0.791885 0.368711 5.60139
0.533672 3.92984 0.207736
0.766671 2.99507 3.49416
0.601566 3.76096 1.55891
0.708237 1.45321 5.31025
0.479395 3.92371 0.810233
0.639663 2.3595 4.61833
0.527012 3.56423 2.53295
0.513289 0.59129 5.83005
0.34692 3.99449 0.495871
0.471971 2.80578 4.21055
0.367125 3.7643 2.06343
0.381958 1.04362 5.77598
0.271978 3.95159 1.19286
0.320574 1.99841 5.22682
0.25893 3.45071 3.14616
0.216291 0.180583 6.02602
0.140919 4.04536 0.145733
0.145249 3.27366 3.59067
0.125452 3.85537 1.8849
0.0819014 1.65893 5.54239
