2.05 0.0505468 0.0506743
0.206873 4.03651 0.194733
0.125895 0.113636 6.04492
2.04947 0.126638 0.126955
2.04706 0.261513 0.120571
2.04718 0.144836 0.334853
2.03959 0.455824 0.108196
2.04418 0.254025 0.390087
2.03916 0.436212 0.281362
2.03936 0.136435 0.654184
2.0185 0.756454 0.0973228
2.03566 0.413075 0.516841
2.02407 0.66443 0.329495
2.03079 0.230904 0.834051
2.00552 0.87917 0.240923
2.02658 0.393814 0.806471
2.0158 0.703839 0.558748
2.01237 0.126853 1.2026
1.95454 1.27074 0.0896358
2.0093 0.690523 0.776124
1.97963 1.06761 0.448384
2.00435 0.376898 1.22653
1.94174 1.33837 0.2889
1.99687 0.615639 1.13045
1.97166 1.05855 0.740269
1.97481 0.216565 1.66046
1.88246 1.64879 0.215519
1.97358 0.834462 1.19632
1.9298 1.33944 0.72548
1.95619 0.373863 1.79982
1.87419 1.66206 0.501568
1.95112 0.678833 1.6569
1.92183 1.26437 1.12159
1.90058 0.114147 2.32353
1.72893 2.22355 0.0846674
1.9035 1.27557 1.35434
1.8138 1.88321 0.713058
1.89915 0.684949 2.12818
1.72146 2.23363 0.407002
1.8807 1.087 1.8986
1.8092 1.79969 1.17198
1.83132 0.379454 2.73288
1.60584 2.55945 0.262681
1.82578 1.40851 1.912
1.71694 2.15168 1.07634
1.79357 0.630817 2.85724
1.60203 2.53726 0.683491
1.78163 1.11938 2.58771
1.70851 2.00672 1.67149
1.68028 0.16953 3.52098
1.39449 3.00972 0.195565
1.69091 1.83168 2.20042
1.53222 2.63505 1.14162
1.66502 0.886081 3.35946
1.3873 2.99634 0.66049
1.63716 1.48838 2.99503
1.5219 2.48524 1.82714
1.52302 0.36689 4.08064
1.22749 3.27251 0.44536
1.53604 1.90557 2.94451
1.37289 2.85992 1.6262
1.45287 0.726934 4.20409
1.2144 3.23648 1.02561
1.43845 1.42294 3.84586
1.34451 2.63416 2.47755
1.25677 0.114669 4.83371
0.918969 3.65267 0.0782411
1.26566 2.66707 2.74985
1.04903 3.42588 1.22267
1.24975 1.43148 4.38028
0.889985 3.66132 0.603325
1.1823 2.21464 3.78071
1.01403 3.28864 2.05898
1.05828 0.721302 5.13295
0.727976 3.80838 0.334389
1.01813 2.67117 3.52934
0.831264 3.5629 1.70547
0.94015 1.16685 5.15511
0.683553 3.79527 0.959198
0.887782 2.04405 4.60375
0.767009 3.34218 2.69322
0.726519 0.371532 5.67568
0.487029 3.9519 0.208792
0.695283 3.03581 3.54194
0.541154 3.79242 1.57187
0.631752 1.47198 5.37959
0.424976 3.94586 0.814614
0.558949 2.38833 4.67236
0.454045 3.59389 2.55452
0.438272 0.596299 5.87852
0.295136 4.00861 0.497684
0.384562 2.82945 4.24649
0.298332 3.78272 2.07369
0.299166 1.05405 5.8096
0.212195 3.96294 1.196
0.232098 2.00824 5.25322
0.183967 3.45443 3.1742
0.142977 0.169303 6.04084
0.206511 4.02732 0.482073
0.0910026 1.09198 5.84155
