2 1.7602e-15 1.88267e-15
1.99889 0.111039 0.111041
1.99601 0.246566 0.0821884
1.99658 0.104558 0.313673
1.98804 0.434854 0.0621132
1.99352 0.215294 0.358819
1.98819 0.403081 0.241854
1.98858 0.0893851 0.62595
1.96661 0.727099 0.0484664
1.98493 0.372126 0.478417
1.97297 0.627258 0.285071
1.98009 0.184206 0.797985
1.95418 0.841443 0.194139
1.97599 0.348107 0.765741
1.96508 0.660651 0.513953
1.96172 0.0773979 1.16247
1.9032 1.22905 0.0394641
1.95885 0.643977 0.730038
1.92907 1.02166 0.39976
1.95401 0.330244 1.1795
1.8913 1.29094 0.239028
1.94683 0.566054 1.08061
1.92177 1.00787 0.689572
1.92508 0.166173 1.60759
1.83321 1.59541 0.165044
1.92413 0.781594 1.14237
1.88083 1.28409 0.672622
1.90721 0.322197 1.7405
1.8262 1.60325 0.448884
1.90257 0.62436 1.59531
1.87378 1.20542 1.06354
1.8532 0.0489561 2.25511
1.68379 2.1587 0.0342273
1.85641 1.2137 1.29206
1.76845 1.8162 0.656903
1.85263 0.628961 2.05465
1.67818 2.16315 0.353899
1.83512 1.02401 1.82543
1.76533 1.7288 1.10812
1.78741 0.325093 2.64739
1.56603 2.48405 0.210454
1.78268 1.33877 1.83459
1.67647 2.07407 1.01293
1.75196 0.573507 2.7633
1.56463 2.45631 0.626108
1.74111 1.05329 2.49463
1.67052 1.92554 1.5954
1.64287 0.160201 3.41386
1.36193 2.92768 0.14398
1.65511 1.74983 2.11186
1.50019 2.54639 1.07501
1.63072 0.827465 3.24623
1.35835 2.90822 0.603358
1.60536 1.40982 2.88674
1.49347 2.39268 1.74603
1.4947 0.335095 3.95478
1.20282 3.18511 0.391101
1.51023 1.81756 2.83546
1.35054 2.76359 1.55031
1.43058 0.666132 4.07216
1.19481 3.14336 0.962214
1.41904 1.34414 3.71665
1.32775 2.53544 2.38151
1.24169 0.0551066 4.70287
0.900688 3.57421 0.0281198
1.25391 2.56755 2.64909
1.03682 3.33234 1.15753
1.24126 1.35539 4.24264
0.877155 3.57618 0.547662
1.17838 2.12225 3.65757
1.00966 3.19164 1.97963
1.05677 0.663158 4.99596
0.716278 3.72994 0.282036
1.02184 2.57624 3.41944
0.829994 3.47197 1.63621
0.946361 1.09998 5.02168
0.678963 3.71414 0.90149
0.899213 1.96249 4.47852
0.775325 3.25089 2.60983
0.735765 0.321612 5.55953
0.477068 3.88311 0.157692
0.710823 2.94861 3.44825
0.544981 3.71535 1.51064
0.651837 1.40803 5.26707
0.422508 3.87668 0.760814
0.582804 2.31302 4.57225
0.470455 3.51872 2.48656
0.456151 0.543807 5.78463
0.290025 3.94653 0.446096
0.415589 2.75918 4.16585
0.310069 3.71633 2.01487
0.323128 0.998513 5.72861
0.214916 3.90312 1.14327
0.260134 1.95096 5.18397
0.204205 3.4017 3.09707
0.158893 0.143395 5.97717
0.0844704 3.99592 0.0958416
0.103603 3.22303 3.54005
0.0542735 3.87834 1.45946
0.0355988 1.60942 5.49424
