2 1.73214e-15 1.8546e-15
1.99889 0.111047 0.111019
1.99601 0.246529 0.0821797
1.99658 0.104549 0.313693
1.98804 0.434831 0.0621011
1.99352 0.215283 0.358785
1.98819 0.403082 0.241858
1.98859 0.089401 0.625874
1.96662 0.727092 0.0483363
1.98493 0.372154 0.478382
1.97297 0.627242 0.285093
1.98008 0.184097 0.798357
1.95417 0.841481 0.194162
1.97599 0.348104 0.765915
1.96507 0.660809 0.513898
1.96173 0.0774701 1.1624
1.9032 1.22909 0.0396472
1.95884 0.644174 0.72999
1.92907 1.02165 0.399755
1.95401 0.330276 1.17949
1.8913 1.29095 0.239053
1.94683 0.566003 1.08062
1.92177 1.0079 0.68966
1.92509 0.166283 1.60749
1.83321 1.59553 0.165054
1.92413 0.781553 1.1424
1.88083 1.28407 0.672636
1.90722 0.322313 1.74032
1.82619 1.6033 0.448926
1.90255 0.624382 1.5955
1.8738 1.20527 1.06366
1.85304 0.072609 2.25484
1.68371 2.15869 0.0342284
1.8564 1.21376 1.29202
1.76852 1.81646 0.656997
1.85257 0.628978 2.05467
1.67817 2.16318 0.353983
1.83515 1.02371 1.82543
1.76532 1.72888 1.10825
1.78743 0.325073 2.64727
1.56599 2.48415 0.210193
1.78267 1.33881 1.83466
1.67645 2.07415 1.01293
1.75205 0.573527 2.76369
1.56488 2.45686 0.626203
1.74105 1.05313 2.49465
1.67046 1.92546 1.59516
1.64266 0.167839 3.41343
1.36192 2.92772 0.143647
1.65503 1.7497 2.11181
1.50016 2.54642 1.07519
1.63045 0.8272 3.24579
1.35848 2.90879 0.603694
1.60529 1.40992 2.88697
1.49336 2.39265 1.74588
1.49464 0.335149 3.95497
1.20277 3.18519 0.390965
1.51019 1.81763 2.83563
1.35048 2.76346 1.55023
1.43056 0.666145 4.07224
1.1948 3.14355 0.962072
1.41896 1.34426 3.71665
1.32765 2.53542 2.38167
1.24175 0.0303088 4.70339
0.900736 3.57471 0.0280647
1.25383 2.56786 2.64938
1.03683 3.33233 1.15752
1.24119 1.35565 4.24264
0.877104 3.57627 0.547161
1.17816 2.1221 3.65717
1.00922 3.19136 1.97945
1.05696 0.663084 4.99561
0.716236 3.73004 0.282004
1.02214 2.57722 3.42057
0.829987 3.472 1.63611
0.946853 1.0998 5.02093
0.678877 3.71422 0.90138
0.899113 1.96255 4.47864
0.775394 3.25123 2.61029
0.735496 0.321569 5.55866
0.476967 3.88316 0.157648
0.710789 2.94867 3.4482
0.54462 3.71479 1.51038
0.651522 1.40752 5.26518
0.422409 3.87673 0.760844
0.581786 2.31339 4.57299
0.470138 3.51722 2.48523
0.456392 0.543845 5.78471
0.289933 3.94656 0.446066
0.414886 2.75787 4.16386
0.310021 3.71637 2.0149
0.324203 0.998446 5.72809
0.214766 3.90315 1.14329
0.26247 1.94937 5.17976
0.204077 3.4016 3.09689
0.158709 0.143444 5.97721
0.0843829 3.99593 0.0958944
0.10383 3.22366 3.54069
0.0538865 3.87835 1.45954
0.00389481 1.61068 5.49853
