2 1.73946e-15
1.99997 0.0201564
1.9999 0.0407226
1.99976 0.0617093
1.99957 0.0831283
1.99931 0.104991
1.99899 0.127308
1.99859 0.150094
1.99812 0.173359
1.99757 0.197118
1.99693 0.221382
1.99621 0.246168
1.99539 0.271486
1.99447 0.297353
1.99344 0.323782
1.99229 0.350789
1.99103 0.378389
1.98964 0.406598
1.98811 0.43543
1.98645 0.464904
1.98462 0.495034
1.98264 0.525839
1.98049 0.557334
1.97816 0.589538
1.97564 0.622466
1.97291 0.65614
1.96997 0.690552
1.9668 0.725782
1.9634 0.761768
1.95973 0.798619
1.9558 0.836274
1.95159 0.874782
1.94707 0.914145
1.94223 0.954412
1.93706 0.995566
1.93153 1.03764
1.92563 1.08064
1.91933 1.12458
1.91261 1.16949
1.90545 1.21535
1.89782 1.26222
1.88969 1.31004
1.88105 1.35889
1.87186 1.40872
1.8621 1.45955
1.85174 1.51139
1.84074 1.5642
1.82908 1.618
1.81671 1.67282
1.80361 1.72856
1.78975 1.78525
1.7751 1.84286
1.7596 1.90137
1.74325 1.96071
1.72599 2.02086
1.70778 2.0818
1.68862 2.14343
1.66844 2.20572
1.64724 2.26856
1.62497 2.33192
1.60161 2.39569
1.57714 2.45979
1.55153 2.52412
1.52475 2.58856
1.49681 2.65298
1.46766 2.71733
1.43735 2.78144
1.40585 2.84519
1.37311 2.90832
1.33922 2.97085
1.30417 3.03259
1.26798 3.09337
1.23067 3.15307
1.1923 3.2115
1.15289 3.26854
1.1125 3.32405
1.07119 3.3779
1.02902 3.42994
0.986044 3.48007
0.942351 3.52816
0.898014 3.57411
0.853115 3.61784
0.807738 3.65927
0.761973 3.69832
0.715904 3.73496
0.669627 3.76914
0.623227 3.80084
0.576792 3.83004
0.530404 3.85677
0.484164 3.88102
0.438135 3.90284
0.3924 3.92226
0.347029 3.93933
0.302106 3.9541
0.257671 3.96666
0.213807 3.97708
0.170543 3.98543
0.127937 3.99181
0.0860367 3.9963
0.0448792 3.99899
