2.00077 0.191473
1.99897 0.210351
1.99842 0.230268
1.99782 0.250581
1.99714 0.271303
1.9964 0.292442
1.99558 0.314011
1.99469 0.33602
1.99372 0.358482
1.99266 0.381407
1.99151 0.404807
1.99026 0.428696
1.98892 0.453085
1.98746 0.47799
1.9859 0.503419
1.98421 0.529391
1.9824 0.555914
1.98046 0.583011
1.97837 0.610684
1.97615 0.63896
1.97376 0.667846
1.97122 0.697353
1.96849 0.727515
1.96559 0.758336
1.96248 0.789817
1.95918 0.821995
1.95566 0.85488
1.95192 0.888484
1.94794 0.922788
1.94371 0.957899
1.9392 0.993771
1.93442 1.03039
1.92934 1.06785
1.92395 1.1061
1.91822 1.14518
1.91216 1.18507
1.90572 1.22586
1.89891 1.2675
1.89169 1.30998
1.88404 1.35339
1.87594 1.39767
1.86737 1.44284
1.85831 1.48892
1.84872 1.53593
1.8386 1.58384
1.82789 1.63264
1.81659 1.68235
1.80465 1.73294
1.79207 1.78443
1.7788 1.83676
1.76481 1.88996
1.75008 1.94399
1.73457 1.9988
1.71826 2.05438
1.70111 2.1107
1.6831 2.16767
1.66419 2.22532
1.64436 2.28351
1.62357 2.34222
1.60181 2.40139
1.57905 2.46092
1.55528 2.52074
1.53046 2.58075
1.50458 2.64088
1.47765 2.70104
1.44962 2.76105
1.42054 2.82083
1.39035 2.88035
1.35911 2.93942
1.32678 2.99784
1.29345 3.05567
1.25904 3.11256
1.22364 3.16849
1.18726 3.22332
1.14996 3.27692
1.11177 3.32916
1.07275 3.37995
1.03294 3.42912
0.992413 3.4766
0.95123 3.52228
0.90947 3.56609
0.867191 3.6079
0.824477 3.64768
0.781396 3.68534
0.73804 3.72085
0.69448 3.75418
0.650802 3.7853
0.607073 3.81416
0.563385 3.84084
0.519778 3.86526
0.476391 3.88749
0.433242 3.90756
0.390397 3.92551
0.347954 3.94138
0.305931 3.95523
0.264393 3.96712
0.223407 3.97712
0.183001 3.9853
0.143217 3.99174
0.104091 3.99652
