0.5 3.33178e-12 4.26317e-11
4.41753e-11 0.5 4.26317e-11
1.24227e-11 9.31603e-12 0.5
0.464102 0.0179489 0.0179489
0.437823 0.0466327 0.0155442
0.41973 0.0200675 0.0602024
0.405023 0.083105 0.0118721
0.392306 0.0403851 0.0673084
0.38094 0.0744125 0.0446474
0.370568 0.0161789 0.113253
0.360968 0.130342 0.00868918
0.351989 0.064755 0.083256
0.343525 0.107577 0.0488985
0.335495 0.0308446 0.13366
0.32784 0.13988 0.0322801
0.320511 0.0560905 0.123399
0.313469 0.104923 0.0816075
0.306686 0.0120791 0.181235
0.300129 0.193625 0.00624595
0.293782 0.0966646 0.109553
0.287625 0.152645 0.0597305
0.281642 0.0477659 0.170592
0.275818 0.189154 0.0350285
0.270141 0.079014 0.150845
0.264602 0.139768 0.0956304
0.25919 0.0225759 0.218235
0.253896 0.223031 0.0230721
0.248715 0.102085 0.149201
0.243638 0.168238 0.0881245
0.238661 0.0408317 0.220507
0.233774 0.207989 0.0582371
0.228977 0.0762254 0.194798
0.224263 0.146486 0.129251
0.219629 0.0087614 0.27161
0.215069 0.280479 0.00445203
0.210582 0.140187 0.149231
0.206163 0.215787 0.0780505
0.20181 0.0698885 0.228302
0.197519 0.259945 0.0425364
0.193288 0.110224 0.196487
0.189115 0.189446 0.121439
0.184997 0.0344534 0.28055
0.180932 0.29414 0.0249271
0.176919 0.1363 0.186781
0.172955 0.219733 0.107312
0.169038 0.0568833 0.274079
0.165167 0.266821 0.0680128
0.16134 0.10054 0.23812
0.157556 0.187274 0.15517
0.153813 0.0162254 0.329961
0.150111 0.333489 0.0164009
0.146447 0.160204 0.19335
0.142821 0.251142 0.106037
0.139231 0.0732814 0.287488
0.135676 0.301706 0.0626178
0.132155 0.120699 0.247146
0.128669 0.214676 0.156655
0.125215 0.0292801 0.345505
0.121792 0.336842 0.0413665
0.1184 0.149062 0.232538
0.115037 0.246617 0.138346
0.111705 0.0546039 0.333691
0.1084 0.299819 0.0917811
0.105121 0.10489 0.289989
0.101873 0.205284 0.192843
0.0986496 0.00626787 0.395083
0.095451 0.401389 0.00316047
0.0922779 0.200676 0.207047
0.0891295 0.304943 0.105927
0.086005 0.100265 0.313731
0.082904 0.3617 0.0553955
0.0798258 0.154283 0.265892
0.0767698 0.261212 0.162018
0.073736 0.0499524 0.376312
0.0707235 0.399093 0.0301835
0.0677324 0.185738 0.246529
0.064761 0.295826 0.139412
0.0618085 0.0787373 0.359454
0.058879 0.354965 0.0861563
0.0559674 0.135291 0.308742
0.0530745 0.247904 0.199022
0.0501967 0.0245986 0.425205
0.0473445 0.434974 0.0176818
0.0445065 0.209954 0.245539
0.0416862 0.325832 0.132481
0.038883 0.0972669 0.36385
0.0360968 0.387795 0.0761087
0.0333256 0.156773 0.309901
0.0305739 0.275055 0.194371
0.0278357 0.0405765 0.431588
0.0251152 0.426654 0.0482305
0.0224059 0.190291 0.287303
0.0197185 0.311433 0.168849
0.0170415 0.0716892 0.411269
0.0143818 0.375595 0.110023
0.0117354 0.13351 0.354755
0.0091035 0.256953 0.233943
0.00648322 0.0115666 0.48195
0.00388097 0.484492 0.0116274
0.00128839 0.237666 0.261045
