0.5 2.68695e-11 4.72488e-11
4.04912e-11 0.5 4.72488e-11
4.97491e-11 3.36038e-11 0.5
0.464102 0.0179489 0.0179489
0.437823 0.0466328 0.0155441
0.41973 0.0200675 0.0602024
0.405023 0.083105 0.011872
0.392306 0.0403851 0.0673085
0.38094 0.0744125 0.0446475
0.370568 0.0161789 0.113253
0.360968 0.130343 0.00868944
0.351989 0.0647549 0.083256
0.343524 0.107577 0.0488985
0.335495 0.0308445 0.13366
0.32784 0.13988 0.03228
0.320511 0.0560905 0.123399
0.313469 0.104923 0.0816074
0.306687 0.0120766 0.181236
0.300129 0.193625 0.00624593
0.293782 0.0966645 0.109553
0.287625 0.152645 0.0597305
0.281641 0.0477659 0.170593
0.275818 0.189154 0.0350284
0.270141 0.079014 0.150845
0.264602 0.139768 0.0956306
0.25919 0.0225758 0.218235
0.253896 0.223032 0.023072
0.248715 0.102084 0.149201
0.243637 0.168238 0.0881246
0.23866 0.0408342 0.220506
0.233774 0.207989 0.0582369
0.228977 0.0762254 0.194798
0.224263 0.146485 0.129252
0.219631 0.00875675 0.271613
0.215069 0.280479 0.004452
0.210582 0.140187 0.149231
0.206163 0.215787 0.0780504
0.201809 0.0698885 0.228302
0.197519 0.259945 0.0425363
0.193288 0.110224 0.196488
0.189115 0.189446 0.121439
0.184997 0.0344533 0.28055
0.180932 0.294141 0.024927
0.176919 0.1363 0.186781
0.172955 0.219733 0.107312
0.169038 0.0568841 0.274078
0.165166 0.266821 0.068013
0.16134 0.10054 0.238121
0.157556 0.187274 0.15517
0.153814 0.0162246 0.329961
0.150111 0.333489 0.0164009
0.146447 0.160204 0.19335
0.14282 0.251142 0.106038
0.139231 0.0732807 0.287489
0.135676 0.301706 0.062618
0.132155 0.120699 0.247146
0.128669 0.214676 0.156655
0.125216 0.0292761 0.345508
0.121792 0.336841 0.0413665
0.118399 0.149063 0.232538
0.115038 0.246616 0.138346
0.111705 0.054604 0.333691
0.1084 0.299819 0.0917811
0.105123 0.104889 0.289988
0.101873 0.205284 0.192843
0.0986507 0.0062632 0.395086
0.0954509 0.401389 0.00316052
0.092278 0.200676 0.207046
0.0891294 0.304943 0.105928
0.0860059 0.10026 0.313734
0.082904 0.361701 0.0553955
0.0798247 0.154283 0.265892
0.0767699 0.261212 0.162018
0.073736 0.0499527 0.376311
0.0707234 0.399093 0.0301835
0.0677319 0.18574 0.246528
0.064761 0.295827 0.139412
0.0618062 0.0787377 0.359456
0.058879 0.354965 0.0861565
0.0559675 0.135291 0.308742
0.0530745 0.247904 0.199021
0.0502005 0.0245982 0.425201
0.0473445 0.434974 0.0176818
0.0445066 0.209954 0.24554
0.041686 0.325833 0.132481
0.0388763 0.0972684 0.363855
0.0360968 0.387794 0.076109
0.0333271 0.156773 0.3099
0.0305726 0.275055 0.194372
0.0278351 0.0405766 0.431588
0.0251153 0.426654 0.0482304
0.0224082 0.19029 0.287302
0.0197186 0.311433 0.168849
0.0170422 0.0716891 0.411269
0.0143821 0.375595 0.110023
0.0117344 0.13351 0.354755
0.00910328 0.256953 0.233944
0.00647722 0.0115661 0.481957
0.00388013 0.484492 0.0116278
0.00129029 0.237666 0.261044
