0.5 8.03857e-13 6.50174e-12
0.45 0.0249999 0.0249999
0.429289 0.053033 0.0176777
0.413399 0.0216483 0.0649523
0.4 0.0874999 0.0124997
0.388197 0.0419263 0.0698769
0.377526 0.0765465 0.045928
0.367713 0.0165359 0.115751
0.358579 0.132583 0.00883882
0.35 0.065625 0.084375
0.341886 0.108703 0.0494106
0.334169 0.0310933 0.134738
0.326795 0.140729 0.0324759
0.319722 0.0563364 0.123941
0.312917 0.105234 0.081849
0.306351 0.012103 0.181546
0.3 0.19375 0.00624976
0.293845 0.0966354 0.10952
0.287868 0.15247 0.059662
0.282056 0.0476745 0.17027
0.276393 0.188668 0.0349385
0.270871 0.078763 0.150366
0.265479 0.139247 0.095274
0.260207 0.0224805 0.217312
0.255051 0.221985 0.0229637
0.25 0.101562 0.148438
0.245049 0.167312 0.0876394
0.240193 0.040595 0.219213
0.235425 0.206699 0.0578757
0.230742 0.0757289 0.193529
0.226138 0.145489 0.128372
0.221612 0.00869907 0.269689
0.217157 0.278423 0.00441933
0.212772 0.139126 0.148102
0.208452 0.214105 0.0774424
0.204196 0.0693286 0.226475
0.2 0.257812 0.0421875
0.195862 0.109299 0.194838
0.19178 0.187821 0.120399
0.187749 0.0341524 0.278098
0.183772 0.291523 0.0247053
0.179844 0.135065 0.185091
0.175963 0.217713 0.106325
0.172128 0.056353 0.271519
0.168337 0.264294 0.0673691
0.16459 0.0995749 0.235835
0.160884 0.185453 0.153663
0.157218 0.0160674 0.326715
0.15359 0.330172 0.0162379
0.15 0.158594 0.191406
0.146447 0.248592 0.104961
0.142929 0.0725298 0.284542
0.139445 0.298585 0.0619705
0.135994 0.11944 0.244566
0.132576 0.212417 0.155007
0.129191 0.0289663 0.341843
0.125834 0.333241 0.0409243
0.122507 0.147458 0.230035
0.119212 0.243941 0.136847
0.115944 0.0540029 0.330053
0.112701 0.296526 0.090773
0.109487 0.10373 0.286783
0.106298 0.203003 0.190699
0.103138 0.00619779 0.390664
0.1 0.396875 0.00312491
0.096887 0.198407 0.204706
0.0937981 0.301478 0.104724
0.0907327 0.0991196 0.310148
0.0876895 0.35755 0.05476
0.0846685 0.152504 0.262827
0.0816698 0.258188 0.160142
0.0786925 0.049372 0.371936
0.075736 0.394433 0.029831
0.0727996 0.183563 0.243638
0.0698836 0.292345 0.137772
0.0669874 0.077807 0.355206
0.0641101 0.350755 0.0851345
0.0612513 0.133681 0.305068
0.0584119 0.244944 0.196645
0.0555893 0.0243031 0.420108
0.0527865 0.429744 0.0174691
0.05 0.207422 0.242578
0.0472307 0.321891 0.130879
0.0444785 0.0960853 0.359436
0.0417425 0.383075 0.075183
0.0390228 0.15486 0.306118
0.0363191 0.271688 0.191993
0.0336315 0.0400722 0.426296
0.0309584 0.421405 0.0476369
0.028301 0.187943 0.283757
0.0256581 0.307581 0.166761
0.0230306 0.0707957 0.406174
0.0204168 0.370928 0.108655
0.0178171 0.131847 0.350336
0.015232 0.253746 0.231022
0.0126601 0.0114149 0.475925
0.010102 0.478417 0.0114813
0.0075569 0.23468 0.257763
0.0050252 0.35963 0.135344
0.00250253 0.112714 0.384783
