1 7.43919e-13 1.79026e-15
9.08775e-14 1 6.32814e-13
6.12276e-17 7.59031e-19 1
0.998508 0.0386168 0.0386168
0.993756 0.105845 0.0352818
0.988763 0.0472733 0.141819
0.979188 0.200915 0.028702
0.980565 0.100942 0.168236
0.975021 0.19046 0.114276
0.955502 0.0417168 0.29202
0.940319 0.339541 0.0226358
0.957918 0.176227 0.226576
0.945617 0.296126 0.134603
0.925621 0.0850833 0.368764
0.916027 0.390844 0.0901947
0.921022 0.161172 0.354601
0.920648 0.308157 0.239679
0.860417 0.0338974 0.508461
0.840177 0.542031 0.0174846
0.895387 0.294613 0.333895
0.868818 0.461087 0.180426
0.846472 0.14356 0.512714
0.820212 0.562496 0.104166
0.845954 0.247434 0.472375
0.84226 0.4449 0.304404
0.763265 0.0664473 0.64266
0.749552 0.658432 0.0681135
0.808894 0.332008 0.485244
0.788685 0.544607 0.28527
0.728762 0.124631 0.673329
0.734495 0.653481 0.182975
0.738304 0.245759 0.6281
0.754032 0.492523 0.434578
0.628575 0.0250329 0.777346
0.608446 0.793496 0.0125945
0.716966 0.477293 0.508087
0.668323 0.699519 0.253017
0.645562 0.223386 0.730308
0.599937 0.789546 0.129198
0.651141 0.371319 0.66192
0.643376 0.644501 0.413141
0.547631 0.101933 0.830488
0.522576 0.849548 0.0719953
0.60768 0.468115 0.641556
0.577435 0.733623 0.358282
0.516937 0.173945 0.838164
0.514393 0.830983 0.211819
0.529517 0.329931 0.78151
0.543707 0.64626 0.535473
0.422088 0.0445005 0.905462
0.410045 0.910964 0.0448015
0.503801 0.551133 0.66516
0.46407 0.816042 0.34455
0.424838 0.223596 0.877221
0.402978 0.896113 0.185985
0.433094 0.395525 0.809932
0.435773 0.727058 0.530556
0.33965 0.0794118 0.937194
0.337782 0.934206 0.114726
0.393983 0.496016 0.773787
0.376833 0.80785 0.453185
0.313688 0.153327 0.937065
0.326741 0.903718 0.276648
0.322661 0.321943 0.89008
0.340088 0.685404 0.643864
0.242228 0.0153716 0.970098
0.231344 0.972842 0.00766008
0.304772 0.662862 0.683907
0.266141 0.910562 0.3163
0.252637 0.294545 0.921639
0.220964 0.964041 0.147646
0.251308 0.48577 0.837181
0.242231 0.824498 0.511398
0.190677 0.129147 0.97312
0.17401 0.98194 0.0742642
0.214331 0.587764 0.780125
0.194245 0.887353 0.418178
0.16564 0.211018 0.963346
0.159138 0.959401 0.232864
0.163744 0.395941 0.903559
0.164651 0.769153 0.617489
0.117056 0.0573013 0.991471
0.108117 0.993318 0.0403787
0.136475 0.643804 0.752922
0.117691 0.919918 0.374033
0.102664 0.256894 0.960971
0.0909594 0.977212 0.191789
0.0953283 0.449352 0.888254
0.0904047 0.813323 0.574746
0.0640686 0.0934049 0.993565
0.0583932 0.991976 0.112136
0.0647893 0.551039 0.831961
0.0555744 0.877748 0.475888
0.0407481 0.17158 0.984327
0.0367225 0.959026 0.280927
0.0306624 0.352061 0.935475
0.0256209 0.739197 0.673001
0.0134507 0.0239909 0.999622
0.00800783 0.99968 0.0239916
0.00365468 0.673218 0.739435
