0.859484 0.708949 3.32296
0.859151 0.708949 3.32296
0.859122 0.774812 2.87228
0.859401 0.251411 3.8802
0.859184 0.804161 2.72889
0.859236 0.657088 3.70915
0.859202 0.744947 3.06098
0.859302 0.188555 3.93389
0.859231 0.821614 2.66878
0.859139 0.686078 3.49611
0.859206 0.760288 2.95959
0.859401 0.251411 3.8802
0.859221 0.789154 2.79612
0.859401 0.251411 3.8802
0.859215 0.728124 3.18033
0.8594 0.100696 4.12446
0.859288 0.833063 2.64088
0.859136 0.698091 3.40518
0.859278 0.767613 2.91438
0.8594 0.251411 3.8802
0.859204 0.796502 2.76151
0.859194 0.638861 3.83365
0.859216 0.736768 3.11811
0.859314 0.145364 4.0192
0.85924 0.812376 2.69805
0.859092 0.672575 3.597
0.859171 0.752758 3.00831
0.859364 0.235183 3.88399
0.859238 0.781962 2.83296
0.8594 0.251411 3.8802
0.859191 0.718899 3.24833
0.8594 0.0521375 4.23027
0.838456 0.859148 2.63107
0.859152 0.703647 3.36305
0.786903 0.808243 2.90635
0.8594 0.25141 3.8802
0.792257 0.859107 2.78113
0.859183 0.64838 3.76982
0.7853 0.769095 3.10702
0.8594 0.166915 3.97317
0.805812 0.859144 2.72234
0.859134 0.679539 3.54523
0.744524 0.85926 3.06388
0.82753 0.251008 3.91937
0.766553 0.859163 2.92078
0.8594 0.25141 3.8802
0.717476 0.827052 3.29928
0.803699 0.0821397 4.28418
0.811864 0.859148 2.69984
0.723075 0.7645 3.53668
0.733717 0.859191 3.13988
0.772478 0.250959 4.15185
0.761431 0.859091 2.95239
0.760071 0.667546 3.98088
0.695231 0.85923 3.42686
0.728722 0.163408 4.54223
0.775863 0.859074 2.86634
0.659465 0.793766 3.85228
0.696924 0.859243 3.41403
0.704817 0.25118 4.62038
0.725644 0.859298 3.19846
0.699689 0.662895 4.44671
0.647527 0.859048 3.77565
0.679018 0.0408248 5.18597
0.833477 0.859127 2.64005
0.25141 0.8594 3.8802
0.699442 0.859229 3.39492
0.250838 0.686222 4.76122
0.742525 0.859135 3.0777
0.251264 0.803324 3.99846
0.63495 0.859166 3.85904
0.251409 0.251409 5.14639
0.767305 0.859077 2.91624
0.25141 0.8594 3.8802
0.634147 0.859193 3.86419
0.251409 0.251409 5.14639
0.682806 0.859162 3.52074
0.251277 0.746387 4.3173
0.25141 0.8594 3.8802
0.251409 0.1535 5.26737
0.775121 0.85908 2.87053
0.25141 0.8594 3.8802
0.251411 0.859401 3.8802
0.251115 0.648057 5.03822
0.64699 0.859401 3.77931
0.196397 0.77939 4.15466
0.239887 0.8594 3.88212
0.202521 0.241348 5.18107
0.666724 0.859101 3.63993
0.141112 0.8594 4.02885
0.200373 0.8594 3.91628
0.150786 0.251409 5.27331
0.238383 0.859401 3.88265
0.10037 0.742725 4.58753
0.099738 0.859316 4.12672
0.083023 0.0749024 5.73495
0.697829 0.859122 3.40716
0.0476326 0.8594 4.2387
0.0594765 0.859401 4.21591
0.0156903 0.705643 5.02293
