1 1.68093e-13 6.96046e-13
5.19424e-13 1 5.51506e-14
2.43999e-17 6.27843e-15 1
0.998508 0.0386165 0.0386168
0.993757 0.105845 0.0352817
0.988763 0.0472732 0.14182
0.979188 0.200916 0.0287021
0.980565 0.100942 0.168237
0.975021 0.19046 0.114276
0.955502 0.041717 0.29202
0.940319 0.339541 0.022636
0.957918 0.176227 0.226576
0.945617 0.296126 0.134602
0.92562 0.0850992 0.368763
0.916027 0.390845 0.0901946
0.921021 0.161182 0.3546
0.920649 0.308157 0.239678
0.860418 0.0338731 0.508462
0.840177 0.542031 0.0174842
0.895387 0.294613 0.333895
0.868818 0.461087 0.180426
0.846472 0.14356 0.512715
0.820212 0.562496 0.104166
0.845954 0.247434 0.472375
0.842261 0.444899 0.304404
0.76327 0.0663424 0.642664
0.749552 0.658432 0.0681134
0.808894 0.332008 0.485244
0.788685 0.544607 0.28527
0.728778 0.124457 0.673344
0.734495 0.653481 0.182975
0.738305 0.245752 0.628101
0.754034 0.492518 0.434579
0.628579 0.024802 0.77735
0.608446 0.793495 0.0125935
0.716971 0.47728 0.50809
0.668323 0.699519 0.253015
0.645549 0.223468 0.730293
0.599937 0.789546 0.129198
0.651145 0.371306 0.661923
0.643376 0.644501 0.413142
0.547633 0.101893 0.830491
0.522576 0.849548 0.0719951
0.607669 0.468145 0.641544
0.57744 0.73362 0.35828
0.516939 0.173925 0.838167
0.514393 0.830983 0.211819
0.529512 0.329955 0.781503
0.543702 0.646262 0.535475
0.422089 0.0444455 0.905464
0.410045 0.910964 0.0448013
0.503803 0.551132 0.665159
0.46407 0.816042 0.34455
0.424838 0.223594 0.877222
0.402978 0.896113 0.185985
0.433093 0.39553 0.80993
0.435772 0.727058 0.530556
0.33965 0.0794074 0.937194
0.337782 0.934206 0.114727
0.393982 0.496017 0.773787
0.376831 0.80785 0.453185
0.313689 0.153308 0.937068
0.326741 0.903718 0.276648
0.322661 0.321943 0.89008
0.340117 0.685396 0.643857
0.242227 0.0153855 0.970098
0.231344 0.972842 0.00765989
0.304786 0.662859 0.683903
0.26614 0.910562 0.3163
0.252652 0.294537 0.921637
0.220964 0.964041 0.147645
0.251281 0.485774 0.837187
0.242293 0.824485 0.51139
0.190677 0.129165 0.973118
0.17401 0.98194 0.0742643
0.21419 0.587783 0.78015
0.194255 0.887352 0.418176
0.165619 0.211019 0.963349
0.159138 0.9594 0.232864
0.16374 0.395941 0.90356
0.164663 0.769152 0.617488
0.117056 0.0572829 0.991472
0.108117 0.993318 0.0403783
0.13646 0.643804 0.752924
0.117662 0.919921 0.374034
0.102677 0.256893 0.96097
0.090961 0.977212 0.191789
0.0954844 0.449345 0.888241
0.0904013 0.813323 0.574747
0.0640671 0.0934119 0.993564
0.0583933 0.991976 0.112136
0.0646617 0.551044 0.831967
0.0555733 0.877748 0.475888
0.0406939 0.17158 0.984329
0.0367224 0.959026 0.280927
0.030533 0.352062 0.935478
0.0259384 0.739191 0.672996
0.0134244 0.0239904 0.999622
0.00800646 0.99968 0.023992
0.00293029 0.673219 0.739437
