0.5 1.35745e-11 4.40049e-11
4.87718e-12 0.5 4.40049e-11
8.80854e-14 4.6137e-15 0.5
0.464102 0.0179489 0.0179489
0.437823 0.0466327 0.0155442
0.41973 0.0200675 0.0602025
0.405023 0.083105 0.0118721
0.392307 0.0403852 0.0673081
0.38094 0.0744125 0.0446472
0.370568 0.0161789 0.113253
0.360968 0.130342 0.00868949
0.351989 0.0647549 0.0832559
0.343524 0.107577 0.0488985
0.335495 0.0308446 0.13366
0.32784 0.13988 0.03228
0.320511 0.0560902 0.123399
0.313469 0.104923 0.0816075
0.306684 0.0120822 0.181234
0.300129 0.193625 0.0062459
0.293782 0.0966645 0.109553
0.287625 0.152645 0.0597305
0.281642 0.0477658 0.170593
0.275818 0.189154 0.0350285
0.270141 0.0790135 0.150845
0.264602 0.139768 0.0956305
0.25919 0.0225756 0.218235
0.253896 0.223031 0.023072
0.248715 0.102084 0.149201
0.243637 0.168238 0.0881245
0.23866 0.0408336 0.220507
0.233774 0.207989 0.058237
0.228976 0.0762255 0.194798
0.224265 0.146482 0.129253
0.21963 0.00875894 0.271611
0.215069 0.280479 0.00445189
0.210581 0.140187 0.149232
0.206163 0.215786 0.0780505
0.20181 0.0698881 0.228302
0.197519 0.259945 0.0425364
0.193288 0.110224 0.196488
0.189115 0.189446 0.121439
0.184999 0.0344484 0.280553
0.180932 0.294141 0.024927
0.176919 0.1363 0.186781
0.172954 0.219734 0.107312
0.169033 0.0568836 0.274083
0.165167 0.266821 0.0680128
0.161337 0.10054 0.238123
0.157556 0.187274 0.15517
0.153815 0.0162201 0.329965
0.15011 0.333488 0.016401
0.146447 0.160204 0.19335
0.14282 0.251142 0.106038
0.139231 0.0732788 0.28749
0.135676 0.301706 0.0626179
0.132156 0.120699 0.247145
0.128669 0.214676 0.156655
0.125215 0.02928 0.345505
0.12179 0.336843 0.0413667
0.1184 0.149062 0.232538
0.115038 0.246616 0.138346
0.111705 0.0546031 0.333692
0.1084 0.299819 0.0917811
0.105123 0.104889 0.289988
0.101873 0.205284 0.192843
0.0986464 0.00627114 0.395082
0.095451 0.401389 0.00316049
0.092278 0.200676 0.207046
0.0891295 0.304943 0.105927
0.0860051 0.100264 0.313731
0.082904 0.361701 0.0553955
0.079826 0.154282 0.265892
0.0767704 0.261211 0.162019
0.0737368 0.0499483 0.376315
0.0707235 0.399093 0.0301834
0.0677319 0.18574 0.246528
0.0647609 0.295827 0.139413
0.06181 0.0787371 0.359453
0.058879 0.354965 0.0861565
0.0559627 0.135292 0.308745
0.0530747 0.247903 0.199022
0.0501998 0.0245984 0.425202
0.0473446 0.434974 0.0176816
0.0445024 0.209956 0.245542
0.041686 0.325833 0.132481
0.0388809 0.0972674 0.363852
0.0360968 0.387794 0.076109
0.0333272 0.156773 0.3099
0.0305736 0.275055 0.194372
0.0278366 0.0405764 0.431587
0.0251153 0.426654 0.0482305
0.0224071 0.190291 0.287302
0.0197186 0.311432 0.168849
0.0170437 0.0716703 0.411286
0.0143821 0.375595 0.110023
0.0117359 0.133501 0.354763
0.00910332 0.256953 0.233943
0.0064846 0.0115667 0.481949
0.003881 0.484491 0.0116278
0.00129015 0.237666 0.261044
