1.89002 0.0101948
1.17037e-08 1.00027
0.975014 0.0148152
0.965236 0.0247051
0.934669 0.0345134
0.924533 0.0418214
0.896734 0.0530595
0.879555 0.0625415
0.869094 0.0698481
0.846422 0.0802264
0.835642 0.0873088
0.815509 0.0970962
0.804859 0.104004
0.784983 0.114232
0.771734 0.123062
0.754808 0.131252
0.746564 0.138668
0.728243 0.147199
0.721128 0.155173
0.701398 0.162629
0.687842 0.170673
0.680988 0.178432
0.663909 0.185661
0.650845 0.193413
0.639039 0.200647
0.628969 0.207236
0.616212 0.215642
0.607846 0.223037
0.593177 0.229904
0.587584 0.236235
0.570857 0.244613
0.560159 0.251589
0.549851 0.258536
0.54001 0.265621
0.534272 0.273789
0.518069 0.280263
0.509704 0.286629
0.498376 0.294067
0.489195 0.300597
0.478621 0.309423
0.469291 0.314972
0.460288 0.321578
0.451609 0.328235
0.44161 0.335759
0.433145 0.341868
0.42389 0.349
0.414741 0.356054
0.406612 0.362361
0.397967 0.369443
0.38849 0.376726
0.379766 0.383776
0.371984 0.390262
0.363733 0.396931
0.354917 0.404315
0.347123 0.411007
0.339251 0.417853
0.330039 0.425862
0.321648 0.43329
0.313804 0.43999
0.306961 0.445976
0.299465 0.453775
0.291197 0.460586
0.283403 0.467874
0.275079 0.475594
0.267078 0.483475
0.259846 0.490329
0.251533 0.498753
0.245129 0.506974
0.236827 0.513383
0.230059 0.52132
0.220941 0.530125
0.214249 0.537155
0.208139 0.544518
0.198972 0.554656
0.193389 0.56111
0.186017 0.569524
0.178687 0.57764
0.171046 0.587404
0.164073 0.595282
0.15635 0.604625
0.1499 0.613502
0.141743 0.625421
0.134135 0.634185
0.127655 0.642767
0.120339 0.65348
0.112137 0.665157
0.105708 0.674925
0.0984355 0.686378
0.0912479 0.698029
0.0837824 0.710784
0.0760937 0.724245
0.0689122 0.73799
0.0612612 0.753303
0.0530627 0.769727
0.0457698 0.786083
0.0379056 0.805349
0.0299124 0.827066
0.0219491 0.852381
0.0134547 0.88403
0.00457712 0.932388
