0.833971 0.195254
0.7535 0.198845
0.7535 0.198845
0.733864 0.207746
0.732853 0.209739
0.619001 0.214723
0.619001 0.214723
0.614055 0.216626
0.610109 0.219452
0.610109 0.219452
0.602244 0.225582
0.597811 0.22841
0.592755 0.230839
0.587972 0.233943
0.585582 0.236913
0.579405 0.239936
0.57591 0.242233
0.572605 0.24463
0.567522 0.248233
0.563752 0.25026
0.560733 0.252936
0.555361 0.255594
0.551107 0.257825
0.547181 0.261147
0.544027 0.263416
0.539766 0.265937
0.536254 0.268705
0.531601 0.271204
0.528679 0.273149
0.525857 0.276193
0.52289 0.278298
0.518164 0.280385
0.51497 0.283819
0.510718 0.285507
0.507458 0.287965
0.504371 0.289976
0.501278 0.292393
0.497287 0.294921
0.495212 0.297141
0.491488 0.299154
0.488221 0.301723
0.484868 0.304023
0.481942 0.306475
0.478197 0.308858
0.475684 0.310547
0.472562 0.312783
0.469321 0.315283
0.46687 0.317452
0.463079 0.319614
0.46095 0.32205
0.457583 0.323975
0.454724 0.326228
0.451666 0.328048
0.448357 0.331055
0.446208 0.332426
0.443044 0.334671
0.439657 0.337108
0.437225 0.339224
0.434309 0.341096
0.431179 0.343424
0.429643 0.345617
0.42589 0.347428
0.423515 0.3497
0.421319 0.351858
0.417861 0.353678
0.415443 0.356085
0.412752 0.357615
0.409547 0.360154
0.407544 0.362573
0.404822 0.363974
0.402285 0.365979
0.399712 0.368307
0.396895 0.370019
0.394073 0.372505
0.391721 0.374133
0.389665 0.376092
0.386884 0.378541
0.3845 0.380186
0.381522 0.382658
0.379389 0.384262
0.376628 0.386413
0.374444 0.388266
0.371808 0.390248
0.369196 0.392622
0.367197 0.394731
0.364765 0.396132
0.361726 0.398619
0.359708 0.401011
0.357478 0.402186
0.355024 0.4042
0.352604 0.406229
0.350368 0.408388
0.347892 0.410181
0.345636 0.412326
0.343146 0.414492
0.340936 0.41613
0.338547 0.418969
0.336289 0.420135
0.334004 0.42224
0.331635 0.424246
