1 1.52518e-12 1.17579e-12
1.16648e-06 1 1.31234e-06
9.019e-14 1.37538e-12 1
0.998511 0.0385787 0.038579
0.993777 0.105701 0.0351703
0.988777 0.0471764 0.141784
0.979208 0.200829 0.0286463
0.98058 0.100879 0.168191
0.975033 0.190461 0.114172
0.956335 1.30268e-12 0.292274
0.940333 0.339543 0.0220267
0.957944 0.176145 0.22654
0.945661 0.296136 0.134281
0.92899 1.30717e-12 0.370106
0.916232 0.390905 0.0891409
0.933223 1.31123e-12 0.359298
0.920685 0.308116 0.239595
0.860912 1.02321e-12 0.508754
0.840319 0.542097 7.43012e-05
0.895489 0.294557 0.333672
0.883316 0.468781 3.80913e-06
0.855331 1.02217e-12 0.518081
0.824699 0.565573 0.000214095
0.873103 1.30257e-12 0.487535
0.884224 0.467065 6.39174e-06
0.764955 1.21845e-12 0.644083
0.751276 0.659945 0.00756106
0.857536 1.00387e-12 0.514424
0.822881 0.568216 0.000217036
0.734489 9.86446e-13 0.678621
0.747088 0.664682 0.00783151
0.761664 1.09767e-12 0.647973
0.83723 0.546852 0.000166126
0.628772 1.39322e-12 0.77759
0.608495 0.793563 1.62689e-06
0.815898 2.08187e-12 0.578195
0.690605 0.722863 0.0236126
0.662298 1.36112e-12 0.749241
0.605008 0.79622 5.44019e-06
0.701279 1.06374e-12 0.712887
0.706333 0.707569 0.0216464
0.550499 1.11638e-12 0.834836
0.523859 0.851637 0.0170971
0.687679 1.04497e-12 0.726015
0.618497 0.785787 1.00655e-05
0.52494 1.40833e-12 0.851139
0.52626 0.850154 0.0170996
0.560926 1.38453e-12 0.827866
0.643604 0.76499 0.0242217
0.422506 1.41793e-12 0.90636
0.410439 0.91184 0.00935434
0.603778 1.36333e-12 0.797153
0.494328 0.869269 0.0034797
0.435874 1.16832e-12 0.900008
0.410116 0.911986 0.00935432
0.471546 1.16574e-12 0.881841
0.513998 0.857588 0.0190452
0.340726 1.39979e-12 0.940163
0.34001 0.94042 0.00163519
0.453736 1.38746e-12 0.891136
0.422699 0.906224 0.0100691
0.317441 1.31232e-12 0.948278
0.34001 0.94042 0.00163519
0.340806 1.40538e-12 0.940134
0.444448 0.895755 0.00957629
0.242256 1.19348e-12 0.970212
0.23135 0.972871 0.0010685
0.407086 3.02783e-12 0.91339
0.280543 0.959836 0.00344523
0.264382 1.34331e-12 0.964418
0.223387 0.974729 0.00119787
0.287541 1.32608e-12 0.957768
0.281971 0.959417 0.00342567
0.192288 8.90532e-13 0.981339
0.174438 0.984581 0.01321
0.264927 1.34333e-12 0.964269
0.213842 0.976867 0.00172923
0.169469 1.18096e-12 0.985536
0.163599 0.986429 0.01406
0.178369 1.24998e-12 0.983964
0.209336 0.977844 0.00172998
0.117248 1.33743e-12 0.993103
0.108167 0.99407 0.0112075
0.178354 1.24998e-12 0.983966
0.126889 0.991913 0.00273594
0.10626 1.38375e-12 0.994338
0.0926638 0.995635 0.0112017
0.106925 1.22445e-12 0.994267
0.110468 0.993817 0.0112075
0.0643648 1.3627e-12 0.997926
0.058743 0.998273 4.60588e-06
0.0777635 1.21427e-12 0.996972
0.0631736 0.998003 4.42319e-06
0.0414047 1.23656e-12 0.999142
0.0382507 0.99926 0.00398545
0.0330628 1.39431e-12 0.999453
0.0353944 0.999366 0.0039848
0.0134553 1.18242e-12 0.999909
0.00795134 0.999962 0.00371105
0.00494285 1.32337e-12 0.999988
