1 5.81879e-13 5.64934e-14
4.03354e-07 1.00008 5.67383e-07
2.74357e-07 1.9532e-07 1.00001
0.998515 0.0385452 0.0385165
0.993808 0.105462 0.0349743
0.988791 0.0471877 0.14177
0.979201 0.200861 0.0286673
0.980656 0.10069 0.167857
0.975053 0.190373 0.114147
0.956335 5.91577e-13 0.292274
0.940563 0.33962 4.92383e-05
0.957929 0.176236 0.226527
0.945664 0.296023 0.13454
0.92899 6.24629e-13 0.370106
0.919204 0.392188 0.036018
0.933223 5.79942e-13 0.359298
0.920899 0.307619 0.239502
0.860912 5.45034e-13 0.508753
0.840314 0.542101 1.81759e-06
0.895821 0.293801 0.333501
0.883315 0.468781 4.81952e-07
0.855332 5.79105e-13 0.518081
0.824207 0.565236 0.0347345
0.873103 6.01829e-13 0.487535
0.884225 0.467063 1.34448e-06
0.764955 6.13794e-13 0.644083
0.751172 0.659854 0.0194815
0.857536 5.74589e-13 0.514424
0.822387 0.56788 0.0347501
0.734489 5.42068e-13 0.67862
0.746978 0.664594 0.0187479
0.761664 5.79753e-13 0.647973
0.836754 0.546568 0.0340978
0.628772 6.86315e-13 0.77759
0.608506 0.793561 0.000666465
0.815898 5.52438e-13 0.578196
0.690756 0.723014 0.0104406
0.662298 5.43745e-13 0.749241
0.604806 0.795953 0.0272594
0.701279 5.62652e-13 0.712887
0.706464 0.7077 0.00836156
0.550499 7.16743e-13 0.834836
0.523688 0.851356 0.0311687
0.68768 5.62781e-13 0.726014
0.618231 0.785507 0.0281711
0.52494 5.42954e-13 0.851139
0.526085 0.849872 0.0311147
0.560926 7.23686e-13 0.827866
0.643545 0.764917 0.0285772
0.422506 5.46696e-13 0.90636
0.410453 0.91187 0.00459131
0.603778 5.2134e-13 0.797152
0.494333 0.869272 0.00128066
0.435874 6.26307e-13 0.900008
0.41013 0.912016 0.00459099
0.471547 6.61309e-13 0.881841
0.513854 0.857336 0.0342828
0.340726 5.31796e-13 0.940163
0.340015 0.940382 0.00842556
0.453735 5.12099e-13 0.891137
0.422732 0.90625 0.0033644
0.317442 5.62496e-13 0.948278
0.339999 0.940388 0.00842556
0.340806 5.33612e-13 0.940134
0.444467 0.895789 0.00328755
0.242256 5.09185e-13 0.970212
0.231342 0.972874 0.00216059
0.407085 4.9136e-13 0.91339
0.280543 0.959837 0.00298239
0.264382 5.98902e-13 0.964418
0.223403 0.974725 0.00198382
0.287541 5.40826e-13 0.957768
0.281972 0.959418 0.00298573
0.192288 5.23388e-13 0.981339
0.174482 0.984634 0.0073085
0.264927 5.92007e-13 0.964269
0.213839 0.976861 0.0039171
0.169469 5.37135e-13 0.985536
0.163633 0.986495 0.00727388
0.178369 5.49373e-13 0.983964
0.209338 0.977836 0.00391664
0.117248 5.1239e-13 0.993103
0.108176 0.994117 0.00546986
0.178354 5.25214e-13 0.983966
0.126837 0.991907 0.00586217
0.10626 5.33159e-13 0.994338
0.0926352 0.995685 0.00549843
0.106925 5.27426e-13 0.994267
0.110473 0.993865 0.00547069
0.0643647 5.2947e-13 0.997926
0.0587465 0.998261 0.00493242
0.0777636 5.64928e-13 0.996972
0.0631777 0.99799 0.00492438
0.0414047 5.12903e-13 0.999142
0.0382613 0.999261 0.00395983
0.0330629 5.33495e-13 0.999453
0.035383 0.999367 0.00385273
0.0134545 5.30389e-13 0.999909
0.0079828 0.999968 0.00109629
0.00494284 5.12587e-13 0.999988
