1 3.27096e-07 3.64183e-07
3.5171e-07 1 2.21036e-07
2.31185e-07 1.08377e-06 1
0.928268 0.0358574 0.0358798
0.927404 0.0408655 0.0328661
0.839723 0.0398694 0.120448
0.932743 0.0406964 0.0273147
0.805295 0.0589925 0.138151
0.842045 0.0607559 0.0986926
0.742051 0.0311712 0.226784
0.937295 0.0408767 0.0225533
0.765209 0.0544396 0.181001
0.824647 0.0672955 0.117339
0.680334 0.0519041 0.270983
0.855659 0.060688 0.0842393
0.686526 0.0515614 0.264317
0.751707 0.0535816 0.195621
0.614108 0.022961 0.362939
0.940193 0.0406626 0.0195524
0.692325 0.0498342 0.25816
0.782536 0.0554842 0.162504
0.596607 0.0423733 0.361368
0.835251 0.0606498 0.10602
0.613949 0.0436672 0.342861
0.697816 0.0502353 0.252199
0.520385 0.0414615 0.438178
0.86134 0.0671307 0.0782419
0.598685 0.0426195 0.359147
0.697673 0.0502491 0.252351
0.496281 0.0487187 0.458474
0.141456 0.672181 0.188165
0.514782 0.0488375 0.437968
0.607292 0.0469599 0.349991
0.444137 0.00652218 0.549354
0.177661 0.810032 0.012852
0.562367 0.0414131 0.398522
0.189964 0.632964 0.22888
0.45004 0.0441527 0.509128
0.163025 0.722867 0.118182
0.474478 0.0448871 0.482357
0.113632 0.545781 0.349783
0.392357 0.0129424 0.595032
0.215078 0.767193 0.0647754
0.465738 0.0431665 0.491708
0.141704 0.585023 0.285624
0.376859 0.0127262 0.611034
0.156995 0.680131 0.172589
0.398745 0.0128455 0.588508
0.0974939 0.49507 0.410119
0.314568 0.0233754 0.674852
0.175559 0.788536 0.0387762
0.087435 0.414135 0.499874
0.165995 0.607076 0.255977
0.322759 0.0244635 0.666433
0.161847 0.699238 0.145058
0.325285 0.295949 0.608434
0.109915 0.520758 0.379994
0.263087 0.0211494 0.726829
0.170797 0.744685 0.0913898
0.0805465 0.361403 0.564123
0.114156 0.570669 0.320215
0.248434 0.0122783 0.742304
0.144435 0.658474 0.20158
0.252499 0.228389 0.696572
0.100329 0.46557 0.43733
0.197733 0.0101427 0.792142
0.179525 0.814735 0.00633317
0.122682 0.446681 0.460832
0.15396 0.640812 0.22248
0.0129511 0.238589 0.748556
0.16343 0.728356 0.111417
0.0700283 0.341423 0.588574
0.116376 0.551547 0.342295
0.16225 0.00923771 0.828517
0.133681 0.805469 0.060886
0.0818275 0.39459 0.523738
0.121922 0.597346 0.281488
0.00908614 0.177926 0.813001
0.11735 0.710238 0.172418
0.0590947 0.28659 0.654319
0.100746 0.501575 0.402704
0.104762 0.00710949 0.888239
0.0368352 0.925581 0.0376069
0.0874683 0.42067 0.492009
0.0832865 0.65172 0.264995
0.0116433 0.208716 0.780891
0.0226561 0.816995 0.16035
0.064731 0.314227 0.621365
0.058983 0.551379 0.38964
0.00502236 0.0854899 0.909499
0.0346007 0.868001 0.097717
0.0436089 0.381026 0.575367
0.0101583 0.64185 0.347994
0.00634696 0.147579 0.846988
0.0251625 0.753985 0.220863
0.0052446 0.271938 0.72282
0.0117133 0.517433 0.471084
0.00277177 0.0232181 0.974041
0.00757451 0.969894 0.0225357
0.000461058 0.476321 0.523222
