2.00003 4.7431e-05 4.74308e-05
1.56824 0.0871684 0.0871684
1.40511 0.173621 0.0579054
1.56579 0.0820483 0.24605
1.2612 0.275921 0.0394579
1.42071 0.153481 0.255769
1.27189 0.257921 0.154772
1.5776 0.0709891 0.496638
1.11076 0.41072 0.0274256
1.28385 0.240757 0.309531
1.14489 0.364047 0.165502
1.43745 0.133791 0.579604
1.0575 0.455415 0.105132
1.29149 0.227602 0.500671
1.12202 0.377361 0.293514
1.57958 0.0624497 0.936083
0.937391 0.605401 0.0195745
1.1235 0.369508 0.418766
0.988029 0.523325 0.204808
1.2919 0.218406 0.779898
0.91254 0.62291 0.115393
1.15131 0.334803 0.639126
0.985139 0.516729 0.353567
0.980172 0.123401 1.19247
0.837437 0.728859 0.0754414
1.0542 0.428288 0.625938
0.903802 0.61709 0.323261
1.2801 0.216386 1.16827
0.828647 0.72753 0.203743
1.10829 0.363762 0.929548
0.916416 0.589594 0.520234
1.11237 0.0437124 1.35366
0.719255 0.922142 0.0146837
0.90839 0.593978 0.632296
0.776326 0.797361 0.288437
0.768151 0.293436 1.19247
0.710148 0.915389 0.14983
0.949829 0.530057 0.944849
0.785663 0.769435 0.493244
0.894831 0.162808 1.32539
0.649118 1.02965 0.0873023
0.859549 0.645533 0.884604
0.714677 0.884208 0.431848
0.789095 0.258368 1.24468
0.646534 1.01502 0.258766
0.768151 0.293436 1.19247
0.730737 0.842315 0.697925
0.955791 0.0977241 1.98615
0.560757 1.20537 0.0593255
0.752372 0.795453 0.960022
0.619051 1.05077 0.443687
0.688126 0.349206 1.36984
0.556088 1.19062 0.247148
0.663127 0.410071 1.19247
0.630754 1.01055 0.737442
0.820364 0.183992 2.17059
0.499286 1.32211 0.162406
0.635108 0.445364 1.19247
0.561535 1.14898 0.64457
0.685052 0.319126 1.94998
0.496224 1.30548 0.399668
0.550095 0.521155 1.44075
0.57556 1.09908 1.03247
0.640548 0.0385556 2.42606
0.400983 1.5912 0.012576
0.554149 1.13471 1.17074
0.442732 1.42283 0.494279
0.510893 0.558096 1.7462
0.388618 1.58436 0.24269
0.419666 0.755828 1.30256
0.44237 1.39833 0.867338
0.460504 0.175927 2.38996
0.335743 1.74827 0.132263
0.358986 0.905056 1.20124
0.376552 1.57502 0.742273
0.450773 0.185817 2.38996
0.321383 1.75803 0.426739
0.369452 0.806228 1.83979
0.354264 0.925525 1.19247
0.405135 0.177141 3.06123
0.250186 2.03633 0.0828223
0.266537 1.10549 1.29285
0.275481 1.8771 0.763242
0.295804 0.392821 2.38996
0.226695 2.07987 0.408238
0.262563 1.04176 2.05924
0.225633 1.26115 1.19247
0.275234 0.32797 3.48792
0.170882 2.32523 0.262894
0.190597 1.26535 1.91041
0.183069 2.19383 1.18945
0.176812 0.543406 3.11722
0.134959 2.45078 0.717938
0.121611 0.799414 2.38996
0.0999608 1.66421 1.51518
0.0594261 0.0227286 4.77083
0.0629114 2.97639 0.0714796
0.0592643 1.83847 2.0193
0.0424042 3.03011 1.14039
0.0234146 0.51615 3.58501
