2.00002 1.80914e-05
1.80914e-05 4.00002
1.9949 0.0102483
1.98459 0.0308664
1.97418 0.0516977
1.96365 0.0727454
1.95302 0.0940129
1.94228 0.115504
1.93142 0.137221
1.92044 0.159169
1.90935 0.181351
1.89814 0.203772
1.88681 0.226434
1.87536 0.249341
1.86378 0.272498
1.85207 0.295908
1.84024 0.319577
1.82827 0.343508
1.81617 0.367705
1.80394 0.392174
1.79157 0.416921
1.77905 0.441945
1.7664 0.467255
1.7536 0.492855
1.74065 0.51875
1.72755 0.544946
1.7143 0.571447
1.7009 0.598258
1.68733 0.625386
1.67361 0.652836
1.65972 0.680614
1.64566 0.708726
1.63144 0.737177
1.61704 0.765977
1.60246 0.795126
1.58771 0.824634
1.57277 0.854508
1.55765 0.884754
1.54234 0.915379
1.52683 0.94639
1.51113 0.977795
1.49523 1.0096
1.47912 1.04182
1.4628 1.07445
1.44627 1.10751
1.42953 1.141
1.41256 1.17494
1.39537 1.20932
1.37794 1.24417
1.36029 1.27948
1.34239 1.31527
1.32425 1.35155
1.30586 1.38833
1.28722 1.42562
1.26831 1.46343
1.24914 1.50177
1.2297 1.54065
1.20998 1.58009
1.18998 1.62009
1.16969 1.66067
1.14911 1.70184
1.12822 1.74361
1.10703 1.786
1.08552 1.82901
1.06369 1.87268
1.04153 1.917
1.01903 1.96199
0.996187 2.00768
0.972992 2.05407
0.949433 2.10119
0.925507 2.14904
0.901203 2.19765
0.876512 2.24703
0.851423 2.29721
0.825929 2.3482
0.800018 2.40002
0.773681 2.45269
0.746906 2.50624
0.719684 2.56069
0.692002 2.61605
0.663849 2.67236
0.635213 2.72963
0.606077 2.7879
0.576436 2.84718
0.546273 2.90751
0.515573 2.96891
0.484323 3.03141
0.452507 3.09504
0.42011 3.15984
0.387115 3.22582
0.353507 3.29304
0.319267 3.36152
0.284378 3.4313
0.248822 3.50241
0.212578 3.5749
0.175628 3.6488
0.137949 3.72416
0.0995205 3.80101
0.0603195 3.87942
0.0203226 3.95941
