2 1.62106e-13 8.35912e-13
1.99889 0.111049 0.111049
1.99601 0.246578 0.0821925
1.99658 0.104565 0.313695
1.98804 0.434881 0.0621261
1.99352 0.215304 0.358841
1.98818 0.403117 0.241873
1.98858 0.0894261 0.625982
1.96661 0.727143 0.0484763
1.98493 0.372174 0.478507
1.97296 0.627307 0.285139
1.98007 0.184239 0.79837
1.95417 0.84153 0.194198
1.97598 0.348175 0.765985
1.96506 0.660848 0.513996
1.96172 0.0775015 1.16253
1.90319 1.22914 0.0396496
1.95883 0.644193 0.730084
1.92906 1.0217 0.399806
1.954 0.330283 1.17958
1.89129 1.29101 0.239076
1.94682 0.566087 1.08072
1.92176 1.00798 0.689671
1.92507 0.166313 1.60771
1.83318 1.5955 0.165053
1.92412 0.781671 1.14244
1.88081 1.28416 0.672655
1.9072 0.322266 1.74061
1.82618 1.60335 0.448936
1.90253 0.624405 1.5957
1.87376 1.2055 1.06368
1.85302 0.0727417 2.25501
1.6837 2.15872 0.0342653
1.85638 1.21382 1.29213
1.76841 1.81635 0.656978
1.85257 0.628982 2.05469
1.67815 2.16324 0.353984
1.83509 1.02406 1.82549
1.7653 1.72887 1.10825
1.78739 0.325131 2.6475
1.56598 2.48416 0.210522
1.78267 1.33877 1.83468
1.67643 2.07419 1.01297
1.75191 0.573559 2.76351
1.56458 2.45643 0.62615
1.74102 1.05329 2.49465
1.67041 1.92551 1.59543
1.64263 0.167873 3.41357
1.36192 2.92771 0.143984
1.655 1.74981 2.11181
1.50014 2.54648 1.07517
1.63042 0.827346 3.24583
1.35826 2.90836 0.603623
1.60531 1.40989 2.88691
1.49334 2.39267 1.746
1.49466 0.335158 3.9549
1.20276 3.1852 0.391165
1.51016 1.81769 2.83562
1.35047 2.76347 1.55024
1.43055 0.666057 4.07229
1.19465 3.14321 0.962202
1.41894 1.34428 3.71665
1.32764 2.5354 2.38175
1.24154 0.0741285 4.70265
0.900038 3.57203 0.0281261
1.25383 2.56761 2.64911
1.03679 3.33237 1.15756
1.24123 1.35518 4.24287
0.877079 3.57626 0.547713
1.17816 2.12206 3.65722
1.00941 3.19111 1.9793
1.05695 0.66307 4.99564
0.716205 3.72999 0.2821
1.02143 2.5755 3.41839
0.829963 3.472 1.63623
0.946879 1.09979 5.02089
0.67887 3.71421 0.901504
0.899263 1.96212 4.4788
0.775254 3.25093 2.6099
0.735557 0.320619 5.55872
0.476977 3.88316 0.157851
0.710772 2.9486 3.44836
0.545035 3.71456 1.51031
0.651546 1.4074 5.26523
0.422431 3.87672 0.760848
0.582852 2.31298 4.57223
0.469979 3.51722 2.4855
0.456353 0.54367 5.78452
0.289933 3.94656 0.446131
0.415026 2.75783 4.16379
0.31001 3.71635 2.01487
0.324775 0.99837 5.72783
0.214836 3.90313 1.14334
0.263125 1.94929 5.17953
0.204178 3.40155 3.09694
0.159002 0.143348 5.97714
0.0843762 3.99593 0.0959013
0.101621 3.22313 3.54016
0.05419 3.87833 1.45958
0.0287408 1.60893 5.49255
