2.05 0.0500366 0.0500171
2.04889 0.161021 0.161012
2.04601 0.296487 0.132171
2.04658 0.154535 0.363563
2.03805 0.484701 0.112113
2.04352 0.265227 0.408686
2.03819 0.452939 0.291761
2.03859 0.139388 0.6757
2.01664 0.776821 0.0984703
2.03494 0.422022 0.528238
2.02299 0.677033 0.334989
2.03009 0.234122 0.848009
2.00421 0.891159 0.244124
2.026 0.398024 0.815634
2.01509 0.710556 0.56375
2.01175 0.127491 1.21199
1.95328 1.27858 0.0896464
2.00887 0.693913 0.779756
1.97912 1.07128 0.449616
2.00405 0.380154 1.22902
1.94139 1.34045 0.288981
1.99687 0.615847 1.13023
1.97183 1.05754 0.739359
1.97514 0.216262 1.65698
1.88333 1.64484 0.214994
1.97419 0.831337 1.19189
1.93092 1.3336 0.722365
1.95728 0.372213 1.78982
1.87633 1.65267 0.498749
1.95262 0.674138 1.64498
1.92387 1.25499 1.11321
1.90315 0.122396 2.30403
1.73398 2.20787 0.0842645
1.90651 1.26332 1.34158
1.81861 1.86561 0.706717
1.90271 0.678578 2.10381
1.72843 2.21238 0.403856
1.88524 1.07363 1.87471
1.81551 1.77814 1.15779
1.83759 0.374742 2.6964
1.61635 2.53324 0.260457
1.83286 1.38826 1.88389
1.72671 2.12337 1.06256
1.80213 0.623341 2.81237
1.61495 2.50552 0.675929
1.79125 1.10286 2.54362
1.72069 1.97478 1.6448
1.69294 0.217839 3.46222
1.41243 2.97677 0.193954
1.7053 1.7991 2.16102
1.55055 2.59558 1.12479
1.68074 0.877068 3.29456
1.40877 2.95742 0.653437
1.65565 1.45937 2.9358
1.54376 2.44181 1.79539
1.54515 0.382779 4.00369
1.25336 3.23429 0.441065
1.56057 1.86704 2.88461
1.40099 2.81259 1.59975
1.48101 0.716171 4.12078
1.24526 3.19232 1.01194
1.46941 1.39387 3.76536
1.37816 2.58462 2.43099
1.29212 0.124073 4.75126
0.950797 3.62126 0.0781328
1.3044 2.61685 2.69833
1.08749 3.38155 1.20729
1.29174 1.40548 4.29132
0.927847 3.62551 0.597612
1.22878 2.1715 3.70618
1.06012 3.24035 2.02882
1.10764 0.712956 5.04436
0.767036 3.77935 0.332067
1.07213 2.62488 3.46755
0.880752 3.52131 1.6859
0.997618 1.14958 5.06974
0.729716 3.7636 0.951368
0.949977 2.01203 4.5276
0.826064 3.30033 2.65941
0.786408 0.368223 5.60801
0.527869 3.93272 0.207848
0.761604 2.99811 3.49777
0.595919 3.76408 1.56011
0.702394 1.45729 5.31435
0.473346 3.92632 0.810787
0.633721 2.36269 4.62156
0.521071 3.56674 2.53516
0.50726 0.593713 5.83386
0.340869 3.99628 0.496115
0.465953 2.80756 4.21336
0.360868 3.76609 2.06475
0.375707 1.04836 5.77735
0.265785 3.95292 1.19329
0.314277 1.99915 5.22912
0.255135 3.45139 3.14678
0.209952 0.191931 6.02699
0.135321 4.04585 0.145894
0.154394 3.27291 3.5899
0.105135 3.92828 1.50957
0.0861003 1.65885 5.54221
