2 5.80857e-13 5.79204e-13
1.99889 0.110968 0.110968
1.99601 0.246399 0.0821325
1.99659 0.104489 0.313467
1.98805 0.434565 0.0620806
1.99352 0.215146 0.358578
1.9882 0.402826 0.241696
1.9886 0.0893597 0.625524
1.96666 0.726614 0.0484411
1.98495 0.371901 0.47816
1.973 0.626854 0.284933
1.9801 0.184105 0.79779
1.95423 0.840926 0.194059
1.97602 0.347923 0.765436
1.96511 0.660372 0.513625
1.96177 0.0774457 1.16169
1.90333 1.22828 0.0396218
1.95889 0.643729 0.729558
1.92916 1.021 0.399522
1.95407 0.330046 1.17873
1.89144 1.29011 0.238908
1.9469 0.565685 1.07995
1.92187 1.00727 0.689184
1.92518 0.166195 1.60657
1.83342 1.59444 0.164942
1.92423 0.781119 1.14164
1.88098 1.28327 0.67219
1.90733 0.322109 1.73939
1.82642 1.60228 0.448638
1.90267 0.623969 1.59458
1.87394 1.20467 1.06294
1.85322 0.0726538 2.25347
1.68413 2.15738 0.0342441
1.85658 1.21301 1.29127
1.76872 1.81518 0.656555
1.85278 0.628559 2.05329
1.67858 2.1619 0.353762
1.83532 1.02337 1.82427
1.76562 1.72775 1.10753
1.78769 0.324918 2.64576
1.56655 2.48274 0.2104
1.78297 1.33793 1.83347
1.67687 2.07291 1.01235
1.75226 0.573188 2.76173
1.56516 2.45501 0.625789
1.74138 1.05262 2.49306
1.67085 1.92434 1.59445
1.64311 0.167777 3.41151
1.36271 2.92625 0.143914
1.65546 1.74874 2.11055
1.50078 2.54507 1.07458
1.63091 0.826871 3.24389
1.35906 2.90692 0.603318
1.60583 1.40906 2.88521
1.49399 2.39135 1.74504
1.49531 0.334974 3.95273
1.20369 3.18379 0.390992
1.51079 1.81669 2.83405
1.35127 2.7621 1.54947
1.43125 0.666015 4.0701
1.1956 3.14183 0.961777
1.41967 1.34362 3.71471
1.32846 2.53417 2.38058
1.24244 0.0745803 4.7005
0.901211 3.57084 0.028115
1.25472 2.56643 2.64791
1.03787 3.3311 1.15712
1.24205 1.35526 4.24065
0.878266 3.5751 0.547538
1.17912 2.12116 3.65563
1.01051 3.18993 1.97856
1.05801 0.662877 4.99368
0.717485 3.72901 0.282026
1.02252 2.57453 3.41711
0.83118 3.47094 1.63572
0.948017 1.09943 5.01913
0.680173 3.71328 0.901275
0.900379 1.96185 4.47705
0.776504 3.25001 2.60915
0.736812 0.321485 5.55711
0.478363 3.88247 0.157823
0.712057 2.94783 3.44746
0.546392 3.71382 1.51001
0.652813 1.40719 5.26395
0.423838 3.87611 0.760733
0.5842 2.31253 4.57127
0.471555 3.51653 2.48501
0.457683 0.543753 5.78355
0.291372 3.94613 0.446082
0.416586 2.75736 4.16308
0.311452 3.71592 2.01465
0.326108 0.998311 5.72717
0.216292 3.90282 1.14324
0.264514 1.94911 5.17905
0.205646 3.4013 3.0967
0.160447 0.143442 5.97679
0.0858435 3.9958 0.0958992
0.105241 3.22284 3.53982
0.0556624 3.87825 1.45955
0.0329817 1.60888 5.49237
