2.20002 0.200228 0.20002
2.20002 0.200228 0.20002
2.19997 0.223271 0.200002
2.19769 0.200002 0.488571
2.10905 1.33051 0.191802
2.19883 0.23953 0.397031
2.19606 0.446889 0.268696
2.19769 0.200002 0.488571
1.98801 1.72717 0.150036
2.19415 0.413115 0.529813
2.1842 0.695575 0.317097
2.18704 0.20499 0.882079
2.1659 0.933325 0.21657
2.18613 0.386956 0.847788
2.17798 0.733493 0.570602
2.024 0.155245 2.29233
1.4568 3.03878 0.100024
2.17287 0.715661 0.810267
2.13633 1.13168 0.443892
2.16402 0.367488 1.30506
2.07836 1.41816 0.264245
2.15399 0.627554 1.1953
2.11071 1.10728 0.757934
2.11601 0.193671 1.84945
1.98768 1.72861 0.175609
2.09577 0.852099 1.24377
2.04118 1.393 0.729609
2.08494 0.354115 1.90075
1.98206 1.73877 0.487547
2.0616 0.677242 1.72723
2.0348 1.30875 1.15435
1.61297 0.137439 4.18499
0.869871 3.71875 0.0609293
2.01685 1.3183 1.40089
1.92085 1.97095 0.713452
2.00827 0.67948 2.22397
1.82063 2.34358 0.38389
1.99296 1.11202 1.98013
1.91977 1.87825 1.19727
1.93199 0.352814 2.8571
1.68711 2.67152 0.21344
1.93814 1.45473 1.99206
1.80316 2.22797 1.08852
1.89652 0.621911 2.98659
1.65376 2.59174 0.65653
1.89026 1.14336 2.7041
1.76866 2.03534 1.68613
1.76969 0.177222 3.6698
1.43518 3.07792 0.15213
1.7521 1.84985 2.23209
1.58588 2.68692 1.13548
1.72074 0.873465 3.41862
1.43281 3.06084 0.636705
1.69764 1.48954 3.04691
1.57986 2.52663 1.84395
1.57102 0.353794 4.14726
1.26599 3.34326 0.412356
1.59741 1.91974 2.99301
1.42462 2.90853 1.63219
1.5051 0.70067 4.27382
1.25461 3.29169 1.00897
1.4819 1.40224 3.87181
1.3664 2.60343 2.44489
0.88921 0.0897485 5.49596
0.0255436 3.99963 0.0325394
1.29022 2.63563 2.71806
1.06529 3.41201 1.18622
1.27572 1.3876 4.34636
0.900173 3.65459 0.560919
1.21183 2.17709 3.74829
1.04058 3.27836 2.03265
1.08427 0.679998 5.10565
0.73464 3.80503 0.286977
1.03383 2.62056 3.47702
0.85247 3.55034 1.67402
0.899557 1.1186 5.09716
0.696749 3.79039 0.921321
0.904237 1.96614 4.48327
0.783831 3.2706 2.62522
0.752237 0.324947 5.65288
0.489454 3.95167 0.160532
0.717469 2.96016 3.46106
0.503945 3.73597 1.52008
0.663579 1.42415 5.32807
0.269945 3.92979 0.772845
0.59543 2.34764 4.63745
0.476038 3.52996 2.49473
0.463747 0.517415 5.82324
0.164563 3.97509 0.451131
0.426232 2.8031 4.23038
0.315505 3.73065 2.02334
0.336082 1.02181 5.84966
0.219067 3.90214 1.14426
0.274052 1.99832 5.30589
0.211201 3.44566 3.13684
0.163411 0.0441156 5.97961
0.0472314 3.99837 0.0976276
0.109837 3.27386 3.59515
0.0588916 3.89772 1.46795
0.0435237 0.00642437 5.9986
