2.09484 0.200482 0.190237
0.199981 4.08929 0.194996
0.104163 0.105228 6.0955
2.09484 0.200482 0.190237
2.09276 0.310001 0.165797
2.09408 0.179232 0.381586
2.08519 0.504918 0.154188
2.08959 0.302588 0.436274
2.08447 0.485602 0.328432
2.08611 0.178903 0.702746
2.06433 0.803544 0.142652
2.08108 0.461137 0.563423
2.06925 0.714505 0.374432
2.07607 0.279691 0.882886
2.0506 0.929959 0.288002
2.07182 0.442874 0.854541
2.06095 0.754171 0.603739
2.05897 0.168892 1.25314
2.00107 1.31348 0.134337
2.05428 0.740857 0.824237
2.0244 1.11889 0.494726
2.04934 0.428215 1.27624
1.98617 1.39048 0.335307
2.04196 0.664925 1.17969
2.01639 1.10967 0.7872
2.01978 0.265102 1.71171
1.92643 1.7017 0.255634
2.01842 0.885068 1.2462
1.97411 1.39167 0.77288
2.00095 0.422514 1.85157
1.91815 1.71494 0.547981
1.99581 0.728894 1.70788
1.96614 1.31602 1.17103
1.94663 0.164764 2.37547
1.77264 2.27491 0.129072
1.94774 1.32703 1.40482
1.85725 1.93649 0.760443
1.94361 0.734473 2.18043
1.76419 2.28717 0.453926
1.92474 1.13814 1.95007
1.85259 1.85295 1.22078
1.87539 0.428503 2.7871
1.6479 2.61349 0.306368
1.86962 1.46069 1.96192
1.75952 2.20543 1.12481
1.83704 0.682257 2.91129
1.64395 2.59098 0.730964
1.82498 1.17245 2.64006
1.75134 2.05994 1.72121
1.72256 0.268737 3.57492
1.43866 3.06209 0.241876
1.73375 1.88439 2.25136
1.57397 2.68854 1.18974
1.70722 0.943237 3.41304
1.42814 3.0497 0.707734
1.67979 1.54004 3.04828
1.56376 2.53893 1.87616
1.56457 0.437188 4.13492
1.26769 3.32533 0.491319
1.57805 1.95791 2.99731
1.41402 2.91358 1.67514
1.4946 0.778041 4.25939
1.25446 3.28928 1.07289
1.4798 1.47413 3.90028
1.38551 2.68688 2.5278
1.29771 0.168952 4.88944
0.957954 3.70456 0.123963
1.30643 2.71988 2.80086
1.08868 3.47791 1.26926
1.29006 1.48449 4.43349
0.929215 3.71236 0.649167
1.22287 2.26679 3.83373
1.05359 3.34091 2.10736
1.09837 0.772475 5.18695
0.767162 3.85825 0.380071
1.05796 2.72311 3.58007
0.870396 3.61349 1.75218
0.979841 1.21746 5.20773
0.722325 3.84503 1.00544
0.926791 2.09548 4.65411
0.806139 3.39256 2.74048
0.765703 0.423532 5.72757
0.525561 4.00031 0.252824
0.734091 3.08602 3.59021
0.579568 3.84128 1.61792
0.670311 1.52362 5.42846
0.46343 3.99387 0.860604
0.598091 2.43735 4.72061
0.49462 3.64181 2.60014
0.476809 0.64635 5.92736
0.33379 4.05575 0.543274
0.426782 2.87716 4.29183
0.337049 3.82991 2.11907
0.339307 1.10217 5.85613
0.250335 4.00942 1.24175
0.272864 2.05601 5.29859
0.221499 3.5088 3.20116
0.181349 0.241115 6.086
0.199858 4.08493 0.392593
0.128916 1.37598 5.77866
