2.09563 0.128869
2.09513 0.148435
2.09497 0.168397
2.09475 0.188765
2.09448 0.209551
2.09415 0.230766
2.09376 0.252421
2.09329 0.274528
2.09271 0.297095
2.0921 0.320142
2.0914 0.343679
2.09062 0.367718
2.08974 0.392273
2.08877 0.417357
2.08769 0.442986
2.0865 0.469173
2.0852 0.495934
2.08378 0.523282
2.08222 0.551235
2.08053 0.579807
2.0787 0.609015
2.07671 0.638875
2.07455 0.669403
2.07222 0.700617
2.06972 0.732533
2.06701 0.765169
2.06411 0.798542
2.06098 0.83267
2.05763 0.867569
2.05403 0.903258
2.05018 0.939755
2.04606 0.977075
2.04165 1.01524
2.03693 1.05426
2.0319 1.09415
2.02652 1.13494
2.02079 1.17663
2.01468 1.21923
2.00817 1.26278
2.00124 1.30726
1.99387 1.35271
1.98603 1.39911
1.97769 1.44649
1.96884 1.49485
1.95944 1.5442
1.94946 1.59452
1.93888 1.64582
1.92767 1.6981
1.9158 1.75135
1.90322 1.80554
1.88993 1.86068
1.87587 1.91674
1.86102 1.97368
1.84534 2.03148
1.8288 2.09011
1.81137 2.14951
1.79301 2.20965
1.7737 2.27046
1.75339 2.33187
1.73207 2.39383
1.7097 2.45626
1.68627 2.51906
1.66174 2.58215
1.63609 2.64543
1.60932 2.70879
1.5814 2.77212
1.55233 2.83529
1.52211 2.89819
1.49073 2.96068
1.45821 3.02263
1.42455 3.0839
1.38978 3.14434
1.35392 3.20381
1.31701 3.26218
1.27907 3.31929
1.24016 3.37502
1.20033 3.42923
1.15963 3.48178
1.11813 3.53256
1.07589 3.58145
1.03298 3.62835
0.989492 3.67317
0.945493 3.71582
0.901068 3.75624
0.856301 3.79436
0.811278 3.83014
0.766084 3.86355
0.720805 3.89458
0.675523 3.92321
0.630321 3.94947
0.585277 3.97335
0.540468 3.9949
0.495964 4.01416
0.451835 4.03118
0.408143 4.04601
0.364948 4.05873
0.322302 4.06941
0.280254 4.07812
0.238849 4.08494
0.198124 4.08997
