2.09701 0.235443 0.224561
0.200793 4.09027 0.17905
0.189964 0.185198 6.08719
2.09701 0.235443 0.224561
2.09312 0.303695 0.155745
2.09298 0.191356 0.385516
2.08578 0.503375 0.155854
2.08958 0.300832 0.440957
2.08454 0.483599 0.332335
2.0849 0.172332 0.706049
2.06414 0.804423 0.144896
2.08094 0.460269 0.568177
2.06932 0.712531 0.379956
2.076 0.277297 0.886726
2.05067 0.927847 0.291292
2.07178 0.441012 0.858633
2.06095 0.752181 0.610123
2.05787 0.1706 1.25274
2.00038 1.31982 0.128458
2.05439 0.738832 0.828308
2.02455 1.11701 0.499244
2.04928 0.42618 1.28
1.98644 1.38916 0.33803
2.0418 0.663559 1.18362
2.01657 1.10799 0.792036
2.01952 0.262508 1.71532
1.92683 1.7 0.263587
2.0183 0.883064 1.25005
1.97437 1.38981 0.777447
2.00083 0.420587 1.85524
1.91841 1.71316 0.552416
1.99565 0.726851 1.71166
1.96616 1.31449 1.17484
1.94574 0.167339 2.37796
1.78871 2.25509 0.133044
1.94771 1.32558 1.40849
1.85758 1.93495 0.764318
1.94321 0.734063 2.18403
1.76477 2.28586 0.458174
1.92482 1.13621 1.95398
1.85291 1.85119 1.22489
1.875 0.425647 2.79032
1.64847 2.612 0.312732
1.86936 1.45857 1.96691
1.75988 2.20381 1.12911
1.8369 0.679754 2.91465
1.6445 2.58977 0.735339
1.82483 1.17039 2.64415
1.75151 2.05792 1.72542
1.72215 0.256986 3.57779
1.43504 3.06455 0.245189
1.73369 1.88231 2.2556
1.57437 2.68717 1.19363
1.70709 0.94151 3.41546
1.42874 3.04891 0.712547
1.67974 1.53698 3.05246
1.56401 2.53725 1.88091
1.56409 0.43596 4.13726
1.26835 3.32502 0.495915
1.57809 1.95577 3.00115
1.41433 2.91184 1.67819
1.49437 0.772692 4.26263
1.25507 3.28865 1.07705
1.47966 1.47202 3.90364
1.38571 2.68518 2.53148
1.29714 0.172024 4.89075
0.587868 3.97336 0.127689
1.30637 2.71767 2.80424
1.08906 3.47704 1.27365
1.28977 1.48159 4.43672
0.929714 3.71223 0.653447
1.22271 2.26388 3.83653
1.05406 3.33917 2.11147
1.09781 0.77116 5.18767
0.767513 3.85794 0.384307
1.05789 2.72052 3.58312
0.870739 3.61286 1.7557
0.979439 1.21518 5.20908
0.722666 3.84469 1.00931
0.926965 2.09289 4.65695
0.806327 3.39144 2.74538
0.765326 0.420953 5.72783
0.525807 4.00019 0.258523
0.734171 3.08376 3.59386
0.579432 3.84089 1.62242
0.67045 1.52095 5.4298
0.463592 3.99341 0.864737
0.598148 2.43467 4.7238
0.494574 3.64044 2.60451
0.476635 0.643941 5.92767
0.333943 4.05549 0.547332
0.427945 2.87442 4.29454
0.337065 3.82907 2.12376
0.339397 1.09968 5.85718
0.250706 4.00893 1.24583
0.272144 2.05345 5.30078
0.221627 3.50715 3.20535
0.181422 0.239777 6.08594
0.199862 4.08482 0.396119
0.128943 1.37724 5.77801
