1366.35 0.917978 78.0579 -24.8811 49.0775 -36.6703 63.0672 77.9027 99.7025 -31.6249 -92.5643 
1303.01 -0.334357 -30.2619 -40.4665 -2.80556 1.05062 70.4877 61.7774 63.7355 -0.789832 -53.6832 
1301.81 -0.334357 -30.2619 -40.3854 -2.80856 1.05062 70.4877 61.7774 63.7375 -0.789832 -53.6832 
1301.81 -0.334357 -30.2619 -40.3854 -2.80856 1.05062 70.4877 61.7774 63.7375 -0.789832 -53.6832 
1301.81 -0.334357 -30.2619 -40.3854 -2.80856 1.05062 70.4877 61.7774 63.7375 -0.789832 -53.6832 
1301.81 -0.334357 -30.2619 -40.3854 -2.80856 1.05062 70.4877 61.7774 63.7375 -0.789832 -53.6832 
1301.81 -0.334357 -30.2619 -40.3854 -2.80856 1.05062 70.4877 61.7774 63.7375 -0.789832 -53.6832 
1301.81 -0.334357 -30.2619 -40.3854 -2.80856 1.05062 70.4877 61.7774 63.7375 -0.789832 -53.6832 
1301.81 -0.334357 -30.2619 -40.3854 -2.80856 1.05062 70.4877 61.7774 63.7375 -0.789832 -53.6832 
1301.81 -0.334357 -30.2619 -40.3854 -2.80856 1.05062 70.4877 61.7774 63.7375 -0.789832 -53.6832 
1301.81 -0.334357 -30.2619 -40.3854 -2.80856 1.05062 70.4877 61.7774 63.7375 -0.789832 -53.6832 
1301.81 -0.334357 -30.2619 -40.3854 -2.80856 1.05062 70.4877 61.7774 63.7375 -0.789832 -53.6832 
1301.81 -0.334357 -30.2619 -40.3854 -2.80856 1.05062 70.4877 61.7774 63.7375 -0.789832 -53.6832 
1301.81 -0.334357 -30.2619 -40.3854 -2.80856 1.05062 70.4877 61.7774 63.7375 -0.789832 -53.6832 
1301.81 -0.334357 -30.2619 -40.3854 -2.80856 1.05062 70.4877 61.7774 63.7375 -0.789832 -53.6832 
1301.69 -0.334357 -30.2619 -40.3854 -2.80856 1.05012 70.4877 61.7774 63.7375 -0.789832 -53.6832 
1301.69 -0.334357 -30.2619 -40.3854 -2.80856 1.05012 70.4877 61.7774 63.7375 -0.789832 -53.6832 
1301.69 -0.334357 -30.2619 -40.3854 -2.80856 1.05012 70.4877 61.7774 63.7375 -0.789832 -53.6832 
1301.69 -0.334357 -30.2619 -40.3854 -2.80856 1.05012 70.4877 61.7774 63.7375 -0.789832 -53.6832 
1301.69 -0.334357 -30.2619 -40.3854 -2.80856 1.05012 70.4877 61.7774 63.7375 -0.789832 -53.6832 
1301.69 -0.334357 -30.2619 -40.3854 -2.80856 1.05012 70.4877 61.7774 63.7375 -0.789832 -53.6832 
1301.49 -0.334357 -30.2619 -40.3843 -2.80856 1.05012 70.4877 61.7774 63.7375 -0.789832 -53.6832 
1301.49 -0.334357 -30.2619 -40.3843 -2.80856 1.05012 70.4877 61.7774 63.7375 -0.789832 -53.6832 
1301.49 -0.334357 -30.2619 -40.3843 -2.80856 1.05012 70.4877 61.7774 63.7375 -0.789832 -53.6832 
1301.49 -0.334357 -30.2619 -40.3843 -2.80856 1.05012 70.4877 61.7774 63.7375 -0.789832 -53.6832 
1301.49 -0.334357 -30.2619 -40.3843 -2.80856 1.05012 70.4877 61.7774 63.7375 -0.789832 -53.6832 
1301.49 -0.334357 -30.2619 -40.3843 -2.80856 1.05012 70.4877 61.7774 63.7375 -0.789832 -53.6832 
1301.49 -0.334357 -30.2619 -40.3843 -2.80856 1.05012 70.4877 61.7774 63.7375 -0.789832 -53.6832 
1301.49 -0.334357 -30.2619 -40.3843 -2.80856 1.05012 70.4877 61.7774 63.7375 -0.789832 -53.6832 
1301.49 -0.334357 -30.2619 -40.3843 -2.80856 1.05012 70.4877 61.7774 63.7375 -0.789832 -53.6832 
1301.49 -0.334357 -30.2619 -40.3843 -2.80856 1.05012 70.4877 61.7774 63.7375 -0.789832 -53.6832 
1301.49 -0.334357 -30.2619 -40.3843 -2.80856 1.05012 70.4877 61.7774 63.7375 -0.789832 -53.6832 
1301.49 -0.334357 -30.2619 -40.3843 -2.80856 1.05012 70.4877 61.7774 63.7375 -0.789832 -53.6832 
1301.49 -0.334357 -30.2619 -40.3843 -2.80856 1.05012 70.4877 61.7774 63.7375 -0.789832 -53.6832 
1301.49 -0.334357 -30.2619 -40.3843 -2.80856 1.05012 70.4877 61.7774 63.7375 -0.789832 -53.6832 
1301.49 -0.334357 -30.2619 -40.3843 -2.80856 1.05012 70.4877 61.7774 63.7375 -0.789832 -53.6832 
1301.49 -0.334357 -30.2619 -40.3843 -2.80856 1.05012 70.4877 61.7774 63.7375 -0.789832 -53.6832 
1301.49 -0.334357 -30.2619 -40.3843 -2.80856 1.05012 70.4877 61.7774 63.7375 -0.789832 -53.6832 
1301.49 -0.334357 -30.2619 -40.3843 -2.80856 1.05012 70.4877 61.7774 63.7375 -0.789832 -53.6832 
1301.49 -0.334357 -30.2619 -40.3843 -2.80856 1.05012 70.4877 61.7774 63.7375 -0.789832 -53.6832 
1301.49 -0.334357 -30.2619 -40.3843 -2.80856 1.05012 70.4877 61.7774 63.7375 -0.789832 -53.6832 
1301.49 -0.334357 -30.2619 -40.3843 -2.80856 1.05012 70.4877 61.7774 63.7375 -0.789832 -53.6832 
1301.49 -0.334357 -30.2619 -40.3843 -2.80856 1.05012 70.4877 61.7774 63.7375 -0.789832 -53.6832 
1301.49 -0.334357 -30.2619 -40.3843 -2.80856 1.05012 70.4877 61.7774 63.7375 -0.789832 -53.6832 
1301.49 -0.334357 -30.2619 -40.3843 -2.80856 1.05012 70.4877 61.7774 63.7375 -0.789832 -53.6832 
1301.49 -0.334357 -30.2619 -40.3843 -2.80856 1.05012 70.4877 61.7774 63.7375 -0.789832 -53.6832 
1301.49 -0.334357 -30.2619 -40.3843 -2.80856 1.05012 70.4877 61.7774 63.7375 -0.789832 -53.6832 
1301.49 -0.334357 -30.2619 -40.3843 -2.80856 1.05012 70.4877 61.7774 63.7375 -0.789832 -53.6832 
1301.49 -0.334357 -30.2619 -40.3843 -2.80856 1.05012 70.4877 61.7774 63.7375 -0.789832 -53.6832 
1301.49 -0.334357 -30.2619 -40.3843 -2.80856 1.05012 70.4877 61.7774 63.7375 -0.789832 -53.6832 
1301.49 -0.334357 -30.2619 -40.3843 -2.80856 1.05012 70.4877 61.7774 63.7375 -0.789832 -53.6832 
1301.49 -0.334357 -30.2619 -40.3843 -2.80856 1.05012 70.4877 61.7774 63.7375 -0.789832 -53.6832 
1301.49 -0.334357 -30.2619 -40.3843 -2.80856 1.05012 70.4877 61.7774 63.7375 -0.789832 -53.6832 
1301.49 -0.334357 -30.2619 -40.3843 -2.80856 1.05012 70.4877 61.7774 63.7375 -0.789832 -53.6832 
1301.49 -0.334357 -30.2619 -40.3843 -2.80856 1.05012 70.4877 61.7774 63.7375 -0.789832 -53.6832 
1301.49 -0.334357 -30.2619 -40.3843 -2.80856 1.05012 70.4877 61.7774 63.7375 -0.789832 -53.6832 
1301.49 -0.334357 -30.2619 -40.3843 -2.80856 1.05012 70.4877 61.7774 63.7375 -0.789832 -53.6832 
1301.49 -0.334357 -30.2619 -40.3843 -2.80856 1.05012 70.4877 61.7774 63.7375 -0.789832 -53.6832 
1301.49 -0.334357 -30.2619 -40.3843 -2.80856 1.05012 70.4877 61.7774 63.7375 -0.789832 -53.6832 
1301.49 -0.334357 -30.2619 -40.3843 -2.80856 1.05012 70.4877 61.7774 63.7375 -0.789832 -53.6832 
1301.49 -0.334357 -30.2619 -40.3843 -2.80856 1.05012 70.4877 61.7774 63.7375 -0.789832 -53.6832 
1301.49 -0.334357 -30.2619 -40.3843 -2.80856 1.05012 70.4877 61.7774 63.7375 -0.789832 -53.6832 
1301.49 -0.334357 -30.2619 -40.3843 -2.80856 1.05012 70.4877 61.7774 63.7375 -0.789832 -53.6832 
1301.48 -0.334357 -30.2619 -40.3843 -2.80856 1.05012 70.4877 61.7774 63.7375 -0.789832 -53.6832 
1301.48 -0.334357 -30.2619 -40.3843 -2.80856 1.05012 70.4877 61.7774 63.7375 -0.789832 -53.6832 
1301.48 -0.334357 -30.2619 -40.3843 -2.80856 1.05012 70.4877 61.7774 63.7375 -0.789832 -53.6832 
1301.48 -0.334357 -30.2619 -40.3843 -2.80856 1.05012 70.4877 61.7774 63.7375 -0.789832 -53.6832 
1301.48 -0.334357 -30.2619 -40.3843 -2.80856 1.05012 70.4877 61.7774 63.7375 -0.789832 -53.6832 
1301.48 -0.334357 -30.2619 -40.3843 -2.80856 1.05012 70.4877 61.7774 63.7375 -0.789832 -53.6832 
1301.48 -0.334357 -30.2619 -40.3843 -2.80856 1.05012 70.4877 61.7774 63.7375 -0.789832 -53.6832 
1301.48 -0.334357 -30.2619 -40.3843 -2.80856 1.05012 70.4877 61.7774 63.7375 -0.789832 -53.6832 
1301.44 1.01138 -33.7991 -37.0411 -17.1405 -2.28385 63.3862 64.1128 66.5039 -5.47352 -48.8025 
1301.44 1.01138 -33.7991 -37.0411 -17.1405 -2.28385 63.3862 64.1128 66.5039 -5.47352 -48.8025 
1301.39 1.01138 -33.7991 -37.0411 -17.1405 -2.28385 63.3862 64.1128 66.5039 -5.47352 -48.8025 
1301.39 1.01138 -33.7991 -37.0411 -17.1405 -2.28385 63.3862 64.1128 66.5039 -5.47352 -48.8025 
1301.39 1.01138 -33.7991 -37.0411 -17.1405 -2.28385 63.3862 64.1128 66.5039 -5.47352 -48.8025 
1301.39 1.01138 -33.7991 -37.0411 -17.1405 -2.28385 63.3862 64.1128 66.5039 -5.47352 -48.8025 
1301.39 1.01138 -33.7991 -37.0411 -17.1405 -2.28385 63.3862 64.1128 66.5039 -5.47352 -48.8025 
1301.24 1.00749 -38.1554 -40.9159 -8.91457 -6.0891 66.7718 65.17 73.0034 7.12088 -51.2548 
1301.21 0.79859 -31.9864 -39.2755 -12.9524 0.619589 68.4988 66.4379 73.7526 -1.87196 -51.3305 
1301.2 1.00749 -38.1554 -40.9159 -8.91457 -6.0891 66.7718 65.17 73.0034 7.12087 -51.2548 
1301.2 1.00749 -38.1554 -40.9159 -8.91457 -6.0891 66.7718 65.17 73.0034 7.12087 -51.2548 
1301.02 -0.229707 -34.089 -34.0033 -7.54181 -5.12237 64.6248 68.4226 69.8545 9.32958 -55.1391 
1301.01 -1.69817 -35.8513 -36.4814 -13.9704 -2.88442 69.3338 66.6136 67.6226 0.877044 -51.9195 
1300.94 -1.69817 -35.8513 -36.4814 -13.97 -2.88442 69.3338 66.6136 67.6226 0.877044 -51.9195 
1300.91 0.79859 -29.4896 -38.2741 -12.9524 -1.11181 69.188 66.4379 73.351 -1.87196 -52.0069 
1300.62 -2.21443 -33.7812 -37.8614 -10.442 -4.66334 68.9545 67.0366 68.2411 2.11289 -52.9447 
1300.62 -2.21443 -33.7812 -37.8614 -10.442 -4.66334 68.9545 67.0366 68.2411 2.11289 -52.9447 
1300.57 -0.221225 -31.674 -37.7201 -10.7395 -2.67071 67.5567 67.0375 69.7547 0.533783 -53.126 
1300.46 -0.260701 -31.6624 -37.4898 -10.9565 -3.49353 67.1577 66.3648 68.304 0.969804 -53.6456 
1300.46 -0.260701 -31.6624 -37.4898 -10.9565 -3.49353 67.1577 66.3648 68.304 0.969804 -53.6456 
1300.39 -0.261253 -31.6617 -37.489 -10.9565 -3.49452 67.1585 66.3636 68.3036 0.96979 -53.646 
1300.39 -0.261253 -31.6617 -37.489 -10.9565 -3.49452 67.1585 66.3636 68.3036 0.96979 -53.646 
1300.39 -0.261253 -31.6617 -37.489 -10.9565 -3.49452 67.1585 66.3636 68.3036 0.96979 -53.646 
1300.39 -0.261253 -31.6617 -37.489 -10.9565 -3.49452 67.1585 66.3636 68.3036 0.96979 -53.646 
1300.39 -0.261253 -31.6617 -37.489 -10.9565 -3.49452 67.1585 66.3636 68.3036 0.96979 -53.646 
1300.39 -0.261253 -31.6617 -37.489 -10.9565 -3.49452 67.1585 66.3636 68.3036 0.96979 -53.646 
1300.39 -0.261253 -31.6617 -37.489 -10.9565 -3.49452 67.1585 66.3636 68.3036 0.96979 -53.646 
1300.39 -0.261253 -31.6617 -37.489 -10.9565 -3.49452 67.1585 66.3636 68.3036 0.96979 -53.646 
1300.39 -0.261253 -31.6617 -37.489 -10.9565 -3.49452 67.1585 66.3636 68.3036 0.96979 -53.646 
1300.39 -0.261253 -31.6617 -37.489 -10.9565 -3.49452 67.1585 66.3636 68.3036 0.96979 -53.646 