4.32978e-17 4.32978e-17 1 
4.32978e-17 4.32978e-17 1 
0.707107 0.707107 0 
0.707107 0.707107 0 
0.612365 0.612091 0.501019 
0.294417 0.294376 0.909315 
0.634473 0.634081 0.442917 
0.0509149 0.0509135 0.997422 
0.0280715 0.0280669 0.999333 
0.535681 0.535447 0.653531 
0.706426 0.7064 0.0448141 
0.704892 0.704445 0.0877054 
0.365463 0.365461 0.856086 
0.546597 0.546595 0.634405 
0.595046 0.594966 0.540495 
0.0822049 0.0821321 0.993889 
0.524947 0.521335 0.681713 
0.562488 0.563703 0.607254 
0.43463 0.43462 0.788818 
0.378424 0.378346 0.844976 
0.0188132 0.0188134 0.999653 
0.182128 0.181856 0.967311 
0.260523 0.260511 0.929699 
0.41872 0.419006 0.806211 
0.0664497 0.0663944 0.996239 
0.454589 0.454557 0.766048 
0.215346 0.21528 0.952716 
0.527411 0.526242 0.669509 
0.27787 0.277649 0.920378 
0.655939 0.653181 0.386446 
0.239392 0.239391 0.940954 
0.461503 0.461249 0.758289 
0.595054 0.59496 0.540495 
0.0923172 0.092317 0.991443 
0.646601 0.646246 0.406279 
0.678887 0.67888 0.27973 
0.696569 0.696281 0.17489 
0.407098 0.406109 0.820328 
0.699856 0.699798 0.143606 
0.334954 0.334806 0.881173 
0.324923 0.32491 0.888207 
0.19957 0.199391 0.960079 
0.496375 0.496348 0.712275 
0.646601 0.646246 0.406279 
0.272432 0.272378 0.922977 
0.508796 0.50869 0.694743 
0.19323 0.193039 0.962632 
0.487548 0.487355 0.724883 
0.346594 0.34657 0.871701 
0.508796 0.508691 0.694743 
0.702614 0.702368 0.116627 
0.675712 0.674977 0.298992 
0.102015 0.101954 0.990052 
0.584913 0.584803 0.562318 
0.669422 0.668588 0.326672 
0.308101 0.307981 0.900399 
0.661885 0.661852 0.352044 
0.250406 0.250372 0.935302 
0.707072 0.707075 0.0100544 
0.578024 0.577782 0.576733 
0.68271 0.68269 0.260559 
0.671892 0.67189 0.311658 
0.665047 0.665007 0.33995 
0.0607001 0.0606349 0.997166 
0.470026 0.469959 0.747269 
0.445825 0.445306 0.777603 
0.553652 0.55365 0.622052 
0.00338799 0.00338798 0.999989 
0.127937 0.127935 0.983507 
0.340937 0.340828 0.876361 
0.618229 0.617946 0.486335 
0.628925 0.628913 0.457107 
0.694775 0.693725 0.19568 
0.571043 0.569966 0.593554 
0.149601 0.149544 0.97766 
0.316848 0.316507 0.895063 
0.385106 0.385072 0.83878 
0.396757 0.396735 0.82781 
0.479451 0.479418 0.735111 
0.687137 0.686425 0.241209 
0.139034 0.138961 0.980891 
0.356367 0.35634 0.863789 
0.355596 0.355449 0.864719 
0.172763 0.172659 0.970173 
0.159592 0.159497 0.974682 
0.109326 0.109316 0.988047 
0.163806 0.163707 0.973291 
0.404674 0.403689 0.822723 
0.422722 0.42273 0.801642 
0.657847 0.65782 0.366841 
0.570406 0.569284 0.59431 
0.441418 0.441409 0.781241 
0.701358 0.701113 0.130864 
0.227917 0.228026 0.946947 
0.253589 0.253436 0.933962 
0.472859 0.472273 0.745102 
0.62205 0.621907 0.476099 
0.581172 0.579518 0.574991 
0.553073 0.55305 0.623143 
0.694698 0.694555 0.18775 
