1.13746e-16 1.85762 
1.85762 8.37419e-17 
1.13746e-16 1.85762 
1.85762 8.37419e-17 
1.81122 0.412586 
0.923343 1.61189 
0.970543 1.58392 
1.82355 0.354152 
1.53095 1.05211 
1.74844 0.627457 
0.332749 1.82757 
1.78318 0.520601 
1.19644 1.42102 
1.16375 1.44791 
0.714217 1.71483 
0.890946 1.63002 
0.473794 1.79618 
1.08536 1.50756 
1.83508 0.288481 
1.55912 1.0099 
1.60188 0.940603 
0.164917 1.85028 
1.00218 1.56409 
1.44165 1.17149 
1.05281 1.53047 
1.46554 1.14147 
1.58348 0.971253 
1.31985 1.30719 
0.63671 1.74509 
1.11275 1.48746 
1.72973 0.677337 
1.63085 0.889429 
1.23722 1.38565 
0.866378 1.64321 
1.80015 0.45847 
1.84259 0.235801 
1.40406 1.21629 
1.83138 0.311128 
1.8561 0.0751627 
0.662683 1.7354 
0.839012 1.65735 
1.64485 0.863256 
0.497988 1.78962 
1.65541 0.842828 
1.37928 1.24433 
0.758973 1.6955 
1.85114 0.155009 
1.84459 0.219626 
1.28659 1.33994 
1.69935 0.750295 
1.49255 1.10592 
0.201252 1.84669 
1.37218 1.25215 
0.818632 1.66751 
1.1854 1.43024 
1.71208 0.720776 
1.67928 0.79421 
0.798176 1.6774 
1.80015 0.45847 
1.85702 0.0469987 
1.76094 0.591475 
1.77062 0.561836 
0.095879 1.85514 
1.34981 1.27623 
0.574626 1.76651 
0.726769 1.70955 
1.77637 0.543388 
1.26062 1.3644 
1.32812 1.29879 
0.384965 1.81729 
0.41478 1.81072 
1.0011 1.56479 
1.51169 1.0796 
1.41576 1.20266 
1.26695 1.35853 
0.290411 1.83478 
0.561679 1.77067 
1.59962 0.944444 
1.85398 0.116284 
0.0425413 1.85713 
0.428127 1.80761 
1.85752 0.0196596 
1.56739 0.99701 
0.751873 1.69866 
0.0699723 1.8563 
0.122127 1.8536 
1.50975 1.08231 
1.23895 1.3841 
1.34579 1.28047 
1.7264 0.685782 
0.537232 1.77824 
0.220884 1.84444 
1.85363 0.121612 
0.269168 1.83801 
1.69218 0.766346 
1.63085 0.889429 
1.85114 0.155009 
1.47917 1.12374 
1.06218 1.52398 
1.76285 0.585748 
