3.53756e-17 4 
0.859401 2.307 
0.859401 2.307 
3.53756e-17 4 
0.631627 3.57319 
0.251412 3.57319 
0.0260305 3.96765 
0.181641 3.63853 
0.73602 2.81649 
0.781707 2.53752 
0.774641 2.56624 
0.043832 3.94101 
0.696326 3.11156 
0.742302 2.77225 
0.19555 3.6161 
0.657327 3.40051 
0.799975 2.43955 
0.67293 3.28772 
0.106167 3.80866 
0.0832147 3.85802 
0.12834 3.75161 
0.113356 3.7873 
0.091806 3.83831 
0.646694 3.47432 
0.789059 2.48959 
0.076414 3.87319 
0.228237 3.58089 
0.0326584 3.95745 
0.156846 3.69454 
0.748681 2.739 
0.693213 3.13515 
0.765512 2.62117 
0.135905 3.73386 
0.0982946 3.82312 
0.700223 3.08206 
0.771255 2.58581 
0.213247 3.59375 
0.807055 2.41052 
0.756032 2.67989 
0.237198 3.57857 
0.707854 3.02552 
0.82726 2.35976 
0.0102947 3.98877 
0.850061 2.31042 
0.176214 3.6483 
0.686644 3.18484 
0.0509543 3.92551 
0.831249 2.33767 
0.680971 3.22751 
0.750094 2.71905 
0.703599 3.05667 
0.713893 2.97877 
0.767614 2.60835 
0.743715 2.76519 
0.669441 3.31306 
0.636884 3.53957 
0.711271 2.99855 
0.731088 2.8518 
0.760379 2.65239 
0.148728 3.71217 
0.63195 3.57115 
0.200464 3.60916 
0.642507 3.50259 
0.84022 2.32133 
0.677133 3.25618 
0.682251 3.2179 
0.690209 3.1579 
0.661311 3.37205 
0.664926 3.34602 
0.208905 3.59853 
0.723672 2.90602 
0.056479 3.91487 
0.676439 3.26134 
0.79432 2.46902 
0.727436 2.87872 
0.0681314 3.8911 
0.63989 3.51988 
0.784501 2.51263 
0.141872 3.72011 
0.759936 2.65481 
0.12091 3.76925 
0.168254 3.66351 
0.653984 3.424 
0.726994 2.88157 
0.653701 3.42832 
0.73486 2.82733 
0.838053 2.33041 
0.819675 2.36745 
0.709156 3.01443 
0.799912 2.46226 
0.251412 3.57319 
0.661835 3.3683 
0.650117 3.45088 
0.120049 3.77131 
0.733277 2.84553 
0.000299531 3.99972 
0.0102947 3.98877 
0.784259 2.51625 
0.649731 3.45354 
0.819224 2.37784 
