1.09899e-16 1.79479 
1.79479 1.4802e-16 
1.79479 1.4802e-16 
0.788002 1.61255 
1.28214 1.25594 
1.79428 0.0428418 
1.19647 1.33781 
1.23623 1.30115 
0.599695 1.69164 
1.69892 0.578729 
1.77395 0.272715 
0.958478 1.51743 
0.380596 1.75397 
1.24958 1.28834 
1.03535 1.46605 
1.78619 0.175485 
1.73166 0.471841 
1.74584 0.41632 
0.755613 1.62798 
1.37785 1.15013 
0.929454 1.53538 
0.107726 1.79155 
1.00391 1.48776 
1.75904 0.356444 
0.30439 1.76879 
1.54323 0.916349 
0.729351 1.63991 
0.701388 1.65207 
1.39881 1.12455 
0.986028 1.49967 
1.79112 0.114643 
1.06824 1.44226 
1.53159 0.935689 
1.43505 1.07792 
1.75269 0.38645 
1.67305 0.649756 
1.71646 0.524427 
0.651607 1.67233 
1.18043 1.35198 
0.846841 1.58244 
1.73585 0.456159 
1.69293 0.596029 
1.10675 1.41293 
1.71651 0.524263 
1.77905 0.237145 
0.832328 1.59012 
1.57954 0.852239 
1.78791 0.156969 
0.425953 1.74351 
1.31028 1.22655 
1.49379 0.994917 
0.578331 1.69906 
1.33473 1.1999 
1.30492 1.23225 
0.0618084 1.79372 
1.41187 1.1081 
0.410959 1.74711 
1.63612 0.73781 
0.335184 1.76321 
0.878163 1.56528 
1.15858 1.37075 
1.4235 1.09312 
1.76642 0.31787 
0.221371 1.78108 
1.33801 1.19624 
1.56076 0.886176 
0.488744 1.72696 
0.0538783 1.79398 
0.501897 1.72318 
1.51504 0.962241 
0.013222 1.79474 
1.56076 0.886176 
1.58412 0.843705 
1.51504 0.962241 
0.17454 1.78628 
1.35886 1.17251 
1.48473 1.00839 
1.60954 0.794135 
1.68065 0.629828 
1.76642 0.31787 
1.79111 0.11482 
1.61175 0.789643 
0.462005 1.73431 
0.266987 1.77482 
1.66035 0.681539 
1.12831 1.39577 
1.45482 1.05108 
1.45482 1.05108 
0.555333 1.70671 
0.882001 1.56312 
0.231615 1.77978 
1.77905 0.237145 
1.65104 0.703804 
1.47222 1.02656 
1.36017 1.17098 
1.59609 0.820839 
1.05705 1.45049 
1.62431 0.763473 
1.10735 1.41246 
0.905901 1.54939 
