2.86984e-17 4 
0.859401 2.307 
0.859401 2.307 
0.631627 3.57319 
0.251412 3.57319 
0.0210606 3.97479 
0.742646 2.76986 
0.684224 3.20307 
0.749802 2.72741 
0.764494 2.62637 
0.769369 2.59693 
0.0775197 3.87135 
0.799713 2.44053 
0.688094 3.17416 
0.813252 2.38802 
0.0677956 3.90033 
0.0505204 3.92632 
0.239299 3.57531 
0.809028 2.41327 
0.7197 2.93536 
0.193141 3.6197 
0.0875158 3.85008 
0.159118 3.68354 
0.663765 3.35506 
0.824291 2.35441 
0.785584 2.50774 
0.0335502 3.95603 
0.753124 2.70773 
0.672131 3.29327 
0.223605 3.58451 
0.725112 2.89894 
0.13885 3.73282 
0.77908 2.5416 
0.64374 3.49428 
0.728562 2.87013 
0.692623 3.14684 
0.218476 3.58858 
0.679043 3.24262 
0.105526 3.80899 
0.652747 3.43278 
0.695098 3.12098 
0.781671 2.53254 
0.187925 3.634 
0.113537 3.78686 
0.73862 2.79801 
0.12138 3.76818 
0.204669 3.60366 
0.842623 2.318 
0.66657 3.3348 
0.698359 3.09614 
0.717985 2.94826 
0.167413 3.66518 
0.789071 2.48953 
0.702599 3.06399 
0.180249 3.64098 
0.206518 3.60136 
0.0921917 3.83757 
0.709013 3.01547 
0.660073 3.38093 
0.702473 3.09153 
0.675692 3.26702 
0.174928 3.65068 
0.759838 2.65567 
0.0698862 3.88874 
0.712565 2.98872 
0.776651 2.57524 
0.828742 2.34371 
0.110688 3.79376 
0.796778 2.46203 
0.636628 3.54584 
0.635001 3.55171 
0.776651 2.57524 
0.131258 3.74473 
0.725457 2.89283 
0.656359 3.40731 
0.0993159 3.82171 
0.759693 2.65636 
0.640005 3.52418 
0.659251 3.38679 
0.811657 2.40069 
0.755756 2.68168 
0.674612 3.27493 
0.704795 3.05312 
0.647426 3.47055 
0.655516 3.41491 
0.0486709 3.92979 
0.79181 2.47625 
0.143707 3.71595 
0.847814 2.31226 
0.834696 2.33068 
0.640097 3.51852 
0.668939 3.31816 
0.678976 3.24312 
0.646179 3.47906 
0.0419181 3.94195 
0.693449 3.13349 
0.151972 3.69751 
0.733306 2.83582 
0.096954 3.8273 
0.755466 2.68354 
