6.12323e-17 1 
1 5.31355e-17 
1 5.31355e-17 
0.201339 0.980327 
0.24814 0.969099 
0.922605 0.386302 
0.74655 0.66546 
0.935326 0.3539 
0.968477 0.250112 
0.610029 0.792913 
0.899257 0.43805 
0.473554 0.884167 
0.0843089 0.996527 
0.977418 0.212374 
0.848405 0.529546 
0.647765 0.761933 
0.949371 0.314269 
0.835571 0.549513 
0.572493 0.820164 
0.266295 0.964575 
0.428361 0.90412 
0.943885 0.331218 
0.141108 0.990279 
0.854507 0.519467 
0.729481 0.68496 
0.458005 0.889068 
0.779475 0.626974 
0.875192 0.483841 
0.769974 0.638981 
0.621993 0.783319 
0.0527407 0.998674 
0.88736 0.462285 
0.991886 0.127374 
0.662058 0.749764 
0.787137 0.617189 
0.308567 0.9538 
0.863533 0.504396 
0.99387 0.110574 
0.721044 0.694173 
0.592049 0.807212 
0.560739 0.82808 
0.0330943 0.999711 
0.886246 0.463219 
0.815519 0.579547 
0.75772 0.654291 
0.491091 0.871124 
0.330874 0.943695 
0.996001 0.0961602 
0.989575 0.144269 
0.590252 0.807324 
0.323942 0.948797 
0.51304 0.86199 
0.908025 0.419006 
0.115543 0.993307 
0.938845 0.344416 
0.831082 0.55708 
0.492824 0.870601 
0.636837 0.771334 
0.997709 0.0691297 
0.696817 0.717485 
0.961259 0.277428 
0.96698 0.257321 
0.996763 0.0808047 
0.118352 0.993013 
0.445702 0.895504 
0.544804 0.838586 
0.803746 0.595605 
0.988123 0.156141 
0.998642 0.052602 
0.809597 0.589886 
0.762367 0.648427 
0.7048 0.710829 
0.525415 0.851051 
0.411075 0.911657 
0.295227 0.955605 
0.63125 0.775628 
0.915765 0.401794 
0.381363 0.92443 
0.281137 0.959804 
0.440572 0.900104 
0.96212 0.272895 
0.685633 0.729341 
0.955425 0.295423 
0.955343 0.296946 
0.999847 0.0238588 
0.543625 0.839377 
0.999966 0.00819629 
0.363895 0.932949 
0.178947 0.984591 
0.513519 0.859508 
0.530028 0.848012 
0.689064 0.724804 
0.346788 0.938874 
0.86768 0.497265 
0.162676 0.987267 
0.395307 0.918606 
0.794919 0.606789 
0.986934 0.169614 
0.979308 0.21069 
0.999133 0.0427169 
