1.02309e-07 1.02309e-07 6 
2 1.02312e-07 1.02312e-07 
1.0233e-07 4 1.02313e-07 
1.5643 2.49237 1.02309e-07 
0.872299 1.1111 5.20428 
0.787212 3.53243 1.71607 
0.312612 3.74079 2.00499 
1.94768 0.952937 0.487601 
1.762 1.84861 0.929888 
1.0933 0.286331 5.07285 
0.503564 3.88057 0.701033 
0.716601 3.66174 1.36335 
1.86799 1.22148 1.25713 
0.865546 1.98656 4.54557 
1.49824 2.60357 1.14895 
0.24593 3.26176 3.45258 
1.16471 0.486208 4.85607 
0.0804196 2.42923 4.79395 
1.39476 0.139226 4.33916 
0.197956 3.42094 3.08329 
0.0423321 1.5039 5.5678 
0.905851 2.31287 4.15864 
1.02301 2.74 3.19063 
1.13754 2.78331 2.75183 
0.330473 3.69312 2.13973 
1.72046 1.65758 1.92053 
1.84436 0.34427 2.29234 
0.128327 2.33335 4.90966 
0.832556 1.30546 5.1828 
0.410547 0.5111 5.84664 
1.47171 1.42844 3.5022 
0.986093 1.29408 4.95465 
0.0508229 3.86886 1.55866 
0.047371 1.69325 5.44457 
0.683098 1.34435 5.31032 
1.05511 2.27546 3.88328 
0.644285 3.81543 0.205314 
1.42293 0.188481 4.21254 
0.169769 2.067 5.14416 
1.24671 0.55502 4.64568 
0.066242 0.639015 5.93124 
1.61369 0.708999 3.40017 
0.755888 2.2317 4.4632 
1.95608 0.796008 0.99633 
1.37531 1.17839 4.07737 
1.64366 0.422664 3.46674 
0.276612 3.57762 2.67636 
0.464824 3.60405 2.32638 
0.987955 0.266128 5.26128 
1.78084 0.869008 2.5788 
1.20644 1.53782 4.24592 
0.051706 3.89318 1.41715 
0.752219 3.35088 2.42125 
1.15381 3.21101 1.09176 
1.37154 2.9196 0.572997 
0.686204 1.34183 5.31357 
1.3395 2.36916 2.78611 
1.07839 3.37165 0.00128451 
0.271381 3.44458 3.02209 
0.341708 0.781585 5.81464 
1.62657 0.0151651 3.55087 
0.833702 3.20405 2.68843 
1.11203 3.32924 0.014224 
1.61234 1.91374 2.27819 
1.36735 2.44522 2.51656 
1.78345 1.72047 1.03487 
0.436381 0.742702 5.76955 
0.202781 0.0363446 5.97194 
1.05527 2.661 3.3049 
1.57674 2.4921 0.758752 
1.20357 2.10121 3.72461 
1.63972 2.01989 1.83182 
1.24619 3.14958 0.398475 
1.35754 2.51156 2.47586 
1.82635 1.49052 1.16522 
0.610761 3.48961 2.44815 
0.954973 1.78519 4.60887 
0.545321 0.65435 5.72563 
1.54305 2.48346 1.23387 
0.28456 1.25597 5.7012 
0.0219015 1.40969 5.62373 
1.70207 2.13732 0.162736 
1.74418 1.91773 0.781298 
1.6714 2.19576 0.552433 
0.56544 1.44441 5.37332 
1.9055 1.23417 0.219996 
1.45362 2.72921 0.947571 
1.40624 2.5062 2.21277 
0.563255 0.0900859 5.78691 
0.587076 2.76992 4.04784 
1.33216 2.99176 0.630093 
0.538922 0.647412 5.73721 
1.60355 1.53073 2.88117 
1.93114 0.903898 0.835789 
0.304254 3.45235 2.93853 
0.632905 0.805546 5.59451 
1.2424 0.0598888 4.7248 
0.157881 0.37886 5.97236 
0.263424 3.47202 2.93384 
1.35055 2.2872 2.87257 
