4.4568e-17 5.61912e-17 1.17128 
5.61912e-17 4.4568e-17 1.17128 
0.917672 0.72785 0 
0.72785 0.917672 0 
0.917672 0.72785 0 
0.849314 0.673784 0.443359 
0.0336448 0.0266853 1.17049 
0.515336 0.41435 0.966763 
0.752588 0.888516 0.126638 
0.706625 0.86663 0.348599 
0.526745 0.636754 0.830043 
0.724191 0.903076 0.178574 
0.294075 0.234656 1.10921 
0.685405 0.851826 0.420118 
0.327959 0.386887 1.05577 
0.742505 0.867133 0.262019 
0.7161 0.844771 0.381379 
0.540483 0.442382 0.940247 
0.7859 0.624977 0.603037 
0.277258 0.220128 1.11649 
0.90454 0.718427 0.193795 
0.767205 0.881265 0.0815843 
0.0665137 0.0790007 1.16671 
0.688867 0.812644 0.486786 
0.631028 0.505323 0.847549 
0.0790283 0.0653708 1.16678 
0.262825 0.20847 1.12221 
0.161913 0.202238 1.14227 
0.335022 0.417966 1.04161 
0.430512 0.344015 1.03354 
0.909867 0.737378 0.0173735 
0.668036 0.530384 0.802688 
0.862665 0.68423 0.399407 
0.580794 0.46153 0.906397 
0.591187 0.482291 0.888696 
0.242498 0.19253 1.12961 
0.822603 0.654239 0.516897 
0.126053 0.103099 1.1599 
0.879019 0.704114 0.321613 
0.0519965 0.0412446 1.16939 
0.222108 0.27396 1.11692 
0.319711 0.26382 1.09548 
0.656925 0.827956 0.504803 
0.771385 0.629417 0.616998 
0.608501 0.760244 0.650879 
0.199271 0.158054 1.14333 
0.798908 0.642974 0.565878 
0.359961 0.293657 1.07521 
0.857905 0.690189 0.399407 
0.72028 0.874616 0.296868 
0.715793 0.622015 0.687477 
0.415848 0.329829 1.04411 
0.883925 0.708826 0.296868 
0.898947 0.714352 0.231263 
0.677648 0.79139 0.535146 
0.736999 0.909056 0.0483314 
0.477815 0.379215 0.999888 
0.718352 0.587807 0.714382 
0.671022 0.54883 0.787656 
0.717461 0.895979 0.233148 
0.807664 0.643493 0.552705 
0.617533 0.490103 0.866221 
0.348241 0.276951 1.08347 
0.570828 0.66539 0.776723 
0.644539 0.746072 0.632324 
0.494738 0.616944 0.864003 
0.555582 0.44523 0.930047 
0.699032 0.567222 0.749334 
0.132686 0.15359 1.15356 
0.367572 0.463434 1.01094 
0.510319 0.618405 0.853836 
0.115209 0.144181 1.15664 
0.731688 0.911444 0.076091 
0.17919 0.143748 1.14853 
0.145579 0.169902 1.14971 
0.484366 0.582358 0.893385 
0.677648 0.79139 0.535146 
0.894258 0.747429 0.116359 
0.822603 0.654239 0.516897 
0.901168 0.739083 0.116359 
0.305695 0.252239 1.10219 
0.455636 0.362205 1.01641 
0.65952 0.774964 0.579959 
0.43551 0.546035 0.940247 
0.90645 0.74038 0.0455373 
0.633151 0.502189 0.847828 
0.445798 0.559452 0.927451 
0.745338 0.600829 0.674806 
0.6101 0.762242 0.647034 
0.694618 0.56667 0.753842 
0.0921605 0.115533 1.16191 
0.570378 0.665776 0.776723 
0.447943 0.56467 0.923245 
0.146213 0.169357 1.14971 
0.419573 0.333008 1.04161 
0.24005 0.195575 1.12961 
0.379061 0.474629 1.00146 
0.397181 0.318883 1.05473 
0.879019 0.704114 0.321613 
0.305695 0.252239 1.10219 
