0.10071 0.304289 6.08701 
0.199882 4.08839 0.252308 
0.199874 0.100718 6.08701 
2.09396 0.200017 0.252388 
0.199882 4.08839 0.252308 
0.164619 0.255039 6.08813 
0.316346 1.31815 5.7735 
1.32022 1.65259 4.27783 
2.06827 0.278084 1.26858 
0.329981 1.08408 5.86881 
0.888389 3.74204 0.770403 
2.02582 1.12071 0.434835 
0.969251 3.6472 0.95633 
0.636552 2.59243 4.49327 
1.57464 2.71007 1.08754 
1.99989 1.16652 1.02625 
0.448006 1.88289 5.35799 
1.13411 2.64667 3.50723 
0.607555 2.14636 5.01351 
1.93765 0.774183 2.29818 
1.93778 0.701247 2.25351 
1.53026 0.820271 4.13297 
1.02679 2.35965 4.18116 
1.4073 1.60939 4.06963 
1.39143 1.73267 3.95672 
0.600715 2.04494 5.11272 
1.91783 1.47454 1.45527 
0.595069 2.51676 4.63386 
1.95552 0.864756 1.97513 
0.987683 3.56174 1.43872 
1.01079 1.4174 5.05112 
0.665931 2.62644 4.41443 
1.36351 2.71497 2.76807 
1.0638 0.390977 5.3277 
0.966526 0.609112 5.44473 
0.686588 1.81187 5.24496 
1.05844 3.34838 2.1471 
0.370508 3.20175 3.83232 
1.66228 1.25194 3.45989 
0.397962 3.87844 1.83122 
1.62608 1.62925 3.19714 
0.703033 1.13482 5.59747 
0.533561 2.41993 4.79852 
1.09108 3.34863 1.91807 
1.58503 2.76446 0.290223 
0.106358 0.519216 6.06136 
0.5382 3.98777 0.545482 
1.87612 1.46604 1.90359 
0.197452 3.95727 1.63465 
0.378745 1.17231 5.81232 
1.87145 0.998463 2.50378 
1.55379 2.74031 1.18118 
0.432762 0.57509 5.96638 
1.26115 1.69021 4.39321 
1.28236 3.16598 1.55046 
1.89967 0.638223 2.55497 
0.935631 3.3897 2.383 
1.0111 2.29076 4.33624 
0.78099 3.23498 3.19222 
0.188359 3.64383 2.85059 
1.29172 0.445296 4.875 
0.549611 0.152788 5.93874 
1.97047 0.959767 1.73197 
1.68492 0.515711 3.69262 
1.82555 2.10628 0.258808 
0.273256 2.33056 5.04515 
1.23867 2.19411 3.88174 
0.737023 3.19419 3.36493 
1.4805 2.19298 3.07074 
0.304739 1.2895 5.79212 
0.279035 2.44606 4.92522 
0.760976 3.15272 3.409 
1.78356 0.33025 3.30127 
0.199528 4.06584 0.75449 
1.42339 1.79307 3.79169 
1.51414 2.78535 1.38389 
0.505298 1.90833 5.31085 
1.5012 1.76874 3.56329 
2.08119 0.501398 0.505182 
1.47333 2.83247 1.54779 
1.74647 1.15528 3.09126 
1.84873 0.554094 2.90276 
0.195523 3.87448 2.04529 
1.55733 2.73535 1.1655 
0.89987 3.5105 2.08226 
0.707871 3.10465 3.59466 
0.276873 2.40554 4.96554 
1.77669 0.6294 3.25349 
0.914782 2.24756 4.51572 
0.86153 3.77314 0.659926 
0.807163 3.27846 3.03691 
0.924881 3.71512 0.691998 
0.248101 0.941626 5.94249 
0.818253 3.28647 2.99279 
1.37844 1.54471 4.15666 
1.52708 2.76936 1.32889 
1.2852 2.87094 2.54031 
0.907854 1.98651 4.82342 
0.195908 3.93598 1.74418 
1.76244 1.98842 1.95872 
