4.41305e-06 3.99999 1.90437e-05 
1.99908 4.41305e-06 0.00189918 
4.41305e-06 4 4.41306e-06 
2 4.41309e-06 4.41309e-06 
0.00729566 0.399556 5.99736 
0.610119 1.12374 4.41305e-06 
1.8697 0.00546021 0.221585 
1.72047 0.0325427 0.921955 
0.223322 0.458399 3.34362 
0.00468581 2.50313 2.37815 
0.732889 0.901934 0.0644503 
0.0623108 2.87633 1.18617 
1.12692 0.382382 1.12996 
1.5351 0.129432 0.0190693 
1.03251 0.0993326 1.22976 
0.410078 1.53045 0.382699 
0.0543563 3.01797 0.663736 
0.489514 0.685091 1.42209 
0.0492263 0.293019 4.84592 
0.764022 0.00252585 3.05388 
0.0146078 0.586912 4.59354 
0.405315 0.7963 1.54253 
1.11859 0.0718087 1.46168 
0.0107987 1.31319 3.21273 
0.0250293 3.34564 1.02487 
0.211181 2.12506 0.889003 
0.208976 1.25392 2.13217 
1.32675 0.225925 0.979776 
1.45323 0.129298 0.754443 
6.15244e-05 0.666169 4.15055 
0.0680183 1.82073 2.02364 
0.0884032 2.71264 1.03237 
0.079883 2.80785 0.597091 
0.016431 0.452508 5.66411 
0.367989 1.65215 0.970768 
0.0598769 0.177046 5.90414 
0.331074 1.74496 1.10056 
0.962576 0.11111 1.78221 
0.0434016 3.16413 0.473436 
0.930604 0.139586 1.72809 
0.276733 0.375995 2.867 
0.5685 1.18152 0.4991 
0.0205506 0.532269 3.60209 
0.817138 0.24154 1.40961 
1.22001 0.0195996 1.51299 
0.155949 0.629571 3.02986 
0.00654521 0.523424 5.48443 
1.95829 0.00200323 0.363757 
1.27792 0.00436563 2.22352 
0.676737 0.362522 1.8564 
0.215522 2.17908 0.578897 
0.518617 1.29078 0.444806 
0.00915258 2.40764 1.98394 
1.39903 0.17561 1.0722 
0.0446873 2.05033 1.29621 
0.00915045 0.503526 5.36983 
0.0722348 0.246723 5.17046 
0.0100321 3.49513 0.746637 
0.316081 1.78336 0.767492 
0.546427 1.33292 0.0278997 
0.902736 0.131124 2.50837 
1.68691 0.041834 0.45521 
0.311627 1.89905 0.114499 
0.895797 0.173957 1.39277 
0.122366 0.176206 4.32869 
0.0667753 0.290676 4.47329 
0.181989 1.37362 1.39924 
0.0169032 3.52204 0.414938 
0.0190968 1.59403 2.53129 
0.000826635 0.56103 5.04154 
0.00432435 1.43462 4.0317 
0.00651924 0.539889 5.31753 
1.63168 0.0521398 0.920055 
1.00258 0.108225 1.36235 
0.263748 1.06059 1.91538 
0.294743 0.0309948 3.82909 
0.112508 0.239587 3.64086 
0.654075 0.0491007 2.62624 
0.989011 0.111973 1.6887 
0.582096 1.19562 0.486459 
0.221583 0.0261257 4.95081 
0.337622 0.927828 1.59069 
0.00347717 2.55948 1.97322 
0.0406327 3.1005 0.668171 
0.0202861 3.39953 0.483239 
0.0185909 3.81435 0.114804 
0.376155 1.64824 0.273945 
0.688727 0.906591 1.04782 
0.799795 0.76269 0.489278 
0.300498 0.0286385 3.81084 
0.210905 1.24979 2.29094 
0.624754 0.0192555 3.9706 
0.679221 0.951066 0.596262 
0.0833459 0.162966 5.6203 
0.00964125 3.63557 0.396083 
1.40725 0.187536 0.125548 
1.58981 0.0777044 0.4772 
0.270101 2.00031 1.24809 
0.378819 1.56484 1.22404 
0.00490307 1.5371 2.76112 
