0.158076 4.09328 
2.09325 0.283946 
2.09325 0.283946 
0.520029 4.00461 
0.43776 4.03657 
1.54925 2.84305 
1.0295 3.63296 
1.59968 2.73243 
1.65987 2.58913 
0.197877 4.09072 
1.81997 2.12445 
1.51453 2.91452 
1.83737 2.0626 
1.63273 2.65429 
1.96736 1.50662 
0.670548 3.92821 
0.813591 3.82916 
1.07314 3.58552 
2.00408 1.29174 
0.84484 3.8044 
2.08802 0.444155 
0.23709 4.08586 
1.89576 1.83873 
0.728605 3.89078 
0.546723 3.99275 
2.0596 0.851113 
2.0681 0.761276 
0.596172 3.96866 
2.03316 1.08633 
0.572139 3.98068 
0.757838 3.87012 
1.74838 2.3486 
0.390875 4.05334 
2.05211 0.925566 
1.99077 1.37567 
1.63352 2.6536 
1.70953 2.46075 
2.0813 0.62284 
2.08497 0.510191 
1.56738 2.8041 
1.40368 3.12157 
1.27887 3.32189 
1.80798 2.16487 
1.25732 3.35184 
0.416576 4.04351 
1.87547 1.92012 
1.15407 3.48936 
1.72954 2.40325 
1.1018 3.55297 
1.47787 2.98637 
1.67096 2.56027 
1.84629 2.02921 
2.01547 1.21768 
1.93154 1.68303 
1.44225 3.05577 
0.706883 3.90422 
1.76645 2.29366 
1.49615 2.95078 
2.06944 0.747549 
1.00969 3.65352 
1.91017 1.77859 
1.73141 2.39809 
1.95676 1.55906 
1.79901 2.19392 
0.621524 3.9551 
1.8881 1.86992 
0.998807 3.66496 
0.894795 3.76276 
2.09092 0.384964 
0.773846 3.85868 
2.0228 1.16405 
0.920892 3.74299 
2.03852 1.04338 
1.20738 3.42098 
1.97671 1.45319 
2.07418 0.679307 
1.8554 1.99737 
1.77515 2.2679 
1.93775 1.65411 
1.94432 1.62275 
1.3903 3.14441 
1.34794 3.21449 
1.09062 3.56835 
2.09175 0.339583 
1.9893 1.38218 
0.158076 4.09328 
1.98021 1.43599 
1.12313 3.52748 
1.45745 3.02815 
1.32934 3.24393 
1.22263 3.40299 
0.979913 3.68443 
1.86252 1.96971 
1.7902 2.22077 
2.02617 1.14053 
0.303322 4.07451 
1.78336 2.24145 
0.364277 4.06091 
1.92093 1.73044 
0.356433 4.06218 
