0.324287 0.675818 
0.991911 0.00825954 
0.326616 0.674926 
0.990953 0.0364174 
0.990953 0.00912168 
0.990953 0.0364174 
0.325338 0.674926 
0.324741 0.675283 
0.324847 0.675158 
0.991511 0.00850603 
0.325136 0.674926 
0.325338 0.674926 
0.991125 0.00887778 
0.99141 0.0086167 
0.324661 0.675342 
0.991109 0.00895846 
0.991786 0.00825954 
0.324597 0.675403 
0.324542 0.675503 
0.99141 0.0086167 
0.991216 0.00882836 
0.991333 0.00867237 
0.991231 0.0087864 
0.991512 0.00849863 
0.991691 0.00831494 
0.324348 0.675682 
0.324287 0.675768 
0.99155 0.00845162 
0.325064 0.674944 
0.324427 0.675578 
0.99159 0.00841444 
0.324882 0.67512 
0.991262 0.00873979 
0.324554 0.675449 
0.324294 0.675714 
0.991328 0.00867341 
0.324676 0.675342 
0.991585 0.00841793 
0.991163 0.00883837 
0.991378 0.00862797 
0.9913 0.00871944 
0.991636 0.00837239 
0.324892 0.67512 
0.991742 0.00826222 
0.324597 0.675403 
0.324569 0.675449 
0.990953 0.00906305 
0.324847 0.675157 
0.990955 0.00905043 
0.324975 0.675035 
0.324975 0.675035 
0.324951 0.675082 
0.324447 0.675576 
0.99155 0.00845162 
0.324461 0.675542 
0.325019 0.675008 
0.32502 0.674984 
0.991726 0.00830624 
0.325101 0.674938 
0.991684 0.00835925 
0.324919 0.675082 
0.324709 0.675311 
0.32448 0.67554 
0.991163 0.00883837 
0.324366 0.675642 
0.324414 0.675626 
0.324368 0.675639 
0.324287 0.675731 
0.99174 0.00829897 
0.324723 0.675283 
0.324414 0.675627 
0.990953 0.00912168 
0.990991 0.00902836 
0.991064 0.00896185 
0.991263 0.00873706 
0.324494 0.67551 
0.991216 0.00878709 
0.991378 0.00862797 
0.991019 0.00902416 
0.991029 0.00898049 
0.9913 0.00872042 
0.991029 0.00898049 
0.991685 0.00835643 
0.324287 0.675818 
0.991066 0.00895921 
0.991775 0.00825981 
0.991626 0.00837673 
0.325113 0.674926 
0.324492 0.67551 
0.324327 0.675691 
0.324327 0.675691 
0.325064 0.674943 
0.32502 0.674984 
0.324709 0.675311 
0.991626 0.00837673 
0.324951 0.675082 
0.324919 0.675082 
0.990992 0.0090283 
0.991019 0.00902416 
0.325019 0.675008 
