1.98389e-07 4 
1.38951 0.794947 
1.38951 0.794947 
1.2904 1.59328 
0.832974 1.59328 
0.734982 2.38997 
0.391235 2.38997 
0.302871 3.18052 
0.107417 3.18052 
0.0617859 3.59788 
0.0570863 3.67143 
0.325213 2.86668 
0.0505101 3.77246 
0.054522 3.71194 
0.779295 1.85195 
1.34395 0.976168 
0.30715 3.11895 
0.000841617 3.93303 
0.745194 2.24842 
0.358269 2.52025 
0.741342 2.30108 
1.36131 0.865103 
0.0413589 3.8951 
0.365649 2.47603 
0.334256 2.76769 
1.29413 1.53975 
0.00426634 3.8951 
1.33886 1.01791 
1.29878 1.47427 
1.35495 0.899977 
1.30867 1.34242 
0.331466 2.81294 
0.73943 2.33864 
0.796591 1.71458 
0.768228 1.96413 
0.814102 1.62604 
0.785213 1.80216 
0.0973688 3.2209 
1.31757 1.23394 
0.758805 2.07297 
0.0474614 3.81695 
0.804988 1.66665 
0.309893 3.07859 
1.30767 1.41306 
0.0764029 3.38561 
1.33549 1.05143 
0.0744736 3.41099 
0.0688465 3.48969 
0.318364 2.95853 
1.32329 1.17141 
0.0647374 3.55211 
0.0456414 3.84461 
0.823064 1.60474 
1.29621 1.50987 
1.32097 1.20804 
0.0841386 3.30193 
0.0669026 3.53267 
0.777372 1.89861 
0.338068 2.70834 
1.33184 1.0835 
0.303612 3.17025 
1.36923 0.831347 
0.0801507 3.34201 
0.383878 2.39629 
0.755846 2.10902 
0.787257 1.78451 
1.32599 1.14247 
0.10671 3.18063 
0.321948 2.91279 
0.37545 2.41943 
0.806978 1.65529 
0.312433 3.048 
0.0716727 3.45389 
0.0424764 3.88192 
0.316281 2.98752 
0.369422 2.44548 
1.31163 1.33051 
0.356454 2.55842 
0.352142 2.5659 
0.748529 2.2029 
1.30201 1.42973 
1.31277 1.29197 
0.738071 2.38379 
0.751673 2.16187 
1.37611 0.810861 
0.348494 2.59931 
0.765085 1.99911 
0.321167 2.92013 
0.341942 2.66581 
0.748159 2.21155 
1.31464 1.27788 
1.35076 0.933971 
0.334081 2.79634 
0.0877968 3.27215 
0.33978 2.701 
1.35076 0.933971 
0.771811 1.9259 
0.081215 3.33017 
0.343877 2.64564 
0.761702 2.03815 
