8.58985e-17 3.83014e-05 1.00144 
4.00009e-09 7.759e-19 1.00025 
0.999233 0.0401788 5.32907e-16 
2.7056 1.21772e-10 0.000245536 
0.49555 28.0099 0.8742 
1.85855 1.20551e-10 0.00062523 
2.40362 1.21894e-10 0.000245475 
2.44663 1.28137e-10 2.26466e-06 
0.14245 15.0144 0.990755 
0.954234 22.5787 0.324919 
2.7056 1.21772e-10 0.000245536 
0.0706328 23.6817 0.997644 
1.71379 1.20192e-10 0.215191 
0.679002 5.22394 0.741974 
0.982639 18.133 0.186067 
0.640834 27.2266 0.769664 
1.00631 0.00133914 0.0381529 
0.8756 13.755 0.507163 
1.37067 1.28468e-10 0.249472 
0.349786 16.5222 0.94917 
0.989556 17.6082 0.15077 
0.996087 8.52072 0.114314 
0.996307 17.388 0.0876952 
1.15836 2.37689e-10 0.674225 
1.58329 1.20148e-10 0.657492 
1.41025 1.28468e-10 0.236269 
0.288465 18.9936 0.963807 
0.0570127 11.311 0.99843 
0.889367 16.374 0.46497 
0.865922 21.1758 0.513255 
0.70224 19.95 0.719349 
0.245652 5.6361 0.975262 
0.474959 25.2323 0.880968 
0.945123 9.60151 0.334451 
0.908679 2.47408 0.449535 
0.406161 14.7916 0.914577 
1.22834 1.88101e-10 0.0154878 
0.932782 1.63642 0.383607 
1.28185 1.86983e-10 0.239492 
0.960822 4.31479 0.346258 
0.751606 3.09903 0.664176 
0.987039 13.0589 0.166519 
0.61746 17.9006 0.795516 
0.783786 21.7842 0.627831 
0.846282 0.637146 0.548517 
0.631986 24.7289 0.776833 
0.797046 13.1889 0.607159 
0.695137 16.2757 0.719353 
1.72881 1.20153e-10 0.203368 
0.205835 14.0186 0.983976 
0.835038 0.792643 0.567245 
0.635022 7.04131 0.816308 
0.625595 20.9932 0.781939 
1.1061 7.25853e-09 0.580719 
0.96062 13.5168 0.281082 
0.652968 3.59874 0.838008 
0.55934 10.6239 0.835091 
0.734312 10.5707 0.686277 
1.55029 1.20228e-10 0.657444 
0.491771 25.9553 0.874215 
0.717118 1.1501 0.768933 
1.8241 1.23779e-10 3.01675e-06 
0.516952 19.948 0.858394 
0.321824 6.75502 0.956394 
0.812916 11.6923 0.583825 
0.922479 1.26085 0.39634 
0.489341 8.89179 0.875019 
0.298003 6.2326 0.958738 
0.951684 4.70401 0.368587 
0.179773 12.388 0.988607 
1.06255 1.61243e-05 0.0121775 
0.72212 7.3675 0.696962 
0.768663 7.38665 0.643591 
0.801125 6.01112 0.617387 
0.459527 8.24314 0.890333 
0.554777 14.936 0.832207 
0.642856 24.0826 0.769686 
1.25241 1.28883e-10 0.358284 
0.965519 10.1468 0.263983 
0.503579 19.5907 0.872528 
0.845679 2.45983 0.534707 
0.431236 2.42107 0.928685 
0.947684 0.861639 0.430811 
0.996869 8.6628 0.0977755 
0.446994 4.82166 0.897308 
0.366502 13.9973 0.937447 
0.516501 19.4193 0.859122 
0.62352 14.4834 0.78194 
0.998238 17.9246 0.067348 
0.961476 11.9572 0.293297 
0.791291 0.407251 0.801906 
0.783491 25.7783 0.627637 
0.446894 8.01483 0.897289 
0.691698 7.47886 0.723387 
0.989589 5.77233 0.202517 
0.911162 2.15979 0.461534 
0.32186 0.29634 0.977669 
0.998232 14.6263 0.0673711 
1.4867 1.21055e-10 0.00873821 
1.4867 1.21055e-10 0.00873821 
