0.0224237 1.02943 
1.02242 0.0294304 
1.02242 0.0294304 
0.0224237 1.02943 
0.331772 0.953996 
0.122667 1.02531 
0.875213 0.319685 
0.486904 0.825902 
0.308065 0.966612 
0.666217 0.632249 
0.388712 0.911006 
0.896702 0.291297 
0.401595 0.900276 
0.657014 0.657621 
0.749845 0.537153 
0.33946 0.93659 
0.954786 0.186008 
0.884488 0.302205 
0.986961 0.128603 
0.931353 0.25423 
0.448336 0.86482 
0.738824 0.548784 
0.704039 0.580034 
0.367075 0.920495 
0.229331 0.995149 
0.908535 0.27157 
0.598288 0.729316 
0.558693 0.754558 
1.00958 0.0799464 
1.01777 0.0674522 
0.353142 0.922815 
0.523821 0.795296 
0.764502 0.521008 
0.863524 0.339422 
0.851355 0.370287 
0.645526 0.665587 
0.54192 0.772184 
0.785618 0.466674 
0.439166 0.880037 
0.28862 0.966869 
0.513926 0.812378 
0.529461 0.783823 
0.41831 0.886236 
0.911331 0.259748 
0.684466 0.593806 
0.784856 0.479378 
0.96882 0.160964 
0.0922457 1.02624 
0.275955 0.982836 
0.732034 0.567088 
0.161846 1.01705 
0.059315 1.02903 
0.458423 0.851441 
0.809991 0.429436 
0.825746 0.412364 
0.994727 0.108565 
0.585249 0.731271 
0.62455 0.691603 
0.610253 0.710661 
0.994727 0.108565 
0.843907 0.387356 
0.775387 0.495804 
0.0869702 1.0286 
0.555334 0.767782 
0.797745 0.448695 
0.689185 0.585118 
0.248648 0.987287 
0.637558 0.681174 
0.941768 0.216173 
0.953911 0.197192 
0.863524 0.339422 
0.942805 0.205545 
0.145613 1.01905 
0.79646 0.449403 
0.183211 1.01168 
0.978451 0.147692 
0.276126 0.976063 
0.815031 0.428598 
0.933072 0.233093 
0.675705 0.620616 
0.67924 0.614802 
0.611243 0.699651 
0.0602848 1.02886 
0.979376 0.141814 
0.721413 0.569896 
0.767702 0.511773 
0.248581 0.988453 
0.480607 0.836077 
0.422443 0.880326 
0.514711 0.812376 
0.824088 0.414904 
0.46935 0.84745 
0.177915 1.0118 
0.573074 0.739999 
0.842733 0.396472 
0.938654 0.232998 
0.199363 1.00315 
0.851355 0.370287 
0.773044 0.502349 
0.630472 0.683006 
