4.47239e-05 4.00004 
2.00004 4.48414e-05 
1.31194 1.38008 
1.2652 1.493 
0.925451 2.16405 
0.361442 3.28903 
0.953991 2.09401 
0.214256 3.57588 
0.39824 3.20603 
1.03463 1.93353 
0.0928889 3.82932 
1.66429 0.674081 
1.64418 0.722219 
0.18937 3.63682 
0.344595 3.32947 
0.29555 3.41277 
0.77012 2.48895 
1.08807 1.8327 
1.96896 0.066207 
0.115864 3.76991 
0.416603 3.19289 
0.0443671 3.91653 
0.505874 2.98986 
1.22137 1.56454 
0.128299 3.74614 
1.9126 0.190888 
0.870489 2.28497 
1.94731 0.108082 
0.896701 2.21876 
0.846631 2.31491 
1.52925 0.950279 
1.00804 1.99957 
1.88309 0.249561 
1.54751 0.909526 
1.39397 1.21522 
0.718151 2.56883 
1.12158 1.78085 
1.62056 0.765863 
1.36884 1.26261 
1.83732 0.327878 
0.982735 2.05144 
0.560609 2.89161 
0.435867 3.12959 
0.317189 3.36731 
1.98849 0.0350979 
0.634296 2.7422 
1.82682 0.363416 
1.14007 1.72233 
1.93401 0.139553 
0.593466 2.83836 
0.0283978 3.96274 
0.579139 2.84967 
0.153939 3.69853 
0.267594 3.47038 
0.171861 3.65816 
1.34425 1.33732 
0.649871 2.71297 
1.75886 0.507421 
1.5633 0.880356 
0.0690644 3.86673 
0.528823 2.94684 
1.42185 1.16574 
1.69069 0.627676 
0.24062 3.52156 
1.8141 0.404771 
1.43696 1.1527 
1.49459 1.03637 
1.40321 1.19537 
1.0543 1.89617 
0.610159 2.79029 
1.17117 1.68141 
0.254598 3.49962 
1.74589 0.53845 
0.463059 3.07793 
1.58581 0.829061 
0.062656 3.88002 
0.545112 2.91086 
1.45252 1.12062 
1.57569 0.854404 
0.490336 3.02093 
1.12401 1.76872 
0.799816 2.42828 
1.91835 0.172863 
0.0153832 3.97782 
0.835018 2.35511 
1.36174 1.28355 
1.5097 0.999195 
1.18927 1.64769 
1.87661 0.257373 
0.316409 3.40167 
1.77388 0.48131 
1.60178 0.80618 
0.885526 2.24868 
1.51865 0.992282 
0.700235 2.60819 
1.78902 0.429769 
1.34999 1.31801 
0.665367 2.69112 
1.78146 0.46393 
1.72894 0.549802 
