7.375e-10 4 
2 1.48768e-14 
2 1.48768e-14 
1.54949 2.55825 
1.59087 2.42621 
1.69551 2.1471 
1.79049 1.7823 
1.90179 1.2388 
1.91768 1.15327 
1.51643 2.60996 
1.71957 2.04333 
0.896075 3.57758 
1.01848 3.44843 
1.77119 1.85869 
1.87175 1.4138 
0.416335 3.92501 
0.821754 3.65188 
0.367155 3.93393 
1.96548 0.750891 
1.04695 3.41042 
0.340204 3.94293 
1.80762 1.71177 
1.92478 1.09043 
0.565817 3.85097 
1.86612 1.52601 
1.97773 0.598169 
0.737033 3.7203 
1.95488 0.844893 
1.15873 3.27049 
1.3294 2.99062 
1.26858 3.09589 
1.98208 0.54504 
1.99248 0.392941 
0.260311 3.96647 
0.229201 3.97636 
0.601487 3.81528 
0.438327 3.90352 
1.9522 0.876887 
1.67141 2.21069 
0.758771 3.71377 
0.988598 3.48032 
1.22107 3.17361 
1.93367 1.02593 
0.69947 3.749 
1.12892 3.30338 
0.183767 3.98344 
1.06895 3.38185 
1.89224 1.29887 
1.25207 3.12797 
1.29157 3.06335 
1.986 0.472434 
1.97097 0.679089 
1.3979 2.86587 
1.42502 2.809 
1.50388 2.66024 
0.295804 3.95716 
1.74555 1.95294 
0.848888 3.62294 
1.99995 0.0313051 
1.83999 1.58499 
0.929284 3.54393 
1.11869 3.32134 
0.0551658 3.99848 
1.85219 1.53116 
0.0724362 3.99738 
1.65306 2.2564 
1.87881 1.37687 
0.867205 3.61022 
1.19568 3.2085 
1.23628 3.15595 
1.6069 2.3845 
1.17435 3.24226 
1.88723 1.33515 
0.974669 3.49472 
1.09658 3.3502 
1.41976 2.82456 
1.64004 2.29016 
0.789965 3.67602 
1.61511 2.36816 
1.30411 3.04022 
1.99497 0.285872 
0.46734 3.89002 
0.636033 3.79618 
0.784958 3.68099 
1.83254 1.66648 
0.138094 3.99045 
0.198815 3.98115 
0.540342 3.85224 
1.99421 0.304068 
1.99931 0.11096 
1.99756 0.20438 
1.83502 1.60909 
1.45664 2.76027 
1.81742 1.67383 
1.98823 0.433344 
0.108547 3.99439 
0.51418 3.87832 
0.615324 3.81293 
1.08915 3.36685 
1.94117 0.99095 
