7.44899e-09 4 
2 7.34383e-09 
2 7.34383e-09 
1.56728 2.48738 
1.1567 3.26423 
1.61625 2.37414 
0.205387 3.97893 
0.100141 3.9954 
1.07834 3.3711 
1.99217 0.355517 
1.91723 1.14927 
0.798936 3.6697 
1.89879 1.26064 
1.98362 0.513231 
1.26076 3.10668 
1.9683 0.726541 
0.288898 3.95826 
0.261699 3.96864 
1.69217 2.13614 
0.750817 3.70943 
1.94081 0.986113 
1.49417 2.66411 
0.59603 3.81865 
1.42456 2.81103 
0.984902 3.48534 
1.11658 3.32871 
1.12633 3.32216 
1.51992 2.6097 
1.28664 3.06554 
1.55013 2.52952 
0.679633 3.76255 
0.373734 3.93056 
1.9255 1.09169 
1.67064 2.21365 
0.860255 3.61306 
1.93134 1.03985 
0.955362 3.51805 
1.76405 1.90738 
1.65013 2.26577 
0.500964 3.87874 
0.334748 3.95303 
0.82679 3.64413 
0.89545 3.58396 
0.529357 3.85882 
1.20081 3.19983 
0.0376544 3.99951 
0.648907 3.78404 
1.95801 0.887584 
1.99669 0.244302 
0.219766 3.9774 
1.39868 2.86034 
0.421285 3.91397 
1.20081 3.19983 
0.551635 3.85008 
1.99434 0.30299 
1.87917 1.39095 
1.23742 3.14612 
1.04259 3.41539 
1.97355 0.651451 
1.63736 2.29889 
1.71242 2.0691 
1.83523 1.59501 
1.48189 2.68659 
1.95563 0.935298 
1.36423 2.93168 
0.404432 3.91891 
1.9622 0.790585 
1.32764 2.992 
1.70121 2.11836 
1.78068 1.82209 
1.30183 3.03714 
1.84568 1.54203 
0.903835 3.57125 
0.476802 3.88668 
1.86601 1.4401 
1.82477 1.64966 
1.53587 2.56465 
1.74699 1.95562 
1.72729 2.03341 
0.346299 3.94223 
1.74139 1.9698 
1.38343 2.89337 
1.97867 0.584496 
0.928942 3.54626 
0.0622788 3.99809 
1.66846 2.22602 
1.99961 0.0791532 
1.0295 3.44406 
1.99793 0.18645 
1.4667 2.72368 
1.34728 2.96051 
0.456165 3.90013 
1.79211 1.77921 
1.23217 3.16628 
1.86048 1.49965 
0.701254 3.74895 
0.633998 3.79654 
1.99852 0.156655 
1.77166 1.86966 
1.53166 2.59499 
