0.100725 0.304304 6.08702 
0.199958 4.08847 0.252383 
0.199884 0.100727 6.08702 
2.09409 0.20022 0.252538 
0.199958 4.08847 0.252383 
0.181446 0.230681 6.09154 
1.99194 0.429894 1.9809 
1.52343 2.02326 3.1644 
0.22974 0.884145 5.96987 
1.33455 2.11385 3.70326 
1.06969 0.996637 5.16413 
0.146257 1.84194 5.50052 
1.15366 3.17709 2.23312 
1.01471 1.47587 5.00584 
1.18398 0.753796 5.07397 
1.80459 1.30855 2.67372 
1.66611 0.52943 3.75512 
1.5712 1.95882 3.02611 
1.16039 1.91343 4.39701 
1.02996 3.28603 2.39165 
1.83723 0.366744 3.01934 
1.24984 2.95075 2.47793 
0.382574 3.88562 1.83734 
0.567013 3.65029 2.47403 
1.90923 1.77584 0.295157 
1.60208 2.64078 1.10166 
0.296646 1.64119 5.59752 
1.93844 0.661352 2.27728 
0.870117 3.38493 2.60779 
1.44871 2.83472 1.72011 
0.814907 3.01945 3.57762 
0.968343 3.52819 1.76184 
2.01417 0.620519 1.61555 
1.13171 3.45928 1.03743 
1.95445 0.642563 2.24595 
0.650068 1.69132 5.34147 
1.52217 0.80197 4.17054 
0.857607 3.77433 0.806384 
0.903812 3.2548 2.8704 
2.04121 1.00338 0.464744 
0.410626 1.38518 5.69782 
1.11895 2.97318 2.91579 
1.38358 0.929945 4.51955 
1.13777 3.48842 0.669494 
0.474671 2.60951 4.62245 
0.776691 2.94453 3.77905 
0.36577 0.43928 6.01864 
0.638754 1.68074 5.35931 
1.49879 2.80131 1.44645 
0.836215 2.51794 4.33288 
1.08816 3.52687 0.90098 
0.316389 1.73038 5.53214 
0.558334 2.47177 4.72229 
0.723613 0.975309 5.64426 
0.373099 2.91166 4.2754 
2.08064 0.225577 0.940368 
0.346488 1.12599 5.84679 
1.72745 1.84692 2.36475 
1.04023 2.73743 3.61339 
1.05338 3.60204 0.559746 
0.504905 2.67916 4.50945 
1.20062 3.0014 2.55852 
0.260115 1.0214 5.91244 
0.20278 4.02661 1.20056 
1.46936 1.52096 3.91042 
1.71478 0.771609 3.48139 
0.885479 3.40323 2.56903 
1.54945 1.18301 3.88183 
0.880533 2.55926 4.19988 
0.847653 0.177004 5.65569 
1.28529 2.88436 2.53012 
1.7903 1.25038 2.79961 
0.651694 2.32026 4.80363 
0.246778 1.41804 5.74072 
1.44301 3.04787 0.351015 
0.47785 1.05969 5.80444 
1.27532 1.87928 4.14908 
2.01026 0.289698 1.91212 
0.748139 2.71011 4.19881 
0.381634 3.95932 1.42758 
1.69863 0.454801 3.64534 
0.664755 2.37711 4.72993 
0.303918 1.56322 5.64807 
0.461329 2.64947 4.58847 
0.62119 3.75909 1.92868 
0.545278 1.26714 5.67404 
0.438534 2.50494 4.78118 
0.274978 1.04553 5.90401 
0.680486 3.24496 3.40128 
1.85431 0.253095 2.94993 
1.13978 2.17754 4.16238 
0.50826 2.38676 4.85652 
0.555439 3.91006 1.30002 
1.56318 1.2153 3.81083 
1.67561 1.07612 3.52257 
0.198958 4.04729 0.969633 
1.88405 0.487028 2.71474 
0.606374 2.26974 4.90321 
2.036 0.706052 1.23868 
1.06143 3.11342 2.7708 
