2  4  6  8  3.50026  4.20513  4.88637  5.59363  6.28543  7.0193  7.71143  8.40926  9.06849  9.80109  10.5102  11.1927  11.9189  12.5869  13.2903  14.0086  14.6389  15.3987  16.2083  16.7473  
1.97322  3.94384  5.96201  7.6584  3.50262  4.20702  4.89768  5.59484  6.29441  7.03676  7.7265  8.40489  9.07841  9.79401  10.5055  11.1908  11.9239  12.6094  13.33  14.0467  14.6906  15.488  16.1367  16.7606  
1.97716  3.96557  5.79587  7.4162  3.5035  4.20737  4.9008  5.59533  6.30038  7.02927  7.73075  8.39838  9.08522  9.79013  10.5006  11.1906  11.9276  12.6164  13.3375  14.0298  14.7073  15.5039  16.1247  16.7628  
1.97504  3.73195  5.91105  7.7603  3.49471  4.20491  4.89448  5.59492  6.2979  7.02029  7.7082  8.40406  9.07205  9.80661  10.5091  11.1967  11.9323  12.6213  13.3213  14.0543  14.6544  15.4163  16.1699  16.783  
1.9888  3.97105  5.49423  7.17758  3.50268  4.20708  4.90092  5.5949  6.30508  7.0163  7.72976  8.39335  9.08855  9.78903  10.4983  11.1924  11.9307  12.6197  13.3349  14.0075  14.7089  15.5025  16.1303  16.7648  
1.82844  3.99631  5.83332  7.49377  3.50415  4.20775  4.90098  5.59545  6.29838  7.02865  7.73145  8.39899  9.08715  9.78951  10.5003  11.1899  11.9272  12.6145  13.3378  14.0307  14.7079  15.512  16.1248  16.7607  
1.94097  3.87439  5.74737  6.93365  3.49602  4.20414  4.89977  5.59665  6.30786  7.02526  7.7085  8.39965  9.08954  9.80339  10.5073  11.1964  11.9357  12.624  13.3369  14.0346  14.6662  15.4371  16.1501  16.7936  
1.93588  3.49464  5.85954  7.89653  3.49809  4.20816  4.90426  5.59437  6.30102  7.02758  7.72908  8.40168  9.07465  9.79711  10.5045  11.1945  11.9341  12.6416  13.3562  14.1033  14.7133  15.4513  16.0963  16.7853  
1.99472  3.99929  5.44147  6.22969  3.49617  4.20465  4.89787  5.59087  6.31831  7.03342  7.70823  8.40622  9.09403  9.79477  10.5271  11.2017  11.9269  12.6001  13.3223  14.0002  14.6631  15.4414  16.1366  16.7802  
1.88807  3.74459  5.40671  7.53315  3.49687  4.20367  4.90272  5.6009  6.30493  7.01901  7.71293  8.38987  9.09025  9.80664  10.4845  11.1936  11.9439  12.6481  13.3552  14.0667  14.6827  15.4394  16.1513  16.8048  
1.97164  3.76811  5.25081  6.84887  3.49338  4.20214  4.90169  5.59784  6.31866  7.02235  7.7034  8.39187  9.09629  9.80659  10.4964  11.2007  11.9435  12.641  13.3494  14.0502  14.667  15.4075  16.1511  16.8134  
1.81333  3.57077  5.70212  7.78516  3.49496  4.20944  4.90296  5.58952  6.30375  7.02018  7.72894  8.39483  9.07839  9.79386  10.5037  11.2027  11.9402  12.6487  13.3456  14.0777  14.7179  15.4414  16.1077  16.7848  
1.96728  3.86247  4.94177  6.52928  3.50046  4.20264  4.9069  5.59444  6.32987  7.03238  7.72392  8.38727  9.11303  9.78922  10.4882  11.2034  11.9366  12.6371  13.3692  14.0459  14.7193  15.4649  16.0982  16.8023  
1.99683  3.21936  5.52573  7.43511  3.49481  4.20229  4.90418  5.64307  6.31582  7.03659  7.7236  8.39257  9.07671  9.80265  10.5012  11.2023  11.9344  12.6531  13.3814  14.0573  14.7096  15.4177  16.1025  16.8107  
1.97213  3.52792  5.03315  7.0384  3.49796  4.20222  4.90568  5.6069  6.32451  7.03436  7.72422  8.37923  9.09416  9.79634  10.4934  11.2037  11.9422  12.6538  13.3808  14.0699  14.7129  15.4541  16.1207  16.8028  
1.84597  3.13377  5.9003  7.97185  3.49159  4.20773  4.90584  5.58895  6.30925  7.0226  7.72645  8.40052  9.08285  9.80124  10.5037  11.2011  11.9322  12.6517  13.3682  14.0317  14.7226  15.4366  16.096  16.8026  
1.99729  3.99376  4.40993  5.91628  3.49917  4.20475  4.90103  5.58627  6.34088  7.03915  7.7207  8.39658  9.10963  9.77868  10.518  11.2088  11.9252  12.6008  13.3337  13.9932  14.7034  15.4613  16.1  16.7737  
1.97097  3.29997  4.96637  7.1874  3.50073  4.1978  4.90573  5.62435  6.32713  7.04707  7.72233  8.38037  9.08558  9.80108  10.4944  11.1995  11.937  12.6511  13.4054  14.1018  14.7019  15.4426  16.1148  16.809  
1.93544  3.70955  4.82787  6.05265  3.50451  4.20081  4.90423  5.59721  6.34098  7.03886  7.72161  8.39406  9.11443  9.78288  10.486  11.199  11.9257  12.6112  13.3619  14.0413  14.7105  15.4568  16.0872  16.7897  
1.846  3.10192  5.63761  7.32353  3.49302  4.20494  4.90772  5.58844  6.32233  7.02804  7.72468  8.40034  9.10642  9.80323  10.4969  11.1997  11.9232  12.6417  13.374  13.9815  14.7262  15.4803  16.1077  16.8114  
1.9682  3.81747  4.68709  5.31779  3.4994  4.20558  4.91301  5.59387  6.32861  7.03896  7.71343  8.39748  9.12437  9.76892  10.5022  11.2059  11.9243  12.608  13.3363  14.0192  14.7129  15.5002  16.0866  16.7747  
1.94244  3.00149  5.54722  6.62042  3.5081  4.21949  4.94083  5.60705  6.29471  7.06551  7.7038  8.36362  9.13944  9.79899  10.5007  11.2289  11.992  12.649  13.4118  14.0269  14.7144  15.5257  16.1194  16.8095  
1.93365  3.40723  4.52452  6.51881  3.50638  4.19579  4.90555  5.6092  6.33996  7.05192  7.7208  8.38092  9.10045  9.79234  10.4333  11.197  11.932  12.6302  13.4023  14.1066  14.6986  15.4554  16.1054  16.8  
1.86266  2.64638  5.692  7.87002  3.47029  4.20227  4.90546  5.59081  6.33875  7.02096  7.7176  8.41062  9.10065  9.8162  10.5142  11.221  11.9264  12.6303  13.3714  14.0433  14.724  15.4121  16.1232  16.8199  
1.98321  3.88312  4.12879  5.01129  3.49875  4.20663  4.91007  5.58978  6.33412  7.04235  7.71182  8.40213  9.12266  9.76365  10.5171  11.2086  11.9186  12.5898  13.3186  13.9929  14.7049  15.4984  16.0875  16.7604  
1.84571  3.11756  4.81269  6.89037  3.48571  4.20589  4.90867  5.58932  6.32389  7.03997  7.71767  8.42934  9.08757  9.78855  10.5016  11.2063  11.9277  12.6394  13.3739  13.988  14.7123  15.4242  16.1007  16.8235  
1.89992  3.51036  4.36373  5.76925  3.49736  4.21266  4.91229  5.6013  6.31269  7.05486  7.71269  8.41701  9.09387  9.76847  10.4977  11.2001  11.926  12.6221  13.343  14.0099  14.7149  15.4865  16.1334  16.8  
1.73258  2.75329  5.64719  7.32457  3.48197  4.21446  4.89992  5.59431  6.32284  7.00496  7.7231  8.43214  9.10208  9.82744  10.5069  11.2143  11.9608  12.656  13.3709  14.0045  14.7357  15.4629  16.0752  16.7405  
1.93911  3.64118  4.31259  4.71929  3.49964  4.2064  4.92499  5.60146  6.31635  7.03877  7.70615  8.39838  9.13911  9.75915  10.4865  11.203  11.9234  12.6152  13.3388  14.0452  14.7225  15.5391  16.0732  16.7758  
1.85567  2.64325  5.15948  6.92188  3.51235  4.25302  4.94697  5.60115  6.32473  7.02361  7.69536  8.41202  9.21525  9.83966  10.5189  11.2431  12.0426  12.6782  13.3688  14.0142  14.7757  15.3506  16.114  16.794  
1.89211  3.09648  4.57814  5.69746  3.50562  4.21293  4.91534  5.60503  6.32159  7.0399  7.70928  8.39565  9.1384  9.79779  10.4969  11.2173  11.9519  12.6195  13.3921  13.9901  14.6979  15.6265  16.1111  16.7633  
1.6192  2.47076  5.96787  7.99929  3.50557  4.17719  4.89741  5.59862  6.35616  6.99406  7.72752  8.42215  9.10411  9.83593  10.5167  11.2352  11.9134  12.6499  13.3372  14.0973  14.7076  15.3006  16.0725  16.792  
1.99755  3.972  3.28184  4.15489  3.49342  4.22054  4.94945  5.60982  6.33345  7.07131  7.68833  8.39293  9.12162  9.73505  10.4974  11.2163  11.9209  12.6054  13.312  14.0136  14.7047  15.4776  16.1374  16.7519  
1.87947  2.87468  4.5884  5.62221  3.49767  4.21803  4.92838  5.62042  6.24528  7.03374  7.73195  8.39456  9.09034  9.79926  10.5293  11.2038  11.9759  12.5535  13.4349  14.0437  14.7135  15.5833  16.1181  16.8278  
1.92765  3.43827  4.11652  4.22099  3.49688  4.2112  4.94691  5.60654  6.30444  7.02801  7.69331  8.37231  9.15907  9.74461  10.4874  11.2097  11.923  12.6248  13.3131  14.0676  14.7414  15.5422  16.053  16.754  
1.68985  2.48733  5.10848  6.91553  3.48812  4.18735  4.89872  5.59176  6.32128  7.0229  7.71604  8.43106  9.10197  9.8361  10.5154  11.218  12.0047  12.6827  13.3381  14.0831  14.7274  15.4682  16.0746  16.7593  
1.90179  3.80697  3.3201  4.07391  3.48672  4.21675  4.90887  5.56438  6.34113  7.01695  7.70336  8.40699  9.08864  9.7795  10.4988  11.2165  11.8798  12.6085  13.3338  14.038  14.7341  15.5699  16.1168  16.7331  
1.76054  2.57001  4.5602  6.25127  3.50532  4.15072  4.90532  5.58335  6.3192  7.0639  7.71057  8.3982  9.1062  9.82055  10.5138  11.2071  12.0109  12.6949  13.3084  14.1387  14.7096  15.4909  16.1067  16.8491  
1.85162  3.09402  4.06906  4.52616  3.50638  4.22053  4.90064  5.60275  6.30013  6.99087  7.70737  8.59285  9.14066  9.80262  10.5387  11.2156  12.0233  12.5912  13.3133  13.9857  14.7457  15.5542  16.1088  16.7589  
1.60082  2.06592  5.57571  7.35323  3.51228  4.15873  4.90454  5.57707  6.35139  7.04399  7.71399  8.43293  9.11716  9.85029  10.5228  11.2356  12.0246  12.6897  13.3067  14.0464  14.6969  15.2989  16.0343  16.7758  
1.95387  3.88696  2.82715  3.56666  3.50313  4.21758  4.91874  5.61364  6.31613  7.08711  7.69893  8.4335  9.1049  9.73569  10.4918  11.1991  11.9198  12.5926  13.3179  13.988  14.7071  15.5363  16.1709  16.7975  
1.74286  2.55601  4.20483  5.59785  3.48991  4.19129  4.89117  5.58378  6.32934  7.03049  7.71209  8.43385  9.14304  9.84612  10.4983  11.2026  11.9711  12.6896  13.3311  14.0561  14.7207  15.5185  16.0705  16.7164  
1.84921  3.19573  4.2186  3.16849  3.49879  4.21968  4.94973  5.80881  6.34397  7.0359  7.71903  8.41969  9.16249  9.75934  10.4805  11.2091  11.9013  12.6081  13.3654  14.0126  14.7643  15.7192  16.1402  16.7826  
1.61938  1.89486  5.33143  6.68305  3.50947  4.21349  4.91425  5.61819  6.37942  6.97573  7.68928  8.40198  9.14587  9.82905  10.4983  11.256  12.0386  12.6349  13.403  13.998  14.7595  15.4255  15.9843  16.7519  
1.98006  3.33267  2.54852  4.0201  3.49609  4.19779  4.90342  5.6349  6.34488  6.95585  7.69956  8.38535  9.11154  9.75783  10.4773  11.1855  12.0117  12.6048  13.3746  14.0832  14.7185  15.4135  16.1466  16.9319  
1.66674  2.0329  4.33142  6.30462  3.52112  4.18519  4.88764  5.59137  6.36411  7.00959  7.70729  8.43679  9.1366  9.83372  10.5061  11.2292  11.9964  12.6748  13.3461  14.0313  14.692  15.4982  16.0473  16.7354  
1.75812  2.74197  3.09798  5.02647  3.49101  4.19847  4.93477  5.599  6.3645  7.00025  7.72535  8.33138  9.07482  9.79784  10.5408  11.2154  11.9736  12.6752  13.4101  14.1107  14.7443  15.2918  16.1287  16.8691  
1.57002  1.33637  5.88518  7.50425  3.51665  4.17738  4.86809  5.59267  6.38842  6.93039  7.72569  8.43907  9.11717  9.82044  10.4881  11.2572  11.9115  12.6868  13.4137  14.13  14.7197  15.3387  16.019  16.8146  
1.96989  3.92351  2.12187  2.80035  3.49311  4.23354  4.9256  5.62337  6.32506  7.05093  7.68639  8.38353  9.08823  9.74083  10.492  11.2035  11.9925  12.5673  13.3016  14.0463  14.7429  15.655  16.1436  16.7804  
1.9309  1.89991  3.44163  5.01429  3.49045  4.19794  4.94858  5.61292  6.31967  7.04602  7.69149  8.54378  9.13863  9.86006  10.5357  11.2254  12.1968  12.664  13.4499  13.9962  14.7331  15.4275  16.0831  16.839  
1.83698  3.1199  2.65025  3.42328  3.51317  4.23194  4.98583  5.62631  6.35136  7.07866  7.70823  8.36342  9.11465  9.75112  10.4764  11.2096  11.8634  12.6124  13.4198  14.0447  14.7425  15.6494  16.2254  16.8088  
1.25627  2.01033  5.2069  5.69528  3.48782  4.16965  4.87655  5.59531  6.32732  7.01541  7.72517  8.4641  9.0623  9.79698  10.5322  11.2013  12.0448  12.6162  13.3053  14.1922  14.7666  15.3916  16.0091  16.8439  
1.88599  3.57353  2.14106  2.81058  3.51043  4.23181  4.94733  5.61447  6.31857  7.05761  7.70761  8.44329  9.11295  9.7221  10.4955  11.2104  11.9449  12.5922  13.3562  13.9955  14.7379  15.6452  16.1937  16.8004  
1.57782  1.72687  4.15517  4.95388  3.50192  4.21708  4.87202  5.6168  6.37471  6.90415  7.72791  8.42775  9.21476  9.89436  10.4762  11.1985  11.9324  12.5873  13.3934  14.1018  14.7685  15.2595  15.9744  16.6897  
1.70573  2.63409  2.85496  3.47752  3.50722  4.26182  5.00818  5.63455  6.33995  6.97124  7.70474  8.40735  9.14716  9.81365  10.5201  11.25  11.9857  12.612  13.3963  14.0119  14.825  15.6823  16.085  16.6315  
1.18564  1.39185  5.82695  6.78396  3.49712  4.13663  4.87477  5.6048  6.31635  7.03888  7.72877  8.45971  9.07108  9.81751  10.5397  11.1966  12.1103  12.6594  13.2926  14.2425  14.7544  15.3521  16.004  16.9019  
1.81123  3.95772  1.86068  2.06557  3.49527  4.21967  4.91145  5.61771  6.32576  7.06321  7.68459  8.40989  9.11166  9.8046  10.4836  11.1853  11.8547  12.5444  13.3174  14.0166  14.7249  15.532  16.1891  16.8966  
1.60909  1.6805  3.2082  4.61935  3.51833  4.18659  4.92934  5.62981  6.40028  6.96791  7.71668  8.43032  9.2936  9.82949  10.4531  11.193  11.8117  12.6091  13.5262  14.0178  14.5906  15.8088  16.0767  16.6891  
1.8496  2.54605  2.39576  2.73251  3.50513  4.21553  4.92834  5.60255  6.30182  7.00641  7.69218  8.72891  9.135  9.78775  10.5302  11.2563  12.2765  12.6206  13.3513  13.9993  14.7848  15.5348  16.114  16.9071  
1.13436  1.28223  4.98078  6.25507  3.49578  4.14566  4.72318  5.59987  6.34567  7.00659  7.72884  8.36905  9.03601  9.81974  10.528  11.2021  12.0544  12.6429  13.3194  14.2201  14.7377  15.4136  15.9896  16.8279  
1.80448  3.26906  2.0093  1.9223  3.51053  4.26167  4.95267  5.61951  6.30109  6.99484  7.69087  8.5785  9.10035  9.72289  10.5161  11.2744  12.249  12.6005  13.2837  14.0509  14.7171  15.5601  16.1739  16.8922  
1.34832  1.21995  4.07935  4.72726  3.49778  4.16486  4.89271  5.58649  6.33261  7.06932  7.68632  8.5056  9.1663  9.8682  10.5344  11.2119  12.279  12.6445  13.3026  14.1193  14.763  15.4911  16.0322  16.788  
1.31005  2.68188  2.66569  2.72384  3.48454  4.21075  4.95268  5.57158  6.39615  7.10072  7.71047  8.35398  9.04971  9.8917  10.6013  11.2344  11.81  12.634  13.3546  14.0602  14.7669  15.2549  16.1533  16.7511  
1.50729  0.1141  5.90709  7.93193  3.5437  4.22084  4.94512  5.57691  6.37783  6.88075  7.75431  8.44546  9.14448  9.87254  10.5056  11.3102  11.9353  12.8425  13.5103  13.7876  14.7761  15.3887  15.998  16.8852  
1.9991  3.99297  1.12391  1.32739  3.49165  4.20637  4.89006  5.61502  6.32862  7.07327  7.67571  8.41632  9.12685  9.7103  10.4741  11.1648  12.0728  12.5132  13.2583  14.0039  14.7085  15.4123  16.218  17.0062  
1.35966  2.24574  2.34986  2.76672  3.47073  4.21991  4.9566  5.57248  6.38913  7.12629  7.69285  8.40357  9.00083  9.93131  10.6416  11.249  12.0303  12.6531  13.3428  14.0085  14.8374  15.2113  16.1279  16.7792  
1.73705  3.16254  1.59  1.54322  3.51261  4.27542  4.93892  5.64558  6.34226  6.98064  7.68636  8.43113  9.12687  9.72493  10.4825  11.2599  12.032  12.589  13.2811  14.0903  14.8207  15.5369  16.1703  16.7866  
1.26768  0.751939  3.73498  4.5107  3.50786  4.17438  4.91689  5.59376  6.34389  7.07424  7.6926  8.54045  9.16718  9.87964  10.541  11.2182  12.2566  12.649  13.346  14.1039  14.7737  15.521  16.0996  16.7991  
1.75394  3.86327  1.56677  0.711084  3.49469  4.20941  4.88998  5.6434  6.3569  7.01192  7.65888  8.46191  9.12317  9.81168  10.4744  11.1746  11.8861  12.4933  13.2836  14.0051  14.7153  15.4982  16.189  16.8767  
1.28417  1.25299  2.54028  3.20742  3.49771  4.19473  4.84308  5.58906  6.41017  7.03189  7.65561  8.47985  9.09735  9.48311  10.5386  11.14  12.0638  12.5959  13.0728  14.1934  14.8823  15.5039  15.9993  16.5979  
1.70199  2.29639  1.48188  1.7573  3.51712  4.20753  4.95384  5.63079  6.35443  6.97203  7.70188  8.454  9.27311  9.76707  10.4621  11.2233  11.9198  12.5812  13.4598  14.0236  14.6452  15.588  16.1613  16.7561  
1.1955  0.121457  4.51605  6.07216  3.52768  4.11678  4.90296  5.57046  6.38219  7.04569  7.69317  8.43274  9.16539  9.89614  10.5388  11.2722  12.1702  12.7386  13.2718  14.1769  14.7178  15.4559  15.9767  16.8509  
1.88154  3.93886  0.902774  0.791514  3.50802  4.22196  4.91394  5.63006  6.3559  7.10901  7.67515  8.42118  9.14911  9.82299  10.4263  11.1918  11.9035  12.502  13.298  13.9765  14.7194  15.579  16.1857  16.8104  
1.57073  1.01663  2.03884  2.09382  3.50362  4.23109  4.9178  5.60191  6.32524  7.0469  7.68832  8.44935  9.2325  9.8921  10.5531  11.2414  12.6183  12.6122  13.4362  13.8757  14.8179  15.6237  16.069  16.7323  
1.81597  2.44537  1.29288  0.946441  3.50628  4.23714  4.90993  5.59655  6.3282  6.99089  7.67171  8.72764  9.20894  9.83119  10.4989  11.2289  12.1213  12.538  13.3384  13.9818  14.7908  15.6316  16.1436  16.7921  
1.2373  0.0320103  3.38955  4.69915  3.52779  4.14794  4.9301  5.58134  6.37132  7.08939  7.6766  8.52477  9.21872  9.92921  10.5443  11.2537  12.3193  12.7102  13.3293  14.0963  14.7493  15.5532  16.0834  16.8026  
1.77142  3.38463  1.55323  0.101598  3.50928  4.21129  4.90438  5.66584  6.38085  6.95502  7.65621  8.54733  9.13597  9.90057  10.4771  11.1889  12.0078  12.4899  13.3453  13.9725  14.7188  15.5775  16.1935  16.7605  
1.51455  0.156075  2.09469  2.80499  3.54826  4.25564  4.95743  5.58446  6.38684  6.89587  7.7012  8.51157  9.28974  9.99836  10.4894  11.2821  12.136  12.6995  13.4819  14.6061  14.7915  15.5271  16.7536  16.7794  
1.80121  1.42409  0.85023  1.53602  3.48951  4.22584  4.96169  5.6326  6.34039  7.02316  7.66665  8.55318  9.17536  9.84629  10.5427  11.2526  12.3604  12.6194  13.436  13.9202  14.7861  15.501  16.1105  16.8124  
0.692314  0.0828072  5.10796  6.62898  3.54574  4.22858  4.9276  5.90598  6.38835  6.92696  7.76289  8.55556  9.17955  10.0751  10.6593  11.3891  12.1823  12.9529  13.536  13.7442  14.8587  15.3825  15.9623  17.0097  
1.97547  3.95648  0.494311  0.42242  3.50621  4.21531  4.90324  5.62871  6.35733  7.11404  7.67071  8.4244  9.15671  9.77584  10.4676  11.1816  12.0125  12.4863  13.2685  13.9701  14.7112  15.5191  16.2001  16.8652  
1.56518  0.924561  0.57472  2.03022  3.52137  4.14164  4.92549  5.60977  6.38746  6.87754  7.65724  8.4049  9.24436  9.92518  10.5543  11.2157  12.553  12.7016  13.2079  13.9149  14.7748  15.5796  15.951  16.6035  
1.72252  2.71908  0.655287  0.516203  3.50349  4.26108  4.93607  5.64439  6.34817  6.99494  7.6786  8.42117  9.16238  9.77219  10.51  11.2343  12.2584  12.5446  13.3482  13.9757  14.8185  15.6478  16.1399  16.739  
0.990291  0.00931742  2.55295  2.22159  3.50182  4.51165  4.93821  5.62707  6.39265  7.02308  7.50349  8.52768  9.20635  9.9612  10.6604  11.2566  11.9109  12.6513  13.4196  14.053  14.7921  15.274  16.0302  16.5923  
1.76665  3.53881  0.581393  0.180404  3.47684  4.25858  4.91913  5.64412  6.36719  7.02066  7.6726  8.45377  9.16346  9.75952  10.475  11.2066  11.9653  12.5512  13.2888  13.9727  14.7556  15.7208  16.111  16.6162  
1.6405  0.00910621  0.825447  1.77505  3.52856  4.23057  4.91081  5.61811  6.40217  6.93002  7.64344  8.49423  9.45271  10.0536  10.4747  11.238  12.3772  12.6487  13.4012  13.9183  14.776  15.3997  16.043  16.4979  
1.71032  1.64781  0.674717  0.341567  3.50775  4.22196  4.90687  5.62225  6.35127  6.97057  7.67101  8.75732  9.21682  9.81658  10.5048  11.2538  12.1347  12.5983  13.354  13.9813  14.7827  15.5335  16.0784  16.8052  
0.341017  0.0992207  3.3681  4.58151  3.50482  4.21326  4.87069  6.28249  6.34817  7.13948  7.73949  8.60058  9.15574  10.2062  10.8017  11.3572  12.4309  12.872  13.4567  14.0152  14.8672  15.4302  16.0433  17.058  
1.77626  3.91758  0.355622  0.0813019  3.50334  4.23313  4.90334  5.64285  6.38027  7.12082  7.67538  8.46713  9.16428  9.8999  10.4658  11.2067  11.9887  12.5076  13.3133  13.9216  14.7368  15.5886  16.1708  16.69  
1.77244  0.118826  0.37607  0.957214  3.54127  4.18356  4.89126  5.62925  6.46057  6.84716  7.61018  8.40901  9.50619  10.0743  10.4707  11.2292  12.479  12.6812  13.2668  14.0349  14.7351  15.3545  15.9829  16.3343  
1.76279  2.05279  0.423383  0.10098  3.50549  4.27081  4.92651  5.62774  6.34082  7.01682  7.68282  8.41519  9.23556  9.83779  10.5216  11.2365  12.4581  12.5656  13.4318  13.8281  14.8075  15.7043  16.1138  16.6734  
0.463767  2.93977e-05  0.634137  3.16425  3.4996  4.21794  5.05984  5.5682  6.22656  7.20238  7.67162  8.61946  9.16763  9.86079  10.7704  11.2843  13.3743  12.4471  13.5001  14.3292  14.8694  15.1128  15.7691  16.8618  
1.59681  3.42011  0.233847  0.0533523  3.50068  4.22443  4.89819  5.64528  6.38429  7.11522  7.65542  8.48589  9.15496  9.90918  10.4749  11.2072  12.0136  12.507  13.3122  13.9462  14.7767  15.5752  16.1087  16.7003  
0.666125  0.295882  1.08692  0.0323597  3.50076  4.20353  5.01595  5.61694  6.41184  7.17395  7.7064  8.62288  9.05714  10.0121  10.7351  11.292  12.1369  12.6717  13.3931  14.0437  14.8505  14.9048  16.1869  16.9432  
1.63032  1.11306  0.299057  0.0310606  3.51008  4.26417  4.93339  5.64025  6.29669  6.98291  7.71673  8.43765  9.20534  9.86646  10.5357  11.2331  12.4552  12.5079  13.5336  13.8273  14.9234  15.8292  16.0671  16.7345  
0.0408643  0.0786553  3.54869  5.74683  3.50177  4.18031  5.06874  5.60533  6.46905  7.19869  7.73905  8.60133  9.13293  10.3362  10.9485  11.4139  11.9137  12.9172  13.361  14.0542  14.8745  15.236  16.0347  17.1187  
1.98155  3.96946  0.0335604  0.0390394  3.50106  4.21094  4.89663  5.61276  6.33806  7.14576  7.68642  8.4217  9.13858  9.75065  10.4774  11.158  11.9558  12.4693  13.2339  13.9677  14.6832  15.537  16.2579  16.8761  
1.64276  0.67  0.102755  0.00541959  3.50067  4.27987  5.08348  5.63221  6.33019  6.87859  7.65145  8.48212  9.36815  9.95267  10.5349  11.1931  12.5479  12.6079  13.2941  13.9233  14.7323  15.1318  15.9635  16.6685  
1.79892  2.60154  0.0231645  0.0123627  3.5006  4.24144  4.91224  5.58156  6.34826  6.98557  7.65885  8.7303  9.21594  9.82239  10.4961  11.2399  12.0941  12.5215  13.3272  13.9491  14.8012  15.6908  16.1539  16.7659  
0.354888  0.313612  0.00692516  0.000298371  3.54037  4.30241  5.2552  5.6343  6.30017  7.19937  7.88013  8.49119  9.38354  9.91467  10.9191  11.342  12.3129  12.6591  13.3553  13.7796  14.9068  15.2595  16.5872  16.4966  
