0  0.499998  0.500019  0.500037  0.599981  0.400082  0.500023  0.499951  0.600039  0.499998  0.400025  
0.00642878  0.500001  0.500001  0.500002  0.500001  0.5  0.499999  0.499998  0.5  0.5  0.5  
0.0129798  0.500001  0.500001  0.500002  0.500001  0.5  0.499999  0.499999  0.5  0.5  0.5  
0.0196811  0.500001  0.500001  0.500002  0.500001  0.5  0.499999  0.499998  0.5  0.5  0.499999  
0.026503  0.500001  0.500001  0.500002  0.5  0.5  0.499999  0.499999  0.5  0.5  0.499999  
0.0334751  0.500002  0.5  0.500001  0.500001  0.499999  0.499999  0.499998  0.5  0.500001  0.499999  
0.0405741  0.500001  0.500001  0.500002  0.5  0.5  0.499999  0.499999  0.5  0.5  0.499999  
0.0478245  0.500001  0.500002  0.500002  0.5  0.5  0.499999  0.499999  0.5  0.5  0.5  
0.0552151  0.500001  0.500001  0.500002  0.5  0.5  0.499999  0.499999  0.5  0.499999  0.5  
0.0627552  0.500001  0.500001  0.500002  0.500001  0.5  0.499999  0.499999  0.5  0.5  0.5  
0.0704465  0.500001  0.500001  0.500002  0.5  0.5  0.499999  0.499999  0.5  0.5  0.5  
0.0782862  0.500001  0.500001  0.500001  0.500001  0.5  0.499999  0.499999  0.5  0.5  0.5  
0.0862772  0.500002  0.500001  0.500001  0.500001  0.5  0.499999  0.499999  0.5  0.5  0.5  
0.0944276  0.500001  0.500001  0.500001  0.500001  0.5  0.499999  0.499999  0.5  0.500001  0.499999  
0.102734  0.500001  0.500001  0.500001  0.500001  0.5  0.499999  0.499999  0.5  0.5  0.5  
0.1112  0.500001  0.500001  0.500002  0.500001  0.5  0.499999  0.499999  0.5  0.5  0.5  
0.119824  0.500001  0.500001  0.500002  0.500001  0.5  0.499999  0.499999  0.5  0.5  0.5  
0.128613  0.500001  0.500002  0.500002  0.500001  0.5  0.499999  0.5  0.500001  0.5  0.499999  
0.137563  0.500001  0.500001  0.500002  0.500001  0.5  0.499999  0.499999  0.5  0.5  0.5  
0.146678  0.500001  0.500001  0.500001  0.500001  0.5  0.499999  0.499999  0.5  0.5  0.5  
0.155958  0.500001  0.500001  0.500001  0.500001  0.5  0.499999  0.499998  0.5  0.5  0.5  
0.165403  0.500001  0.500001  0.500001  0.500001  0.5  0.499999  0.499998  0.5  0.5  0.5  
0.175013  0.500001  0.500001  0.500001  0.500001  0.5  0.499999  0.499998  0.5  0.5  0.5  
0.184788  0.500001  0.500001  0.500001  0.500001  0.5  0.499999  0.499998  0.5  0.5  0.5  
0.194729  0.500001  0.500001  0.500002  0.500001  0.5  0.499999  0.499998  0.5  0.5  0.5  
0.204832  0.500001  0.500001  0.500001  0.500001  0.5  0.499999  0.499998  0.5  0.5  0.5  
0.2151  0.500002  0.500001  0.500001  0.500001  0.5  0.5  0.499998  0.499999  0.5  0.5  
0.225528  0.5  0.500003  0.500003  0.499999  0.5  0.499999  0.499999  0.500001  0.500001  0.499999  
0.236114  0.500001  0.500002  0.500001  0.500001  0.5  0.5  0.499999  0.5  0.5  0.5  
0.246861  0.5  0.500003  0.500003  0.499999  0.5  0.499999  0.5  0.500001  0.500001  0.499999  
0.257761  0.500001  0.500001  0.500001  0.500001  0.500001  0.499999  0.499998  0.499999  0.5  0.500001  
0.268813  0.500001  0.500001  0.500001  0.500001  0.500002  0.499998  0.499998  0.499999  0.5  0.500001  
0.280012  0.500001  0.500002  0.500002  0.500001  0.500002  0.499999  0.499998  0.5  0.5  0.5  
0.291354  0.5  0.500002  0.500002  0.500001  0.500001  0.499998  0.5  0.5  0.500002  0.5  
0.302837  0.500001  0.500002  0.500002  0.500001  0.500001  0.499998  0.499999  0.5  0.5  0.5  
0.314452  0.5  0.500002  0.500003  0.500001  0.500001  0.499999  0.499999  0.500001  0.5  0.5  
0.326197  0.500001  0.500002  0.500001  0.5  0.5  0.499998  0.499999  0.5  0.5  0.5  
0.338063  0.5  0.500002  0.500001  0.499999  0.500001  0.499998  0.499998  0.5  0.5  0.500001  
0.350046  0.500001  0.500002  0.5  0.5  0.5  0.499998  0.499998  0.5  0.5  0.5  
0.362139  0.500001  0.500003  0.500002  0.500001  0.500001  0.499999  0.500001  0.500001  0.500001  0.5  
0.374334  0.500002  0.500001  0.5  0.500001  0.5  0.499999  0.499998  0.499999  0.5  0.500001  
0.386621  0.500002  0.500003  0.500001  0.500001  0.500002  0.499999  0.499999  0.500001  0.499999  0.5  
0.398995  0.500001  0.500002  0.500002  0.500001  0.500001  0.499999  0.499999  0.499999  0.500001  0.5  
0.411446  0.5  0.500003  0.500002  0.5  0.500001  0.499999  0.500001  0.500001  0.5  0.5  
0.423969  0.500001  0.500002  0.500001  0.5  0.500001  0.499999  0.499998  0.5  0.499999  0.500001  
0.436549  0.500001  0.500002  0.500001  0.5  0.5  0.499999  0.499999  0.500001  0.499999  0.500001  
0.449179  0.500001  0.500002  0.500001  0.5  0.5  0.499999  0.5  0.500001  0.499999  0.500001  
0.461848  0.5  0.500001  0.500002  0.500002  0.500001  0.499999  0.5  0.5  0.5  0.5  
0.474549  0.500001  0.500002  0.500001  0.500001  0.5  0.499998  0.499999  0.5  0.499999  0.500001  
0.487269  0.500001  0.500002  0.500001  0.5  0.5  0.499999  0.5  0.5  0.5  0.500001  
0.5  0.500001  0.500002  0.500001  0.500001  0.5  0.499999  0.499999  0.5  0.5  0.500001  
0.512731  0.500001  0.500002  0.500001  0.500001  0.5  0.499999  0.499999  0.5  0.5  0.500001  
0.525451  0.500001  0.500002  0.500001  0.500001  0.5  0.5  0.5  0.499999  0.5  0.500002  
0.538152  0.500002  0.500003  0.5  0.5  0.499999  0.499999  0.499999  0.5  0.499999  0.500002  
0.550821  0.500001  0.500002  0.500001  0.500001  0.5  0.499999  0.499999  0.499999  0.5  0.500001  
0.563451  0.500001  0.500002  0.500001  0.500001  0.500001  0.499999  0.5  0.499999  0.5  0.500001  
0.576031  0.5  0.500002  0.500002  0.5  0.500001  0.499999  0.5  0.5  0.5  0.500001  
0.588551  0.500001  0.500001  0.500001  0.5  0.500001  0.499999  0.499999  0.5  0.499998  0.500002  
0.601005  0.500001  0.500002  0.500001  0.500001  0.5  0.5  0.5  0.5  0.5  0.500001  
0.613377  0.5  0.500002  0.500001  0.5  0.500001  0.499998  0.5  0.5  0.499999  0.500001  
0.625665  0.500002  0.500002  0.500001  0.500002  0.500001  0.5  0.5  0.5  0.5  0.500001  
0.637861  0.5  0.500002  0.500003  0.500001  0.500002  0.499999  0.500001  0.5  0.499998  0.500002  
0.649952  0.5  0.500003  0.500001  0.5  0.500001  0.499999  0.5  0.5  0.499999  0.500002  
0.661936  0.500001  0.500002  0.500001  0.500002  0.5  0.499999  0.499999  0.499999  0.5  0.500002  
0.673804  0.500001  0.500002  0.500001  0.500001  0.5  0.499999  0.499999  0.5  0.499999  0.500002  
0.685547  0.500001  0.500001  0.500002  0.500002  0.5  0.499999  0.499999  0.5  0.5  0.500001  
0.697163  0.500001  0.500002  0.500001  0.5  0.5  0.499999  0.5  0.5  0.499999  0.500002  
0.708647  0.5  0.500003  0.500001  0.499999  0.500001  0.499999  0.500001  0.5  0.499999  0.500002  
0.719989  0.500001  0.500002  0.500001  0.500001  0.5  0.5  0.500001  0.5  0.5  0.500001  
0.731186  0.5  0.500002  0.500002  0.5  0.5  0.5  0.499999  0.500001  0.499999  0.500001  
0.742238  0.5  0.500002  0.500001  0.5  0.5  0.499999  0.499998  0.499999  0.499998  0.500002  
0.753138  0.5  0.500003  0.500001  0.5  0.500001  0.499997  0.5  0.500001  0.499999  0.500001  
0.763884  0.5  0.500002  0.500001  0.5  0.500001  0.499999  0.5  0.5  0.499999  0.500002  
0.774474  0.500001  0.500002  0.500001  0.5  0.5  0.499999  0.5  0.5  0.499999  0.500002  
0.7849  0.500001  0.500002  0.500001  0.5  0.5  0.5  0.5  0.5  0.499999  0.500003  
0.795168  0.500001  0.500003  0.500001  0.5  0.499999  0.5  0.5  0.5  0.5  0.500002  
0.805273  0.500001  0.500003  0.500001  0.500001  0.5  0.5  0.5  0.5  0.5  0.500002  
0.815212  0.500001  0.500003  0.500001  0.500001  0.5  0.499999  0.5  0.5  0.5  0.500002  
0.824987  0.500001  0.500003  0.500001  0.500001  0.5  0.5  0.5  0.5  0.499999  0.500002  
0.834597  0.500001  0.500002  0.500001  0.5  0.500001  0.5  0.5  0.5  0.499999  0.500002  
0.844042  0.500001  0.500002  0.500001  0.5  0.500001  0.5  0.5  0.5  0.499999  0.500003  
0.853321  0.5  0.500002  0.500001  0.5  0.500001  0.499999  0.5  0.5  0.499998  0.500002  
0.862436  0.500001  0.500002  0.500001  0.500001  0.5  0.499999  0.5  0.5  0.499999  0.500003  
0.871387  0.500001  0.500002  0.500001  0.5  0.5  0.499999  0.5  0.5  0.499999  0.500003  
0.880175  0.500001  0.500002  0.500001  0.500001  0.5  0.499999  0.5  0.5  0.499999  0.500003  
0.8888  0.5  0.500002  0.500002  0.5  0.5  0.499999  0.5  0.5  0.499999  0.500003  
0.897266  0.500001  0.500002  0.500001  0.500001  0.5  0.499999  0.5  0.5  0.499999  0.500003  
0.905573  0.5  0.500002  0.500002  0.5  0.5  0.499999  0.5  0.5  0.499999  0.500003  
0.91372  0.5  0.500003  0.500001  0.500001  0.5  0.499999  0.5  0.5  0.499999  0.500003  
0.921714  0.500001  0.500003  0.500001  0.500001  0.5  0.499999  0.499999  0.499999  0.499999  0.500003  
0.929554  0.5  0.500003  0.500001  0.5  0.500001  0.499999  0.500001  0.5  0.499999  0.500002  
0.937242  0.500001  0.500003  0.500001  0.500001  0.5  0.499999  0.5  0.5  0.499999  0.500003  
0.944782  0.500001  0.500002  0.500001  0.500001  0.5  0.499999  0.5  0.5  0.499999  0.500002  
0.952177  0.500001  0.500002  0.500001  0.500001  0.5  0.499999  0.5  0.5  0.499999  0.500003  
0.959424  0.500001  0.500002  0.500001  0.500001  0.5  0.499999  0.5  0.5  0.5  0.500002  
0.966525  0.500001  0.500003  0.500001  0.500001  0.5  0.499999  0.5  0.5  0.499999  0.500003  
0.973498  0.500001  0.500003  0.500001  0.5  0.5  0.499999  0.5  0.5  0.5  0.500002  
0.980322  0.500001  0.500003  0.500001  0.5  0.5  0.499999  0.5  0.5  0.5  0.500002  
0.987022  0.500001  0.500003  0.5  0.5  0.5  0.5  0.5  0.5  0.5  0.500002  
0.993571  0.500001  0.500003  0.5  0.5  0.5  0.5  0.500001  0.5  0.500001  0.500002  
