1  0.604216  0.683313  0.703334  0.742886  0.794042  0.834692  0.871337  0.905946  0.932681  0.977834  0.975104  0.98891  0.997523  0.999974  0.997132  0.997655  0.975574  0.95794  0.933443  0.906001  0.868664  0.833876  0.794339  0.745676  0.704097  0.656703  0.603945  0.552849  0.500648  
0.990119  0.513451  0.562329  0.615059  0.660428  0.716992  0.760567  0.802003  0.84246  0.875818  0.915652  0.933535  0.959937  0.975306  0.993504  0.999786  0.99989  0.993195  0.983771  0.971524  0.953906  0.92502  0.898211  0.866546  0.825417  0.785956  0.740702  0.694182  0.642151  0.598754  
0.980222  0.420657  0.467679  0.530131  0.577646  0.627049  0.67444  0.725228  0.768459  0.808429  0.852633  0.878968  0.916319  0.941668  0.963585  0.983442  0.992434  0.999543  0.996892  0.993643  0.986135  0.963131  0.948842  0.924411  0.891432  0.844685  0.820861  0.778066  0.731798  0.689634  
0.970222  0.328731  0.374525  0.424716  0.481475  0.530383  0.583023  0.635351  0.686268  0.732623  0.777835  0.818635  0.858928  0.891285  0.924654  0.94967  0.967921  0.979644  0.995449  0.999197  0.999808  0.991818  0.981414  0.964387  0.939807  0.904452  0.885753  0.845301  0.809325  0.7664  
0.960206  0.246946  0.289442  0.341053  0.388421  0.440492  0.49255  0.548292  0.595772  0.647137  0.696055  0.739835  0.786893  0.829481  0.864317  0.901059  0.926008  0.955023  0.973181  0.986645  0.996603  0.994892  0.998649  0.990021  0.977185  0.949521  0.937889  0.909083  0.87701  0.842288  
0.950088  0.166427  0.205856  0.250332  0.298165  0.343877  0.396787  0.448131  0.497085  0.553235  0.602496  0.65527  0.701086  0.750932  0.794968  0.83502  0.867038  0.90719  0.93427  0.957529  0.974843  0.988543  0.99697  0.997767  0.996924  0.991412  0.974759  0.956215  0.932573  0.904063  
0.940159  0.106046  0.137383  0.17548  0.216134  0.254429  0.308327  0.358862  0.408687  0.460943  0.514703  0.566903  0.617281  0.673964  0.711849  0.753454  0.803275  0.845106  0.879973  0.911001  0.938841  0.962859  0.979197  0.981649  0.99826  0.999781  0.995863  0.985537  0.9696  0.95379  
0.930054  0.0518564  0.0785827  0.109391  0.143584  0.183791  0.224405  0.269727  0.316359  0.367824  0.418981  0.465844  0.522771  0.575002  0.623124  0.675691  0.722591  0.767043  0.810904  0.852971  0.88562  0.919605  0.944485  0.966022  0.982748  0.994216  0.999233  0.999666  0.994308  0.981303  
0.920258  0.0183103  0.0367675  0.0583412  0.0835456  0.116827  0.152197  0.19393  0.23426  0.281379  0.327849  0.378101  0.430321  0.481965  0.533173  0.587516  0.638126  0.685093  0.732596  0.781766  0.821879  0.861941  0.893052  0.924392  0.94965  0.974717  0.983572  0.995578  0.999876  0.999455  
0.910065  0.000602935  0.00991115  0.0203674  0.0393017  0.0637341  0.0908217  0.12167  0.15824  0.198521  0.24475  0.293008  0.337794  0.385265  0.441112  0.489288  0.544078  0.593161  0.646508  0.692052  0.744256  0.786925  0.823951  0.869094  0.899665  0.930516  0.953369  0.971972  0.985922  0.995163  
0.900084  0.0037488  0.000157192  0.00219177  0.0101275  0.0268028  0.0436692  0.0695473  0.095376  0.129889  0.165993  0.205695  0.250957  0.297496  0.346058  0.39354  0.448789  0.499268  0.549135  0.60595  0.65547  0.704081  0.751849  0.791701  0.833747  0.867836  0.903987  0.930807  0.956171  0.973711  
0.890177  0.0283156  0.0103008  0.0016304  0.000153105  0.00390141  0.013533  0.016553  0.0487625  0.0762184  0.107305  0.127833  0.179298  0.215122  0.255592  0.308104  0.361079  0.402998  0.459984  0.512064  0.56568  0.617936  0.663903  0.714947  0.759519  0.803379  0.844511  0.878922  0.912447  0.943333  
0.880127  0.0557079  0.035637  0.00439274  0.00748288  0.000992238  0.000499968  0.00234211  0.0158488  0.0326298  0.0543895  0.0804919  0.109434  0.136061  0.183071  0.22279  0.268783  0.317786  0.367351  0.419755  0.469469  0.521064  0.573995  0.627427  0.674648  0.721257  0.767824  0.811875  0.8511  0.886727  
0.870167  0.112875  0.0794223  0.0538951  0.0311359  0.0108199  0.00600038  0.00517105  0.000256168  0.00684901  0.0194376  0.0359019  0.0565722  0.0783175  0.115137  0.154782  0.191192  0.226564  0.27614  0.328271  0.375798  0.429417  0.480923  0.532951  0.585488  0.635866  0.683903  0.725636  0.776491  0.820178  
0.86013  0.181022  0.134455  0.101456  0.0717902  0.0486087  0.027321  0.0123797  0.0033316  0.000230883  0.00198867  0.0101631  0.0210846  0.0387475  0.0631138  0.0812969  0.122581  0.159457  0.199219  0.243739  0.28886  0.337767  0.387276  0.440446  0.490971  0.544005  0.59471  0.651007  0.694704  0.741639  
0.850163  0.247187  0.204664  0.163848  0.126925  0.0935417  0.0665255  0.0426529  0.0237655  0.00710146  0.00260409  3.51984e-06  0.00259209  0.0109972  0.0253508  0.0450753  0.0687975  0.0947373  0.130493  0.166448  0.209102  0.251342  0.298269  0.345014  0.397425  0.448875  0.502248  0.554636  0.6054  0.657607  
0.840121  0.33624  0.286075  0.240395  0.197425  0.155559  0.120205  0.087776  0.0610957  0.03723  0.0207226  0.00871419  0.00147416  3.74095e-05  0.004453  0.0130909  0.0277245  0.0482766  0.0726572  0.0994758  0.136569  0.171839  0.217672  0.259989  0.310073  0.356086  0.407208  0.458484  0.51439  0.564175  
0.830105  0.424251  0.371006  0.331033  0.276042  0.232226  0.188426  0.145856  0.113226  0.0860878  0.0574894  0.037046  0.0228391  0.00644643  0.000393965  0.000678204  0.0048289  0.0148479  0.0311128  0.0484322  0.0759941  0.10724  0.143295  0.184677  0.224586  0.26746  0.31864  0.365417  0.418754  0.463178  
0.82008  0.518477  0.466497  0.415982  0.364895  0.31204  0.267284  0.221596  0.180503  0.132875  0.109609  0.0792967  0.052664  0.032473  0.0141985  0.00455313  0.000318532  0.00264194  0.00777183  0.0134299  0.0362244  0.0575742  0.0825729  0.11399  0.155119  0.186284  0.235351  0.278728  0.324956  0.377438  
0.810086  0.61591  0.561806  0.507814  0.456479  0.403925  0.355765  0.310551  0.25873  0.213672  0.171585  0.135033  0.104415  0.0708199  0.0453192  0.0258393  0.0125447  0.00222678  9.72998e-05  0.0013838  0.00837578  0.0211019  0.0396995  0.0609338  0.0875791  0.124166  0.158534  0.198029  0.243341  0.285824  
0.800081  0.699524  0.652747  0.604545  0.550997  0.498956  0.444393  0.394305  0.34612  0.293057  0.248913  0.20317  0.164626  0.126336  0.0943035  0.0785802  0.0431561  0.0225383  0.0106525  0.00255667  1.17625e-05  0.000702281  0.0107742  0.0232321  0.0437325  0.0657873  0.0948712  0.126062  0.165813  0.209457  
0.790027  0.786643  0.740901  0.692389  0.648443  0.592675  0.54223  0.487823  0.436495  0.385406  0.337258  0.285762  0.240579  0.200013  0.157001  0.119542  0.0920206  0.0663019  0.0389057  0.0219508  0.00963648  0.00207904  2.89661e-06  0.00558776  0.0122927  0.0269533  0.0474937  0.0698215  0.101872  0.13488  
0.780053  0.855665  0.818329  0.777381  0.731435  0.682853  0.633594  0.583324  0.53111  0.478478  0.426388  0.375181  0.325124  0.280095  0.231316  0.187628  0.149721  0.114395  0.0833225  0.0569796  0.0349131  0.0182949  0.00709183  0.000996072  0.000464021  0.00531066  0.01585  0.0312407  0.0522813  0.0781701  
0.769997  0.916969  0.88542  0.849999  0.811864  0.767932  0.72244  0.674296  0.624285  0.572652  0.520784  0.468365  0.416575  0.36635  0.315562  0.268324  0.223437  0.18104  0.142703  0.107916  0.0776064  0.0519028  0.0314409  0.0161385  0.00537867  0.000381887  0.000873023  0.00706349  0.0183698  0.0352705  
0.760007  0.960866  0.938218  0.910585  0.878375  0.842687  0.802194  0.758899  0.712733  0.664298  0.613996  0.562846  0.510258  0.458081  0.406164  0.354915  0.306129  0.258803  0.214367  0.172808  0.135482  0.101478  0.0722117  0.0475524  0.0277703  0.0130359  0.00392492  9.88618e-05  0.00176263  0.00876071  
0.75  0.989073  0.975528  0.956773  0.933012  0.904507  0.871572  0.834565  0.793892  0.749999  0.703368  0.654507  0.603955  0.552264  0.499999  0.447735  0.396044  0.345491  0.296631  0.249999  0.206107  0.165434  0.128427  0.0954909  0.066987  0.0432273  0.0244714  0.0109268  0.002739  2.96571e-10  
0.75  0.989073  0.975528  0.956773  0.933012  0.904507  0.871572  0.834565  0.793892  0.749999  0.703368  0.654507  0.603955  0.552264  0.499999  0.447735  0.396044  0.345491  0.296631  0.249999  0.206107  0.165434  0.128427  0.0954909  0.066987  0.0432273  0.0244714  0.0109268  0.002739  2.96571e-10  
0.75  0.989073  0.975528  0.956773  0.933012  0.904507  0.871572  0.834565  0.793892  0.749999  0.703368  0.654507  0.603955  0.552264  0.499999  0.447735  0.396044  0.345491  0.296631  0.249999  0.206107  0.165434  0.128427  0.0954909  0.066987  0.0432273  0.0244714  0.0109268  0.002739  2.96571e-10  
0.75  0.989073  0.975528  0.956773  0.933012  0.904507  0.871572  0.834565  0.793892  0.749999  0.703368  0.654507  0.603955  0.552264  0.499999  0.447735  0.396044  0.345491  0.296631  0.249999  0.206107  0.165434  0.128427  0.0954909  0.066987  0.0432273  0.0244714  0.0109268  0.002739  2.96571e-10  
0.75  0.989073  0.975528  0.956773  0.933012  0.904507  0.871572  0.834565  0.793892  0.749999  0.703368  0.654507  0.603955  0.552264  0.499999  0.447735  0.396044  0.345491  0.296631  0.249999  0.206107  0.165434  0.128427  0.0954909  0.066987  0.0432273  0.0244714  0.0109268  0.002739  2.96571e-10  
0.75  0.989073  0.975528  0.956773  0.933012  0.904507  0.871572  0.834565  0.793892  0.749999  0.703368  0.654507  0.603955  0.552264  0.499999  0.447735  0.396044  0.345491  0.296631  0.249999  0.206107  0.165434  0.128427  0.0954909  0.066987  0.0432273  0.0244714  0.0109268  0.002739  2.96571e-10  
0.75  0.989073  0.975528  0.956773  0.933012  0.904507  0.871572  0.834565  0.793892  0.749999  0.703368  0.654507  0.603955  0.552264  0.499999  0.447735  0.396044  0.345491  0.296631  0.249999  0.206107  0.165434  0.128427  0.0954909  0.066987  0.0432273  0.0244714  0.0109268  0.002739  2.96571e-10  
0.75  0.989073  0.975528  0.956773  0.933012  0.904507  0.871572  0.834565  0.793892  0.749999  0.703368  0.654507  0.603955  0.552264  0.499999  0.447735  0.396044  0.345491  0.296631  0.249999  0.206107  0.165434  0.128427  0.0954909  0.066987  0.0432273  0.0244714  0.0109268  0.002739  2.96571e-10  
0.75  0.989073  0.975528  0.956773  0.933012  0.904507  0.871572  0.834565  0.793892  0.749999  0.703368  0.654507  0.603955  0.552264  0.499999  0.447735  0.396044  0.345491  0.296631  0.249999  0.206107  0.165434  0.128427  0.0954909  0.066987  0.0432273  0.0244714  0.0109268  0.002739  2.96571e-10  
0.75  0.989073  0.975528  0.956773  0.933012  0.904507  0.871572  0.834565  0.793892  0.749999  0.703368  0.654507  0.603955  0.552264  0.499999  0.447735  0.396044  0.345491  0.296631  0.249999  0.206107  0.165434  0.128427  0.0954909  0.066987  0.0432273  0.0244714  0.0109268  0.002739  2.96571e-10  
0.75  0.989073  0.975528  0.956773  0.933012  0.904507  0.871572  0.834565  0.793892  0.749999  0.703368  0.654507  0.603955  0.552264  0.499999  0.447735  0.396044  0.345491  0.296631  0.249999  0.206107  0.165434  0.128427  0.0954909  0.066987  0.0432273  0.0244714  0.0109268  0.002739  2.96571e-10  
0.75  0.989073  0.975528  0.956773  0.933012  0.904507  0.871572  0.834565  0.793892  0.749999  0.703368  0.654507  0.603955  0.552264  0.499999  0.447735  0.396044  0.345491  0.296631  0.249999  0.206107  0.165434  0.128427  0.0954909  0.066987  0.0432273  0.0244714  0.0109268  0.002739  2.96571e-10  
0.75  0.989073  0.975528  0.956773  0.933012  0.904507  0.871572  0.834565  0.793892  0.749999  0.703368  0.654507  0.603955  0.552264  0.499999  0.447735  0.396044  0.345491  0.296631  0.249999  0.206107  0.165434  0.128427  0.0954909  0.066987  0.0432273  0.0244714  0.0109268  0.002739  2.96571e-10  
0.75  0.989073  0.975528  0.956773  0.933012  0.904507  0.871572  0.834565  0.793892  0.749999  0.703368  0.654507  0.603955  0.552264  0.499999  0.447735  0.396044  0.345491  0.296631  0.249999  0.206107  0.165434  0.128427  0.0954909  0.066987  0.0432273  0.0244714  0.0109268  0.002739  2.96571e-10  
0.75  0.989073  0.975528  0.956773  0.933012  0.904507  0.871572  0.834565  0.793892  0.749999  0.703368  0.654507  0.603955  0.552264  0.499999  0.447735  0.396044  0.345491  0.296631  0.249999  0.206107  0.165434  0.128427  0.0954909  0.066987  0.0432273  0.0244714  0.0109268  0.002739  2.96571e-10  
0.5  0.396044  0.345492  0.296632  0.250002  0.206107  0.165437  0.128428  0.0954923  0.0669861  0.0432275  0.0244718  0.010926  0.00273906  4.57185e-17  0.00273906  0.0109265  0.0244727  0.0432261  0.0669873  0.0954913  0.128428  0.165435  0.206108  0.25  0.296632  0.345491  0.396044  0.447736  0.5  
0.5  0.396044  0.345492  0.296632  0.250002  0.206107  0.165437  0.128428  0.0954923  0.0669861  0.0432275  0.0244718  0.010926  0.00273906  4.57185e-17  0.00273906  0.0109265  0.0244727  0.0432261  0.0669873  0.0954913  0.128428  0.165435  0.206108  0.25  0.296632  0.345491  0.396044  0.447736  0.5  
0.5  0.396044  0.345492  0.296632  0.250002  0.206107  0.165437  0.128428  0.0954923  0.0669861  0.0432275  0.0244718  0.010926  0.00273906  4.57185e-17  0.00273906  0.0109265  0.0244727  0.0432261  0.0669873  0.0954913  0.128428  0.165435  0.206108  0.25  0.296632  0.345491  0.396044  0.447736  0.5  
0.5  0.396044  0.345492  0.296632  0.250002  0.206107  0.165437  0.128428  0.0954923  0.0669861  0.0432275  0.0244718  0.010926  0.00273906  4.57185e-17  0.00273906  0.0109265  0.0244727  0.0432261  0.0669873  0.0954913  0.128428  0.165435  0.206108  0.25  0.296632  0.345491  0.396044  0.447736  0.5  
0.5  0.396044  0.345492  0.296632  0.250002  0.206107  0.165437  0.128428  0.0954923  0.0669861  0.0432275  0.0244718  0.010926  0.00273906  4.57185e-17  0.00273906  0.0109265  0.0244727  0.0432261  0.0669873  0.0954913  0.128428  0.165435  0.206108  0.25  0.296632  0.345491  0.396044  0.447736  0.5  
0.5  0.396044  0.345492  0.296632  0.250002  0.206107  0.165437  0.128428  0.0954923  0.0669861  0.0432275  0.0244718  0.010926  0.00273906  4.57185e-17  0.00273906  0.0109265  0.0244727  0.0432261  0.0669873  0.0954913  0.128428  0.165435  0.206108  0.25  0.296632  0.345491  0.396044  0.447736  0.5  
0.5  0.396044  0.345492  0.296632  0.250002  0.206107  0.165437  0.128428  0.0954923  0.0669861  0.0432275  0.0244718  0.010926  0.00273906  4.57185e-17  0.00273906  0.0109265  0.0244727  0.0432261  0.0669873  0.0954913  0.128428  0.165435  0.206108  0.25  0.296632  0.345491  0.396044  0.447736  0.5  
0.5  0.396044  0.345492  0.296632  0.250002  0.206107  0.165437  0.128428  0.0954923  0.0669861  0.0432275  0.0244718  0.010926  0.00273906  4.57185e-17  0.00273906  0.0109265  0.0244727  0.0432261  0.0669873  0.0954913  0.128428  0.165435  0.206108  0.25  0.296632  0.345491  0.396044  0.447736  0.5  
0.5  0.396044  0.345492  0.296632  0.250002  0.206107  0.165437  0.128428  0.0954923  0.0669861  0.0432275  0.0244718  0.010926  0.00273906  4.57185e-17  0.00273906  0.0109265  0.0244727  0.0432261  0.0669873  0.0954913  0.128428  0.165435  0.206108  0.25  0.296632  0.345491  0.396044  0.447736  0.5  
0.5  0.396044  0.345492  0.296632  0.250002  0.206107  0.165437  0.128428  0.0954923  0.0669861  0.0432275  0.0244718  0.010926  0.00273906  4.57185e-17  0.00273906  0.0109265  0.0244727  0.0432261  0.0669873  0.0954913  0.128428  0.165435  0.206108  0.25  0.296632  0.345491  0.396044  0.447736  0.5  
0.499997  0.396044  0.345539  0.296669  0.250024  0.206109  0.165437  0.128428  0.0954936  0.0669861  0.0432275  0.0244718  0.010926  0.00273946  4.57185e-17  0.00273904  0.0109265  0.0244727  0.0432261  0.0669873  0.0954913  0.128428  0.165435  0.206108  0.25  0.29663  0.345491  0.396044  0.447736  0.499976  
0.489997  0.489491  0.437359  0.38584  0.335692  0.287055  0.241029  0.197754  0.15784  0.121552  0.0895112  0.0618005  0.0390414  0.0213672  0.00873794  0.00173908  2.46605e-10  0.00387451  0.0132267  0.0279023  0.0475874  0.071928  0.101684  0.135402  0.173445  0.214698  0.259499  0.306176  0.355473  0.406222  
0.479997  0.583674  0.531485  0.478693  0.427646  0.375668  0.325935  0.278088  0.232249  0.189354  0.150477  0.11498  0.083366  0.0570531  0.0351425  0.0184351  0.00686879  0.00106629  4.27597e-05  0.00438184  0.0158149  0.0305269  0.0519123  0.0778403  0.108093  0.142453  0.181116  0.2234  0.268356  0.316168  
0.469998  0.672257  0.623675  0.573177  0.520911  0.468171  0.416402  0.365331  0.31552  0.268508  0.22341  0.181615  0.14143  0.109985  0.0779874  0.0519506  0.0301938  0.0155244  0.00527642  1.86624e-05  0.000479787  0.00538885  0.0186232  0.0353707  0.0559617  0.0837109  0.113766  0.149757  0.188037  0.231321  
0.460022  0.75772  0.714294  0.661124  0.614398  0.56275  0.510203  0.458848  0.404481  0.354585  0.30536  0.266092  0.214148  0.171146  0.133943  0.100941  0.0702387  0.0446119  0.0265399  0.0133977  0.00307033  4.20724e-05  0.00166801  0.00424932  0.0198319  0.0402753  0.0621468  0.089986  0.121975  0.156993  
0.45002  0.83689  0.791725  0.751517  0.702509  0.653422  0.603626  0.549865  0.498642  0.446179  0.39455  0.346079  0.293124  0.249881  0.206076  0.164855  0.128112  0.0943237  0.0652633  0.0405372  0.0244836  0.0112796  0.00282827  6.05875e-05  0.00213118  0.00925574  0.0258713  0.0420711  0.0676514  0.101688  
0.440033  0.898771  0.863488  0.824633  0.784087  0.738212  0.695186  0.644842  0.596114  0.543126  0.488458  0.432776  0.385503  0.333345  0.286592  0.241414  0.197679  0.160616  0.122428  0.086548  0.0616078  0.038016  0.0200381  0.00403224  0.00150382  0.00614887  0.00127108  0.0127371  0.0275854  0.0463692  
0.430054  0.948426  0.92236  0.89562  0.85726  0.814986  0.777029  0.731337  0.684228  0.63376  0.584017  0.530441  0.480158  0.42637  0.375111  0.321259  0.276612  0.232881  0.188023  0.148957  0.114007  0.0821445  0.0566886  0.0345027  0.0188699  0.0074659  0.000768295  0.00060781  0.0054024  0.0118335  
0.420028  0.982005  0.964939  0.943278  0.91734  0.887994  0.85057  0.809405  0.768167  0.717691  0.675873  0.622569  0.573157  0.5199  0.466915  0.418069  0.36381  0.315023  0.268075  0.223203  0.181746  0.144382  0.108107  0.0788795  0.0524017  0.0228297  0.0163079  0.00359175  0.000432676  0.00571313  
0.410044  0.998422  0.99166  0.9794  0.960986  0.936753  0.910894  0.877135  0.842126  0.800954  0.756644  0.709214  0.662915  0.615209  0.561953  0.5044  0.456501  0.404714  0.350515  0.308741  0.258331  0.202886  0.172278  0.133634  0.101128  0.0754329  0.0483363  0.0263616  0.0133747  0.00419225  
0.400003  0.996753  0.999971  0.997242  0.989796  0.974314  0.957331  0.932127  0.904761  0.86592  0.835647  0.795144  0.751709  0.701305  0.654954  0.603466  0.549881  0.500331  0.448622  0.399531  0.345222  0.296251  0.248373  0.205746  0.165096  0.129146  0.0951642  0.067052  0.0430028  0.0252014  
0.389996  0.980212  0.991821  0.999164  0.999951  0.9963  0.986482  0.969277  0.952099  0.929228  0.897649  0.866464  0.827042  0.785757  0.741515  0.695038  0.646839  0.59547  0.542297  0.489348  0.441417  0.386173  0.338217  0.288555  0.239073  0.198421  0.157383  0.122338  0.0926086  0.0624449  
0.380006  0.942545  0.965205  0.982325  0.993229  0.999088  0.999712  0.994433  0.98405  0.967352  0.948651  0.923858  0.89111  0.857173  0.815591  0.773207  0.731152  0.685305  0.633665  0.583709  0.53319  0.483992  0.428602  0.37318  0.326372  0.273989  0.232257  0.189599  0.15048  0.113227  
0.369997  0.891767  0.922331  0.947657  0.968309  0.982979  0.995119  0.999628  0.998977  0.995186  0.981451  0.964451  0.942211  0.915668  0.885252  0.849268  0.811665  0.769049  0.722529  0.674628  0.625987  0.57035  0.520062  0.46814  0.418894  0.36359  0.316523  0.269347  0.224996  0.180865  
0.359984  0.82755  0.863108  0.898237  0.929075  0.951756  0.97269  0.98602  0.998526  0.999944  0.999013  0.991118  0.976937  0.957808  0.93759  0.911759  0.878166  0.841957  0.801285  0.758679  0.714195  0.666484  0.612062  0.56408  0.510561  0.459484  0.40505  0.355847  0.30541  0.259296  
0.349937  0.748314  0.795266  0.83287  0.871778  0.903293  0.932676  0.956344  0.975256  0.989388  0.997399  1  0.998528  0.989511  0.975415  0.956405  0.933831  0.906928  0.871543  0.834623  0.794074  0.750748  0.69947  0.655489  0.603596  0.551102  0.499831  0.448384  0.39647  0.346267  
0.339904  0.663021  0.715374  0.756654  0.803207  0.841929  0.879246  0.907585  0.934711  0.960575  0.977833  0.991151  0.999902  0.999988  0.996938  0.9868  0.97952  0.953645  0.928985  0.897667  0.864917  0.828135  0.778394  0.739958  0.69506  0.643713  0.593872  0.541765  0.492744  0.439171  
0.329902  0.571992  0.628319  0.673384  0.72311  0.768907  0.811419  0.850077  0.882647  0.917517  0.943059  0.964336  0.979947  0.993848  0.999844  0.998853  0.998241  0.984001  0.967621  0.946699  0.921542  0.890289  0.858096  0.821426  0.77679  0.729364  0.685094  0.633651  0.579642  0.5291  
0.319917  0.480368  0.528239  0.581636  0.635483  0.687035  0.734046  0.776654  0.816107  0.856506  0.892092  0.922065  0.949408  0.968588  0.983427  0.996178  0.999917  0.999157  0.996046  0.982182  0.965107  0.9429  0.912931  0.884561  0.850744  0.810081  0.765922  0.720484  0.674999  0.623152  
0.309968  0.386249  0.434811  0.482778  0.542414  0.593503  0.642276  0.69448  0.738048  0.784663  0.825917  0.86268  0.89754  0.927185  0.948393  0.97516  0.989862  0.995828  0.997418  0.998752  0.992433  0.98422  0.963493  0.934047  0.912329  0.879757  0.838418  0.801384  0.760506  0.713915  
0.299956  0.296591  0.343167  0.396743  0.446926  0.500516  0.551872  0.604136  0.650808  0.703021  0.748319  0.796984  0.834752  0.868185  0.904486  0.934789  0.954843  0.975205  0.989302  0.998255  0.999848  0.997505  0.98925  0.97639  0.9538  0.931544  0.90245  0.871572  0.835093  0.795997  
0.289976  0.211979  0.259716  0.302152  0.35292  0.403965  0.456013  0.507935  0.557651  0.614569  0.660689  0.709353  0.756364  0.798887  0.840337  0.876702  0.906572  0.940498  0.959343  0.977548  0.99002  0.998215  0.999917  0.996377  0.987096  0.972821  0.950954  0.928964  0.89969  0.865891  
0.279985  0.142739  0.181015  0.222882  0.267967  0.315866  0.36602  0.416513  0.468198  0.521223  0.573523  0.625381  0.675913  0.722217  0.766193  0.810119  0.849509  0.884737  0.916131  0.942837  0.964628  0.981934  0.992916  0.999343  0.999969  0.995045  0.984606  0.968729  0.948276  0.9217  
0.269998  0.0833988  0.114656  0.15018  0.18928  0.231996  0.278119  0.325637  0.375563  0.427013  0.478909  0.531329  0.583745  0.634378  0.684101  0.731614  0.776585  0.818645  0.856983  0.891889  0.922117  0.947818  0.968964  0.98433  0.994746  0.99956  0.999032  0.993158  0.981672  0.965228  
0.25998  0.0389956  0.0628278  0.0892886  0.121157  0.157494  0.197566  0.240794  0.286946  0.335389  0.385543  0.437226  0.489343  0.541632  0.593417  0.644353  0.693607  0.740717  0.785442  0.826583  0.864193  0.898095  0.927562  0.952337  0.971896  0.986711  0.996117  0.999895  0.999198  0.991172  
0.250001  0.0109135  0.024474  0.043251  0.0670021  0.0954976  0.128408  0.165436  0.206113  0.250014  0.296641  0.345506  0.396045  0.447764  0.500001  0.552267  0.60397  0.654582  0.703377  0.750001  0.793876  0.834575  0.871551  0.904515  0.933012  0.95678  0.975523  0.98907  0.997264  1  
0.250001  0.0109135  0.024474  0.043251  0.0670021  0.0954976  0.128408  0.165436  0.206113  0.250014  0.296641  0.345506  0.396045  0.447764  0.500001  0.552267  0.60397  0.654582  0.703377  0.750001  0.793876  0.834575  0.871551  0.904515  0.933012  0.95678  0.975523  0.98907  0.997264  1  
0.250001  0.0109135  0.024474  0.043251  0.0670021  0.0954976  0.128408  0.165436  0.206113  0.250014  0.296641  0.345506  0.396045  0.447764  0.500001  0.552267  0.60397  0.654582  0.703377  0.750001  0.793876  0.834575  0.871551  0.904515  0.933012  0.95678  0.975523  0.98907  0.997264  1  
0.250001  0.0109135  0.024474  0.043251  0.0670021  0.0954976  0.128408  0.165436  0.206113  0.250014  0.296641  0.345506  0.396045  0.447764  0.500001  0.552267  0.60397  0.654582  0.703377  0.750001  0.793876  0.834575  0.871551  0.904515  0.933012  0.95678  0.975523  0.98907  0.997264  1  
0.250001  0.0109135  0.024474  0.043251  0.0670021  0.0954976  0.128408  0.165436  0.206113  0.250014  0.296641  0.345506  0.396045  0.447764  0.500001  0.552267  0.60397  0.654582  0.703377  0.750001  0.793876  0.834575  0.871551  0.904515  0.933012  0.95678  0.975523  0.98907  0.997264  1  
4.91451e-17  0.603956  0.654508  0.703368  0.75  0.793893  0.834565  0.871572  0.904506  0.933013  0.956771  0.975528  0.989073  0.997261  1  0.997261  0.989074  0.975529  0.956773  0.933013  0.904508  0.871572  0.834565  0.793893  0.75  0.703368  0.654508  0.603956  0.552265  0.5  
4.91451e-17  0.603956  0.654508  0.703368  0.75  0.793893  0.834565  0.871572  0.904506  0.933013  0.956771  0.975528  0.989073  0.997261  1  0.997261  0.989074  0.975529  0.956773  0.933013  0.904508  0.871572  0.834565  0.793893  0.75  0.703368  0.654508  0.603956  0.552265  0.5  
4.91451e-17  0.603956  0.654508  0.703368  0.75  0.793893  0.834565  0.871572  0.904506  0.933013  0.956771  0.975528  0.989073  0.997261  1  0.997261  0.989074  0.975529  0.956773  0.933013  0.904508  0.871572  0.834565  0.793893  0.75  0.703368  0.654508  0.603956  0.552265  0.5  
4.91451e-17  0.603956  0.654508  0.703368  0.75  0.793893  0.834565  0.871572  0.904506  0.933013  0.956771  0.975528  0.989073  0.997261  1  0.997261  0.989074  0.975529  0.956773  0.933013  0.904508  0.871572  0.834565  0.793893  0.75  0.703368  0.654508  0.603956  0.552265  0.5  
4.91451e-17  0.603956  0.654508  0.703368  0.75  0.793893  0.834565  0.871572  0.904506  0.933013  0.956771  0.975528  0.989073  0.997261  1  0.997261  0.989074  0.975529  0.956773  0.933013  0.904508  0.871572  0.834565  0.793893  0.75  0.703368  0.654508  0.603956  0.552265  0.5  
4.91451e-17  0.603956  0.654508  0.703368  0.75  0.793893  0.834565  0.871572  0.904506  0.933013  0.956771  0.975528  0.989073  0.997261  1  0.997261  0.989074  0.975529  0.956773  0.933013  0.904508  0.871572  0.834565  0.793893  0.75  0.703368  0.654508  0.603956  0.552265  0.5  
4.91451e-17  0.603956  0.654508  0.703368  0.75  0.793893  0.834565  0.871572  0.904506  0.933013  0.956771  0.975528  0.989073  0.997261  1  0.997261  0.989074  0.975529  0.956773  0.933013  0.904508  0.871572  0.834565  0.793893  0.75  0.703368  0.654508  0.603956  0.552265  0.5  
4.91451e-17  0.603956  0.654508  0.703368  0.75  0.793893  0.834565  0.871572  0.904506  0.933013  0.956771  0.975528  0.989073  0.997261  1  0.997261  0.989074  0.975529  0.956773  0.933013  0.904508  0.871572  0.834565  0.793893  0.75  0.703368  0.654508  0.603956  0.552265  0.5  
4.91451e-17  0.603956  0.654508  0.703368  0.75  0.793893  0.834565  0.871572  0.904506  0.933013  0.956771  0.975528  0.989073  0.997261  1  0.997261  0.989074  0.975529  0.956773  0.933013  0.904508  0.871572  0.834565  0.793893  0.75  0.703368  0.654508  0.603956  0.552265  0.5  
4.91451e-17  0.603956  0.654508  0.703368  0.75  0.793893  0.834565  0.871572  0.904506  0.933013  0.956771  0.975528  0.989073  0.997261  1  0.997261  0.989074  0.975529  0.956773  0.933013  0.904508  0.871572  0.834565  0.793893  0.75  0.703368  0.654508  0.603956  0.552265  0.5  
4.91451e-17  0.603956  0.654508  0.703368  0.75  0.793893  0.834565  0.871572  0.904506  0.933013  0.956771  0.975528  0.989073  0.997261  1  0.997261  0.989074  0.975529  0.956773  0.933013  0.904508  0.871572  0.834565  0.793893  0.75  0.703368  0.654508  0.603956  0.552265  0.5  
4.91451e-17  0.603956  0.654508  0.703368  0.75  0.793893  0.834565  0.871572  0.904506  0.933013  0.956771  0.975528  0.989073  0.997261  1  0.997261  0.989074  0.975529  0.956773  0.933013  0.904508  0.871572  0.834565  0.793893  0.75  0.703368  0.654508  0.603956  0.552265  0.5  
4.91451e-17  0.603956  0.654508  0.703368  0.75  0.793893  0.834565  0.871572  0.904506  0.933013  0.956771  0.975528  0.989073  0.997261  1  0.997261  0.989074  0.975529  0.956773  0.933013  0.904508  0.871572  0.834565  0.793893  0.75  0.703368  0.654508  0.603956  0.552265  0.5  
4.91451e-17  0.603956  0.654508  0.703368  0.75  0.793893  0.834565  0.871572  0.904506  0.933013  0.956771  0.975528  0.989073  0.997261  1  0.997261  0.989074  0.975529  0.956773  0.933013  0.904508  0.871572  0.834565  0.793893  0.75  0.703368  0.654508  0.603956  0.552265  0.5  
4.91451e-17  0.603956  0.654508  0.703368  0.75  0.793893  0.834565  0.871572  0.904506  0.933013  0.956771  0.975528  0.989073  0.997261  1  0.997261  0.989074  0.975529  0.956773  0.933013  0.904508  0.871572  0.834565  0.793893  0.75  0.703368  0.654508  0.603956  0.552265  0.5  
4.91451e-17  0.603956  0.654508  0.703368  0.75  0.793893  0.834565  0.871572  0.904506  0.933013  0.956771  0.975528  0.989073  0.997261  1  0.997261  0.989074  0.975529  0.956773  0.933013  0.904508  0.871572  0.834565  0.793893  0.75  0.703368  0.654508  0.603956  0.552265  0.5  
4.91451e-17  0.603956  0.654508  0.703368  0.75  0.793893  0.834565  0.871572  0.904506  0.933013  0.956771  0.975528  0.989073  0.997261  1  0.997261  0.989074  0.975529  0.956773  0.933013  0.904508  0.871572  0.834565  0.793893  0.75  0.703368  0.654508  0.603956  0.552265  0.5  
4.91451e-17  0.603956  0.654508  0.703368  0.75  0.793893  0.834565  0.871572  0.904506  0.933013  0.956771  0.975528  0.989073  0.997261  1  0.997261  0.989074  0.975529  0.956773  0.933013  0.904508  0.871572  0.834565  0.793893  0.75  0.703368  0.654508  0.603956  0.552265  0.5  
4.91451e-17  0.603956  0.654508  0.703368  0.75  0.793893  0.834565  0.871572  0.904506  0.933013  0.956771  0.975528  0.989073  0.997261  1  0.997261  0.989074  0.975529  0.956773  0.933013  0.904508  0.871572  0.834565  0.793893  0.75  0.703368  0.654508  0.603956  0.552265  0.5  
4.91451e-17  0.603956  0.654508  0.703368  0.75  0.793893  0.834565  0.871572  0.904506  0.933013  0.956771  0.975528  0.989073  0.997261  1  0.997261  0.989074  0.975529  0.956773  0.933013  0.904508  0.871572  0.834565  0.793893  0.75  0.703368  0.654508  0.603956  0.552265  0.5  
