99.0937270272244
103.70728644425 
103.727188032241
102.563599843541
103.433601748059
102.053979403877
105.73379019852 
102.721787758898
103.314478788477
101.173168357251
101.52721911366 
104.436172597756
103.557576517456
101.537031400941
101.69419152331 
103.144619882573
103.101922495307
103.637566710943
104.537637952554
101.583330365697
105.863247976134
102.446553047195
99.0574055688188
103.974730210017
102.270639990562
101.870813502211
104.628740668137
103.781015154321
101.988639210628
104.063889031924
