0.857832  0.70896  2.86604e-15  1.01067e-16  8.41633e-17  7.01013e-19  1.92303e-14  1.20138e-15  5.66243e-15  3.95207e-15  5.69872e-14  6.48124e-14  2.0222e-13  3.74966e-15  6.45976e-14  5.37307e-14  2.25196e-14  7.35194e-15  1.2682e-15  1.4734e-14  3.35732e-14  1.03925e-15  
0.857813  0.70896  5.70695e-15  1.01067e-16  8.44135e-17  2.0888e-19  1.92457e-14  6.8962e-16  5.66611e-15  3.94117e-15  5.69872e-14  5.29472e-14  3.35795e-13  3.74583e-15  1.35259e-14  5.37307e-14  4.08316e-14  7.33848e-15  3.83453e-16  1.47267e-14  2.00271e-14  1.04255e-15  
0.859274  0.774811  8.32668e-16  8.84032e-15  1.36223e-16  4.31955e-16  3.81361e-18  5.61245e-19  3.10753e-16  4.98987e-15  9.51631e-15  3.39335e-18  6.29229e-14  1.62277e-18  9.67334e-20  1.7174e-38  2.25866e-14  0  4.04513e-14  2.00846e-14  1.97821e-14  2.10233e-19  
0.859401  0.251411  1.43169e-17  9.15287e-17  2.72482e-18  1.85509e-16  1.79499e-20  1.04848e-19  1.23823e-17  8.54248e-18  4.14272e-18  6.14552e-19  4.61794e-20  1.16785e-17  1.29672e-17  6.12399e-18  9.58682e-18  9.04037e-18  3.55975e-18  7.84125e-18  1.0159e-19  2.59848e-17  
0.858839  0.804163  2.87899e-15  2.2517e-14  2.07972e-14  8.14706e-16  2.51542e-14  2.66839e-15  3.3974e-14  1.58621e-16  6.32487e-14  4.82018e-14  2.12978e-13  9.0116e-14  2.3912e-14  1.36821e-15  2.0518e-14  1.26255e-13  1.23914e-13  1.62981e-14  1.15944e-13  4.2803e-14  
0.858578  0.657091  0  6.99836e-17  2.42715e-16  6.58305e-17  2.00135e-15  3.03406e-15  1.36044e-14  6.24477e-16  1.1214e-15  7.48451e-18  5.475e-14  1.71123e-15  9.77847e-20  1.08884e-14  1.38813e-15  1.01193e-15  1.3323e-20  3.98023e-15  4.48985e-16  1.4165e-15  
0.858742  0.744949  1.27939e-14  6.51359e-14  5.43601e-16  3.70957e-14  3.14799e-14  1.05526e-14  3.40012e-15  2.80505e-14  6.37248e-14  8.09569e-14  2.0883e-13  2.4886e-14  5.22044e-14  2.17508e-13  4.13561e-15  3.03233e-14  1.06794e-13  1.99644e-14  1.3173e-13  1.14243e-13  
0.859401  0.188555  5.67522e-18  8.52556e-17  4.23562e-18  3.27136e-17  1.02864e-17  1.7421e-20  1.97306e-17  1.27983e-18  2.48708e-18  1.84793e-16  7.06453e-18  4.02034e-18  9.96801e-18  1.28378e-18  1.47087e-17  6.99024e-20  6.98681e-18  5.95243e-19  1.0982e-16  2.9282e-17  
0.858832  0.821618  4.56505e-15  3.1345e-14  5.83583e-17  9.64692e-15  1.64853e-14  1.78773e-16  1.21122e-15  4.55183e-14  6.29906e-17  4.34052e-14  2.92131e-13  1.83524e-14  3.18095e-14  1.27734e-15  3.67885e-14  3.34619e-14  6.33846e-14  9.58532e-15  9.2113e-14  1.80298e-14  
0.85911  0.686078  1.92663e-15  1.81716e-17  5.43988e-18  2.56541e-16  8.36142e-21  5.86952e-19  2.46563e-17  8.7257e-19  2.77484e-16  2.45785e-14  7.29667e-15  2.38314e-15  5.75665e-22  6.73907e-19  4.15315e-17  4.73406e-19  2.0976e-14  1.37969e-14  1.55569e-16  2.42055e-17  
0.859201  0.760288  2.25563e-15  1.96652e-14  3.46557e-14  1.3754e-14  3.45118e-15  8.73298e-15  4.76972e-15  4.02502e-14  1.02485e-13  2.87954e-15  1.76875e-13  2.48428e-14  7.89443e-16  8.01179e-14  3.28985e-14  1.18259e-13  1.74901e-14  3.50363e-15  9.91549e-15  7.22309e-14  
0.859401  0.251411  1.23497e-17  3.40451e-17  2.90197e-18  1.41515e-16  3.44986e-20  2.56736e-19  9.97477e-18  2.75105e-18  4.54894e-18  8.49598e-19  6.96243e-20  8.85356e-19  3.28494e-18  7.74006e-18  1.79528e-17  1.26384e-17  3.97833e-21  1.43859e-17  2.39593e-18  3.12064e-17  
0.858975  0.789156  4.19154e-14  1.78767e-14  3.32391e-15  9.76434e-14  4.65915e-17  6.0375e-14  1.28406e-15  1.04253e-14  5.73623e-14  4.57177e-14  1.37569e-14  9.26601e-14  7.29551e-14  3.14197e-14  3.15514e-14  1.92382e-14  6.90782e-14  6.1054e-14  1.18521e-13  2.21432e-14  
0.859401  0.251411  1.11202e-17  6.801e-17  1.65253e-18  2.06942e-16  1.9684e-20  2.55888e-19  9.93418e-18  2.70808e-18  4.88517e-18  2.11768e-19  1.58836e-20  3.27505e-19  5.46138e-18  7.56182e-18  1.79706e-17  4.4907e-18  3.44482e-21  3.2411e-17  7.41691e-17  3.53591e-17  
0.858109  0.728132  1.11237e-17  3.93776e-15  4.04574e-14  2.93183e-15  3.12149e-14  1.41804e-14  2.26514e-14  7.53421e-14  2.1008e-14  9.31871e-16  4.15209e-15  2.11551e-15  4.00968e-17  9.28636e-16  4.60647e-14  7.85741e-14  1.06634e-15  3.83803e-15  8.96817e-15  2.41506e-14  
0.8594  0.100696  1.68547e-17  7.74193e-17  1.11322e-18  1.41289e-16  3.11014e-17  1.46246e-17  1.67932e-17  1.74362e-22  2.53137e-18  8.99174e-17  8.84178e-18  5.274e-19  1.85426e-17  2.62547e-17  1.17131e-17  6.71115e-17  1.40275e-18  5.0437e-18  1.25207e-16  1.70972e-18  
0.858487  0.833079  3.34947e-14  1.36858e-14  7.73645e-14  1.54029e-13  1.10153e-14  7.90481e-14  1.29889e-14  1.50895e-14  4.18185e-15  1.26636e-15  1.14973e-14  4.0812e-16  4.78195e-14  1.34264e-17  2.04811e-14  6.49136e-14  6.80767e-14  3.51239e-14  1.06025e-17  3.72589e-15  
0.858562  0.698094  9.50296e-17  1.86244e-15  1.57765e-14  1.46002e-19  1.49642e-14  1.49398e-15  4.20213e-14  9.68463e-17  3.19791e-17  6.14054e-15  4.14736e-15  5.6879e-17  1.4896e-16  2.84299e-18  3.61927e-16  5.84094e-16  3.987e-15  3.57502e-15  7.90203e-16  9.50974e-17  
0.85818  0.767622  1.86825e-15  5.14218e-16  8.49189e-15  6.84587e-14  1.0765e-13  3.96329e-14  4.58858e-15  3.15152e-14  1.02384e-14  1.63325e-14  5.68388e-15  1.58399e-16  6.41739e-15  2.13097e-16  4.38679e-17  5.15934e-17  1.36275e-13  4.09454e-14  1.00796e-16  1.46263e-14  
0.8594  0.251411  2.20146e-17  3.68781e-20  3.27652e-18  5.01237e-17  2.65159e-19  6.09796e-19  1.00965e-17  2.87997e-18  3.54025e-18  9.40911e-18  1.87572e-19  2.93885e-19  3.40442e-19  8.27478e-18  1.78997e-17  3.70814e-17  5.57885e-21  4.15098e-17  2.13141e-16  1.87485e-17  
0.858855  0.796504  3.77377e-14  3.57548e-14  4.07388e-15  8.78504e-14  5.0923e-14  4.64834e-17  5.58874e-14  1.3906e-14  3.35082e-14  1.53759e-14  6.38564e-14  2.99321e-14  3.93609e-14  1.66811e-13  3.84276e-14  2.92166e-14  5.6662e-15  1.39107e-14  2.01307e-14  3.98553e-14  
0.859348  0.638861  5.72778e-17  2.44253e-18  9.34125e-17  6.70002e-20  2.4637e-17  8.37216e-17  1.49008e-17  8.64769e-21  3.4309e-17  3.48452e-17  9.53262e-17  3.00082e-18  1.36527e-17  9.00942e-16  3.7969e-17  2.14667e-16  3.62895e-18  3.05678e-17  1.3356e-15  3.12291e-18  
0.85841  0.736773  9.68512e-15  2.82992e-14  5.52396e-17  1.02991e-13  3.02236e-15  1.40629e-14  1.34198e-14  8.06666e-14  5.67526e-15  8.81842e-15  4.01721e-14  9.31265e-16  6.88591e-14  7.95132e-14  5.03608e-17  2.64926e-14  1.21809e-14  9.28429e-14  6.94684e-16  2.60664e-14  
0.859374  0.145364  3.46197e-17  4.5369e-16  4.3395e-17  1.33827e-16  2.73369e-17  5.16017e-17  3.85481e-19  4.32063e-17  3.97384e-17  4.10745e-17  2.88125e-17  1.21287e-18  1.24934e-18  1.06635e-16  3.4016e-17  7.1146e-16  3.65459e-17  4.63826e-17  6.54831e-20  4.87959e-19  
0.858758  0.812381  4.80085e-14  1.21992e-16  5.03702e-15  3.20181e-14  4.48196e-14  2.05519e-15  1.07034e-14  1.50344e-17  3.86939e-15  4.57227e-17  1.09487e-14  1.50753e-14  1.07984e-14  7.5683e-15  6.38225e-15  4.91709e-15  5.70033e-14  3.72877e-15  1.36601e-17  1.77961e-14  
0.859108  0.672575  3.00591e-17  1.65424e-15  8.28676e-16  1.60015e-21  1.63936e-16  1.49698e-15  1.76761e-18  1.75459e-18  6.80124e-17  4.39257e-16  2.64935e-16  5.13049e-20  4.24782e-18  4.5e-18  5.63664e-16  2.17396e-16  7.84788e-20  2.74552e-28  1.96264e-16  3.35544e-18  
0.85878  0.75276  3.01822e-14  1.3065e-14  1.74828e-15  3.7044e-14  6.72647e-14  9.9708e-16  3.96324e-15  9.19634e-15  1.2125e-15  8.6941e-15  7.74373e-15  3.62245e-15  2.83045e-14  1.41564e-13  1.47325e-14  1.27873e-15  3.03692e-14  2.47062e-14  4.93678e-16  5.6496e-14  
0.8594  0.235183  2.27215e-17  8.4165e-18  1.66586e-17  1.96567e-21  1.70797e-17  1.16865e-16  3.73937e-19  9.91083e-18  1.22914e-17  1.01386e-19  2.62134e-17  2.82994e-19  2.29203e-19  2.15401e-17  4.39751e-17  1.6807e-16  1.94392e-18  1.26004e-16  1.75296e-18  3.86324e-18  
0.858769  0.781964  3.16981e-15  5.241e-17  5.18352e-16  6.08497e-14  8.36995e-14  7.06374e-16  8.20026e-17  4.67408e-14  1.3236e-14  1.63325e-14  5.67554e-15  4.2543e-15  6.37066e-15  3.69806e-15  2.96858e-17  7.39212e-17  1.13869e-13  3.27733e-15  1.55029e-16  2.46074e-14  
0.8594  0.251411  1.79193e-17  7.94324e-22  3.52805e-17  2.41593e-17  2.00188e-19  6.11492e-19  2.45263e-19  2.02694e-18  2.8678e-18  2.927e-17  1.98196e-17  1.02617e-19  4.18255e-20  8.63126e-18  1.78643e-17  2.64739e-17  4.44996e-21  3.30473e-17  1.54007e-16  1.04433e-17  
0.85913  0.718899  1.67628e-14  8.72406e-16  6.09886e-15  8.00976e-17  1.62428e-15  1.13357e-14  1.25678e-15  5.65658e-16  1.36956e-16  7.20623e-16  2.89605e-14  1.28154e-15  3.19469e-17  4.52658e-15  2.05948e-16  1.25019e-14  1.04918e-14  6.05377e-15  5.25814e-16  7.47531e-18  
0.8594  0.0521376  3.49742e-17  1.23609e-16  6.47562e-18  4.41841e-17  1.90255e-17  5.72367e-19  1.45365e-20  6.03912e-18  3.85272e-18  1.79701e-17  2.04781e-17  7.64423e-19  6.14024e-19  5.13967e-17  5.09478e-17  1.96261e-16  1.03774e-17  1.32125e-16  1.30922e-17  9.39465e-19  
0.838457  0.85908  1.56764e-13  8.15975e-15  1.64049e-14  2.25663e-13  8.58529e-15  5.92603e-14  6.41936e-15  3.19622e-14  6.58406e-16  1.31431e-13  5.19796e-14  3.61711e-14  2.78088e-14  1.42962e-13  1.17358e-14  1.25268e-14  2.89027e-14  1.15758e-14  1.12303e-13  1.7554e-16  
0.859168  0.703647  8.03806e-17  3.38184e-19  1.14098e-14  2.57546e-16  1.7783e-18  1.22426e-14  3.11239e-15  1.54367e-14  4.83496e-14  9.28233e-16  4.94534e-14  1.24519e-17  8.35927e-18  1.13704e-16  2.66861e-16  1.46149e-16  2.33442e-14  9.18909e-15  5.55817e-17  2.36514e-14  
0.786906  0.808238  3.68259e-17  1.69443e-21  1.20179e-16  2.90467e-17  1.03205e-19  1.46232e-17  1.70732e-18  3.31031e-17  2.90382e-18  2.1459e-17  2.9163e-17  3.58769e-17  6.68038e-18  1.68656e-18  1.79848e-16  1.68109e-17  2.02493e-17  2.25018e-19  3.20721e-17  2.16117e-17  
0.8594  0.25141  1.35839e-17  0  1.67647e-19  4.20355e-18  1.21409e-24  1.34243e-20  1.2885e-18  2.50966e-19  4.08492e-22  1.12939e-17  1.44735e-17  2.83141e-27  1.40902e-20  1.21886e-17  6.12395e-17  5.73677e-17  1.31453e-20  1.65186e-16  2.60392e-16  8.42009e-18  
0.792258  0.858894  4.82686e-20  3.3274e-14  4.74688e-15  2.19821e-16  1.56143e-14  1.39982e-14  1.48594e-15  2.30066e-14  1.22644e-14  4.43197e-15  3.35945e-14  1.54308e-17  1.64041e-16  5.04175e-14  1.59934e-14  1.18589e-15  1.68765e-14  4.14124e-15  6.10151e-17  7.0849e-14  
0.858352  0.648385  1.44893e-19  2.77518e-17  2.61555e-15  1.87329e-15  4.51545e-16  1.17873e-14  2.24536e-18  1.21197e-20  1.71504e-16  7.47315e-19  5.17461e-16  2.61911e-16  5.83551e-20  3.85898e-19  8.5351e-18  2.38338e-17  1.9754e-20  2.44715e-15  7.09828e-16  1.49074e-16  
0.7853  0.769095  4.27835e-17  2.00322e-22  5.08621e-19  5.38302e-19  3.73531e-17  3.93303e-17  1.07522e-18  9.06028e-23  4.25422e-19  2.00638e-17  2.43293e-17  4.15496e-19  4.96318e-18  4.64316e-16  8.20152e-17  4.08551e-17  3.15175e-20  1.24734e-16  3.32178e-16  1.04253e-20  
0.8594  0.166915  3.22447e-17  9.28467e-17  6.92453e-18  3.56619e-17  1.99309e-17  6.30533e-19  3.1134e-19  1.32867e-17  1.41216e-17  2.71576e-17  1.63219e-17  2.7151e-19  7.23645e-19  2.57553e-17  4.62638e-17  1.35777e-16  1.64457e-17  1.15796e-16  2.11646e-17  3.07728e-18  
0.805814  0.858879  8.60319e-18  4.43217e-15  1.97917e-14  1.18338e-13  5.18682e-14  3.82057e-15  4.66224e-14  1.0642e-14  2.06447e-14  1.11107e-13  4.48131e-14  3.72477e-15  2.73388e-14  4.09323e-14  1.33219e-14  2.10117e-13  1.36341e-15  2.37982e-15  5.75004e-16  1.58954e-13  
0.8594  0.679539  5.7771e-17  1.18147e-19  3.43856e-19  6.47776e-21  4.08338e-17  7.54155e-19  1.42267e-17  7.58458e-19  4.33761e-17  5.90592e-18  2.92299e-19  2.05889e-22  2.34095e-16  3.48857e-19  8.17568e-17  2.94087e-17  5.37859e-20  3.91214e-17  3.77804e-17  3.74736e-18  
0.744541  0.857614  1.59825e-14  4.06646e-15  1.26093e-14  3.60287e-14  5.48242e-15  1.17363e-16  3.29082e-14  2.15828e-15  7.24366e-15  4.92045e-17  2.12763e-17  1.52546e-14  3.97863e-15  6.19268e-15  6.46105e-16  1.79158e-17  1.55964e-15  1.91198e-14  1.19108e-14  6.10725e-15  
0.827529  0.251371  2.96095e-17  6.94742e-18  8.03586e-17  1.85041e-17  2.28462e-16  1.4563e-17  1.62587e-21  2.13664e-17  4.13925e-17  2.82348e-18  1.80258e-19  1.66272e-17  1.47376e-17  4.70255e-18  1.10146e-16  5.77582e-20  3.37857e-20  3.07815e-18  3.18464e-16  1.68526e-17  
0.766553  0.859181  1.40949e-13  1.35913e-15  1.35204e-14  1.18374e-13  2.19135e-14  7.02581e-14  4.17826e-14  3.45622e-15  1.9139e-19  3.19861e-14  2.80739e-14  1.54417e-14  1.80966e-14  6.62696e-14  1.07808e-13  7.47783e-14  7.38638e-15  2.02014e-14  4.77821e-14  5.55317e-14  
0.8594  0.25141  1.41945e-17  1.95588e-20  1.67647e-19  4.20355e-18  3.49056e-17  5.9216e-21  2.15641e-19  2.44923e-19  4.08492e-22  1.12939e-17  1.44735e-17  2.39708e-27  5.33098e-18  1.21504e-17  6.37885e-17  4.6866e-17  2.05313e-20  1.65186e-16  3.02286e-16  1.6202e-17  
0.717476  0.827052  1.42141e-16  8.54002e-17  2.21754e-19  1.18674e-18  7.66721e-17  7.58942e-20  3.55712e-17  2.47183e-20  8.02556e-23  9.36313e-19  6.8608e-17  1.27427e-16  2.11558e-18  1.81046e-19  3.08549e-17  4.18749e-19  9.96379e-18  7.24741e-17  9.62864e-17  3.19353e-17  
0.803699  0.0821394  0  2.36233e-16  2.34319e-16  9.00098e-17  1.92976e-18  5.45644e-16  2.33525e-17  2.75595e-18  3.79546e-17  2.5395e-16  4.8197e-17  1.72201e-18  1.51191e-17  7.76504e-17  5.3441e-17  1.9319e-16  4.94513e-18  3.35272e-17  1.62922e-17  6.6244e-17  
0.811865  0.859067  8.63499e-14  2.74103e-16  3.21272e-14  3.01307e-13  3.80451e-14  1.28456e-13  2.22836e-14  2.65817e-14  6.58406e-16  1.0874e-13  7.98397e-14  7.64282e-14  4.49269e-14  1.42961e-13  1.17358e-14  5.3362e-14  8.02035e-16  2.35626e-15  8.98221e-14  3.25941e-14  
0.723075  0.7645  1.32736e-18  2.76129e-17  3.74465e-17  1.90428e-15  3.17222e-17  6.77537e-18  1.17563e-22  3.41025e-14  3.44761e-19  2.48542e-14  1.12083e-14  3.27952e-15  1.55118e-15  6.55813e-15  2.78927e-16  1.14077e-15  1.56115e-19  1.42771e-15  7.95769e-16  5.5466e-17  
0.733728  0.857889  3.09528e-14  1.0964e-13  1.69886e-14  1.17463e-13  1.86666e-15  2.37168e-14  7.84015e-14  4.98598e-16  1.176e-14  3.38883e-14  1.53176e-14  3.40533e-14  3.64025e-14  5.32624e-14  2.18065e-14  1.65648e-14  5.56907e-14  2.21068e-14  9.22334e-16  1.57216e-14  
0.772486  0.249282  2.94543e-16  4.93829e-14  2.50227e-16  6.65266e-18  1.26747e-15  5.0944e-17  7.20775e-16  7.68205e-17  5.97034e-17  1.61083e-16  2.85882e-15  4.40556e-17  1.00755e-15  2.46941e-17  1.80016e-14  3.95229e-15  1.99663e-17  3.18116e-19  2.03173e-17  3.54395e-14  
0.761436  0.858366  6.85977e-14  1.31593e-13  3.90316e-14  1.4252e-13  3.24388e-15  6.0335e-14  8.85565e-15  8.99708e-15  3.33985e-19  1.47567e-14  2.60667e-14  1.16705e-14  7.11503e-15  8.27877e-14  1.05633e-13  2.94682e-14  5.56705e-15  1.13638e-14  5.81602e-14  7.54535e-16  
0.760079  0.667537  1.83284e-18  5.1632e-22  1.91417e-17  1.67345e-17  4.3988e-18  3.39548e-18  1.05564e-18  1.12854e-17  1.60659e-17  1.30206e-17  0  5.27989e-19  3.20229e-17  3.30427e-17  8.34504e-17  7.89406e-17  1.23004e-21  8.34442e-15  2.00427e-16  1.27758e-14  
0.695242  0.857804  5.86002e-16  4.05212e-14  1.11489e-14  1.31643e-13  4.17315e-14  3.95792e-16  1.67075e-14  4.81497e-15  4.77555e-18  1.00891e-16  1.53748e-17  1.7259e-14  9.10839e-15  1.38797e-13  1.13021e-13  2.20424e-16  5.19848e-18  9.96652e-15  1.43161e-15  3.56505e-14  
0.728722  0.163409  2.48117e-17  4.83254e-17  7.11261e-18  1.74122e-17  4.98806e-18  2.17713e-16  1.62081e-17  7.16869e-18  1.66709e-17  3.91006e-18  0  1.20666e-17  7.35714e-18  5.3897e-18  1.01142e-17  2.28489e-17  3.17526e-17  5.9846e-18  3.16844e-19  7.59708e-17  
0.775865  0.858764  1.29409e-16  1.80742e-14  8.28059e-15  2.98874e-14  5.1995e-14  1.84257e-19  2.6695e-15  8.27816e-15  5.65805e-15  6.57155e-14  1.73318e-15  6.71545e-14  3.57445e-15  5.71129e-15  2.18266e-14  6.6937e-15  4.07878e-15  2.59067e-19  2.97119e-15  1.00949e-13  
0.659465  0.793766  2.3414e-17  2.38625e-17  1.66125e-17  2.18758e-17  1.32926e-17  3.97391e-17  1.31188e-17  4.50452e-17  5.0714e-17  2.72298e-17  7.3594e-17  1.1627e-17  1.44674e-17  3.36015e-17  1.81768e-17  3.06221e-22  1.07679e-19  7.06899e-17  5.32192e-17  1.38683e-16  
0.696924  0.859165  2.03091e-15  3.89355e-14  3.51995e-14  2.70735e-13  2.2327e-16  0  8.02398e-14  1.09866e-15  2.63756e-15  1.31876e-14  3.36611e-16  1.66642e-14  4.00671e-14  3.30852e-15  7.50305e-16  1.40199e-14  1.92001e-14  9.81417e-15  4.56703e-15  9.33932e-16  
0.704835  0.247772  2.05857e-17  2.01557e-17  1.16656e-37  1.42754e-18  5.81204e-17  3.33357e-20  2.45005e-17  4.01484e-17  9.9547e-30  4.91502e-16  5.35721e-18  5.26214e-22  3.62648e-21  4.07524e-19  2.81397e-16  1.17154e-16  3.86165e-17  4.63784e-17  1.21444e-16  8.31906e-18  
0.725649  0.858377  3.02564e-16  5.1245e-14  5.54961e-14  1.66589e-13  1.46301e-16  6.83416e-15  3.57653e-14  2.51972e-14  4.16121e-15  1.58908e-15  3.45536e-14  2.75258e-14  2.3516e-15  1.03139e-15  3.74169e-14  3.43892e-14  1.02567e-15  4.47965e-15  2.80999e-14  9.52394e-15  
0.699687  0.662897  1.58469e-17  2.5663e-17  1.80308e-17  1.81211e-17  1.06365e-17  3.6238e-18  5.98245e-18  1.77901e-16  1.31047e-16  2.38892e-16  1.01473e-16  2.28939e-17  2.9995e-17  2.01854e-18  3.85035e-17  1.91591e-16  5.28856e-16  3.81575e-18  2.67714e-16  3.47383e-16  
0.647527  0.859252  2.57341e-17  9.76444e-35  4.85443e-15  7.71031e-16  1.4266e-19  3.14035e-16  6.94991e-16  2.7439e-19  1.506e-17  1.16881e-18  1.16211e-17  7.4781e-20  1.67615e-17  1.23501e-17  2.97079e-16  8.73738e-16  3.28717e-19  5.69739e-16  1.69895e-14  4.62222e-17  
0.679017  0.0408251  2.89543e-18  4.16454e-17  3.32252e-17  1.19518e-16  1.77181e-17  1.59011e-21  3.25239e-18  5.21846e-17  2.63353e-17  7.88351e-17  6.89266e-18  1.003e-21  8.1951e-18  1.3317e-20  1.27452e-18  1.64159e-17  9.48667e-19  1.06973e-16  4.07046e-17  1.39192e-17  
0.833479  0.85895  2.73086e-14  3.12094e-13  1.32376e-13  5.73418e-13  3.4102e-14  1.07454e-13  9.74385e-14  2.23506e-17  3.77009e-14  1.18863e-13  1.90224e-13  3.26456e-16  5.79469e-14  7.96143e-14  6.98923e-15  8.39304e-13  1.36311e-16  4.53881e-14  1.48951e-13  1.2558e-13  
0.25141  0.8594  1.24697e-17  2.65284e-17  1.69227e-16  2.45038e-17  2.51679e-20  7.78497e-22  3.50164e-17  4.89724e-18  2.12942e-20  2.51797e-16  1.56649e-18  1.36098e-30  3.59263e-17  3.08208e-18  3.83433e-22  1.11091e-17  1.83773e-19  4.43682e-19  2.3075e-18  3.65435e-17  
0.699446  0.858489  3.63151e-15  9.43624e-14  2.91021e-14  5.84665e-14  4.95117e-15  5.66913e-15  6.24815e-14  4.10265e-15  1.43545e-18  2.9106e-15  1.13088e-15  6.23797e-16  1.47063e-15  1.27387e-14  1.0418e-15  8.56959e-17  4.40193e-15  1.96111e-14  2.5266e-15  7.94803e-14  
0.248579  0.686232  7.75114e-18  1.2774e-14  3.30166e-23  2.563e-14  3.03541e-17  1.17367e-14  5.79833e-17  1.36e-16  1.77435e-16  2.1565e-17  8.70307e-17  1.73056e-22  0  7.37237e-15  2.78381e-14  1.83973e-15  3.70066e-17  6.89975e-16  7.74739e-16  1.15306e-20  
0.742536  0.857911  1.42907e-14  4.92091e-14  2.72948e-13  1.31919e-13  7.19698e-15  4.07765e-14  1.21832e-14  8.02375e-15  6.04341e-16  1.32269e-17  1.91144e-14  5.36164e-15  1.45128e-14  5.33485e-15  2.30078e-14  1.13911e-15  1.56469e-15  1.96692e-14  2.61732e-15  3.29961e-16  
0.251299  0.803324  5.25263e-17  3.61854e-15  1.5601e-17  1.4578e-17  0  4.27729e-18  3.77657e-17  5.69479e-18  5.0341e-19  2.9485e-19  5.08368e-17  3.01084e-17  1.49329e-93  3.02196e-91  4.17844e-18  6.87122e-17  1.70746e-17  3.6801e-17  3.00775e-17  8.68106e-84  
0.63495  0.859284  1.18604e-16  9.89429e-15  1.78018e-16  0  1.89772e-19  1.08782e-19  3.83353e-16  1.77532e-18  2.64884e-20  2.34746e-16  1.23752e-19  5.92423e-18  3.95152e-17  5.17657e-18  4.79889e-21  1.27856e-14  6.70773e-16  6.15826e-16  1.00198e-14  7.51941e-17  
0.251409  0.251409  1.3659e-17  4.11759e-17  8.1365e-18  1.74789e-16  6.31428e-19  0  1.40697e-17  5.75017e-19  1.35785e-17  1.19534e-16  8.08338e-18  1.2789e-17  3.65213e-18  4.66715e-19  1.03535e-16  9.52495e-18  3.12075e-18  4.70299e-17  3.81922e-17  2.44714e-17  
0.767305  0.859113  3.69527e-14  7.49357e-14  1.84715e-16  1.0119e-14  2.47726e-14  3.94209e-14  2.80615e-15  1.49256e-14  1.83807e-15  5.14752e-15  2.00995e-14  3.8137e-14  3.8074e-15  4.21244e-14  1.0423e-13  5.77092e-15  4.45356e-13  2.66946e-14  1.66978e-15  2.24971e-14  
0.25141  0.8594  1.24697e-17  1.30722e-18  1.36003e-16  9.8556e-18  5.16738e-21  1.66888e-21  1.90272e-17  1.31789e-18  1.78183e-20  1.84453e-16  1.56649e-18  5.12055e-20  1.72832e-17  1.04059e-19  3.44707e-22  9.13491e-18  1.67112e-19  2.74197e-19  9.47879e-18  1.48922e-17  
0.634146  0.859258  7.08164e-16  3.14474e-14  2.23316e-15  3.34739e-14  8.18009e-17  2.40697e-16  3.18588e-16  5.04164e-17  6.22909e-19  6.46401e-16  2.17108e-16  9.57562e-15  1.99911e-14  1.816e-15  1.04342e-25  3.03348e-19  1.27486e-15  4.93814e-24  1.25349e-15  3.72725e-15  
0.251409  0.251409  1.42721e-17  4.1192e-17  8.71941e-18  1.79094e-16  3.06438e-19  1.03307e-16  1.28495e-17  3.57437e-19  1.55645e-17  1.18827e-16  2.72617e-18  1.38051e-17  7.39655e-18  6.49985e-19  9.49309e-17  1.91756e-18  3.11234e-18  6.51461e-19  1.89541e-17  3.68729e-17  
0.682809  0.858571  5.33039e-18  8.08226e-14  9.19762e-19  2.80818e-13  5.69548e-16  2.74189e-14  1.96678e-19  1.02935e-15  9.894e-15  6.12704e-14  2.9421e-15  1.65807e-17  4.85032e-16  9.86847e-15  5.12803e-17  1.71376e-14  2.81875e-19  3.56784e-16  6.90402e-14  2.93371e-14  
0.248318  0.746403  3.36171e-15  7.04857e-17  4.65293e-19  2.87769e-14  6.11268e-17  1.03283e-16  3.59438e-23  4.96003e-16  2.62526e-17  3.62601e-18  1.98385e-16  1.86108e-14  1.47492e-16  1.79684e-18  1.1374e-15  2.95282e-23  4.00578e-15  2.16631e-18  1.84179e-16  1.55764e-14  
0.25141  0.8594  1.46925e-17  3.4578e-17  1.52502e-16  2.45038e-17  2.85895e-18  7.78497e-22  3.24235e-17  3.37243e-18  1.78981e-19  2.5061e-16  1.17489e-18  9.66613e-19  2.2579e-17  9.34942e-19  1.47057e-21  6.24452e-17  1.8585e-18  1.66882e-20  2.30646e-18  1.9311e-17  
0.251409  0.153501  4.07571e-18  1.87119e-17  3.89464e-18  1.29259e-16  5.70315e-18  1.30693e-16  7.02711e-18  2.53976e-18  9.82568e-18  9.33106e-19  7.17917e-18  1.89263e-17  7.38819e-19  5.25253e-20  3.18932e-17  1.02381e-16  3.64177e-18  5.56584e-17  1.71993e-16  1.03742e-17  
0.77513  0.858186  1.07506e-15  2.76132e-14  2.5537e-14  2.0413e-15  4.06252e-15  3.40953e-13  7.92359e-16  1.05966e-14  6.38764e-16  1.43995e-14  4.41606e-14  2.96839e-15  7.91477e-17  5.18609e-15  2.80743e-16  1.5546e-13  6.44996e-17  1.47204e-13  2.68172e-14  8.09069e-16  
0.25141  0.8594  1.24697e-17  1.34634e-18  1.36003e-16  9.8556e-18  1.78834e-20  1.66888e-21  1.90272e-17  1.31789e-18  1.78183e-20  1.84453e-16  1.56649e-18  1.2782e-28  2.79287e-17  2.52959e-18  3.44707e-22  9.13491e-18  1.67112e-19  2.74197e-19  9.47879e-18  3.74133e-17  
0.251411  0.859401  3.38502e-17  4.37046e-17  1.55498e-16  3.71592e-17  3.50035e-18  2.75274e-23  2.16634e-17  1.0915e-17  1.19487e-20  7.53247e-17  2.27312e-19  1.23525e-20  2.34009e-17  1.34895e-17  7.36192e-17  2.74439e-17  4.13954e-18  6.24084e-17  1.0568e-18  4.41209e-17  
0.250427  0.648058  7.99624e-18  2.51853e-16  1.2958e-15  5.29322e-16  8.46763e-17  4.53978e-24  2.43931e-18  7.44407e-18  4.15417e-38  1.99574e-16  1.80318e-16  8.09907e-23  8.40755e-23  1.94527e-17  1.62999e-17  1.16897e-16  1.08178e-18  8.23031e-16  2.78043e-16  3.18435e-31  
0.646994  0.858391  1.36697e-14  8.99255e-15  1.93693e-15  4.37573e-15  1.6978e-14  1.99708e-18  2.1093e-15  1.02369e-16  5.4456e-14  1.096e-13  1.16583e-16  5.20484e-17  2.99207e-14  1.06308e-15  3.46695e-15  1.15081e-13  7.41317e-17  5.07473e-15  8.76488e-19  3.49618e-14  
0.196397  0.77939  3.29954e-17  1.2849e-17  1.50674e-17  2.98932e-17  3.10323e-18  5.28628e-17  1.38195e-15  1.12398e-20  1.41191e-15  0  1.69085e-17  5.71976e-17  3.18157e-16  9.28668e-18  1.96091e-17  9.95944e-17  8.61432e-17  2.9131e-17  3.58616e-18  6.45633e-16  
0.239887  0.8594  1.72056e-17  4.67613e-17  1.0024e-16  1.54059e-17  1.0203e-17  4.07321e-18  3.61666e-18  1.07952e-19  3.93023e-18  1.48361e-16  3.12389e-18  3.46839e-18  1.70116e-18  2.88232e-18  8.01768e-18  1.53161e-16  1.36702e-17  2.42207e-17  2.86547e-18  1.02307e-17  
0.202522  0.241346  6.53049e-18  6.52873e-17  2.76282e-17  2.10693e-16  6.73843e-19  3.33524e-24  3.87011e-17  2.58005e-17  6.39689e-17  6.69576e-17  5.57881e-22  7.79524e-18  2.90293e-17  5.34525e-18  2.89427e-17  8.01155e-22  1.0438e-21  3.54267e-17  8.12245e-17  1.85357e-17  
0.666728  0.858425  5.80154e-18  2.32111e-17  8.04741e-16  9.5043e-15  4.94302e-15  1.58546e-14  4.29093e-18  4.08582e-15  4.23189e-14  4.89071e-14  1.1233e-17  1.75813e-17  2.68059e-15  1.06859e-15  5.206e-14  1.35702e-14  2.42753e-17  2.97517e-15  1.33483e-14  2.21967e-15  
0.141112  0.859397  1.40917e-17  7.07494e-20  4.76566e-17  1.32811e-17  1.01039e-16  7.63414e-20  7.02049e-22  2.91797e-19  2.1037e-19  7.18797e-17  4.60577e-18  2.91921e-20  3.30335e-16  5.88627e-17  1.52804e-17  2.10096e-17  6.78733e-17  2.03322e-19  3.24761e-17  2.12652e-16  
0.200373  0.8594  5.14976e-17  2.17477e-16  1.73401e-17  5.90015e-20  2.15654e-17  1.48167e-17  4.91796e-18  6.90641e-17  6.35041e-17  4.78659e-17  7.8178e-17  2.79401e-18  7.43685e-18  9.35491e-19  1.03477e-17  4.67545e-17  2.95868e-17  1.55853e-17  4.76264e-18  1.42093e-17  
0.150786  0.251409  1.28321e-17  1.06653e-17  8.51557e-18  3.87412e-17  2.19633e-19  1.97194e-16  6.3628e-18  1.16751e-17  8.83914e-18  1.16561e-16  3.35477e-17  1.35817e-17  9.33519e-18  1.59519e-18  7.50053e-17  1.39884e-17  1.02455e-17  4.79161e-18  0  4.04247e-17  
0.238383  0.859401  1.98378e-17  2.01004e-17  1.36183e-16  8.79238e-18  5.7307e-17  7.40986e-18  1.55485e-17  3.49322e-17  8.46749e-18  5.47171e-17  1.89528e-18  1.22778e-18  4.09162e-18  4.42572e-18  1.34817e-16  1.04437e-16  3.58894e-18  5.12894e-17  2.43133e-20  3.24895e-17  
0.10037  0.742725  2.03642e-18  1.2555e-16  1.99282e-17  0  5.16459e-21  5.35146e-17  2.98392e-17  4.94408e-17  7.7158e-18  2.45606e-17  5.5331e-18  3.00912e-17  3.1481e-17  4.56978e-18  3.0732e-17  6.73329e-19  3.34652e-17  5.63516e-17  5.2973e-17  6.07407e-17  
0.0997379  0.8594  7.69775e-17  2.01702e-17  8.12163e-18  1.82587e-17  3.11677e-18  6.96811e-18  1.02176e-17  2.23248e-18  6.82641e-19  1.43351e-16  1.02808e-18  2.49934e-17  1.21883e-17  2.07951e-18  2.37791e-17  1.27352e-18  1.77614e-18  8.23926e-19  7.45318e-18  1.90522e-17  
0.0830229  0.0749025  3.67487e-17  1.00297e-16  2.10492e-17  1.68313e-16  2.70613e-18  5.30623e-17  2.66116e-17  1.01933e-17  2.26689e-17  7.71528e-18  9.38343e-19  3.41198e-18  5.86601e-17  3.49118e-17  1.44406e-17  1.192e-17  4.85641e-18  6.48108e-18  7.20636e-17  1.23414e-18  
0.697835  0.858172  2.22218e-14  2.48264e-16  3.45569e-19  1.04825e-15  1.82175e-14  6.81577e-13  2.61861e-18  1.87529e-14  2.12562e-16  2.29666e-14  6.47821e-14  4.84998e-18  1.46007e-14  3.17091e-20  1.20538e-16  3.09602e-13  1.09337e-16  2.14641e-13  4.64611e-14  3.00734e-14  
0.0476327  0.8594  4.97653e-18  6.38671e-19  2.11281e-17  1.76945e-17  6.17794e-18  4.54906e-20  1.11522e-17  1.14434e-18  2.2633e-19  2.76804e-18  3.10911e-18  1.4211e-18  1.43813e-16  3.54644e-17  7.52642e-18  1.36451e-17  9.7521e-18  1.41654e-17  3.43531e-17  3.25949e-16  
0.0594774  0.859401  2.6323e-17  1.10116e-17  5.10764e-17  1.72238e-16  5.35463e-18  1.99711e-18  1.22321e-17  2.64027e-17  6.58666e-17  1.53913e-16  1.239e-19  4.72321e-18  8.31753e-19  2.50028e-18  6.92016e-17  2.20477e-17  3.88163e-18  1.42786e-17  8.80064e-19  3.60244e-17  
0.0156906  0.705643  5.29528e-17  5.67249e-17  2.66852e-17  0  2.98634e-19  1.03033e-16  5.36266e-17  0  1.6498e-17  6.92137e-17  1.41096e-17  3.48595e-17  2.62603e-17  3.60987e-18  4.46315e-17  1.21814e-18  9.84238e-18  3.11188e-17  1.10474e-17  3.67029e-20  
