0.74584  0.750358  0.5  0.5  0.5  0.5  0.5  0.5  0.5  0.5  0.5  0.5  
0.967105  0.967118  0.5  0.5  0.5  0.5  0.5  0.5  0.5  0.5  0.5  0.5  
0.964133  0.974843  0.5  0.5  0.5  0.5  0.5  0.5  0.5  0.5  0.5  0.5  
0.977146  0.96655  0.5  0.5  0.5  0.5  0.5  0.5  0.5  0.5  0.5  0.5  
0.961355  0.980326  0.5  0.5  0.5  0.5  0.5  0.5  0.5  0.5  0.5  0.5  
0.978408  0.973546  0.5  0.5  0.5  0.5  0.5  0.5  0.5  0.5  0.5  0.5  
0.9745  0.979602  0.5  0.5  0.5  0.5  0.5  0.5  0.5  0.5  0.5  0.5  
0.983732  0.965081  0.5  0.5  0.5  0.5  0.5  0.5  0.5  0.5  0.5  0.5  
0.958662  0.985214  0.5  0.5  0.5  0.5  0.5  0.5  0.5  0.5  0.5  0.5  
0.981082  0.978851  0.5  0.5  0.5  0.5  0.5  0.5  0.5  0.5  0.5  0.5  
0.975883  0.983829  0.5  0.5  0.5  0.5  0.5  0.5  0.5  0.5  0.5  0.5  
0.985951  0.972102  0.5  0.5  0.5  0.5  0.5  0.5  0.5  0.5  0.5  0.5  
0.97192  0.986578  0.5  0.5  0.5  0.5  0.5  0.5  0.5  0.5  0.5  0.5  
0.9855  0.978258  0.5  0.5  0.5  0.5  0.5  0.5  0.5  0.5  0.5  0.5  
0.981506  0.984338  0.5  0.5  0.5  0.5  0.5  0.5  0.5  0.5  0.5  0.5  
0.989279  0.963832  0.5  0.5  0.5  0.5  0.5  0.5  0.5  0.5  0.5  0.5  
0.956013  0.989974  0.5  0.5  0.5  0.5  0.5  0.5  0.5  0.5  0.5  0.5  
0.984818  0.984142  0.5  0.5  0.5  0.5  0.5  0.5  0.5  0.5  0.5  0.5  
0.978624  0.988359  0.5  0.5  0.5  0.5  0.5  0.5  0.5  0.5  0.5  0.5  
0.989322  0.977857  0.5  0.5  0.5  0.5  0.5  0.5  0.5  0.5  0.5  0.5  
0.973213  0.990405  0.5  0.5  0.5  0.5  0.5  0.5  0.5  0.5  0.5  0.5  
0.988413  0.983006  0.5  0.5  0.5  0.5  0.5  0.5  0.5  0.5  0.5  0.5  
0.983838  0.988248  0.5  0.5  0.5  0.5  0.5  0.5  0.5  0.5  0.5  0.5  
0.991865  0.971246  0.5  0.5  0.5  0.5  0.5  0.5  0.5  0.5  0.5  0.5  
0.969062  0.992177  0.5  0.5  0.5  0.5  0.5  0.5  0.5  0.5  0.5  0.5  
0.988675  0.986059  0.5  0.5  0.5  0.5  0.5  0.5  0.5  0.5  0.5  0.5  
0.983147  0.990406  0.5  0.5  0.5  0.5  0.5  0.5  0.5  0.5  0.5  0.5  
0.992406  0.977749  0.5  0.5  0.5  0.5  0.5  0.5  0.5  0.5  0.5  0.5  
0.978709  0.992236  0.5  0.5  0.5  0.5  0.5  0.5  0.5  0.5  0.5  0.5  
0.991563  0.984071  0.5  0.5  0.5  0.5  0.5  0.5  0.5  0.5  0.5  0.5  
0.987479  0.989936  0.5  0.5  0.5  0.5  0.5  0.5  0.5  0.5  0.5  0.5  
0.994251  0.963773  0.5  0.5  0.5  0.5  0.5  0.5  0.5  0.5  0.5  0.5  
0.952816  0.994539  0.5  0.5  0.5  0.5  0.5  0.5  0.5  0.5  0.5  0.5  
0.98915  0.990065  0.5  0.5  0.5  0.5  0.5  0.5  0.5  0.5  0.5  0.5  
0.981927  0.99326  0.5  0.5  0.5  0.5  0.5  0.5  0.5  0.5  0.5  0.5  
0.9934  0.984405  0.5  0.5  0.5  0.5  0.5  0.5  0.5  0.5  0.5  0.5  
0.97528  0.994569  0.5  0.5  0.5  0.5  0.5  0.5  0.5  0.5  0.5  0.5  
0.992162  0.988794  0.5  0.5  0.5  0.5  0.5  0.5  0.5  0.5  0.5  0.5  
0.986934  0.992961  0.5  0.5  0.5  0.5  0.5  0.5  0.5  0.5  0.5  0.5  
0.995192  0.978123  0.5  0.5  0.5  0.5  0.5  0.5  0.5  0.5  0.5  0.5  
0.969584  0.995577  0.5  0.5  0.5  0.5  0.5  0.5  0.5  0.5  0.5  0.5  
0.991788  0.991121  0.5  0.5  0.5  0.5  0.5  0.5  0.5  0.5  0.5  0.5  
0.985457  0.994347  0.5  0.5  0.5  0.5  0.5  0.5  0.5  0.5  0.5  0.5  
0.995328  0.983918  0.5  0.5  0.5  0.5  0.5  0.5  0.5  0.5  0.5  0.5  
0.980161  0.995531  0.5  0.5  0.5  0.5  0.5  0.5  0.5  0.5  0.5  0.5  
0.994299  0.989454  0.5  0.5  0.5  0.5  0.5  0.5  0.5  0.5  0.5  0.5  
0.989728  0.993952  0.5  0.5  0.5  0.5  0.5  0.5  0.5  0.5  0.5  0.5  
0.996628  0.972297  0.5  0.5  0.5  0.5  0.5  0.5  0.5  0.5  0.5  0.5  
0.964912  0.99676  0.5  0.5  0.5  0.5  0.5  0.5  0.5  0.5  0.5  0.5  
0.992232  0.993445  0.5  0.5  0.5  0.5  0.5  0.5  0.5  0.5  0.5  0.5  
0.985065  0.995873  0.5  0.5  0.5  0.5  0.5  0.5  0.5  0.5  0.5  0.5  
0.996056  0.987983  0.5  0.5  0.5  0.5  0.5  0.5  0.5  0.5  0.5  0.5  
0.978873  0.996747  0.5  0.5  0.5  0.5  0.5  0.5  0.5  0.5  0.5  0.5  
0.994813  0.992236  0.5  0.5  0.5  0.5  0.5  0.5  0.5  0.5  0.5  0.5  
0.989644  0.99563  0.5  0.5  0.5  0.5  0.5  0.5  0.5  0.5  0.5  0.5  
0.997324  0.980408  0.5  0.5  0.5  0.5  0.5  0.5  0.5  0.5  0.5  0.5  
0.97414  0.997392  0.5  0.5  0.5  0.5  0.5  0.5  0.5  0.5  0.5  0.5  
0.994177  0.994194  0.5  0.5  0.5  0.5  0.5  0.5  0.5  0.5  0.5  0.5  
0.987941  0.996591  0.5  0.5  0.5  0.5  0.5  0.5  0.5  0.5  0.5  0.5  
0.997324  0.987198  0.5  0.5  0.5  0.5  0.5  0.5  0.5  0.5  0.5  0.5  
0.982854  0.997377  0.5  0.5  0.5  0.5  0.5  0.5  0.5  0.5  0.5  0.5  
0.996325  0.992733  0.5  0.5  0.5  0.5  0.5  0.5  0.5  0.5  0.5  0.5  
0.991864  0.996338  0.5  0.5  0.5  0.5  0.5  0.5  0.5  0.5  0.5  0.5  
0.998204  0.967032  0.5  0.5  0.5  0.5  0.5  0.5  0.5  0.5  0.5  0.5  
0.948127  0.998292  0.5  0.5  0.5  0.5  0.5  0.5  0.5  0.5  0.5  0.5  
0.992605  0.996597  0.5  0.5  0.5  0.5  0.5  0.5  0.5  0.5  0.5  0.5  
0.984227  0.997879  0.5  0.5  0.5  0.5  0.5  0.5  0.5  0.5  0.5  0.5  
0.99699  0.993636  0.5  0.5  0.5  0.5  0.5  0.5  0.5  0.5  0.5  0.5  
0.976623  0.99834  0.5  0.5  0.5  0.5  0.5  0.5  0.5  0.5  0.5  0.5  
0.995351  0.996144  0.5  0.5  0.5  0.5  0.5  0.5  0.5  0.5  0.5  0.5  
0.98927  0.997835  0.5  0.5  0.5  0.5  0.5  0.5  0.5  0.5  0.5  0.5  
0.998311  0.989705  0.5  0.5  0.5  0.5  0.5  0.5  0.5  0.5  0.5  0.5  
0.969919  0.998714  0.5  0.5  0.5  0.5  0.5  0.5  0.5  0.5  0.5  0.5  
0.994332  0.997258  0.5  0.5  0.5  0.5  0.5  0.5  0.5  0.5  0.5  0.5  
0.987123  0.998385  0.5  0.5  0.5  0.5  0.5  0.5  0.5  0.5  0.5  0.5  
0.998029  0.994002  0.5  0.5  0.5  0.5  0.5  0.5  0.5  0.5  0.5  0.5  
0.98115  0.998778  0.5  0.5  0.5  0.5  0.5  0.5  0.5  0.5  0.5  0.5  
0.996641  0.996824  0.5  0.5  0.5  0.5  0.5  0.5  0.5  0.5  0.5  0.5  
0.991415  0.998402  0.5  0.5  0.5  0.5  0.5  0.5  0.5  0.5  0.5  0.5  
0.999046  0.986532  0.5  0.5  0.5  0.5  0.5  0.5  0.5  0.5  0.5  0.5  
0.964033  0.999191  0.5  0.5  0.5  0.5  0.5  0.5  0.5  0.5  0.5  0.5  
0.993873  0.998384  0.5  0.5  0.5  0.5  0.5  0.5  0.5  0.5  0.5  0.5  
0.985971  0.999028  0.5  0.5  0.5  0.5  0.5  0.5  0.5  0.5  0.5  0.5  
0.997994  0.99682  0.5  0.5  0.5  0.5  0.5  0.5  0.5  0.5  0.5  0.5  
0.979221  0.999286  0.5  0.5  0.5  0.5  0.5  0.5  0.5  0.5  0.5  0.5  
0.996355  0.998318  0.5  0.5  0.5  0.5  0.5  0.5  0.5  0.5  0.5  0.5  
0.990602  0.999117  0.5  0.5  0.5  0.5  0.5  0.5  0.5  0.5  0.5  0.5  
0.999191  0.994147  0.5  0.5  0.5  0.5  0.5  0.5  0.5  0.5  0.5  0.5  
0.973954  0.999522  0.5  0.5  0.5  0.5  0.5  0.5  0.5  0.5  0.5  0.5  
0.995299  0.999003  0.5  0.5  0.5  0.5  0.5  0.5  0.5  0.5  0.5  0.5  
0.988526  0.999461  0.5  0.5  0.5  0.5  0.5  0.5  0.5  0.5  0.5  0.5  
0.998775  0.997787  0.5  0.5  0.5  0.5  0.5  0.5  0.5  0.5  0.5  0.5  
0.98306  0.999644  0.5  0.5  0.5  0.5  0.5  0.5  0.5  0.5  0.5  0.5  
0.997378  0.999151  0.5  0.5  0.5  0.5  0.5  0.5  0.5  0.5  0.5  0.5  
0.992474  0.999676  0.5  0.5  0.5  0.5  0.5  0.5  0.5  0.5  0.5  0.5  
0.999771  0.992299  0.5  0.5  0.5  0.5  0.5  0.5  0.5  0.5  0.5  0.5  
0.959045  0.999865  0.5  0.5  0.5  0.5  0.5  0.5  0.5  0.5  0.5  0.5  
0.993663  0.999794  0.5  0.5  0.5  0.5  0.5  0.5  0.5  0.5  0.5  0.5  
0.985373  0.999913  0.5  0.5  0.5  0.5  0.5  0.5  0.5  0.5  0.5  0.5  
0.998  0.999915  0.5  0.5  0.5  0.5  0.5  0.5  0.5  0.5  0.5  0.5  
