0.65  0.345492  0.345492  0.345492  0.345492  0.345492  0.345492  0.345492  0.101692  0.345492  0.345492  0.345492  0.345492  0.345492  0.345492  0.345492  0.345492  0.345492  0.589291  0.589291  0.345492  0.345492  0.101692  0.345492  0.345492  0.345492  0.345492  0.345492  0.345492  0.345491  
0.65  0.345492  0.345492  0.345492  0.345492  0.345492  0.345492  0.345492  0.101692  0.345492  0.345492  0.345492  0.345492  0.345492  0.345492  0.345492  0.345492  0.345492  0.589291  0.589291  0.345492  0.345492  0.101692  0.345492  0.345492  0.345492  0.345492  0.345492  0.345492  0.345491  
0.65  0.345492  0.345492  0.345492  0.345492  0.345492  0.345492  0.345492  0.101692  0.345492  0.345492  0.345492  0.345492  0.345492  0.345492  0.345492  0.345492  0.345492  0.589291  0.589291  0.345492  0.345492  0.101692  0.345492  0.345492  0.345492  0.345492  0.345492  0.345492  0.345491  
0.65  0.345492  0.345492  0.345492  0.345492  0.345492  0.345492  0.345492  0.101692  0.345492  0.345492  0.345492  0.345492  0.345492  0.345492  0.345492  0.345492  0.345492  0.589291  0.589291  0.345492  0.345492  0.101692  0.345492  0.345492  0.345492  0.345492  0.345492  0.345492  0.345491  
0.65  0.345492  0.345492  0.345492  0.345492  0.345492  0.345492  0.345492  0.101692  0.345492  0.345492  0.345492  0.345492  0.345492  0.345492  0.345492  0.345492  0.345492  0.589291  0.589291  0.345492  0.345492  0.101692  0.345492  0.345492  0.345492  0.345492  0.345492  0.345492  0.345491  
0.65  0.345492  0.345492  0.345492  0.345492  0.345492  0.345492  0.345492  0.101692  0.345492  0.345492  0.345492  0.345492  0.345492  0.345492  0.345492  0.345492  0.345492  0.589291  0.589291  0.345492  0.345492  0.101692  0.345492  0.345492  0.345492  0.345492  0.345492  0.345492  0.345491  
0.65  0.345492  0.345492  0.345492  0.345492  0.345492  0.345492  0.345492  0.101692  0.345492  0.345492  0.345492  0.345492  0.345492  0.345492  0.345492  0.345492  0.345492  0.589291  0.589291  0.345492  0.345492  0.101692  0.345492  0.345492  0.345492  0.345492  0.345492  0.345492  0.345491  
0.65  0.345492  0.345492  0.345492  0.345492  0.345492  0.345492  0.345492  0.101692  0.345492  0.345492  0.345492  0.345492  0.345492  0.345492  0.345492  0.345492  0.345492  0.589291  0.589291  0.345492  0.345492  0.101692  0.345492  0.345492  0.345492  0.345492  0.345492  0.345492  0.345491  
0.65  0.345492  0.345492  0.345492  0.345492  0.345492  0.345492  0.345492  0.101692  0.345492  0.345492  0.345492  0.345492  0.345492  0.345492  0.345492  0.345492  0.345492  0.589291  0.589291  0.345492  0.345492  0.101692  0.345492  0.345492  0.345492  0.345492  0.345492  0.345492  0.345491  
0.65  0.345492  0.345492  0.345492  0.345492  0.345492  0.345492  0.345492  0.101692  0.345492  0.345492  0.345492  0.345492  0.345492  0.345492  0.345492  0.345492  0.345492  0.589291  0.589291  0.345492  0.345492  0.101692  0.345492  0.345492  0.345492  0.345492  0.345492  0.345492  0.345491  
0.65  0.345492  0.345492  0.345492  0.345492  0.345492  0.345492  0.345492  0.101692  0.345492  0.345492  0.345492  0.345492  0.345492  0.345492  0.345492  0.345492  0.345492  0.589291  0.589291  0.345492  0.345492  0.101692  0.345492  0.345492  0.345492  0.345492  0.345492  0.345492  0.345491  
0.65  0.345492  0.345492  0.345492  0.345492  0.345492  0.345492  0.345492  0.101692  0.345492  0.345492  0.345492  0.345492  0.345492  0.345492  0.345492  0.345492  0.345492  0.589291  0.589291  0.345492  0.345492  0.101692  0.345492  0.345492  0.345492  0.345492  0.345492  0.345492  0.345491  
0.65  0.345492  0.345492  0.345492  0.345492  0.345492  0.345492  0.345492  0.101692  0.345492  0.345492  0.345492  0.345492  0.345492  0.345492  0.345492  0.345492  0.345492  0.589291  0.589291  0.345492  0.345492  0.101692  0.345492  0.345492  0.345492  0.345492  0.345492  0.345492  0.345491  
0.65  0.345492  0.345492  0.345492  0.345492  0.345492  0.345492  0.345492  0.101692  0.345492  0.345492  0.345492  0.345492  0.345492  0.345492  0.345492  0.345492  0.345492  0.589291  0.589291  0.345492  0.345492  0.101692  0.345492  0.345492  0.345492  0.345492  0.345492  0.345492  0.345491  
0.65  0.345492  0.345492  0.345492  0.345492  0.345492  0.345492  0.345492  0.101692  0.345492  0.345492  0.345492  0.345492  0.345492  0.345492  0.345492  0.345492  0.345492  0.589291  0.589291  0.345492  0.345492  0.101692  0.345492  0.345492  0.345492  0.345492  0.345492  0.345492  0.345491  
0.65  0.345492  0.345492  0.345492  0.345492  0.345492  0.345492  0.345492  0.101692  0.345492  0.345492  0.345492  0.345492  0.345492  0.345492  0.345492  0.345492  0.345492  0.589291  0.589291  0.345492  0.345492  0.101692  0.345492  0.345492  0.345492  0.345492  0.345492  0.345492  0.345491  
0.65  0.345492  0.345492  0.345492  0.345492  0.345492  0.345492  0.345492  0.101692  0.345492  0.345492  0.345492  0.345492  0.345492  0.345492  0.345492  0.345492  0.345492  0.589291  0.589291  0.345492  0.345492  0.101692  0.345492  0.345492  0.345492  0.345492  0.345492  0.345492  0.345491  
0.65  0.345492  0.345492  0.345492  0.345492  0.345492  0.345492  0.345492  0.101692  0.345492  0.345492  0.345492  0.345492  0.345492  0.345492  0.345492  0.345492  0.345492  0.589291  0.589291  0.345492  0.345492  0.101692  0.345492  0.345492  0.345492  0.345492  0.345492  0.345492  0.345491  
0.65  0.345492  0.345492  0.345492  0.345492  0.345492  0.345492  0.345492  0.101692  0.345492  0.345492  0.345492  0.345492  0.345492  0.345492  0.345492  0.345492  0.345492  0.589291  0.589291  0.345492  0.345492  0.101692  0.345492  0.345492  0.345492  0.345492  0.345492  0.345492  0.345491  
0.65  0.345492  0.345492  0.345492  0.345492  0.345492  0.345492  0.345492  0.101692  0.345492  0.345492  0.345492  0.345492  0.345492  0.345492  0.345492  0.345492  0.345492  0.589291  0.589291  0.345492  0.345492  0.101692  0.345492  0.345492  0.345492  0.345492  0.345492  0.345492  0.345491  
0.65  0.345492  0.345492  0.345492  0.345492  0.345492  0.345492  0.345492  0.101692  0.345492  0.345492  0.345492  0.345492  0.345492  0.345492  0.345492  0.345492  0.345492  0.589291  0.589291  0.345492  0.345492  0.101692  0.345492  0.345492  0.345492  0.345492  0.345492  0.345492  0.345491  
0.65  0.345492  0.345492  0.345492  0.345492  0.345492  0.345492  0.345492  0.101692  0.345492  0.345492  0.345492  0.345492  0.345492  0.345492  0.345492  0.345492  0.345492  0.589291  0.589291  0.345492  0.345492  0.101692  0.345492  0.345492  0.345492  0.345492  0.345492  0.345492  0.345491  
0.65  0.345492  0.345492  0.345492  0.345492  0.345492  0.345492  0.345492  0.101692  0.345492  0.345492  0.345492  0.345492  0.345492  0.345492  0.345492  0.345492  0.345492  0.589291  0.589291  0.345492  0.345492  0.101692  0.345492  0.345492  0.345492  0.345492  0.345492  0.345492  0.345491  
0.65  0.345492  0.345492  0.345492  0.345492  0.345492  0.345492  0.345492  0.101692  0.345492  0.345492  0.345492  0.345492  0.345492  0.345492  0.345492  0.345492  0.345492  0.589291  0.589291  0.345492  0.345492  0.101692  0.345492  0.345492  0.345492  0.345492  0.345492  0.345492  0.345491  
0.65  0.345492  0.345492  0.345492  0.345492  0.345492  0.345492  0.345492  0.101692  0.345492  0.345492  0.345492  0.345492  0.345492  0.345492  0.345492  0.345492  0.345492  0.589291  0.589291  0.345492  0.345492  0.101692  0.345492  0.345492  0.345492  0.345492  0.345492  0.345492  0.345491  
0.65  0.345492  0.345492  0.345492  0.345492  0.345492  0.345492  0.345492  0.101692  0.345492  0.345492  0.345492  0.345492  0.345492  0.345492  0.345492  0.345492  0.345492  0.589291  0.589291  0.345492  0.345492  0.101692  0.345492  0.345492  0.345492  0.345492  0.345492  0.345492  0.345491  
0.65  0.345492  0.345492  0.345492  0.345492  0.345492  0.345492  0.345492  0.101692  0.345492  0.345492  0.345492  0.345492  0.345492  0.345492  0.345492  0.345492  0.345492  0.589291  0.589291  0.345492  0.345492  0.101692  0.345492  0.345492  0.345492  0.345492  0.345492  0.345492  0.345491  
0.65  0.345492  0.345492  0.345492  0.345492  0.345492  0.345492  0.345492  0.101692  0.345492  0.345492  0.345492  0.345492  0.345492  0.345492  0.345492  0.345492  0.345492  0.589291  0.589291  0.345492  0.345492  0.101692  0.345492  0.345492  0.345492  0.345492  0.345492  0.345492  0.345491  
0.65  0.345492  0.345492  0.345492  0.345492  0.345492  0.345492  0.345492  0.101692  0.345492  0.345492  0.345492  0.345492  0.345492  0.345492  0.345492  0.345492  0.345492  0.589291  0.589291  0.345492  0.345492  0.101692  0.345492  0.345492  0.345492  0.345492  0.345492  0.345492  0.345491  
0.65  0.345492  0.345492  0.345492  0.345492  0.345492  0.345492  0.345492  0.101692  0.345492  0.345492  0.345492  0.345492  0.345492  0.345492  0.345492  0.345492  0.345492  0.589291  0.589291  0.345492  0.345492  0.101692  0.345492  0.345492  0.345492  0.345492  0.345492  0.345492  0.345491  
0.65  0.345492  0.345492  0.345492  0.345492  0.345492  0.345492  0.345492  0.101692  0.345492  0.345492  0.345492  0.345492  0.345492  0.345492  0.345492  0.345492  0.345492  0.589291  0.589291  0.345492  0.345492  0.101692  0.345492  0.345492  0.345492  0.345492  0.345492  0.345492  0.345491  
0.65  0.345492  0.345492  0.345492  0.345492  0.345492  0.345492  0.345492  0.101692  0.345492  0.345492  0.345492  0.345492  0.345492  0.345492  0.345492  0.345492  0.345492  0.589291  0.589291  0.345492  0.345492  0.101692  0.345492  0.345492  0.345492  0.345492  0.345492  0.345492  0.345491  
0.65  0.345492  0.345492  0.345492  0.345492  0.345492  0.345492  0.345492  0.101692  0.345492  0.345492  0.345492  0.345492  0.345492  0.345492  0.345492  0.345492  0.345492  0.589291  0.589291  0.345492  0.345492  0.101692  0.345492  0.345492  0.345492  0.345492  0.345492  0.345492  0.345491  
0.65  0.345492  0.345492  0.345492  0.345492  0.345492  0.345492  0.345492  0.101692  0.345492  0.345492  0.345492  0.345492  0.345492  0.345492  0.345492  0.345492  0.345492  0.589291  0.589291  0.345492  0.345492  0.101692  0.345492  0.345492  0.345492  0.345492  0.345492  0.345492  0.345491  
0.65  0.345492  0.345492  0.345492  0.345492  0.345492  0.345492  0.345492  0.101692  0.345492  0.345492  0.345492  0.345492  0.345492  0.345492  0.345492  0.345492  0.345492  0.589291  0.589291  0.345492  0.345492  0.101692  0.345492  0.345492  0.345492  0.345492  0.345492  0.345492  0.345491  
0.65  0.345492  0.345492  0.345492  0.345492  0.345492  0.345492  0.345492  0.101692  0.345492  0.345492  0.345492  0.345492  0.345492  0.345492  0.345492  0.345492  0.345492  0.589291  0.589291  0.345492  0.345492  0.101692  0.345492  0.345492  0.345492  0.345492  0.345492  0.345492  0.345491  
0.65  0.345492  0.345492  0.345492  0.345492  0.345492  0.345492  0.345492  0.101692  0.345492  0.345492  0.345492  0.345492  0.345492  0.345492  0.345492  0.345492  0.345492  0.589291  0.589291  0.345492  0.345492  0.101692  0.345492  0.345492  0.345492  0.345492  0.345492  0.345492  0.345491  
0.65  0.345492  0.345492  0.345492  0.345492  0.345492  0.345492  0.345492  0.101692  0.345492  0.345492  0.345492  0.345492  0.345492  0.345492  0.345492  0.345492  0.345492  0.589291  0.589291  0.345492  0.345492  0.101692  0.345492  0.345492  0.345492  0.345492  0.345492  0.345492  0.345491  
0.65  0.345492  0.345492  0.345492  0.345492  0.345492  0.345492  0.345492  0.101692  0.345492  0.345492  0.345492  0.345492  0.345492  0.345492  0.345492  0.345492  0.345492  0.589291  0.589291  0.345492  0.345492  0.101692  0.345492  0.345492  0.345492  0.345492  0.345492  0.345492  0.345491  
0.65  0.345492  0.345492  0.345492  0.345492  0.345492  0.345492  0.345492  0.101692  0.345492  0.345492  0.345492  0.345492  0.345492  0.345492  0.345492  0.345492  0.345492  0.589291  0.589291  0.345492  0.345492  0.101692  0.345492  0.345492  0.345492  0.345492  0.345492  0.345492  0.345491  
0.65  0.345492  0.345492  0.345492  0.345492  0.345492  0.345492  0.345492  0.101692  0.345492  0.345492  0.345492  0.345492  0.345492  0.345492  0.345492  0.345492  0.345492  0.589291  0.589291  0.345492  0.345492  0.101692  0.345492  0.345492  0.345492  0.345492  0.345492  0.345492  0.345491  
0.65  0.345492  0.345492  0.345492  0.345492  0.345492  0.345492  0.345492  0.101692  0.345492  0.345492  0.345492  0.345492  0.345492  0.345492  0.345492  0.345492  0.345492  0.589291  0.589291  0.345492  0.345492  0.101692  0.345492  0.345492  0.345492  0.345492  0.345492  0.345492  0.345491  
0.65  0.345492  0.345492  0.345492  0.345492  0.345492  0.345492  0.345492  0.101692  0.345492  0.345492  0.345492  0.345492  0.345492  0.345492  0.345492  0.345492  0.345492  0.589291  0.589291  0.345492  0.345492  0.101692  0.345492  0.345492  0.345492  0.345492  0.345492  0.345492  0.345491  
0.65  0.345492  0.345492  0.345492  0.345492  0.345492  0.345492  0.345492  0.101692  0.345492  0.345492  0.345492  0.345492  0.345492  0.345492  0.345492  0.345492  0.345492  0.589291  0.589291  0.345492  0.345492  0.101692  0.345492  0.345492  0.345492  0.345492  0.345492  0.345492  0.345491  
0.65  0.345492  0.345492  0.345492  0.345492  0.345492  0.345492  0.345492  0.101692  0.345492  0.345492  0.345492  0.345492  0.345492  0.345492  0.345492  0.345492  0.345492  0.589291  0.589291  0.345492  0.345492  0.101692  0.345492  0.345492  0.345492  0.345492  0.345492  0.345492  0.345491  
0.65  0.345492  0.345492  0.345492  0.345492  0.345492  0.345492  0.345492  0.101692  0.345492  0.345492  0.345492  0.345492  0.345492  0.345492  0.345492  0.345492  0.345492  0.589291  0.589291  0.345492  0.345492  0.101692  0.345492  0.345492  0.345492  0.345492  0.345492  0.345492  0.345491  
0.65  0.345492  0.345492  0.345492  0.345492  0.345492  0.345492  0.345492  0.101692  0.345492  0.345492  0.345492  0.345492  0.345492  0.345492  0.345492  0.345492  0.345492  0.589291  0.589291  0.345492  0.345492  0.101692  0.345492  0.345492  0.345492  0.345492  0.345492  0.345492  0.345491  
0.65  0.345492  0.345492  0.345492  0.345492  0.345492  0.345492  0.345492  0.101692  0.345492  0.345492  0.345492  0.345492  0.345492  0.345492  0.345492  0.345492  0.345492  0.589291  0.589291  0.345492  0.345492  0.101692  0.345492  0.345492  0.345492  0.345492  0.345492  0.345492  0.345491  
0.65  0.345492  0.345492  0.345492  0.345492  0.345492  0.345492  0.345492  0.101692  0.345492  0.345492  0.345492  0.345492  0.345492  0.345492  0.345492  0.345492  0.345492  0.589291  0.589291  0.345492  0.345492  0.101692  0.345492  0.345492  0.345492  0.345492  0.345492  0.345492  0.345491  
0.65  0.345492  0.345492  0.345492  0.345492  0.345492  0.345492  0.345492  0.101692  0.345492  0.345492  0.345492  0.345492  0.345492  0.345492  0.345492  0.345492  0.345492  0.589291  0.589291  0.345492  0.345492  0.101692  0.345492  0.345492  0.345492  0.345492  0.345492  0.345492  0.345491  
0.65  0.345492  0.345492  0.345492  0.345492  0.345492  0.345492  0.345492  0.101692  0.345492  0.345492  0.345492  0.345492  0.345492  0.345492  0.345492  0.345492  0.345492  0.589291  0.589291  0.345492  0.345492  0.101692  0.345492  0.345492  0.345492  0.345492  0.345492  0.345492  0.345491  
0.65  0.345492  0.345492  0.345492  0.345492  0.345492  0.345492  0.345492  0.101692  0.345492  0.345492  0.345492  0.345492  0.345492  0.345492  0.345492  0.345492  0.345492  0.589291  0.589291  0.345492  0.345492  0.101692  0.345492  0.345492  0.345492  0.345492  0.345492  0.345492  0.345491  
0.65  0.345492  0.345492  0.345492  0.345492  0.345492  0.345492  0.345492  0.101692  0.345492  0.345492  0.345492  0.345492  0.345492  0.345492  0.345492  0.345492  0.345492  0.589291  0.589291  0.345492  0.345492  0.101692  0.345492  0.345492  0.345492  0.345492  0.345492  0.345492  0.345491  
0.65  0.345492  0.345492  0.345492  0.345492  0.345492  0.345492  0.345492  0.101692  0.345492  0.345492  0.345492  0.345492  0.345492  0.345492  0.345492  0.345492  0.345492  0.589291  0.589291  0.345492  0.345492  0.101692  0.345492  0.345492  0.345492  0.345492  0.345492  0.345492  0.345491  
0.65  0.345492  0.345492  0.345492  0.345492  0.345492  0.345492  0.345492  0.101692  0.345492  0.345492  0.345492  0.345492  0.345492  0.345492  0.345492  0.345492  0.345492  0.589291  0.589291  0.345492  0.345492  0.101692  0.345492  0.345492  0.345492  0.345492  0.345492  0.345492  0.345491  
0.65  0.345492  0.345492  0.345492  0.345492  0.345492  0.345492  0.345492  0.101692  0.345492  0.345492  0.345492  0.345492  0.345492  0.345492  0.345492  0.345492  0.345492  0.589291  0.589291  0.345492  0.345492  0.101692  0.345492  0.345492  0.345492  0.345492  0.345492  0.345492  0.345491  
0.65  0.345492  0.345492  0.345492  0.345492  0.345492  0.345492  0.345492  0.101692  0.345492  0.345492  0.345492  0.345492  0.345492  0.345492  0.345492  0.345492  0.345492  0.589291  0.589291  0.345492  0.345492  0.101692  0.345492  0.345492  0.345492  0.345492  0.345492  0.345492  0.345491  
0.65  0.345492  0.345492  0.345492  0.345492  0.345492  0.345492  0.345492  0.101692  0.345492  0.345492  0.345492  0.345492  0.345492  0.345492  0.345492  0.345492  0.345492  0.589291  0.589291  0.345492  0.345492  0.101692  0.345492  0.345492  0.345492  0.345492  0.345492  0.345492  0.345491  
0.65  0.345492  0.345492  0.345492  0.345492  0.345492  0.345492  0.345492  0.101692  0.345492  0.345492  0.345492  0.345492  0.345492  0.345492  0.345492  0.345492  0.345492  0.589291  0.589291  0.345492  0.345492  0.101692  0.345492  0.345492  0.345492  0.345492  0.345492  0.345492  0.345491  
0.65  0.345492  0.345492  0.345492  0.345492  0.345492  0.345492  0.345492  0.101692  0.345492  0.345492  0.345492  0.345492  0.345492  0.345492  0.345492  0.345492  0.345492  0.589291  0.589291  0.345492  0.345492  0.101692  0.345492  0.345492  0.345492  0.345492  0.345492  0.345492  0.345491  
0.65  0.345492  0.345492  0.345492  0.345492  0.345492  0.345492  0.345492  0.101692  0.345492  0.345492  0.345492  0.345492  0.345492  0.345492  0.345492  0.345492  0.345492  0.589291  0.589291  0.345492  0.345492  0.101692  0.345492  0.345492  0.345492  0.345492  0.345492  0.345492  0.345491  
0.65  0.345492  0.345492  0.345492  0.345492  0.345492  0.345492  0.345492  0.101692  0.345492  0.345492  0.345492  0.345492  0.345492  0.345492  0.345492  0.345492  0.345492  0.589291  0.589291  0.345492  0.345492  0.101692  0.345492  0.345492  0.345492  0.345492  0.345492  0.345492  0.345491  
0.65  0.345492  0.345492  0.345492  0.345492  0.345492  0.345492  0.345492  0.101692  0.345492  0.345492  0.345492  0.345492  0.345492  0.345492  0.345492  0.345492  0.345492  0.589291  0.589291  0.345492  0.345492  0.101692  0.345492  0.345492  0.345492  0.345492  0.345492  0.345492  0.345491  
0.65  0.345492  0.345492  0.345492  0.345492  0.345492  0.345492  0.345492  0.101692  0.345492  0.345492  0.345492  0.345492  0.345492  0.345492  0.345492  0.345492  0.345492  0.589291  0.589291  0.345492  0.345492  0.101692  0.345492  0.345492  0.345492  0.345492  0.345492  0.345492  0.345491  
0.65  0.345492  0.345492  0.345492  0.345492  0.345492  0.345492  0.345492  0.101692  0.345492  0.345492  0.345492  0.345492  0.345492  0.345492  0.345492  0.345492  0.345492  0.589291  0.589291  0.345492  0.345492  0.101692  0.345492  0.345492  0.345492  0.345492  0.345492  0.345492  0.345491  
0.65  0.345492  0.345492  0.345492  0.345492  0.345492  0.345492  0.345492  0.101692  0.345492  0.345492  0.345492  0.345492  0.345492  0.345492  0.345492  0.345492  0.345492  0.589291  0.589291  0.345492  0.345492  0.101692  0.345492  0.345492  0.345492  0.345492  0.345492  0.345492  0.345491  
0.65  0.345492  0.345492  0.345492  0.345492  0.345492  0.345492  0.345492  0.101692  0.345492  0.345492  0.345492  0.345492  0.345492  0.345492  0.345492  0.345492  0.345492  0.589291  0.589291  0.345492  0.345492  0.101692  0.345492  0.345492  0.345492  0.345492  0.345492  0.345492  0.345491  
0.65  0.345492  0.345492  0.345492  0.345492  0.345492  0.345492  0.345492  0.101692  0.345492  0.345492  0.345492  0.345492  0.345492  0.345492  0.345492  0.345492  0.345492  0.589291  0.589291  0.345492  0.345492  0.101692  0.345492  0.345492  0.345492  0.345492  0.345492  0.345492  0.345491  
0.65  0.345492  0.345492  0.345492  0.345492  0.345492  0.345492  0.345492  0.101692  0.345492  0.345492  0.345492  0.345492  0.345492  0.345492  0.345492  0.345492  0.345492  0.589291  0.589291  0.345492  0.345492  0.101692  0.345492  0.345492  0.345492  0.345492  0.345492  0.345492  0.345491  
0.65  0.345492  0.345492  0.345492  0.345492  0.345492  0.345492  0.345492  0.101692  0.345492  0.345492  0.345492  0.345492  0.345492  0.345492  0.345492  0.345492  0.345492  0.589291  0.589291  0.345492  0.345492  0.101692  0.345492  0.345492  0.345492  0.345492  0.345492  0.345492  0.345491  
0.65  0.345492  0.345492  0.345492  0.345492  0.345492  0.345492  0.345492  0.101692  0.345492  0.345492  0.345492  0.345492  0.345492  0.345492  0.345492  0.345492  0.345492  0.589291  0.589291  0.345492  0.345492  0.101692  0.345492  0.345492  0.345492  0.345492  0.345492  0.345492  0.345491  
0.65  0.345492  0.345492  0.345492  0.345492  0.345492  0.345492  0.345492  0.101692  0.345492  0.345492  0.345492  0.345492  0.345492  0.345492  0.345492  0.345492  0.345492  0.589291  0.589291  0.345492  0.345492  0.101692  0.345492  0.345492  0.345492  0.345492  0.345492  0.345492  0.345491  
0.65  0.345492  0.345492  0.345492  0.345492  0.345492  0.345492  0.345492  0.101692  0.345492  0.345492  0.345492  0.345492  0.345492  0.345492  0.345492  0.345492  0.345492  0.589291  0.589291  0.345492  0.345492  0.101692  0.345492  0.345492  0.345492  0.345492  0.345492  0.345492  0.345491  
0.65  0.345492  0.345492  0.345492  0.345492  0.345492  0.345492  0.345492  0.101692  0.345492  0.345492  0.345492  0.345492  0.345492  0.345492  0.345492  0.345492  0.345492  0.589291  0.589291  0.345492  0.345492  0.101692  0.345492  0.345492  0.345492  0.345492  0.345492  0.345492  0.345491  
0.65  0.345492  0.345492  0.345492  0.345492  0.345492  0.345492  0.345492  0.101692  0.345492  0.345492  0.345492  0.345492  0.345492  0.345492  0.345492  0.345492  0.345492  0.589291  0.589291  0.345492  0.345492  0.101692  0.345492  0.345492  0.345492  0.345492  0.345492  0.345492  0.345491  
0.516487  0.347101  0.347038  0.347106  0.3471  0.347102  0.347067  0.347106  0.103283  0.347101  0.347098  0.347148  0.34712  0.347112  0.347092  0.347108  0.347081  0.347092  0.590901  0.59089  0.347102  0.3471  0.103301  0.347094  0.347088  0.347114  0.347085  0.347118  0.34712  0.347081  
0.516487  0.347101  0.347038  0.347106  0.3471  0.347102  0.347067  0.347106  0.103283  0.347101  0.347098  0.347148  0.34712  0.347112  0.347092  0.347108  0.347081  0.347092  0.590901  0.59089  0.347102  0.3471  0.103301  0.347094  0.347088  0.347114  0.347085  0.347118  0.34712  0.347081  
0.516487  0.347101  0.347038  0.347106  0.3471  0.347102  0.347067  0.347106  0.103283  0.347101  0.347098  0.347148  0.34712  0.347112  0.347092  0.347108  0.347081  0.347092  0.590901  0.59089  0.347102  0.3471  0.103301  0.347094  0.347088  0.347114  0.347085  0.347118  0.34712  0.347081  
0.516487  0.347101  0.347038  0.347106  0.3471  0.347102  0.347067  0.347106  0.103283  0.347101  0.347098  0.347148  0.34712  0.347112  0.347092  0.347108  0.347081  0.347092  0.590901  0.59089  0.347102  0.3471  0.103301  0.347094  0.347088  0.347114  0.347085  0.347118  0.34712  0.347081  
0.516487  0.347101  0.347038  0.347106  0.3471  0.347102  0.347067  0.347106  0.103283  0.347101  0.347098  0.347148  0.34712  0.347112  0.347092  0.347108  0.347081  0.347092  0.590901  0.59089  0.347102  0.3471  0.103301  0.347094  0.347088  0.347114  0.347085  0.347118  0.34712  0.347081  
0.516487  0.347101  0.347038  0.347106  0.3471  0.347102  0.347067  0.347106  0.103283  0.347101  0.347098  0.347148  0.34712  0.347112  0.347092  0.347108  0.347081  0.347092  0.590901  0.59089  0.347102  0.3471  0.103301  0.347094  0.347088  0.347114  0.347085  0.347118  0.34712  0.347081  
0.516487  0.347101  0.347038  0.347106  0.3471  0.347102  0.347067  0.347106  0.103283  0.347101  0.347098  0.347148  0.34712  0.347112  0.347092  0.347108  0.347081  0.347092  0.590901  0.59089  0.347102  0.3471  0.103301  0.347094  0.347088  0.347114  0.347085  0.347118  0.34712  0.347081  
0.516487  0.347101  0.347038  0.347106  0.3471  0.347102  0.347067  0.347106  0.103283  0.347101  0.347098  0.347148  0.34712  0.347112  0.347092  0.347108  0.347081  0.347092  0.590901  0.59089  0.347102  0.3471  0.103301  0.347094  0.347088  0.347114  0.347085  0.347118  0.34712  0.347081  
0.516487  0.347101  0.347038  0.347106  0.3471  0.347102  0.347067  0.347106  0.103283  0.347101  0.347098  0.347148  0.34712  0.347112  0.347092  0.347108  0.347081  0.347092  0.590901  0.59089  0.347102  0.3471  0.103301  0.347094  0.347088  0.347114  0.347085  0.347118  0.34712  0.347081  
0.516487  0.347101  0.347038  0.347106  0.3471  0.347102  0.347067  0.347106  0.103283  0.347101  0.347098  0.347148  0.34712  0.347112  0.347092  0.347108  0.347081  0.347092  0.590901  0.59089  0.347102  0.3471  0.103301  0.347094  0.347088  0.347114  0.347085  0.347118  0.34712  0.347081  
0.516487  0.347101  0.347038  0.347106  0.3471  0.347102  0.347067  0.347106  0.103283  0.347101  0.347098  0.347148  0.34712  0.347112  0.347092  0.347108  0.347081  0.347092  0.590901  0.59089  0.347102  0.3471  0.103301  0.347094  0.347088  0.347114  0.347085  0.347118  0.34712  0.347081  
0.516487  0.347101  0.347038  0.347106  0.3471  0.347102  0.347067  0.347106  0.103283  0.347101  0.347098  0.347148  0.34712  0.347112  0.347092  0.347108  0.347081  0.347092  0.590901  0.59089  0.347102  0.3471  0.103301  0.347094  0.347088  0.347114  0.347085  0.347118  0.34712  0.347081  
0.516487  0.347101  0.347038  0.347106  0.3471  0.347102  0.347067  0.347106  0.103283  0.347101  0.347098  0.347148  0.34712  0.347112  0.347092  0.347108  0.347081  0.347092  0.590901  0.59089  0.347102  0.3471  0.103301  0.347094  0.347088  0.347114  0.347085  0.347118  0.34712  0.347081  
0.516487  0.347101  0.347038  0.347106  0.3471  0.347102  0.347067  0.347106  0.103283  0.347101  0.347098  0.347148  0.34712  0.347112  0.347092  0.347108  0.347081  0.347092  0.590901  0.59089  0.347102  0.3471  0.103301  0.347094  0.347088  0.347114  0.347085  0.347118  0.34712  0.347081  
0.516487  0.347101  0.347038  0.347106  0.3471  0.347102  0.347067  0.347106  0.103283  0.347101  0.347098  0.347148  0.34712  0.347112  0.347092  0.347108  0.347081  0.347092  0.590901  0.59089  0.347102  0.3471  0.103301  0.347094  0.347088  0.347114  0.347085  0.347118  0.34712  0.347081  
0.516487  0.347101  0.347038  0.347106  0.3471  0.347102  0.347067  0.347106  0.103283  0.347101  0.347098  0.347148  0.34712  0.347112  0.347092  0.347108  0.347081  0.347092  0.590901  0.59089  0.347102  0.3471  0.103301  0.347094  0.347088  0.347114  0.347085  0.347118  0.34712  0.347081  
0.516487  0.347101  0.347038  0.347106  0.3471  0.347102  0.347067  0.347106  0.103283  0.347101  0.347098  0.347148  0.34712  0.347112  0.347092  0.347108  0.347081  0.347092  0.590901  0.59089  0.347102  0.3471  0.103301  0.347094  0.347088  0.347114  0.347085  0.347118  0.34712  0.347081  
0.516487  0.347101  0.347038  0.347106  0.3471  0.347102  0.347067  0.347106  0.103283  0.347101  0.347098  0.347148  0.34712  0.347112  0.347092  0.347108  0.347081  0.347092  0.590901  0.59089  0.347102  0.3471  0.103301  0.347094  0.347088  0.347114  0.347085  0.347118  0.34712  0.347081  
0.516487  0.347101  0.347038  0.347106  0.3471  0.347102  0.347067  0.347106  0.103283  0.347101  0.347098  0.347148  0.34712  0.347112  0.347092  0.347108  0.347081  0.347092  0.590901  0.59089  0.347102  0.3471  0.103301  0.347094  0.347088  0.347114  0.347085  0.347118  0.34712  0.347081  
0.516487  0.347101  0.347038  0.347106  0.3471  0.347102  0.347067  0.347106  0.103283  0.347101  0.347098  0.347148  0.34712  0.347112  0.347092  0.347108  0.347081  0.347092  0.590901  0.59089  0.347102  0.3471  0.103301  0.347094  0.347088  0.347114  0.347085  0.347118  0.34712  0.347081  
0.516487  0.347101  0.347038  0.347106  0.3471  0.347102  0.347067  0.347106  0.103283  0.347101  0.347098  0.347148  0.34712  0.347112  0.347092  0.347108  0.347081  0.347092  0.590901  0.59089  0.347102  0.3471  0.103301  0.347094  0.347088  0.347114  0.347085  0.347118  0.34712  0.347081  
0.516487  0.347101  0.347038  0.347106  0.3471  0.347102  0.347067  0.347106  0.103283  0.347101  0.347098  0.347148  0.34712  0.347112  0.347092  0.347108  0.347081  0.347092  0.590901  0.59089  0.347102  0.3471  0.103301  0.347094  0.347088  0.347114  0.347085  0.347118  0.34712  0.347081  
0.516487  0.347101  0.347038  0.347106  0.3471  0.347102  0.347067  0.347106  0.103283  0.347101  0.347098  0.347148  0.34712  0.347112  0.347092  0.347108  0.347081  0.347092  0.590901  0.59089  0.347102  0.3471  0.103301  0.347094  0.347088  0.347114  0.347085  0.347118  0.34712  0.347081  
0.516487  0.347101  0.347038  0.347106  0.3471  0.347102  0.347067  0.347106  0.103283  0.347101  0.347098  0.347148  0.34712  0.347112  0.347092  0.347108  0.347081  0.347092  0.590901  0.59089  0.347102  0.3471  0.103301  0.347094  0.347088  0.347114  0.347085  0.347118  0.34712  0.347081  
0.516487  0.347101  0.347038  0.347106  0.3471  0.347102  0.347067  0.347106  0.103283  0.347101  0.347098  0.347148  0.34712  0.347112  0.347092  0.347108  0.347081  0.347092  0.590901  0.59089  0.347102  0.3471  0.103301  0.347094  0.347088  0.347114  0.347085  0.347118  0.34712  0.347081  
