1  0.603965  0.664405  0.703482  0.794263  0.79402  0.770363  0.871476  0.944824  0.933034  0.970897  0.975575  0.996376  0.997232  0.999942  0.997319  0.992588  0.975633  0.996946  0.933065  0.944946  0.871654  0.799701  0.793939  0.804103  0.703394  0.604432  0.603953  0.529113  0.500019  
0.957453  0.235068  0.268473  0.313266  0.363122  0.400782  0.468542  0.536702  0.568152  0.621058  0.673663  0.709731  0.767691  0.810023  0.842876  0.895039  0.921812  0.946969  0.967432  0.992909  0.993513  0.998256  0.999986  0.990897  0.987042  0.997603  0.950273  0.939092  0.893599  0.870244  
0.91299  0.000615316  0.0142068  0.00329761  0.0509471  0.0631531  0.106256  0.127864  0.179024  0.199832  0.268173  0.322112  0.359541  0.423038  0.463001  0.496283  0.572384  0.653206  0.671974  0.719755  0.764093  0.818081  0.848199  0.88623  0.914565  0.947965  0.962908  0.999973  0.992739  0.996722  
0.86855  0.101645  0.0853524  0.0465443  0.0363665  0.0108155  0.00951836  0.00524849  0.00260204  0.000788084  0.012809  0.0626864  0.053023  0.0766343  0.108928  0.139427  0.181895  0.227318  0.267257  0.324282  0.361021  0.419378  0.467323  0.513478  0.569402  0.630711  0.673872  0.708787  0.766212  0.818334  
0.824066  0.475515  0.428942  0.364529  0.326516  0.297206  0.233954  0.187373  0.151822  0.114389  0.0857455  0.0404786  0.0357051  0.00817941  0.00612483  3.235e-05  0.000886476  0.017427  0.0138898  0.00272516  0.0526332  0.0677267  0.1032  0.137914  0.182974  0.21874  0.267295  0.297035  0.36204  0.419249  
0.777787  0.873403  0.832673  0.784552  0.750925  0.713848  0.652088  0.586344  0.549102  0.494801  0.448754  0.390422  0.342959  0.29336  0.246952  0.202732  0.163845  0.108779  0.0932139  0.0749398  0.0443809  0.0290887  0.01107  0.00228183  3.74112e-06  2.29431e-05  0.010958  9.83085e-06  0.0431283  0.06822  
0.745863  0.999388  0.986853  0.99723  0.951757  0.912272  0.894736  0.890193  0.820003  0.781893  0.734803  0.69338  0.638879  0.598814  0.539176  0.491121  0.428789  0.360936  0.329849  0.293401  0.23513  0.191914  0.1527  0.0966931  0.0870497  0.0672366  0.0382767  0.00695108  0.00673376  0.00265045  
0.697568  0.853636  0.892245  0.914322  0.946531  0.964664  0.983262  0.999632  0.994146  0.996276  0.991517  0.983614  0.961566  0.94354  0.920783  0.889581  0.844555  0.826116  0.763357  0.714325  0.673676  0.635007  0.572616  0.524569  0.46689  0.416882  0.366921  0.314524  0.269877  0.20872  
0.659793  0.542836  0.591377  0.640278  0.692818  0.733241  0.784655  0.818051  0.864488  0.892894  0.925611  0.952518  0.969231  0.985312  0.997631  0.999998  0.998277  0.984714  0.980871  0.962479  0.938232  0.91356  0.880593  0.850524  0.802689  0.762222  0.715749  0.663865  0.616672  0.563126  
0.62573  0.22624  0.28078  0.338513  0.377559  0.429227  0.482133  0.5329  0.587394  0.638707  0.688973  0.732193  0.783012  0.829115  0.853896  0.899617  0.931263  0.934916  0.971867  0.987993  0.999634  1  1  0.99624  0.984881  0.976347  0.944415  0.923441  0.885863  0.838677  
0.599361  0.0827394  0.0908185  0.117711  0.162037  0.217043  0.246172  0.308901  0.340708  0.392703  0.443478  0.500444  0.550692  0.614056  0.649164  0.725276  0.746688  0.815515  0.840389  0.890086  0.904507  0.963662  0.960876  0.984607  0.988893  0.999963  0.999439  0.990667  0.993618  0.999589  
0.567114  0.0232458  0.00158615  0.0257678  0.0105578  0.0438819  0.0497038  0.0786949  0.0970342  0.150856  0.173935  0.234908  0.256305  0.292093  0.354876  0.397867  0.450236  0.529521  0.558807  0.602983  0.660098  0.722319  0.756447  0.827682  0.83861  0.897019  0.906076  0.960351  0.954129  0.979332  
0.530943  0.14877  0.106797  0.0502399  0.0574418  0.0445512  0.0182087  0.00458746  4.50937e-05  0.00337374  0.00695887  0.00618055  0.0350027  0.0500809  0.0900892  0.102351  0.151402  0.184245  0.232664  0.271068  0.32553  0.385676  0.428696  0.47772  0.529753  0.562848  0.627554  0.683841  0.733924  0.779061  
0.500759  0.377109  0.333988  0.285327  0.244383  0.202417  0.156735  0.119566  0.0941113  0.0423567  0.0413605  0.0376007  0.00866746  0.000306875  0.000302706  0.00275014  0.0101526  0.0320926  0.0472721  0.0600626  0.097334  0.140364  0.174194  0.223129  0.257569  0.307258  0.350119  0.403345  0.46024  0.519816  
0.471399  0.65847  0.613779  0.557276  0.507995  0.455663  0.404511  0.353748  0.298803  0.25846  0.213796  0.169051  0.131444  0.0938384  0.0678511  0.0436529  0.0270799  0.00339562  0.00131761  0.000327505  0.000781034  0.00831518  0.018686  0.0534088  0.0631584  0.0906499  0.124258  0.156813  0.201049  0.255056  
0.444282  0.873855  0.833997  0.795859  0.748944  0.714216  0.655114  0.600386  0.554086  0.497116  0.452166  0.393855  0.344814  0.296583  0.251037  0.20488  0.167122  0.128776  0.0948911  0.0643296  0.0436478  0.0263364  0.00908443  7.14899e-05  6.28866e-05  0.00198561  0.0102177  0.0233406  0.0421047  0.0659843  
0.420813  0.996362  0.9629  0.947038  0.913413  0.882489  0.844357  0.787661  0.756574  0.70543  0.66685  0.599486  0.567149  0.498508  0.448198  0.400596  0.358184  0.301976  0.25715  0.212748  0.174294  0.124317  0.103731  0.0629472  0.0502319  0.0153056  0.0137771  0.000371976  0.000120199  0.000607639  
0.396908  0.996051  0.997702  0.981693  0.994188  0.995604  0.962176  0.964927  0.918919  0.882783  0.854288  0.812536  0.771887  0.725295  0.681179  0.618126  0.580444  0.540646  0.471194  0.43288  0.372742  0.305277  0.271113  0.229415  0.186543  0.162057  0.113701  0.0715966  0.0576572  0.0194383  
0.37147  0.908466  0.92926  0.960814  0.973637  0.987663  0.998416  0.998172  0.999933  0.991966  0.975579  0.966079  0.936305  0.909386  0.877569  0.835864  0.801188  0.745181  0.711182  0.655968  0.604999  0.560925  0.509081  0.4589  0.405257  0.35351  0.302694  0.259647  0.211872  0.167982  
0.349383  0.750902  0.793586  0.822933  0.870298  0.892142  0.932375  0.953604  0.971806  0.984878  0.996675  0.999507  0.995062  0.997307  0.975468  0.95434  0.934671  0.913763  0.872768  0.836253  0.800532  0.754788  0.709739  0.657756  0.609517  0.562994  0.505214  0.457494  0.401529  0.354842  
0.328201  0.554763  0.607316  0.661907  0.707786  0.754696  0.796778  0.832764  0.874965  0.911811  0.93625  0.959207  0.977152  0.986319  0.99723  1  0.996881  0.987516  0.975224  0.95717  0.929832  0.906481  0.869757  0.831144  0.79109  0.752929  0.69947  0.647035  0.599952  0.550121  
0.308391  0.366083  0.422358  0.472037  0.527329  0.592174  0.632031  0.679254  0.723327  0.773811  0.811921  0.864438  0.890256  0.918226  0.945205  0.96858  0.985256  0.997627  0.999141  0.999788  0.995714  0.978592  0.965959  0.945462  0.917212  0.884424  0.852653  0.813234  0.77128  0.723742  
0.289177  0.209226  0.256191  0.294733  0.347031  0.394193  0.454477  0.50722  0.556786  0.607752  0.657208  0.702767  0.75607  0.797127  0.833735  0.869926  0.906737  0.938223  0.958785  0.974203  0.993095  0.998947  0.999908  0.998832  0.992494  0.979998  0.963641  0.928897  0.90757  0.872999  
0.271917  0.0793335  0.121469  0.162702  0.206163  0.254857  0.295212  0.344402  0.391936  0.451934  0.497383  0.549499  0.604517  0.651752  0.710839  0.760128  0.800047  0.83836  0.868578  0.890475  0.934537  0.952023  0.974576  0.998854  0.998614  0.999999  0.999365  0.999987  0.977659  0.970322  
0.254384  0.0212974  0.0418418  0.0601997  0.0949847  0.127892  0.159042  0.204081  0.242691  0.293615  0.339209  0.390966  0.437261  0.492419  0.550115  0.598397  0.644681  0.708332  0.745614  0.788946  0.830757  0.867874  0.901988  0.928869  0.949136  0.9849  0.990209  0.999365  0.9999  0.990286  
0.238439  5.53625e-06  0.00352444  0.00128631  0.0249541  0.0471174  0.0643495  0.0858176  0.12593  0.158756  0.210128  0.253879  0.292199  0.352014  0.400145  0.465209  0.498432  0.537519  0.60229  0.654773  0.697765  0.756438  0.795296  0.829532  0.872556  0.913207  0.928049  0.957114  0.974154  0.981669  
0.222454  0.024532  0.010524  0.00588565  0.0001266  0.00165947  0.0121196  0.020738  0.0455768  0.0713268  0.0964042  0.130544  0.165935  0.210434  0.252087  0.303604  0.348051  0.41051  0.45411  0.502013  0.553706  0.607866  0.658747  0.702526  0.753143  0.789193  0.836872  0.866892  0.906864  0.936322  
0.208021  0.0729414  0.0564017  0.0329788  0.0184609  0.00194937  0.00170831  0.000716802  0.00557714  0.00972365  0.0337743  0.0483425  0.0804959  0.111552  0.143032  0.198135  0.223137  0.277047  0.319652  0.378022  0.418782  0.473616  0.524184  0.572269  0.63094  0.675426  0.724763  0.762474  0.812399  0.850712  
0.193934  0.166969  0.130539  0.093136  0.0689274  0.0398548  0.0252142  0.0168292  0.0019222  0.000739226  0.000800808  0.00184318  0.0234752  0.0386119  0.0655838  0.0907822  0.125684  0.159714  0.201392  0.249022  0.291665  0.343159  0.390732  0.442834  0.495288  0.546235  0.600951  0.650438  0.705043  0.743814  
0.1809  0.267979  0.2258  0.190874  0.144064  0.105997  0.0794391  0.055722  0.0327869  0.0131424  0.00662905  0.00285401  0.00132631  0.00152444  0.0180451  0.0385848  0.060484  0.088853  0.112858  0.152998  0.188044  0.22956  0.276687  0.324667  0.374326  0.424664  0.477621  0.528696  0.581065  0.635767  
0.16854  0.372553  0.328259  0.277323  0.233386  0.196922  0.150053  0.121676  0.0834377  0.0603731  0.033166  0.022023  0.00772435  0.00273909  0.000598671  0.00164655  0.0134065  0.0344524  0.0493424  0.0682308  0.105984  0.133582  0.181186  0.218967  0.265305  0.309526  0.361917  0.410842  0.461073  0.511379  
0.156772  0.487942  0.438599  0.386272  0.334203  0.279039  0.241517  0.198168  0.158487  0.122114  0.0922396  0.0623692  0.0374889  0.0182262  0.00985059  0.000614236  0.00350733  0.000649211  0.0105034  0.0284415  0.0487971  0.0732067  0.0987056  0.133674  0.176914  0.21548  0.259916  0.310048  0.358013  0.401732  
0.145795  0.589657  0.539554  0.478714  0.442326  0.383305  0.339514  0.281946  0.23847  0.192732  0.152969  0.120164  0.091046  0.0668608  0.0383178  0.0207444  0.00887073  4.39004e-05  6.22253e-05  0.00372622  0.0130533  0.0280901  0.0476773  0.0742259  0.109028  0.145784  0.174135  0.216089  0.259048  0.311775  
0.13533  0.684677  0.63606  0.582766  0.533275  0.481024  0.428031  0.378671  0.321109  0.281581  0.233689  0.196434  0.155371  0.11773  0.0907815  0.0540325  0.0328745  0.0187523  0.00815094  0.000673658  0.00101515  0.00624902  0.0130353  0.0294433  0.0515072  0.0759608  0.10412  0.144305  0.179908  0.219603  
0.125578  0.764858  0.724734  0.671065  0.623104  0.567191  0.519638  0.472287  0.414207  0.366276  0.314333  0.263845  0.222506  0.182938  0.141889  0.108146  0.0777864  0.0506905  0.0277203  0.0172374  0.00515339  0.000220402  6.84889e-05  0.00293291  0.0189767  0.0304692  0.058015  0.0848701  0.115314  0.147317  
0.116345  0.833408  0.796226  0.750053  0.707791  0.662002  0.606881  0.550715  0.504763  0.453812  0.401137  0.351987  0.298314  0.254496  0.209538  0.166391  0.129883  0.0968429  0.0671157  0.0437268  0.024162  0.0105585  0.00370738  0.000303677  0.000854657  0.0108762  0.025271  0.0415443  0.0635196  0.0947006  
0.10768  0.893622  0.856874  0.814061  0.775264  0.733078  0.681316  0.635866  0.579531  0.52945  0.482706  0.42161  0.379073  0.324886  0.279274  0.232614  0.18879  0.151203  0.116545  0.0823001  0.0549156  0.0341109  0.0176693  0.00632103  0.000323174  0.00323739  0.00292755  0.0166391  0.0293168  0.053  
0.0995406  0.938417  0.907007  0.879528  0.838783  0.798376  0.752901  0.70329  0.6602  0.606396  0.554091  0.505875  0.452752  0.39838  0.346744  0.298983  0.251187  0.205105  0.168729  0.133669  0.0973644  0.0659892  0.0457991  0.0252291  0.0110616  0.00317476  0.00116227  0.00331016  0.0103491  0.0243166  
0.0919079  0.966569  0.946034  0.918685  0.88983  0.854004  0.812135  0.770088  0.725241  0.673105  0.628682  0.569961  0.521375  0.471658  0.426204  0.371709  0.319801  0.263043  0.22626  0.182874  0.143481  0.115049  0.0800214  0.0559922  0.0329239  0.0187047  0.00605114  6.59036e-05  0.00284888  0.00391774  
0.0847388  0.983279  0.971481  0.951958  0.927222  0.894539  0.862354  0.820875  0.783307  0.738388  0.694198  0.640163  0.589416  0.540773  0.482403  0.434816  0.381663  0.324604  0.286438  0.241771  0.196205  0.150577  0.122291  0.0856742  0.0573023  0.0360419  0.0210101  0.00488867  0.0021889  0.000560661  
0.0780182  0.993301  0.987249  0.976232  0.955438  0.928497  0.900002  0.867171  0.831878  0.793663  0.749148  0.704595  0.653205  0.606642  0.54603  0.497732  0.445179  0.390733  0.341849  0.294819  0.249536  0.204474  0.165038  0.127961  0.0902547  0.0641735  0.0427907  0.0199038  0.0122971  0.00197715  
0.071749  0.997142  0.998078  0.991946  0.97669  0.961407  0.936603  0.910865  0.873302  0.837963  0.798685  0.752091  0.709634  0.663625  0.609367  0.559355  0.505336  0.447165  0.3991  0.355683  0.29929  0.251246  0.207532  0.166318  0.131191  0.10027  0.0724169  0.0428945  0.0242488  0.0133456  
0.0658655  0.996236  0.999845  0.999016  0.990924  0.975389  0.957335  0.937232  0.909514  0.878124  0.840205  0.804333  0.75852  0.716556  0.665563  0.6113  0.560155  0.507249  0.451777  0.399775  0.351351  0.305468  0.254965  0.213972  0.166951  0.133546  0.0988996  0.0701241  0.0459035  0.028449  
0.0604025  0.987271  0.996015  0.997292  0.998809  0.987563  0.980363  0.960815  0.937632  0.906948  0.875954  0.839548  0.799987  0.760594  0.712621  0.661984  0.611408  0.557729  0.506144  0.455077  0.400418  0.35258  0.302896  0.258685  0.211217  0.174479  0.133439  0.104985  0.0701057  0.0533989  
0.0552773  0.972458  0.99157  0.999987  0.999926  0.99881  0.988873  0.973268  0.958815  0.933188  0.905375  0.873986  0.840115  0.795559  0.748543  0.706432  0.654872  0.60411  0.55526  0.504332  0.448952  0.39782  0.350271  0.299674  0.25259  0.203683  0.16722  0.130446  0.0973945  0.0684385  
0.050534  0.959857  0.976696  0.988625  0.999159  0.999977  0.997724  0.988851  0.975716  0.955203  0.929374  0.898613  0.868323  0.834585  0.791026  0.751599  0.698578  0.650505  0.597975  0.545264  0.493104  0.441874  0.392137  0.341814  0.29248  0.244658  0.201243  0.167192  0.12392  0.0954319  
0.0461195  0.939337  0.962491  0.98195  0.990614  0.999497  0.999764  0.993938  0.984951  0.974604  0.948248  0.922493  0.895223  0.864375  0.822662  0.783263  0.734624  0.692553  0.639068  0.586941  0.536607  0.486748  0.432963  0.382781  0.330943  0.278719  0.236246  0.196387  0.153707  0.126962  
0.0420121  0.91637  0.946247  0.966671  0.98321  0.990166  0.999473  0.994922  0.992727  0.985062  0.965163  0.942146  0.91729  0.889195  0.851188  0.810439  0.769366  0.724531  0.675285  0.627882  0.575415  0.52395  0.471807  0.419128  0.366624  0.323842  0.26815  0.225773  0.182216  0.149169  
0.0381854  0.899367  0.929579  0.95165  0.976657  0.987565  0.99666  0.999418  0.998322  0.990601  0.978089  0.958238  0.9361  0.909612  0.877747  0.843071  0.795569  0.757096  0.709351  0.655075  0.608003  0.56121  0.508997  0.451493  0.4012  0.351049  0.302011  0.25572  0.208781  0.170692  
0.0346641  0.874798  0.91178  0.940784  0.95938  0.978466  0.991825  0.997345  0.996996  0.999245  0.985471  0.973448  0.952035  0.927781  0.896173  0.86382  0.82634  0.782719  0.73972  0.697598  0.642876  0.591196  0.537755  0.484897  0.43431  0.382072  0.332258  0.285763  0.239477  0.196617  
0.0313951  0.859669  0.89202  0.920341  0.947686  0.967173  0.986371  0.995101  0.999445  0.999753  0.993868  0.981745  0.964538  0.944312  0.912635  0.884276  0.846578  0.809974  0.766358  0.719966  0.671299  0.620246  0.565854  0.517014  0.464636  0.412582  0.363553  0.311875  0.265348  0.22235  
0.028379  0.838242  0.873378  0.907559  0.935968  0.959403  0.976731  0.991145  0.997908  0.999506  0.997665  0.984332  0.97453  0.951973  0.926689  0.900773  0.862972  0.829103  0.786454  0.743997  0.693921  0.64703  0.603301  0.549008  0.493988  0.442103  0.389514  0.341112  0.293066  0.245652  
0.0256063  0.819029  0.859212  0.892062  0.920406  0.949844  0.969154  0.984532  0.99567  0.999648  0.998107  0.991431  0.979577  0.968533  0.940941  0.915308  0.888715  0.84972  0.809377  0.767623  0.721002  0.67225  0.620455  0.573214  0.518299  0.467379  0.414685  0.364898  0.316497  0.268808  
0.0230532  0.798659  0.842226  0.876546  0.909903  0.936017  0.957354  0.979003  0.989178  0.999998  0.999965  0.994939  0.987459  0.972973  0.953399  0.92646  0.898804  0.867135  0.829339  0.788977  0.742829  0.695144  0.648552  0.595906  0.544151  0.4911  0.440214  0.388477  0.342887  0.290696  
0.0207062  0.783484  0.824989  0.861586  0.899715  0.924909  0.949018  0.971067  0.983967  0.996603  0.997532  0.999961  0.993717  0.979868  0.964122  0.941825  0.912011  0.881422  0.845028  0.806314  0.763439  0.717318  0.667813  0.617197  0.563443  0.517415  0.46457  0.410183  0.361696  0.309098  
0.0185569  0.764183  0.808469  0.848234  0.8859  0.915743  0.939782  0.963806  0.9821  0.99261  0.999398  0.999015  0.99509  0.988404  0.971138  0.948502  0.91975  0.892963  0.860504  0.822633  0.779267  0.733949  0.685458  0.637983  0.58825  0.535043  0.483087  0.42988  0.379044  0.33096  
0.0165939  0.749688  0.792537  0.83616  0.870605  0.911445  0.931807  0.95411  0.975317  0.989099  0.99753  0.999742  0.996876  0.98777  0.97548  0.958429  0.932887  0.90412  0.870889  0.833753  0.795211  0.749344  0.703594  0.652674  0.604444  0.550955  0.501223  0.450923  0.396185  0.347932  
0.0147888  0.732696  0.784034  0.822686  0.859427  0.893657  0.922536  0.950392  0.97216  0.984358  0.997281  0.999867  0.999978  0.995471  0.985562  0.962949  0.940779  0.915436  0.884918  0.848362  0.80625  0.762973  0.71917  0.671551  0.622289  0.56986  0.51808  0.466302  0.41107  0.363496  
0.0131539  0.719923  0.765875  0.811099  0.849485  0.88351  0.915602  0.942471  0.964365  0.983879  0.99444  0.998799  0.999777  0.993628  0.984414  0.967032  0.947756  0.924956  0.892017  0.859726  0.821394  0.778128  0.733934  0.683369  0.634785  0.586875  0.534672  0.48141  0.427179  0.377502  
0.0116596  0.705821  0.758133  0.798508  0.8395  0.87514  0.905227  0.937241  0.961226  0.979043  0.99284  0.996511  0.996271  0.997199  0.989409  0.974809  0.95563  0.931518  0.904477  0.869189  0.828776  0.789426  0.747508  0.696828  0.651888  0.599362  0.543798  0.49702  0.443122  0.391736  
0.0103098  0.696092  0.739972  0.788257  0.828036  0.866813  0.899466  0.928985  0.95404  0.973372  0.985231  0.996868  0.998622  0.997427  0.990863  0.978174  0.958411  0.937759  0.90828  0.876846  0.839145  0.800471  0.752733  0.71121  0.658859  0.60892  0.56076  0.507611  0.453918  0.402827  
0.00908939  0.684053  0.733867  0.777848  0.819889  0.859175  0.892673  0.921737  0.949089  0.969805  0.985141  0.992313  0.999713  0.999391  0.993173  0.980962  0.964167  0.941042  0.915229  0.880739  0.847975  0.810378  0.766174  0.718922  0.67212  0.620113  0.571108  0.519135  0.466008  0.413839  
0.00797832  0.675835  0.726499  0.769623  0.810984  0.851133  0.885962  0.917507  0.946736  0.965512  0.982355  0.993201  0.999467  0.999658  0.993688  0.983903  0.966651  0.946477  0.922201  0.890731  0.851065  0.817949  0.766441  0.729781  0.683685  0.631565  0.58469  0.529379  0.473891  0.424412  
0.00698807  0.666799  0.715951  0.760744  0.807163  0.842605  0.882464  0.912713  0.942106  0.962587  0.98033  0.991749  0.99998  0.999874  0.996076  0.986277  0.969255  0.951562  0.926403  0.897224  0.86151  0.824496  0.781207  0.738218  0.689031  0.641515  0.589063  0.53871  0.484368  0.433095  
0.0060943  0.659465  0.711601  0.7544  0.793765  0.838363  0.877529  0.907433  0.93567  0.958825  0.978016  0.990025  0.999307  0.999933  0.998547  0.989298  0.970763  0.954422  0.92767  0.901735  0.867144  0.830318  0.789312  0.745052  0.699158  0.650165  0.600525  0.547413  0.494399  0.442086  
0.00529842  0.650346  0.7011  0.747895  0.791931  0.831916  0.870402  0.902338  0.931327  0.957138  0.974807  0.987184  0.997168  0.998369  0.997502  0.993589  0.976583  0.957616  0.934787  0.905501  0.873295  0.835084  0.796173  0.749754  0.705396  0.656275  0.605704  0.554832  0.502167  0.448174  
0.00458444  0.645082  0.69447  0.742406  0.786194  0.826979  0.865268  0.898437  0.927456  0.952872  0.973605  0.987344  0.996548  0.99973  0.999645  0.991917  0.978911  0.960222  0.939816  0.910183  0.879182  0.840404  0.800336  0.757709  0.711715  0.663364  0.612774  0.561512  0.510001  0.45671  
0.00394941  0.640101  0.687218  0.737135  0.781483  0.822631  0.863323  0.895105  0.925828  0.950174  0.96962  0.98552  0.996689  0.999908  0.999325  0.992138  0.979627  0.962598  0.939411  0.913506  0.882942  0.845172  0.809636  0.763106  0.71499  0.668837  0.618787  0.567043  0.513739  0.462863  
0.00338795  0.63526  0.684578  0.73213  0.776441  0.819336  0.856345  0.892428  0.92249  0.948428  0.969183  0.984391  0.997843  0.999699  0.999477  0.992952  0.981903  0.964591  0.941347  0.916473  0.881693  0.849661  0.810476  0.767889  0.722384  0.674344  0.627253  0.572451  0.518722  0.468076  
0.00289289  0.631399  0.680232  0.730003  0.773121  0.815494  0.854468  0.887517  0.919652  0.946046  0.967229  0.984623  0.994078  0.999743  0.999242  0.992787  0.982658  0.966435  0.945099  0.918543  0.888027  0.851334  0.814016  0.770014  0.726372  0.678964  0.628309  0.575715  0.525224  0.473334  
0.00245593  0.626445  0.67657  0.724315  0.769213  0.812418  0.854089  0.88677  0.917782  0.944354  0.964092  0.982245  0.993777  0.999198  0.999971  0.99429  0.983675  0.968025  0.947646  0.920916  0.892602  0.855629  0.816927  0.775302  0.727623  0.682335  0.63319  0.580992  0.530122  0.476924  
0.00207427  0.62311  0.670922  0.721068  0.765252  0.80961  0.848941  0.884505  0.915961  0.942515  0.962984  0.981157  0.991888  0.998871  0.999759  0.994893  0.983021  0.96924  0.946613  0.922952  0.89293  0.858183  0.820016  0.777946  0.730818  0.685455  0.635117  0.58479  0.531982  0.480436  
0.00174112  0.619885  0.66994  0.718166  0.765065  0.807106  0.84659  0.882343  0.912664  0.94109  0.962403  0.980406  0.991262  0.998695  0.997452  0.995299  0.985326  0.970362  0.951125  0.924509  0.895231  0.860398  0.823562  0.780448  0.735119  0.688109  0.639201  0.58805  0.536201  0.483587  
0.00145263  0.617349  0.66669  0.715701  0.762726  0.804738  0.846905  0.880693  0.913022  0.939595  0.960049  0.979676  0.991738  0.998483  0.998478  0.995577  0.986561  0.971179  0.951993  0.926238  0.895395  0.862254  0.823097  0.782608  0.7386  0.690897  0.64353  0.590466  0.534779  0.486517  
0.0012038  0.614871  0.666237  0.713575  0.759412  0.802869  0.842986  0.879038  0.910733  0.938455  0.96082  0.978906  0.991883  0.998342  0.999851  0.995965  0.986451  0.971894  0.951719  0.927182  0.897604  0.863864  0.824648  0.784707  0.740094  0.692947  0.643115  0.59274  0.541731  0.488767  
0.000990027  0.612904  0.663666  0.711863  0.757762  0.801422  0.842368  0.877836  0.912164  0.937539  0.959359  0.978324  0.992426  0.998133  0.999824  0.996189  0.986009  0.972511  0.95289  0.928382  0.899059  0.865175  0.827016  0.786468  0.742249  0.694682  0.64575  0.594722  0.543232  0.490631  
0.000807782  0.611609  0.662858  0.710362  0.757823  0.799951  0.840319  0.876741  0.906507  0.936804  0.960653  0.977805  0.990896  0.99795  0.999943  0.996451  0.987726  0.973144  0.955191  0.92912  0.897918  0.866533  0.826637  0.787689  0.743034  0.696508  0.646111  0.596389  0.544695  0.492348  
0.00065359  0.610009  0.660928  0.708924  0.755046  0.798892  0.838417  0.875629  0.908311  0.936056  0.959792  0.977427  0.991043  0.99786  0.999312  0.996596  0.987714  0.973615  0.953985  0.929817  0.8987  0.867327  0.830491  0.788871  0.74396  0.697791  0.648083  0.597881  0.546432  0.493841  
0.000523737  0.608747  0.659327  0.707786  0.753352  0.797862  0.838497  0.874799  0.907382  0.935481  0.958944  0.977042  0.992232  0.997748  0.999831  0.99672  0.987283  0.973994  0.954583  0.930601  0.901414  0.868199  0.831088  0.789936  0.746453  0.698873  0.650924  0.599214  0.548801  0.495178  
0.000415611  0.607709  0.657692  0.70699  0.75398  0.797063  0.83774  0.874225  0.907245  0.934919  0.958088  0.976755  0.989597  0.997645  0.999976  0.996856  0.988557  0.974307  0.955289  0.930967  0.901768  0.868951  0.831764  0.790782  0.747122  0.699856  0.650899  0.600184  0.547837  0.496164  
0.000325942  0.606976  0.658018  0.706217  0.75236  0.796367  0.836746  0.873602  0.906016  0.93456  0.958148  0.976456  0.989224  0.997574  0.999666  0.996928  0.989244  0.97455  0.955027  0.93145  0.902573  0.869499  0.832433  0.791396  0.747276  0.700599  0.651611  0.601006  0.548967  0.496866  
0.000252356  0.606065  0.657288  0.705491  0.751525  0.795872  0.834335  0.873311  0.906046  0.93416  0.957546  0.976283  0.990066  0.997293  0.999842  0.997134  0.9889  0.974586  0.95591  0.932024  0.902976  0.870054  0.833074  0.791979  0.747152  0.700982  0.653172  0.601506  0.548374  0.497634  
0.000193016  0.60685  0.656227  0.704707  0.751534  0.794819  0.835878  0.872299  0.905692  0.933561  0.95753  0.975707  0.989481  0.997483  0.999904  0.996023  0.988773  0.97549  0.956031  0.932422  0.903523  0.871919  0.833147  0.791976  0.748423  0.701564  0.652913  0.60165  0.550452  0.501355  
0.000145232  0.605308  0.655767  0.704603  0.750798  0.795028  0.835403  0.872487  0.905027  0.933672  0.95756  0.975959  0.989901  0.997402  0.999915  0.997112  0.988819  0.975096  0.956589  0.93234  0.903981  0.870637  0.833361  0.792776  0.748308  0.702107  0.653012  0.602623  0.551118  0.498656  
0.000107438  0.604942  0.655576  0.70431  0.751026  0.794698  0.835536  0.872257  0.90503  0.933513  0.957711  0.975841  0.989573  0.997365  0.999826  0.997148  0.989978  0.975177  0.956263  0.932526  0.90425  0.870896  0.834085  0.793072  0.749512  0.702463  0.654705  0.602969  0.551192  0.499008  
7.79491e-05  0.604654  0.655291  0.70404  0.750452  0.794491  0.835137  0.872052  0.904995  0.933385  0.957101  0.975751  0.989323  0.997341  0.999928  0.997182  0.988997  0.975305  0.956436  0.932638  0.904091  0.871071  0.833949  0.793304  0.749281  0.702704  0.653905  0.603241  0.551568  0.499281  
5.53308e-05  0.604458  0.655513  0.703831  0.750391  0.794316  0.835014  0.871915  0.904895  0.933286  0.95694  0.975687  0.989086  0.997323  0.999999  0.997204  0.989188  0.975363  0.956713  0.932755  0.904245  0.871231  0.834414  0.79349  0.749429  0.702893  0.654082  0.603445  0.551775  0.49948  
3.82985e-05  0.604309  0.65473  0.7037  0.750322  0.794179  0.835026  0.87182  0.90472  0.933194  0.956599  0.975639  0.989142  0.997298  0.999998  0.997221  0.988971  0.975415  0.956628  0.932839  0.904458  0.871327  0.834387  0.793603  0.749789  0.70304  0.654193  0.603606  0.551698  0.499638  
2.57455e-05  0.604191  0.654714  0.703587  0.750239  0.794085  0.834524  0.871734  0.904665  0.933132  0.956878  0.975602  0.989042  0.997286  0.999961  0.997234  0.988972  0.975456  0.956639  0.932893  0.904338  0.871411  0.834358  0.793695  0.749853  0.703144  0.654269  0.603717  0.552049  0.499755  
1.67209e-05  0.604107  0.654655  0.703512  0.750183  0.794021  0.834658  0.871677  0.904566  0.933092  0.956832  0.975578  0.989113  0.997278  0.999973  0.997244  0.989075  0.975479  0.956618  0.932933  0.904373  0.871467  0.834408  0.793766  0.749875  0.703225  0.654342  0.6038  0.552127  0.499843  
1.04258e-05  0.604052  0.654608  0.703458  0.750127  0.793972  0.834578  0.871637  0.904571  0.933061  0.956788  0.975559  0.989104  0.997271  0.999997  0.997251  0.989048  0.975499  0.956731  0.932964  0.904481  0.871506  0.834516  0.793813  0.749839  0.703278  0.654342  0.60386  0.552193  0.4999  
6.18812e-06  0.604013  0.65454  0.703422  0.750107  0.79394  0.834489  0.871612  0.904529  0.933042  0.956762  0.975544  0.989038  0.997266  0.999968  0.997256  0.989077  0.97551  0.956645  0.932985  0.904504  0.871534  0.834544  0.793847  0.750122  0.703316  0.654379  0.603899  0.552222  0.499942  
3.45627e-06  0.603988  0.654516  0.703398  0.750033  0.793919  0.834583  0.871594  0.904498  0.933029  0.956787  0.975538  0.989089  0.997264  1  0.997257  0.989051  0.975518  0.956739  0.932996  0.904508  0.87155  0.834538  0.793866  0.750004  0.703338  0.654507  0.603924  0.55221  0.499968  
1.78712e-06  0.603972  0.654578  0.703384  0.750022  0.793906  0.834627  0.871584  0.904476  0.933021  0.956775  0.975533  0.989006  0.997263  0.999994  0.99726  0.989093  0.975523  0.956713  0.933004  0.9045  0.871561  0.834557  0.793879  0.750006  0.703353  0.654491  0.603939  0.552249  0.499983  
8.36078e-07  0.603963  0.654505  0.703375  0.749996  0.793899  0.834566  0.871578  0.904525  0.933017  0.956777  0.975531  0.989073  0.997262  0.999999  0.99726  0.989082  0.975526  0.956757  0.933009  0.90451  0.871567  0.834569  0.793886  0.749999  0.703361  0.654493  0.603948  0.552265  0.499992  
3.41164e-07  0.603959  0.654508  0.703371  0.750009  0.793895  0.834575  0.871575  0.904522  0.933014  0.956764  0.975529  0.989073  0.997261  1  0.997261  0.989076  0.975527  0.956775  0.933011  0.90451  0.87157  0.834559  0.79389  0.749991  0.703365  0.65452  0.603953  0.55227  0.499997  
1.14379e-07  0.603957  0.654509  0.703369  0.750003  0.793893  0.834567  0.871573  0.904511  0.933013  0.95677  0.975529  0.989072  0.997261  1  0.997261  0.989075  0.975528  0.956769  0.933012  0.904508  0.871572  0.834563  0.793892  0.75  0.703367  0.654506  0.603955  0.552265  0.499999  
2.81692e-08  0.603956  0.65451  0.703368  0.750004  0.793893  0.834567  0.871573  0.90451  0.933013  0.956769  0.975528  0.989072  0.997261  0.999996  0.997261  0.989074  0.975528  0.956777  0.933013  0.904505  0.871572  0.83456  0.793892  0.75  0.703368  0.654498  0.603956  0.552262  0.5  
3.99989e-09  0.603956  0.654507  0.703368  0.750001  0.793893  0.834567  0.871572  0.904508  0.933013  0.956769  0.975528  0.989072  0.997261  0.999999  0.997261  0.989076  0.975528  0.956772  0.933013  0.904507  0.871572  0.834562  0.793893  0.749999  0.703368  0.654506  0.603956  0.552265  0.5  
1.54809e-10  0.603955  0.654511  0.703368  0.750002  0.793893  0.83456  0.871573  0.904516  0.933013  0.956773  0.975528  0.989082  0.99726  0.999991  0.997261  0.989074  0.975529  0.956771  0.933012  0.904508  0.871572  0.834562  0.793892  0.749998  0.703368  0.654526  0.603956  0.552267  0.5  
