0.391827  0.149538  0.5  0.5  0.5  0.5  0.5  0.5  0.5  0.5  0.5  0.5  
0.391827  0.149538  0.5  0.5  0.5  0.5  0.5  0.5  0.5  0.5  0.5  0.5  
0.147362  0.0699108  0.5  0.5  0.5  0.5  0.5  0.5  0.5  0.5  0.5  0.5  
0.719563  0.0183039  0.5  0.5  0.5  0.5  0.5  0.5  0.5  0.5  0.5  0.5  
0.0640908  0.385842  0.5  0.5  0.5  0.5  0.5  0.5  0.5  0.5  0.5  0.5  
0.552052  0.478171  0.5  0.5  0.5  0.5  0.5  0.5  0.5  0.5  0.5  0.5  
0.255442  0.164629  0.5  0.5  0.5  0.5  0.5  0.5  0.5  0.5  0.5  0.5  
0.873092  0.736449  0.5  0.5  0.5  0.5  0.5  0.5  0.5  0.5  0.5  0.5  
0.029988  0.134374  0.5  0.5  0.5  0.5  0.5  0.5  0.5  0.5  0.5  0.5  
0.469724  0.63482  0.5  0.5  0.5  0.5  0.5  0.5  0.5  0.5  0.5  0.5  
0.197977  0.0194634  0.5  0.5  0.5  0.5  0.5  0.5  0.5  0.5  0.5  0.5  
0.799175  0.378784  0.5  0.5  0.5  0.5  0.5  0.5  0.5  0.5  0.5  0.5  
0.102975  0.105904  0.5  0.5  0.5  0.5  0.5  0.5  0.5  0.5  0.5  0.5  
0.636292  0.0331166  0.5  0.5  0.5  0.5  0.5  0.5  0.5  0.5  0.5  0.5  
0.320108  0.0177504  0.5  0.5  0.5  0.5  0.5  0.5  0.5  0.5  0.5  0.5  
0.940156  0.222381  0.5  0.5  0.5  0.5  0.5  0.5  0.5  0.5  0.5  0.5  
0.0145182  0.18803  0.5  0.5  0.5  0.5  0.5  0.5  0.5  0.5  0.5  0.5  
0.430091  0.100125  0.5  0.5  0.5  0.5  0.5  0.5  0.5  0.5  0.5  0.5  
0.171849  0.00118899  0.5  0.5  0.5  0.5  0.5  0.5  0.5  0.5  0.5  0.5  
0.759971  0.0507477  0.5  0.5  0.5  0.5  0.5  0.5  0.5  0.5  0.5  0.5  
0.0828904  0.00388851  0.5  0.5  0.5  0.5  0.5  0.5  0.5  0.5  0.5  0.5  
0.594108  0.000479053  0.5  0.5  0.5  0.5  0.5  0.5  0.5  0.5  0.5  0.5  
0.286868  0.0148058  0.5  0.5  0.5  0.5  0.5  0.5  0.5  0.5  0.5  0.5  
0.90752  0.102238  0.5  0.5  0.5  0.5  0.5  0.5  0.5  0.5  0.5  0.5  
0.0464853  0.0209816  0.5  0.5  0.5  0.5  0.5  0.5  0.5  0.5  0.5  0.5  
0.510474  0.107549  0.5  0.5  0.5  0.5  0.5  0.5  0.5  0.5  0.5  0.5  
0.225823  0.0192916  0.5  0.5  0.5  0.5  0.5  0.5  0.5  0.5  0.5  0.5  
0.836937  0.618605  0.5  0.5  0.5  0.5  0.5  0.5  0.5  0.5  0.5  0.5  
0.124432  0.00141363  0.5  0.5  0.5  0.5  0.5  0.5  0.5  0.5  0.5  0.5  
0.678226  0.216729  0.5  0.5  0.5  0.5  0.5  0.5  0.5  0.5  0.5  0.5  
0.355119  0.0373921  0.5  0.5  0.5  0.5  0.5  0.5  0.5  0.5  0.5  0.5  
0.970978  0.0181688  0.5  0.5  0.5  0.5  0.5  0.5  0.5  0.5  0.5  0.5  
0.00916055  0.990965  0.5  0.5  0.5  0.5  0.5  0.5  0.5  0.5  0.5  0.5  
0.410774  0.523909  0.5  0.5  0.5  0.5  0.5  0.5  0.5  0.5  0.5  0.5  
0.163543  0.995522  0.5  0.5  0.5  0.5  0.5  0.5  0.5  0.5  0.5  0.5  
0.739906  0.00130042  0.5  0.5  0.5  0.5  0.5  0.5  0.5  0.5  0.5  0.5  
0.0942602  0.57253  0.5  0.5  0.5  0.5  0.5  0.5  0.5  0.5  0.5  0.5  
0.573042  0.494836  0.5  0.5  0.5  0.5  0.5  0.5  0.5  0.5  0.5  0.5  
0.270927  0.000312607  0.5  0.5  0.5  0.5  0.5  0.5  0.5  0.5  0.5  0.5  
0.890528  0.658763  0.5  0.5  0.5  0.5  0.5  0.5  0.5  0.5  0.5  0.5  
0.0603355  0.590871  0.5  0.5  0.5  0.5  0.5  0.5  0.5  0.5  0.5  0.5  
0.489977  0.0561808  0.5  0.5  0.5  0.5  0.5  0.5  0.5  0.5  0.5  0.5  
0.257059  0.153647  0.5  0.5  0.5  0.5  0.5  0.5  0.5  0.5  0.5  0.5  
0.818251  0.987437  0.5  0.5  0.5  0.5  0.5  0.5  0.5  0.5  0.5  0.5  
0.175561  0.518019  0.5  0.5  0.5  0.5  0.5  0.5  0.5  0.5  0.5  0.5  
0.657311  0.60108  0.5  0.5  0.5  0.5  0.5  0.5  0.5  0.5  0.5  0.5  
0.37815  0.858306  0.5  0.5  0.5  0.5  0.5  0.5  0.5  0.5  0.5  0.5  
0.955793  0.0213291  0.5  0.5  0.5  0.5  0.5  0.5  0.5  0.5  0.5  0.5  
0.0475031  0.997738  0.5  0.5  0.5  0.5  0.5  0.5  0.5  0.5  0.5  0.5  
0.467331  0.857868  0.5  0.5  0.5  0.5  0.5  0.5  0.5  0.5  0.5  0.5  
0.298618  0.534747  0.5  0.5  0.5  0.5  0.5  0.5  0.5  0.5  0.5  0.5  
0.779743  0.559347  0.5  0.5  0.5  0.5  0.5  0.5  0.5  0.5  0.5  0.5  
0.193832  0.986564  0.5  0.5  0.5  0.5  0.5  0.5  0.5  0.5  0.5  0.5  
0.615206  0.283447  0.5  0.5  0.5  0.5  0.5  0.5  0.5  0.5  0.5  0.5  
0.439799  0.566178  0.5  0.5  0.5  0.5  0.5  0.5  0.5  0.5  0.5  0.5  
0.924065  0.0213291  0.5  0.5  0.5  0.5  0.5  0.5  0.5  0.5  0.5  0.5  
0.1439  0.982916  0.5  0.5  0.5  0.5  0.5  0.5  0.5  0.5  0.5  0.5  
0.589047  0.627982  0.5  0.5  0.5  0.5  0.5  0.5  0.5  0.5  0.5  0.5  
0.434072  0.242587  0.5  0.5  0.5  0.5  0.5  0.5  0.5  0.5  0.5  0.5  
0.855224  0.0202223  0.5  0.5  0.5  0.5  0.5  0.5  0.5  0.5  0.5  0.5  
0.329584  0.604428  0.5  0.5  0.5  0.5  0.5  0.5  0.5  0.5  0.5  0.5  
0.69899  0.107549  0.5  0.5  0.5  0.5  0.5  0.5  0.5  0.5  0.5  0.5  
0.575009  0.999994  0.5  0.5  0.5  0.5  0.5  0.5  0.5  0.5  0.5  0.5  
0.985712  0.269639  0.5  0.5  0.5  0.5  0.5  0.5  0.5  0.5  0.5  0.5  
0.0140645  0.997258  0.5  0.5  0.5  0.5  0.5  0.5  0.5  0.5  0.5  0.5  
0.624487  0.62493  0.5  0.5  0.5  0.5  0.5  0.5  0.5  0.5  0.5  0.5  
0.425445  0.957877  0.5  0.5  0.5  0.5  0.5  0.5  0.5  0.5  0.5  0.5  
0.750268  0.483503  0.5  0.5  0.5  0.5  0.5  0.5  0.5  0.5  0.5  0.5  
0.26472  0.977347  0.5  0.5  0.5  0.5  0.5  0.5  0.5  0.5  0.5  0.5  
0.727852  0.383046  0.5  0.5  0.5  0.5  0.5  0.5  0.5  0.5  0.5  0.5  
0.602219  0.931313  0.5  0.5  0.5  0.5  0.5  0.5  0.5  0.5  0.5  0.5  
0.881865  0.175999  0.5  0.5  0.5  0.5  0.5  0.5  0.5  0.5  0.5  0.5  
0.172927  0.938083  0.5  0.5  0.5  0.5  0.5  0.5  0.5  0.5  0.5  0.5  
0.745472  0.564479  0.5  0.5  0.5  0.5  0.5  0.5  0.5  0.5  0.5  0.5  
0.603848  0.122966  0.5  0.5  0.5  0.5  0.5  0.5  0.5  0.5  0.5  0.5  
0.834075  0.556499  0.5  0.5  0.5  0.5  0.5  0.5  0.5  0.5  0.5  0.5  
0.479978  0.612954  0.5  0.5  0.5  0.5  0.5  0.5  0.5  0.5  0.5  0.5  
0.823871  0.32199  0.5  0.5  0.5  0.5  0.5  0.5  0.5  0.5  0.5  0.5  
0.746817  0.754914  0.5  0.5  0.5  0.5  0.5  0.5  0.5  0.5  0.5  0.5  
0.948032  0.644997  0.5  0.5  0.5  0.5  0.5  0.5  0.5  0.5  0.5  0.5  
0.146342  0.694668  0.5  0.5  0.5  0.5  0.5  0.5  0.5  0.5  0.5  0.5  
0.819431  0.650163  0.5  0.5  0.5  0.5  0.5  0.5  0.5  0.5  0.5  0.5  
0.699584  0.344483  0.5  0.5  0.5  0.5  0.5  0.5  0.5  0.5  0.5  0.5  
0.889707  0.713763  0.5  0.5  0.5  0.5  0.5  0.5  0.5  0.5  0.5  0.5  
0.576237  0.566178  0.5  0.5  0.5  0.5  0.5  0.5  0.5  0.5  0.5  0.5  
0.886451  0.650163  0.5  0.5  0.5  0.5  0.5  0.5  0.5  0.5  0.5  0.5  
0.833586  0.290193  0.5  0.5  0.5  0.5  0.5  0.5  0.5  0.5  0.5  0.5  
0.929265  0.283404  0.5  0.5  0.5  0.5  0.5  0.5  0.5  0.5  0.5  0.5  
0.526831  0.799809  0.5  0.5  0.5  0.5  0.5  0.5  0.5  0.5  0.5  0.5  
0.910795  0.304328  0.5  0.5  0.5  0.5  0.5  0.5  0.5  0.5  0.5  0.5  
0.863601  0.232871  0.5  0.5  0.5  0.5  0.5  0.5  0.5  0.5  0.5  0.5  
0.94906  0.0586138  0.5  0.5  0.5  0.5  0.5  0.5  0.5  0.5  0.5  0.5  
0.834649  0.663923  0.5  0.5  0.5  0.5  0.5  0.5  0.5  0.5  0.5  0.5  
0.954293  0.00920232  0.5  0.5  0.5  0.5  0.5  0.5  0.5  0.5  0.5  0.5  
0.940811  0.904988  0.5  0.5  0.5  0.5  0.5  0.5  0.5  0.5  0.5  0.5  
0.978402  0.0929123  0.5  0.5  0.5  0.5  0.5  0.5  0.5  0.5  0.5  0.5  
0.430986  0.640068  0.5  0.5  0.5  0.5  0.5  0.5  0.5  0.5  0.5  0.5  
0.97362  0.444949  0.5  0.5  0.5  0.5  0.5  0.5  0.5  0.5  0.5  0.5  
0.966603  0.0213291  0.5  0.5  0.5  0.5  0.5  0.5  0.5  0.5  0.5  0.5  
0.994136  0.281054  0.5  0.5  0.5  0.5  0.5  0.5  0.5  0.5  0.5  0.5  
