0.70387  1.3939  2.1094  2.83395  9.99996  11.9994  13.9997  16  1.32592e-06  4.06865e-07  21.9999  8.35049e-07  6.82501e-05  27.9985  0.000334072  31.9999  1.81013e-05  35.9999  37.9995  0.000164455  0.000758449  0.000955491  9.53041e-05  47.9997  
0.729679  1.41248  2.1218  2.98033  9.99999  11.9995  13.9999  16  3.53459e-05  1.48788e-06  21.9999  1.00565e-05  0.00026854  27.9978  0.000147669  32  1.15204e-05  35.9999  37.9993  6.76836e-05  0.000933732  2.84926e-05  0.000107563  48  
0.692483  1.42255  2.22497  3.07773  9.99969  11.9996  13.9977  16  3.14829e-05  6.46625e-07  21.9999  9.85644e-06  0.000155005  27.999  0.000113677  32  0.000217385  36  37.9991  0.000268687  8.6463e-05  0.00151626  6.18781e-05  47.997  
0.656672  1.38142  2.0501  2.87983  9.9995  11.9993  13.9994  16  5.23591e-05  1.14696e-06  21.9999  1.09082e-05  0.000334376  27.9989  0.000298117  31.9999  0.000635045  36  37.9993  0.000690791  0.000658705  0.00256154  0.000103999  47.999  
0.713281  1.41283  2.10947  2.38936  9.99937  11.9992  13.9994  16  0.000115608  2.1153e-06  21.9999  1.56577e-05  0.000699694  27.9986  0.000309194  31.9999  0.000803199  35.9999  37.9996  0.000707785  0.00125233  0.00163511  0.000118149  47.9995  
0.681994  1.55042  2.20274  3.05196  9.99949  11.9999  13.9993  16  0.000189073  2.62071e-06  21.9998  2.36841e-05  0.0005537  27.998  0.000106219  31.9999  0.000131754  35.9999  37.999  0.00123929  0.0017004  0.000863637  7.28026e-05  47.9986  
0.72177  1.34358  2.04998  3.39871  9.99957  11.9998  13.999  16  7.45881e-05  7.31257e-07  21.9998  3.71026e-06  0.000205821  27.9986  3.04232e-06  31.9999  0.000786178  36  37.9991  0.00112126  0.000867356  0.00166563  1.39666e-05  47.9998  
0.630375  1.51328  2.17795  2.7592  9.99943  11.9997  13.9984  16  0.000121033  4.58667e-07  21.9998  5.2412e-06  0.000153121  27.9993  0.000479024  31.9998  0.000144916  36  37.9993  0.00143283  0.00134984  0.00271763  4.8284e-05  47.998  
0.707532  1.41768  2.46729  3.59111  9.99982  11.9999  13.9957  16  1.15571e-05  5.29755e-07  21.9999  2.28221e-06  3.33316e-05  27.9984  1.13526e-07  31.9999  0.000547763  36  37.9986  0.000548102  0.000138978  0.00105879  1.12071e-05  47.995  
0.674734  1.5934  2.46099  2.69857  9.99886  11.9994  13.9988  16  0.000332197  5.57182e-06  21.9999  6.7545e-05  0.00161219  27.9972  0.000865508  31.9995  0.00113231  35.9999  37.9977  0.00224798  0.00449256  0.00174116  0.000213483  47.9993  
0.668054  1.45376  2.33839  3.58941  9.99971  11.9998  13.9957  16  1.89199e-05  6.53504e-07  22  1.42319e-05  0.00013956  27.9991  2.23847e-07  32  0.000194772  36  37.9985  0.000333938  0.000583496  0.00183617  7.59471e-05  47.9948  
0.633126  1.62355  2.20496  2.99565  9.99924  12  13.9998  16  0.00020855  2.64183e-06  21.9998  1.44939e-05  0.000648597  27.9978  6.64465e-05  31.9999  8.13353e-05  35.9999  37.9989  0.00133426  0.00153379  0.00123774  0.000103993  47.9982  
0.689418  1.47299  1.77732  2.42471  9.99991  11.9991  13.9945  16  9.92841e-05  4.04614e-06  22  3.23199e-06  3.91457e-07  27.9993  3.77379e-08  31.9999  0.000263501  36  37.997  0.000307783  2.2126e-05  0.00548402  1.48708e-06  47.995  
0.63433  1.60919  2.22478  2.79265  9.99814  11.9991  13.9996  15.9999  0.00071564  1.34435e-05  21.9998  0.00015996  0.00357047  27.9938  0.000863699  31.9998  3.66676e-05  35.9997  37.9922  0.000528427  0.00949887  2.20972e-05  0.000610466  47.9985  
0.748629  1.28849  1.90577  3.49506  9.99951  11.9995  13.9996  16  0.000102422  2.04611e-06  21.9997  3.44323e-06  0.000238951  27.9984  4.45155e-06  31.9998  0.00108188  36  37.9983  0.00151492  0.00100929  0.00241072  1.98231e-06  47.9999  
0.521352  1.4211  2.14386  2.87587  9.99924  11.9992  13.992  16  2.74575e-05  4.08492e-06  22  4.83998e-05  1.6627e-06  27.9988  1.24172e-06  31.9996  0.00597055  36  37.9955  0.00226323  0.000617065  0.00348207  1.04989e-05  47.9897  
0.696519  1.38903  1.51712  2.39888  9.99639  11.9895  13.9917  16  9.53236e-05  1.60316e-07  21.9999  7.23839e-06  0.000245256  27.9999  0.00343465  31.9975  0.00993354  36  37.9997  0.000757026  9.30734e-05  0.0145806  0.000121339  47.9999  
0.639175  1.60684  2.90529  2.86982  9.99866  11.9997  13.9992  16  4.81359e-05  7.90358e-07  21.9998  1.11402e-06  0.00386488  27.9928  0.0016781  31.9998  0.000201046  35.9997  37.9965  0.000246747  0.0097583  0.000673828  0.000692783  47.9993  
0.658992  1.35103  2.66551  3.85137  9.99918  11.9997  13.9996  16  0.000112511  5.97289e-07  21.9999  2.78487e-05  0.000857552  27.9996  0.000306964  32  0.000341535  35.9999  37.9989  0.00109967  0.00217901  0.00214155  0.000149686  47.9995  
0.618334  1.79149  1.96173  2.65503  9.99987  11.9968  13.9965  16  3.53587e-05  2.31369e-06  21.9995  1.12743e-06  1.546e-05  27.9977  1.3259e-05  31.9994  0.000861932  36  37.9998  0.000162051  1.45673e-05  0.00129245  5.95952e-07  47.9847  
0.663222  1.40608  2.55212  4.48742  9.99987  11.9999  13.9973  16  7.50786e-06  1.97156e-07  22  1.61936e-05  2.94131e-05  27.9989  4.45122e-08  32  0.000461485  36  37.9986  4.72465e-05  0.00117702  0.000712938  8.62607e-06  47.9949  
0.835885  1.76206  1.9972  2.38627  9.99894  11.9972  13.9999  16  0.000594986  1.08811e-05  21.9992  1.39495e-05  0.00373671  27.9955  0.000242086  31.9996  0.000638786  35.9998  37.9999  0.00123227  0.0045593  0.00112241  0.00129793  47.9882  
0.70172  1.38949  1.54338  2.57166  9.99957  11.9983  13.9973  16  0.000329703  7.38257e-06  22  5.84895e-06  0.000579214  28  0.000306592  31.9999  0.00337193  36  37.9958  0.00104736  0.00105627  0.00943725  7.66291e-07  47.9999  
0.511833  1.26413  2.04432  2.98021  9.99968  11.993  13.9922  16  0.000199929  2.72057e-06  21.9992  3.58037e-06  3.23313e-05  27.9991  9.53851e-06  31.9987  0.0076537  36  37.9976  0.00246487  4.55038e-06  0.00420773  9.06359e-08  47.9593  
0.733511  1.43367  3.8034  2.48171  9.99784  11.9991  13.9999  15.9979  0.000230571  0.000146064  21.9995  9.19589e-07  0.0041181  27.9893  0.00524802  31.9996  0.00591793  35.9999  37.9869  0.00464768  0.00516332  0.00941283  0.00220422  47.9997  
0.859563  1.21005  2.82683  3.23417  9.99654  11.9992  13.9909  15.9984  4.07007e-05  1.39968e-05  21.9984  0.000356066  0.000643567  27.9979  0.00209163  31.9977  0.00132407  36  37.9884  0.00412964  0.00869551  0.0107661  0.00014938  47.9982  
0.673344  1.69746  1.74153  2.03791  9.99951  11.9987  14  16  0.0007518  9.13884e-06  22  3.99859e-05  0.00279134  27.9953  0.000758557  32  1.50551e-05  35.9998  37.9963  0.000542493  0.00445849  9.60037e-05  0.000493652  47.9979  
0.654157  0.936213  1.89451  2.74356  9.99924  11.9955  13.9889  15.9991  9.99286e-05  1.03928e-06  21.9996  0.00166285  6.44529e-05  27.9948  0.00099684  31.9993  0.00427042  36  37.9988  0.00171393  0.000319854  0.00799382  0.00226738  47.9614  
0.800694  1.36728  4.19317  2.74902  9.99477  11.9999  13.9991  16  0.000398028  3.0352e-06  21.9998  9.15341e-06  0.0048396  27.9894  0.00201434  31.9976  0.00168957  35.9996  37.9972  0.00300748  0.00573668  0.00146624  0.000678272  47.9991  
0.94121  1.85492  2.37792  2.38324  9.99865  11.9974  14  16  0.000605325  9.23386e-06  21.9992  1.0278e-05  0.00566832  27.9925  0.00108052  31.9997  0.000368453  35.9996  38  0.000222351  0.00912991  0.000938471  0.00163908  47.993  
0.723269  1.97713  1.69617  2.16551  9.99974  11.9971  14  16  0.000932456  1.06045e-05  21.9999  1.37245e-05  0.00520016  27.9935  2.64168e-05  31.9999  3.98186e-05  35.9997  37.9999  0.000343483  0.00496098  0.000691667  0.00152848  47.9883  
0.452028  1.82195  2.05116  2.81571  9.99995  11.9906  13.9957  16  0.000471397  1.31067e-05  21.9984  2.81637e-05  0.000815389  27.9951  0.00082043  31.9966  0.0055668  35.9999  37.9967  0.00197836  0.00176664  0.000402649  8.8429e-05  47.9476  
0.696116  1.40589  1.65972  1.24938  9.98708  11.9973  13.9922  16  2.96807e-06  1.33185e-06  22  1.90791e-05  4.05266e-08  27.9991  0.00269737  31.9986  0.00414113  36  37.9959  0.00347202  8.91809e-05  0.00419424  0.000225432  47.9991  
0.812299  1.11137  3.04885  3.73581  9.99913  11.9992  14  15.9999  0.000362693  8.63684e-06  21.9999  1.50534e-06  0.00445808  27.9971  4.95496e-05  32  0.000395037  35.9999  37.9996  0.00041706  0.00332735  0.00131908  0.00111215  47.9933  
0.649571  1.28905  2.61522  1.393  9.99854  11.9991  13.9977  15.9979  2.87762e-05  0.000142993  21.9996  3.56265e-06  0.00306438  27.9908  0.00475668  32  0.005607  36  37.9884  0.00336284  0.00232267  0.00858746  0.00256657  47.9996  
0.725319  0.772256  1.81961  2.53187  9.99901  11.9968  13.9872  15.9986  4.99283e-05  1.98641e-07  21.9998  0.00249249  4.37362e-05  27.9927  0.00149049  31.9997  0.00257878  36  37.9994  0.00133847  0.000477506  0.00723859  0.00340103  47.9625  
0.76914  1.47104  4.46998  3.61662  9.99477  12  13.9992  16  0.0003543  6.82316e-07  21.9999  3.0107e-06  0.000815232  27.9923  0.00177049  31.9994  0.000531651  35.9998  37.9997  0.000114495  0.00477419  0.000480917  0.000329981  47.9983  
0.81756  0.946113  3.06624  3.40412  9.99848  11.9989  13.9953  15.9982  2.39888e-05  2.84124e-07  21.9996  7.15565e-06  0.000113772  27.9857  0.00388461  31.9999  0.00129981  36  37.9999  0.00177757  0.000695316  0.0125058  5.20347e-05  47.9593  
0.602493  1.68933  0.9777  2.58909  9.9999  11.9998  14  16  0.000609042  7.91989e-06  22  4.93336e-05  0.000800312  27.9973  0.000265857  32  1.07001e-06  35.9999  37.9971  6.45919e-05  0.00267965  0.000433656  0.000229359  47.9981  
0.671001  0.599904  2.27625  3.1964  9.99952  11.9996  13.9962  15.9998  1.48274e-05  6.40347e-08  21.9999  9.24795e-05  0.000329152  27.9996  0.00011354  31.9857  0.00438855  36  37.9998  0.00116105  0.000671461  0.0045999  0.000109039  47.9787  
0.675113  1.37754  1.96067  0.473725  9.99992  11.9996  13.9955  15.9992  1.65884e-06  0.000281247  22  0.00027934  0.00396804  27.9998  0.00190949  31.9976  0.00221272  35.9999  37.9761  0.00590898  2.32103e-05  0.00202964  0.00471604  47.9965  
0.575481  2.02077  3.54099  3.38  9.99833  11.9952  13.9994  16  0.000260045  7.46308e-07  21.9994  4.94452e-06  0.00228393  27.987  0.00122714  31.9998  2.51498e-05  35.9999  37.9981  0.00020258  0.000182645  0.00343184  0.000375814  47.9765  
0.696622  1.98559  1.55841  1.44659  9.99973  11.9987  14  16  0.000749719  8.92698e-06  22  3.07807e-05  0.00277648  27.9949  0.000657917  32  3.12337e-07  35.9998  37.9963  0.000542493  0.00402413  9.53678e-05  0.000252393  47.9997  
0.484708  0.932418  2.42489  3.48756  9.99929  11.9976  13.9935  15.9995  1.68392e-05  5.9617e-05  21.9998  0.000575057  7.9648e-05  27.993  0.00063972  31.994  0.00280564  36  37.9962  0.000657706  2.97319e-06  0.00439687  0.00144683  47.9782  
0.868519  1.43103  3.64811  1.42074  9.99825  12  13.9997  16  0.000294603  1.51101e-06  22  1.84516e-06  4.14352e-05  27.9998  0.000568711  31.9998  0.000290379  35.9999  38  0.0905106  0.00240559  0.002038  3.93045e-10  47.9994  
0.626838  2.62242  1.74643  2.16605  9.99841  11.9975  13.9994  15.9999  0.000676285  1.39359e-05  21.9999  0.000199356  0.00122363  27.991  0.00134774  31.9998  3.53983e-05  35.9997  37.9882  0.0136511  0.000463373  0.000514461  0.000298854  47.9997  
0.564659  1.83535  0.949184  2.3737  9.99973  11.9984  13.9978  16  0.000161297  1.18893e-06  21.9999  9.18263e-05  0.000130817  27.9989  5.1692e-05  31.9983  3.68248e-05  35.9999  37.9972  0.000830856  0.00168043  0.000560147  8.90326e-05  47.9989  
0.602217  0.462074  2.12396  3.12991  9.99996  11.999  13.9989  16  2.77277e-05  2.39207e-06  22  0.000184123  0.00212289  27.9999  3.85082e-10  31.9798  0.00523236  36  37.9992  0.00218273  0.0114767  0.00217736  6.5472e-05  47.969  
0.692836  1.46367  2.10019  2.58037  9.99987  11.9997  13.9949  16  7.22857e-06  1.70983e-06  22  1.98428e-05  5.30784e-07  27.9985  4.02657e-08  31.9998  0.000222119  36  37.9984  0.00025481  0.000121904  0.00130085  2.87396e-06  47.9945  
0.53118  2.02589  2.0183  1.08433  9.99565  11.9983  13.9946  15.9991  0.00012892  7.10755e-06  21.9719  0.00121429  0.00122204  28  0.00247913  31.9981  0.00695392  35.9998  37.986  0.0600139  0.00989917  0.00843244  0.00423797  47.9883  
0.725374  1.08548  3.73006  5.51282  9.99898  11.9998  13.9996  15.9999  0.000412236  4.88269e-06  21.9999  1.27903e-05  0.00224112  27.9999  8.79353e-05  31.9999  0.000571969  35.9999  37.9992  0.000986866  0.00232663  0.002191  0.000345183  47.9985  
0.728775  0.361856  1.51711  2.63924  10  11.9985  13.9982  16  1.09591e-05  2.02176e-06  22  1.19624e-05  0.00156136  28  7.71674e-11  31.9674  0.00708529  36  37.9994  0.00362742  0.0112265  0.00323751  5.98686e-05  47.9673  
0.671661  1.65492  1.66543  0.313246  9.99653  11.9974  13.9992  15.9992  0.000187256  1.37219e-05  21.9439  5.8939e-05  0.00132776  27.9993  0.00334304  31.9974  0.00772275  35.9996  37.9696  0.0499552  0.0151116  0.00228164  0.00698591  48  
0.799871  0.56712  1.22797  3.51838  9.99941  11.9995  14  15.9999  6.46263e-06  1.02032e-06  21.9997  0.000868107  0.000216717  27.9999  3.99433e-06  32  0.00136222  36  37.9985  0.000669361  0.000232446  0.00181922  0.00123118  47.9976  
0.701464  1.69342  1.13354  1.56217  9.99962  11.9736  13.9999  15.9999  0.000539408  1.35759e-05  21.9999  0.000530271  0.00191182  27.9962  0.000172475  31.9997  0.00110094  35.9999  37.9918  0.00900093  0.00567795  0.000346275  0.00110128  47.9995  
0.648362  0.155891  2.01533  3.37935  9.99956  11.9995  13.9965  16  9.71958e-05  2.89223e-06  22  0.000147102  0.000726721  28  2.70462e-11  31.9961  0.001334  36  37.9995  0.00268193  0.0109153  0.00232045  5.13361e-06  47.992  
0.73136  1.56771  5.58886  4.56157  9.99415  12  13.9979  15.9991  0.000364287  7.74483e-07  21.9997  1.53017e-06  0.000772153  27.9856  0.00371271  31.9994  0.000299579  35.9998  37.9998  9.87963e-05  0.0039286  0.00656343  0.000344221  47.9799  
0.485367  2.3167  1.72184  1.27357  9.99962  11.9965  13.9968  16  0.000278882  2.4753e-06  22  0.000138268  0.000659623  27.9907  0.00486636  31.9964  0.000432902  35.9997  37.9836  0.00169111  0.00544235  0.00118427  8.16134e-06  47.9999  
0.758773  0.971439  0.626624  1.78208  9.9999  11.9997  13.9997  16  1.13772e-05  1.18315e-06  22  0.00130272  0.000177716  27.9957  0.000307226  32  0.00029135  36  37.9998  4.98946e-12  0.000272837  1.62937e-06  0.00187578  47.9987  
0.116449  1.82304  2.10472  2.57938  9.99972  11.9915  13.9961  16  0.000517686  2.62637e-06  21.9987  8.7567e-05  0.000541682  27.9988  0.000331363  31.9991  0.000203795  35.9999  37.9979  0.000452322  0.00725794  0.000356026  1.99226e-05  47.9468  
0.723286  1.9173  1.41026  0.275704  9.99806  11.999  14  15.9996  0.000825667  1.46311e-05  21.9722  5.96865e-05  0.00343263  27.9957  0.00232281  31.9998  0.00343072  35.9996  37.9812  0.0254391  0.0115726  0.000589962  0.00374505  47.9997  
0.678592  0.191761  1.33885  3.99395  9.99992  11.9986  13.998  15.9999  0.00117891  0.000366748  21.9998  0.00598504  0.00213524  27.9977  0.00360332  31.9652  0.00593458  35.8907  37.9973  0.00424705  0.0092241  0.0104921  0.00578815  47.9325  
0.484878  1.06166  4.66395  4.67329  9.99679  11.9945  13.9966  15.9997  0.000381534  8.7669e-06  21.9999  9.50276e-05  0.00487784  27.9941  0.00129389  31.9886  0.00451426  35.9987  37.9974  0.00366894  0.00608019  0.00111021  0.00127248  47.9453  
1.08941  0.136454  2.08264  2.98387  10  11.9991  13.9988  15.9999  1.47786e-05  3.49167e-07  21.9997  0.00177246  0.00238149  28  0.000754776  31.9653  0.00898995  36  37.9999  0.0282809  0.00251383  0.00696758  0.00405599  47.9921  
0.695914  1.39546  0.841686  0.348289  9.99961  11.9998  13.9993  15.9975  0.000271618  0.000559849  21.9999  0.000520525  0.00870717  27.9917  0.00753161  31.995  0.00428079  35.9996  37.9551  0.0114071  0.00373122  0.00802101  0.00977054  47.9998  
0.893121  0.752762  0.828471  1.51421  9.99973  11.9979  13.998  16  4.01344e-06  9.97902e-08  22  0.00185687  0.000199929  27.9992  1.75887e-07  31.9854  0.00645495  36  37.9998  0.0253936  0.0023865  0.000340795  2.35551e-05  47.9962  
0.587851  1.25536  0.366232  1.3202  9.99943  11.9994  13.9988  15.9998  4.16405e-06  4.23722e-07  22  0.0018676  2.97185e-05  27.9959  0.000201279  32  0.00104495  36  37.9999  3.25745e-12  0.000869721  1.27163e-06  0.00246655  47.9952  
0.656266  0.0171158  1.58327  1.61534  10  11.9968  13.9938  15.9996  6.54655e-06  4.21363e-07  21.9999  0.00084344  0.000822699  27.9988  6.14353e-11  31.9709  0.00901986  36  37.9996  0.0029727  0.000666157  0.00531037  0.00104063  47.9598  
0.638679  1.49856  0.779149  0.393072  9.99973  11.995  13.9985  15.9999  0.000232274  5.69863e-06  21.9992  0.000924371  0.000407429  27.9941  0.000410202  31.9984  0.00267239  35.9999  37.9992  0.000861777  0.000899912  0.000122996  0.0013425  47.9765  
0.326464  2.28903  1.07338  1.42807  9.99951  11.9975  13.9983  15.9999  0.000116631  1.68252e-06  21.9999  0.00220021  0.00102804  27.999  0.00231626  31.9943  0.00315466  35.9999  37.9981  0.0343341  0.00400847  0.00512358  0.00102971  47.9454  
0.437748  1.60029  0.717865  0.87959  9.99803  11.9866  13.9964  15.9996  0.000839991  0.00703758  21.9933  5.19026e-05  0.00187839  27.9984  0.00242761  31.9865  0.0121733  35.9998  37.8898  0.010744  0.0422426  0.0057043  0.00042446  47.9676  
1.19431  0.0926159  3.11822  3.55724  9.99961  11.9988  13.9988  15.9999  3.79152e-06  7.07642e-07  21.9997  0.00174855  0.00421037  27.9999  0.000213769  31.9653  0.00918693  35.9999  37.9999  0.0284571  0.00283768  0.00741029  0.00449739  47.9897  
0.711148  1.54142  0.360572  0.61863  9.99999  11.998  13.9973  16  1.90049e-07  6.81885e-07  22  0.003285  0.000273831  27.9977  0.000187468  32  0.00189002  36  38  0.0049406  0.000246172  0.000939878  0.00351188  47.9896  
0.415375  2.45234  1.55507  0.163527  9.99937  11.9997  13.9971  16  0.001394  1.21441e-05  21.9935  6.43161e-05  0.000131243  27.9929  0.00816779  31.9865  0.0010742  35.9997  37.9769  0.00225427  0.00681012  8.75204e-05  2.21309e-06  48  
0.566017  1.86947  0.566238  0.640007  9.99906  11.9995  13.9981  15.9997  1.39623e-07  1.36905e-07  22  0.00113575  2.29065e-07  27.9998  2.30186e-06  31.9999  0.00155382  36  38  0.0359146  0.00187338  0.00328848  0.00118156  47.993  
1.37849  0.276707  3.22237  4.93558  9.99996  11.9978  13.997  15.9977  0.000260301  0.000268997  21.9993  0.00471386  0.00315449  27.9804  0.00267623  31.9698  0.000195497  35.9999  37.9122  0.00298944  0.000953205  0.0128247  0.010968  47.9916  
0.563301  1.42552  0.4957  0.377982  9.99996  11.9985  13.9932  16  2.14731e-07  2.41905e-06  22  0.00331155  0.00031143  27.9996  0.000812775  32  0.00200678  36  38  0.00680459  0.000543082  0.000849103  0.00489785  47.9965  
0.205951  2.49607  1.27391  0.802989  9.99828  11.9953  13.9985  16  0.000870338  5.77745e-08  21.9996  9.61875e-05  0.00138412  27.999  1.76617e-05  31.9999  5.78755e-06  35.9999  37.9929  0.000283286  0.00908838  0.000296164  0.000383501  47.9724  
0.500174  2.2308  1.03825  0.00549745  9.99857  11.999  13.9976  15.9991  8.37485e-05  6.40619e-06  21.9719  0.00120541  0.000564203  27.9999  0.000608526  31.9997  0.00359327  35.9998  37.9862  0.0596259  0.00874138  0.00335721  0.00412306  47.9884  
0.154796  3.48893  2.93561  3.17621  9.99928  12  13.9801  15.9917  1.71755e-05  0.000220718  21.9956  9.54369e-05  3.36772e-06  27.9116  0.00413474  32  0.0467059  35.9908  37.7648  0.000769624  0.00112455  0.000988621  3.83759e-05  47.9998  
0.720895  1.45457  0.3421  0.173533  9.99971  11.9997  14  16  1.20018e-07  3.80722e-11  22  2.35224e-06  2.67872e-13  27.9969  4.42217e-09  32  3.92153e-08  36  38  3.08783e-10  0.00120386  1.3443e-12  9.13354e-05  48  
0.500946  2.7966  0.863308  0.252771  9.99895  11.9998  14  16  0.000122545  3.94656e-11  21.9997  3.22849e-08  0.000998698  27.9991  8.73921e-05  31.9985  0.00138978  36  37.9999  0.0131127  2.17396e-05  0.000300192  6.42609e-05  48  
0.503222  1.3109  0.338589  0.344468  9.99997  11.9887  13.9918  16  1.68924e-07  9.04114e-07  22  0.00533949  3.39846e-05  27.9999  0.000262463  32  0.00101074  36  38  0.000182662  0.000207344  0.000529182  0.00100853  47.9977  
0.139719  0.514918  1.49686  0.536951  10  11.9927  13.9945  15.9996  0.000262742  1.6782e-06  21.9999  0.000588893  0.000777745  27.9992  0.000108427  31.9782  0.00108882  36  37.9988  0.00116425  0.00216838  0.00540004  0.000952793  47.9428  
0.772106  1.23449  0.212929  0.240531  9.99997  11.9992  13.9986  16  1.72605e-07  3.40947e-07  22  0.00164315  0.000136915  27.998  9.3734e-05  32  0.000745962  36  38  0.0024703  0.000123032  0.000469939  0.00176505  47.9946  
1.67793  0.827431  5.39667  6.05639  9.99661  11.9998  13.9946  15.9998  5.2954e-06  1.12687e-07  21.9987  0.00330432  0.000631591  27.9366  0.00011451  31.9847  0.0160659  35.9999  37.9994  0.0183606  0.0042535  0.000176694  0.000195592  47.9808  
0.364377  1.2657  0.0873434  0.591005  9.99872  11.9845  13.9942  15.9993  4.08106e-05  0.00710765  21.9967  0.0149005  0.000346415  28  0.000736359  31.9799  0.0114971  35.9999  37.9006  0.0134061  0.0409842  0.00436243  0.0029336  47.9619  
0.000169786  3.32244  1.86142  1.14335  9.99914  11.9954  13.9964  15.9991  3.43787e-05  6.2028e-07  21.9998  0.00436191  0.000925998  27.9956  0.00484949  31.9889  0.00619193  35.9998  37.9975  0.0678196  0.00533129  0.0117488  0.00181722  47.8937  
0.759083  1.31941  1.51757e-21  0.275402  9.99969  11.9996  14  16  1.90175e-07  2.01292e-10  22  4.26328e-06  3.62365e-13  27.9958  6.76664e-09  32  4.82528e-08  36  38  3.23805e-10  7.75448e-05  3.7375e-12  0.000189802  48  
0.238567  2.35938  5.456e-22  0.829617  9.99918  11.9992  13.996  16  1.02588e-08  1.21464e-06  22  2.43417e-05  1.69052e-13  27.9988  1.94718e-09  31.9983  0.0062989  36  37.9965  0.0117487  1.57085e-05  1.07234e-13  0.000186777  47.9949  
0.888838  0.957954  0.129999  0.174988  9.99998  11.9883  13.9988  16  8.55601e-08  4.95037e-07  22  0.00611418  0.00010225  27.9999  5.08765e-05  32  6.92099e-05  36  38  0.00017821  9.89155e-05  0.000454663  0.00188799  47.995  
1.69267  0.0929136  4.81816  6.02335  9.99984  11.9992  13.9961  15.9996  1.96455e-05  9.24005e-05  22  0.00589185  0.00123256  27.9953  0.00253701  31.9947  0.001698  36  37.9996  0.029358  0.000161307  0.0091749  0.0161682  47.9884  
0.64052  1.85618  0.102362  1.51646e-30  9.99992  12  14  16  9.18577e-05  1.15749e-06  22  6.57229e-05  0.000207183  27.9924  0.000715854  31.9995  0.000154174  35.9998  37.9919  0.000467045  0.00267483  9.21174e-18  1.76735e-05  47.9999  
0.237257  3.30852  0.315055  0.315073  9.99966  11.9953  13.9997  16  0.00156469  6.07347e-06  21.9971  3.04859e-05  0.00113394  27.9998  0.0040443  32  3.78885e-06  35.9998  37.9816  8.11855e-06  0.0103667  0.000251578  0.000286811  47.982  
0.431822  2.29965  5.53963e-22  0.173558  9.99955  11.9996  14  16  1.42688e-08  6.52643e-11  22  3.14609e-06  2.36214e-13  27.999  3.53114e-09  31.9985  0.00333694  36  37.9987  0.0159603  4.69797e-05  3.58336e-13  0.000181531  48  
0.00122624  3.95684  2.96581  1.92734  9.99097  12  13.9672  15.9846  4.82793e-06  0.000133318  21.9854  1.45123e-05  3.6079e-07  27.8209  0.00596345  32  0.104817  35.9805  37.9969  0.0101795  0.000228338  0.000292945  1.79293e-06  48  
0.694378  1.35432  3.39632e-24  1.04251e-30  9.99996  11.9999  14  16  4.95305e-08  1.0392e-12  22  7.04294e-08  1.63909e-12  27.999  1.24288e-13  32  0.000137552  36  38  1.83752e-11  8.33337e-10  1.2004e-18  2.02461e-05  48  
0.293652  2.07562  2.09993  0.0144977  9.99847  11.9992  13.9407  15.9792  0.00165188  0.0341585  21.9986  0.0436861  0.0296569  27.9987  0.0110676  31.9904  0.044342  35.997  37.7549  0.0121393  0.0580373  0.00182998  0.128629  47.9926  
0.405998  1.60696  2.09993  0.000350867  9.99901  11.915  13.9411  15.9873  0.00165104  0.0441549  21.9986  0.0444804  0.0305753  27.9968  0.0109609  31.9912  0.493505  35.997  37.7538  0.0033299  0.0525587  0.00210162  0.126609  47.9923  
0.0262269  2.98006  2.09993  0.0144977  9.99849  11.9972  13.9399  15.9791  0.00166097  0.0341588  21.9986  0.0458658  0.0301089  27.9991  0.0126796  31.9848  0.0463931  35.9969  37.7537  0.0345007  0.0605437  0.00547418  0.129534  47.9395  
