0.32415  0.122516  0.543088  0.579535  0.533266  0.528263  0.542607  0.517782  0.510226  0.504438  0.497286  0.489932  0.483115  0.477684  0.472602  0.464717  0.461501  0.457198  0.363581  0.448814  0.445587  0.494167  0.441083  0.438156  0.340332  0.439126  0.439248  0.440533  0.442418  0.44578  
0.348266  0.150516  0.545193  0.538886  0.53164  0.524131  0.514627  0.509001  0.500502  0.492823  0.485003  0.477603  0.468667  0.463101  0.456333  0.450074  0.445184  0.439518  0.31494  0.431592  0.42906  0.48693  0.425214  0.424256  0.359636  0.425753  0.428118  0.433493  0.43488  0.438844  
0.319444  0.178275  0.564823  0.557226  0.550768  0.542674  0.531508  0.525805  0.517052  0.509848  0.498795  0.489089  0.481435  0.471832  0.462622  0.453539  0.445558  0.439172  0.369733  0.426324  0.421762  0.418779  0.41499  0.413035  0.41061  0.411146  0.411124  0.470245  0.416545  0.419946  
0.400501  0.132851  0.520415  0.516852  0.506219  0.499902  0.495636  0.485382  0.47947  0.47278  0.466508  0.461061  0.45494  0.450509  0.445749  0.442036  0.438652  0.436908  0.426985  0.432888  0.433424  0.436174  0.435026  0.436624  0.439168  0.44216  0.446441  0.512273  0.455756  0.461312  
0.302823  0.215071  0.585877  0.578814  0.571362  0.561354  0.55237  0.542397  0.532633  0.520486  0.509126  0.498435  0.486897  0.476122  0.464733  0.45462  0.443231  0.435272  0.426635  0.420715  0.410501  0.406058  0.401614  0.397903  0.394039  0.393782  0.39158  0.392774  0.396319  0.398297  
0.377609  0.143516  0.532011  0.524373  0.519502  0.509225  0.502953  0.494459  0.488425  0.48027  0.470999  0.464735  0.459642  0.453194  0.447888  0.443734  0.43979  0.435463  0.432499  0.428992  0.429599  0.428714  0.429211  0.429484  0.430462  0.4328  0.436429  0.440922  0.446076  0.44941  
0.359324  0.163852  0.544877  0.537241  0.528581  0.520962  0.512778  0.501176  0.496552  0.486664  0.478323  0.470581  0.46233  0.454407  0.449508  0.442133  0.435379  0.431195  0.426888  0.423157  0.421266  0.419264  0.417752  0.417926  0.419141  0.421471  0.423366  0.427631  0.430573  0.437208  
0.450868  0.124927  0.501045  0.493236  0.486357  0.478869  0.474532  0.468617  0.461357  0.458048  0.454303  0.449467  0.445788  0.44452  0.440138  0.438851  0.437869  0.43853  0.437897  0.440135  0.442334  0.443004  0.446236  0.449016  0.453728  0.458064  0.463633  0.469106  0.474361  0.479607  
0.30018  0.222191  0.589682  0.582175  0.573973  0.564604  0.555686  0.547404  0.533818  0.522937  0.51231  0.499218  0.48825  0.477575  0.465313  0.454574  0.443602  0.434329  0.425555  0.418437  0.411461  0.403483  0.396949  0.394313  0.391652  0.39021  0.389948  0.389612  0.395239  0.394953  
0.426233  0.137401  0.5104  0.503082  0.496496  0.489101  0.481798  0.474487  0.467099  0.462249  0.454137  0.451005  0.446406  0.442569  0.438326  0.435669  0.428466  0.432478  0.431412  0.42674  0.432637  0.433932  0.433329  0.439467  0.442761  0.445238  0.452356  0.457224  0.465212  0.467958  
0.372951  0.149769  0.535697  0.527858  0.522127  0.510892  0.505021  0.496411  0.489  0.481546  0.533371  0.467266  0.459927  0.45458  0.447559  0.442508  0.438291  0.432984  0.43042  0.429122  0.426315  0.425662  0.417211  0.425714  0.427587  0.428238  0.432775  0.43636  0.441774  0.445717  
0.50236  0.130964  0.479231  0.472712  0.4658  0.461044  0.455083  0.452142  0.444756  0.443191  0.43935  0.438266  0.435762  0.432921  0.434311  0.435041  0.437221  0.437587  0.440078  0.443493  0.447559  0.451959  0.460544  0.462461  0.468199  0.477489  0.480321  0.487338  0.494468  0.50085  
0.328764  0.204404  0.570404  0.562664  0.554015  0.544484  0.534308  0.461141  0.509966  0.503165  0.489993  0.481958  0.471133  0.461326  0.450668  0.442299  0.435236  0.424859  0.418978  0.413581  0.409928  0.403797  0.406529  0.398434  0.397849  0.400171  0.401082  0.402144  0.403929  0.410288  
0.500329  0.130908  0.479574  0.473117  0.463443  0.461432  0.456387  0.451777  0.446245  0.44336  0.43968  0.437852  0.43591  0.433388  0.434659  0.434986  0.438372  0.437853  0.440078  0.444713  0.447295  0.45167  0.459431  0.461754  0.467216  0.475789  0.479434  0.4863  0.493051  0.500183  
0.434715  0.1343  0.505695  0.499244  0.485196  0.483923  0.478585  0.474166  0.464828  0.459945  0.453459  0.450876  0.445416  0.445166  0.437718  0.436075  0.439733  0.432714  0.432802  0.432533  0.434658  0.436166  0.441725  0.442726  0.446215  0.447218  0.455554  0.460492  0.469797  0.473812  
0.582183  0.129542  0.452054  0.447878  0.443797  0.440989  0.43854  0.435721  0.435827  0.435296  0.433082  0.436622  0.438302  0.438965  0.44366  0.447373  0.451431  0.456446  0.461536  0.466597  0.473026  0.479415  0.486423  0.492892  0.499501  0.507334  0.512626  0.51943  0.526777  0.532176  
0.30018  0.222191  0.589682  0.582175  0.573973  0.564604  0.555686  0.547404  0.533818  0.522937  0.51231  0.499218  0.48825  0.477575  0.465313  0.454574  0.443602  0.434329  0.425555  0.418437  0.411461  0.403483  0.396949  0.394313  0.391652  0.39021  0.389948  0.389612  0.395239  0.394953  
0.493626  0.130315  0.482572  0.475382  0.472511  0.463603  0.457838  0.45433  0.448556  0.444927  0.438908  0.438897  0.43678  0.43774  0.434693  0.434852  0.432915  0.437771  0.439588  0.44218  0.445445  0.449682  0.452354  0.459825  0.465292  0.471069  0.477505  0.484039  0.49268  0.497263  
0.409093  0.13631  0.518337  0.510622  0.506909  0.495662  0.489536  0.48361  0.475034  0.468851  0.457748  0.457207  0.451718  0.447262  0.442531  0.439029  0.436456  0.434018  0.43257  0.426452  0.431277  0.432816  0.432864  0.437145  0.439363  0.44335  0.447727  0.45279  0.440089  0.464268  
0.585977  0.130195  0.451555  0.446679  0.442798  0.439938  0.437966  0.436475  0.435348  0.434958  0.433309  0.4366  0.438293  0.441512  0.444393  0.448013  0.448033  0.457556  0.462806  0.469899  0.473937  0.48101  0.489126  0.494104  0.501101  0.50917  0.514399  0.521123  0.526172  0.533511  
0.360783  0.173476  0.546332  0.538755  0.530753  0.521589  0.512284  0.506798  0.493381  0.485911  0.477364  0.469036  0.460072  0.450428  0.444439  0.438345  0.429022  0.426528  0.42209  0.418378  0.415607  0.414508  0.393231  0.41436  0.414654  0.421067  0.418701  0.423163  0.429517  0.433172  
0.569094  0.125914  0.457388  0.452563  0.449523  0.444904  0.442311  0.433711  0.438319  0.437265  0.435834  0.43764  0.438508  0.44526  0.443013  0.445894  0.449916  0.453901  0.458318  0.462988  0.469474  0.47524  0.480011  0.487869  0.494584  0.501211  0.506931  0.513972  0.522352  0.526443  
0.486089  0.129028  0.485306  0.479037  0.535987  0.466778  0.460898  0.455023  0.450985  0.447212  0.441422  0.440327  0.438419  0.436818  0.434905  0.435354  0.432686  0.437907  0.43883  0.440139  0.444725  0.448197  0.448609  0.458304  0.463078  0.466568  0.474758  0.481063  0.490013  0.494378  
0.652898  0.156466  0.426022  0.423252  0.421465  0.421964  0.422412  0.423606  0.426036  0.428996  0.432869  0.437929  0.44247  0.448347  0.454685  0.461946  0.46481  0.476984  0.484784  0.495117  0.500907  0.509452  0.515848  0.52636  0.532897  0.541508  0.546956  0.553206  0.560803  0.564807  
0.316502  0.226212  0.582315  0.575608  0.513362  0.558021  0.546177  0.595858  0.525761  0.512118  0.501803  0.489498  0.476923  0.467798  0.453643  0.443623  0.43752  0.425152  0.416009  0.405351  0.402071  0.396489  0.392535  0.391865  0.387692  0.381177  0.385954  0.389523  0.33741  0.396486  
0.582263  0.129598  0.452054  0.447878  0.441286  0.440989  0.43854  0.435721  0.435843  0.435366  0.433082  0.436622  0.438299  0.438088  0.443718  0.447381  0.451431  0.456495  0.461536  0.466647  0.473026  0.479415  0.486423  0.49269  0.499501  0.507405  0.512626  0.51943  0.52668  0.532176  
0.486089  0.129028  0.485306  0.479037  0.535987  0.466778  0.460898  0.455023  0.450985  0.447212  0.441422  0.440327  0.438419  0.436818  0.434905  0.435354  0.432686  0.437907  0.43883  0.440139  0.444725  0.448197  0.448609  0.458304  0.463078  0.466568  0.474758  0.481063  0.490013  0.494378  
0.67108  0.170288  0.416563  0.415186  0.416247  0.415565  0.417213  0.416108  0.423029  0.42754  0.43236  0.438429  0.444686  0.451707  0.458552  0.467476  0.478172  0.484812  0.493396  0.500732  0.511216  0.519838  0.524817  0.536052  0.544413  0.555656  0.558452  0.564796  0.572727  0.574162  
0.430235  0.136056  0.508395  0.50131  0.494776  0.486011  0.480939  0.47401  0.466573  0.461137  0.455892  0.450709  0.445811  0.499658  0.437976  0.435991  0.421086  0.43276  0.431781  0.430409  0.433731  0.434912  0.436127  0.440429  0.443949  0.445621  0.453214  0.4589  0.44509  0.471387  
0.652898  0.156578  0.426129  0.423252  0.421465  0.421964  0.422412  0.423633  0.426069  0.428988  0.432869  0.437963  0.442464  0.448347  0.454656  0.461946  0.46481  0.477082  0.484778  0.495167  0.501053  0.509452  0.515848  0.526663  0.532897  0.541615  0.546956  0.553206  0.560803  0.564807  
0.5734  0.126993  0.455729  0.451121  0.453792  0.443621  0.440941  0.498077  0.437204  0.436474  0.43546  0.437109  0.43867  0.44115  0.443053  0.446314  0.451923  0.454691  0.459838  0.455109  0.471042  0.476742  0.481861  0.489431  0.495924  0.507228  0.508773  0.515793  0.51603  0.528261  
0.688623  0.18598  0.407909  0.406828  0.408765  0.414132  0.412447  0.415711  0.421279  0.426632  0.432602  0.440879  0.447858  0.455709  0.464759  0.473212  0.484221  0.490867  0.50316  0.513326  0.517444  0.531605  0.541276  0.548042  0.557121  0.565659  0.573171  0.577045  0.582105  0.585352  
0.300269  0.22222  0.589554  0.582169  0.587052  0.565787  0.555247  0.533701  0.534097  0.522894  0.51469  0.499207  0.488404  0.471416  0.464768  0.454574  0.44255  0.433771  0.425555  0.418437  0.410308  0.403624  0.341665  0.392825  0.391652  0.370389  0.388907  0.389554  0.395749  0.394908  
0.616209  0.138751  0.440074  0.437025  0.432689  0.432337  0.431384  0.43058  0.431756  0.432683  0.435062  0.436764  0.439518  0.446365  0.448268  0.453238  0.45873  0.465078  0.471561  0.479168  0.484909  0.492673  0.485372  0.507059  0.51376  0.521061  0.528238  0.534614  0.54037  0.546275  
0.492662  0.130816  0.483075  0.476211  0.467248  0.463666  0.458266  0.454704  0.448532  0.444875  0.443427  0.438763  0.436546  0.438151  0.434429  0.434704  0.440203  0.436823  0.439366  0.442864  0.444935  0.44952  0.458498  0.45937  0.46442  0.470033  0.477249  0.483718  0.488341  0.497417  
0.709931  0.213777  0.392713  0.394081  0.393111  0.400527  0.405295  0.408686  0.417835  0.425268  0.43749  0.44285  0.452528  0.462472  0.473397  0.483549  0.495751  0.50676  0.518163  0.530129  0.539732  0.549612  0.566503  0.568173  0.576451  0.582151  0.590378  0.596018  0.599571  0.603153  
0.407084  0.14493  0.51908  0.512044  0.491075  0.496345  0.489293  0.478376  0.473674  0.467733  0.465063  0.455209  0.449136  0.442261  0.439013  0.435815  0.38582  0.43141  0.428626  0.500489  0.428038  0.428273  0.497063  0.433653  0.435069  0.435736  0.443253  0.448252  0.516069  0.459479  
0.689178  0.187729  0.406339  0.406093  0.401515  0.408813  0.411385  0.418101  0.420726  0.425948  0.434268  0.439979  0.447841  0.452316  0.465055  0.474674  0.488815  0.494243  0.503984  0.517258  0.523223  0.532544  0.53992  0.549958  0.557974  0.561637  0.572072  0.57865  0.586399  0.587097  
0.594804  0.130673  0.447902  0.444073  0.443448  0.437979  0.436162  0.464328  0.43448  0.434579  0.434719  0.436936  0.439094  0.443757  0.44566  0.449776  0.455327  0.459885  0.4657  0.46913  0.477976  0.484707  0.483616  0.498245  0.504842  0.514144  0.518505  0.525203  0.5282  0.537268  
0.747657  0.297945  0.357124  0.363217  0.370905  0.377319  0.388017  0.400548  0.40671  0.423553  0.437895  0.452486  0.466276  0.482024  0.498981  0.513031  0.529513  0.543096  0.558712  0.573296  0.586865  0.597922  0.609203  0.619546  0.627748  0.636169  0.641326  0.645206  0.647263  0.649258  
0.367302  0.155217  0.539365  0.531678  0.524698  0.515794  0.508383  0.498306  0.492809  0.483786  0.474805  0.468187  0.461057  0.451454  0.448797  0.442633  0.418966  0.432503  0.428903  0.423659  0.424338  0.422497  0.420646  0.422762  0.424083  0.425113  0.428984  0.433136  0.437249  0.442386  
0.696737  0.195807  0.402116  0.402262  0.404822  0.4058  0.409251  0.420038  0.419571  0.425985  0.431752  0.440715  0.44864  0.457042  0.46753  0.478346  0.492664  0.497412  0.508499  0.519773  0.528558  0.537904  0.544422  0.555901  0.563307  0.641629  0.577975  0.584342  0.594864  0.592563  
0.585977  0.130046  0.451675  0.446728  0.441457  0.440265  0.437966  0.433084  0.435382  0.435045  0.433098  0.436896  0.438278  0.441108  0.444477  0.448013  0.459629  0.457392  0.46261  0.470943  0.474404  0.480959  0.536239  0.494104  0.501129  0.506625  0.51482  0.521123  0.526221  0.533653  
0.760706  0.347231  0.338704  0.346753  0.357497  0.366914  0.379236  0.391215  0.407957  0.422827  0.439536  0.456472  0.475308  0.491346  0.511758  0.529047  0.54651  0.564689  0.580965  0.599701  0.610198  0.62606  0.634804  0.646763  0.655347  0.664245  0.667954  0.671163  0.673806  0.673507  
0.503287  0.130504  0.478992  0.472578  0.467248  0.460441  0.455186  0.440765  0.446106  0.442938  0.442297  0.437962  0.436013  0.435149  0.435034  0.435118  0.438687  0.438562  0.440929  0.445846  0.447276  0.452591  0.451337  0.462529  0.468519  0.406512  0.479303  0.487798  0.470782  0.502037  
0.75055  0.306639  0.354287  0.359744  0.368597  0.376224  0.386418  0.397907  0.410469  0.42325  0.437915  0.452519  0.469301  0.482685  0.500472  0.51658  0.531169  0.547923  0.563139  0.574602  0.590578  0.602914  0.621354  0.624128  0.632793  0.642142  0.64651  0.650782  0.653956  0.653297  
0.681947  0.17974  0.410806  0.410076  0.40399  0.411825  0.414489  0.42789  0.42187  0.426305  0.433924  0.439336  0.446926  0.404031  0.46265  0.470962  0.485945  0.489706  0.500129  0.511805  0.517888  0.527185  0.534094  0.544093  0.552111  0.553433  0.566338  0.572704  0.577285  0.581868  
0.719803  0.230627  0.385078  0.387792  0.389866  0.452206  0.401352  0.40781  0.412985  0.425344  0.433837  0.443182  0.455297  0.46603  0.487451  0.490136  0.501257  0.507334  0.526156  0.539114  0.487672  0.559464  0.56844  0.516087  0.587486  0.595953  0.602564  0.606314  0.610094  0.614412  
0.325126  0.229127  0.578397  0.57241  0.500684  0.554526  0.541195  0.620557  0.519568  0.506382  0.488306  0.484012  0.47078  0.457645  0.446823  0.437587  0.4308  0.419128  0.410708  0.396639  0.398309  0.392613  0.397593  0.38825  0.385292  0.384443  0.383126  0.389115  0.288042  0.397371  
0.738231  0.266845  0.370541  0.373341  0.383816  0.38672  0.394894  0.409394  0.413963  0.423977  0.432372  0.44966  0.463789  0.481822  0.490098  0.504429  0.514753  0.531902  0.545084  0.495211  0.569859  0.581772  0.589146  0.601473  0.608554  0.622656  0.623481  0.629238  0.629642  0.633267  
0.620828  0.142114  0.437848  0.434926  0.435338  0.430272  0.428901  0.438245  0.428505  0.430918  0.42262  0.436325  0.439447  0.433214  0.448407  0.453881  0.471743  0.466858  0.472859  0.484786  0.487294  0.494351  0.49202  0.509365  0.51622  0.508258  0.530923  0.53746  0.534478  0.548757  
0.7806  0.470012  0.294454  0.308999  0.325292  0.339836  0.359885  0.37853  0.400566  0.424025  0.447948  0.471707  0.495336  0.521424  0.544663  0.568785  0.590308  0.612849  0.635793  0.653163  0.671913  0.688094  0.700251  0.712975  0.721981  0.728713  0.733336  0.735201  0.734555  0.729699  
0.523566  0.128607  0.472216  0.465811  0.441194  0.455319  0.450407  0.441332  0.442572  0.44044  0.435463  0.437061  0.43567  0.44003  0.436432  0.437592  0.43909  0.443308  0.445843  0.44929  0.453082  0.458724  0.521662  0.469314  0.475966  0.51581  0.488672  0.495333  0.542414  0.509399  
0.774569  0.421738  0.311897  0.322501  0.338121  0.350368  0.36701  0.381712  0.403829  0.424014  0.443934  0.466641  0.488739  0.512906  0.531891  0.553517  0.573469  0.595228  0.613144  0.575808  0.64879  0.662983  0.6764  0.687627  0.697191  0.705726  0.708243  0.712485  0.708753  0.708252  
0.716754  0.225562  0.388125  0.389824  0.388685  0.397792  0.402506  0.482421  0.416677  0.424729  0.434607  0.442077  0.454267  0.474161  0.477012  0.488289  0.498863  0.512823  0.523493  0.534279  0.545791  0.556451  0.56801  0.575161  0.583664  0.589059  0.598141  0.602941  0.606776  0.61055  
0.756642  0.326482  0.339131  0.353992  0.362166  0.369705  0.383573  0.397191  0.40505  0.424113  0.438947  0.452764  0.472713  0.488302  0.505482  0.52353  0.541961  0.564608  0.572641  0.587385  0.602016  0.614098  0.624881  0.634426  0.644865  0.650702  0.71873  0.661065  0.662964  0.716177  
0.470044  0.128803  0.491911  0.48535  0.463973  0.472731  0.466888  0.457822  0.455703  0.451132  0.387676  0.443161  0.440761  0.452328  0.436013  0.435813  0.359023  0.437271  0.437475  0.492529  0.441274  0.444596  0.442464  0.452819  0.458208  0.574506  0.469773  0.474962  0.557307  0.488234  
0.775453  0.427451  0.309795  0.321089  0.341623  0.34942  0.366097  0.377866  0.403345  0.424037  0.446519  0.467495  0.489452  0.513039  0.534106  0.555691  0.577011  0.597548  0.616777  0.574382  0.650886  0.66648  0.680287  0.690703  0.699356  0.707355  0.710771  0.713075  0.711166  0.711031  
0.71667  0.224473  0.388477  0.389772  0.413732  0.397435  0.402595  0.483659  0.416445  0.424123  0.433732  0.444149  0.454187  0.470148  0.476765  0.488152  0.495341  0.511884  0.523068  0.540364  0.545588  0.555095  0.509893  0.575043  0.583644  0.598056  0.596878  0.602996  0.606517  0.60978  
0.780574  0.469796  0.296377  0.3076  0.323193  0.339768  0.358594  0.378557  0.394879  0.423531  0.448463  0.475735  0.49559  0.521154  0.544581  0.568749  0.590593  0.62089  0.634794  0.654083  0.671452  0.687844  0.700513  0.712653  0.721722  0.728589  0.730773  0.734983  0.734532  0.729684  
0.64462  0.153253  0.428733  0.425974  0.420324  0.422375  0.423138  0.414615  0.42558  0.429353  0.42785  0.436865  0.441427  0.447879  0.453487  0.45925  0.40069  0.473715  0.482009  0.486976  0.496793  0.505566  0.640192  0.52174  0.528448  0.590418  0.54234  0.548831  0.570208  0.560068  
0.793713  0.607242  0.247657  0.267087  0.289671  0.311933  0.337948  0.366941  0.39465  0.425656  0.459627  0.488323  0.520617  0.552679  0.582091  0.612289  0.639024  0.668515  0.693587  0.717282  0.738442  0.755778  0.77307  0.784773  0.796629  0.799225  0.803035  0.802047  0.797961  0.79212  
0.772935  0.410311  0.316085  0.327319  0.343085  0.353157  0.368836  0.388638  0.404115  0.424317  0.443634  0.465714  0.486515  0.511266  0.529795  0.550376  0.573734  0.5908  0.608894  0.625006  0.643266  0.657254  0.731711  0.681458  0.690519  0.686549  0.702887  0.704683  0.710435  0.702797  
0.708233  0.211435  0.396709  0.395676  0.397888  0.461467  0.405693  0.410223  0.401397  0.425264  0.433282  0.448252  0.451983  0.461791  0.48299  0.483135  0.493935  0.549754  0.516496  0.527378  0.54798  0.547983  0.556741  0.516552  0.575207  0.582386  0.590994  0.593857  0.59835  0.606188  
0.300269  0.22222  0.589554  0.582216  0.58849  0.565787  0.555247  0.531962  0.534097  0.522894  0.515881  0.499207  0.488316  0.478414  0.464947  0.454574  0.442696  0.433771  0.425555  0.418437  0.410529  0.403624  0.402441  0.392825  0.391652  0.315418  0.388907  0.389586  0.384706  0.39472  
0.785737  0.513136  0.279794  0.294595  0.311494  0.331027  0.352218  0.380076  0.398658  0.42376  0.443518  0.477024  0.505204  0.467718  0.557048  0.585293  0.610124  0.631629  0.655053  0.675341  0.693522  0.710149  0.72422  0.736129  0.744806  0.752887  0.755123  0.758496  0.753219  0.749929  
0.710804  0.214429  0.393713  0.393676  0.397911  0.400171  0.405233  0.412627  0.417808  0.425236  0.445893  0.443266  0.453309  0.478876  0.473812  0.485115  0.501411  0.507389  0.518457  0.355413  0.540377  0.549785  0.563024  0.568387  0.576076  0.528483  0.590406  0.596427  0.547942  0.603866  
0.798724  0.681309  0.222879  0.245574  0.269712  0.296717  0.325284  0.358094  0.392331  0.426249  0.4617  0.497209  0.532902  0.569129  0.603474  0.636807  0.668121  0.697297  0.726218  0.751297  0.77432  0.793992  0.811955  0.822893  0.832706  0.838302  0.840894  0.838791  0.831376  0.825649  
0.591509  0.130917  0.449477  0.444777  0.443191  0.438619  0.437076  0.437875  0.434103  0.434613  0.431886  0.437368  0.438812  0.447054  0.444597  0.449203  0.476925  0.458837  0.464305  0.491868  0.476486  0.483398  0.370673  0.497851  0.503283  0.517022  0.517048  0.523182  0.462737  0.535846  
0.798083  0.6716  0.225957  0.24766  0.273075  0.299378  0.328715  0.360611  0.392377  0.426903  0.457257  0.496046  0.531586  0.565782  0.599933  0.632955  0.664609  0.694111  0.721533  0.746811  0.769233  0.789167  0.805524  0.818156  0.827873  0.833048  0.835773  0.834357  0.760637  0.8206  
0.778299  0.448532  0.302528  0.314414  0.328764  0.345069  0.362578  0.379708  0.40259  0.423913  0.439301  0.470444  0.492992  0.513687  0.539491  0.562296  0.586702  0.606235  0.625971  0.700315  0.661828  0.677017  0.705373  0.702304  0.710878  0.656567  0.721584  0.724255  0.779474  0.721382  
0.791669  0.569052  0.264159  0.279926  0.298844  0.328837  0.343411  0.37084  0.40111  0.42647  0.455598  0.472896  0.51373  0.544656  0.571904  0.602121  0.629148  0.591035  0.678795  0.701097  0.665177  0.738395  0.753424  0.762962  0.77435  0.781137  0.790573  0.782802  0.781063  0.776161  
0.501571  0.131236  0.479416  0.472984  0.466765  0.461257  0.455504  0.444984  0.447432  0.443057  0.439612  0.438017  0.435994  0.426208  0.434329  0.434988  0.437753  0.437684  0.440078  0.286576  0.44674  0.451648  0.522718  0.461855  0.467866  0.471676  0.479307  0.487003  0.485651  0.500469  
0.798083  0.6716  0.225957  0.24766  0.273075  0.299378  0.328715  0.360611  0.392377  0.426903  0.457257  0.496046  0.531586  0.565782  0.599933  0.632955  0.664609  0.694111  0.721533  0.746811  0.769233  0.789167  0.805524  0.818156  0.827873  0.833048  0.835773  0.834357  0.760637  0.8206  
0.7806  0.470012  0.294454  0.308999  0.326011  0.339836  0.359885  0.37853  0.400566  0.424025  0.448544  0.471707  0.495336  0.521424  0.544663  0.568785  0.590381  0.612849  0.635793  0.653163  0.671913  0.688094  0.700251  0.712975  0.721981  0.728713  0.733336  0.735201  0.734555  0.729605  
0.800195  0.704535  0.216018  0.238214  0.264428  0.289908  0.323736  0.357202  0.396866  0.426858  0.462158  0.511125  0.536658  0.573501  0.605881  0.643316  0.676908  0.711581  0.735784  0.762092  0.781731  0.805233  0.821794  0.836866  0.845166  0.850485  0.854361  0.850096  0.843704  0.837536  
0.739265  0.271068  0.368387  0.371777  0.382791  0.384714  0.393856  0.407597  0.412925  0.42403  0.444609  0.450031  0.462837  0.517255  0.490974  0.505073  0.563782  0.534064  0.546646  0.616854  0.572456  0.583259  0.593471  0.60364  0.611853  0.593561  0.625851  0.631019  0.577895  0.635303  
0.804431  0.791911  0.185952  0.21475  0.24229  0.275796  0.312263  0.34576  0.38776  0.426392  0.469173  0.512355  0.552554  0.594869  0.631932  0.671244  0.706608  0.741409  0.772821  0.801746  0.826497  0.847883  0.866728  0.879872  0.889944  0.892273  0.896031  0.892166  0.887332  0.872985  
0.798083  0.6716  0.225957  0.24766  0.273075  0.299378  0.328715  0.360611  0.392377  0.426903  0.457257  0.496046  0.531586  0.565782  0.599933  0.632955  0.664609  0.694111  0.721533  0.746811  0.769233  0.789167  0.805524  0.818156  0.827873  0.833048  0.835773  0.834357  0.760637  0.8206  
0.780818  0.470192  0.301967  0.307659  0.322866  0.339254  0.358953  0.378575  0.461703  0.424259  0.448066  0.464236  0.495966  0.521456  0.554792  0.569303  0.592134  0.518663  0.635387  0.65421  0.547374  0.688092  0.701647  0.714449  0.721826  0.728866  0.669946  0.734859  0.734716  0.736959  
0.470044  0.128538  0.491911  0.485254  0.454585  0.472729  0.466892  0.461734  0.455705  0.451303  0.391152  0.443161  0.440849  0.451653  0.435968  0.435832  0.358732  0.437271  0.437475  0.565468  0.441109  0.444978  0.44349  0.452819  0.45821  0.586364  0.469832  0.474962  0.557307  0.488309  
0.806429  0.846786  0.167838  0.197222  0.230351  0.265172  0.303192  0.342019  0.385495  0.425534  0.473083  0.516995  0.561818  0.605715  0.647003  0.687836  0.725434  0.762536  0.794998  0.83081  0.852282  0.872428  0.831838  0.907606  0.917958  0.921669  0.923087  0.919121  0.906663  0.897037  
0.793787  0.608302  0.247145  0.266514  0.292808  0.311867  0.338685  0.372296  0.394679  0.426359  0.454403  0.488121  0.520089  0.553703  0.582838  0.612988  0.634508  0.669019  0.695422  0.772129  0.738574  0.756855  0.767875  0.785469  0.794598  0.738572  0.803988  0.803205  0.791865  0.792374  
0.805519  0.832092  0.172255  0.20091  0.233458  0.262839  0.302821  0.344778  0.387536  0.428306  0.469033  0.518783  0.556825  0.600423  0.63898  0.682024  0.720535  0.757548  0.790077  0.818369  0.840859  0.86769  0.886207  0.89667  0.910183  0.915547  0.92207  0.911444  0.903246  0.887021  
0.772954  0.409948  0.316173  0.327363  0.340242  0.35322  0.368809  0.378523  0.404126  0.424218  0.447696  0.46576  0.486515  0.513593  0.529604  0.550363  0.573734  0.590652  0.608788  0.628049  0.643064  0.657254  0.738557  0.681271  0.690516  0.689625  0.701721  0.704738  0.692648  0.702804  
0.807148  0.86487  0.162018  0.19256  0.225579  0.261817  0.300783  0.342011  0.385016  0.427128  0.473945  0.519638  0.564536  0.607978  0.651994  0.693431  0.733863  0.76963  0.802972  0.837689  0.860985  0.883645  0.837543  0.91682  0.926344  0.931489  0.93194  0.927579  0.918684  0.904908  
0.806429  0.846786  0.167838  0.197222  0.230351  0.265172  0.303192  0.342019  0.385495  0.425534  0.473083  0.516995  0.561818  0.605715  0.647003  0.687836  0.725434  0.762536  0.794998  0.83081  0.852282  0.872428  0.831838  0.907606  0.917958  0.921669  0.923087  0.919121  0.906663  0.897037  
0.800232  0.708103  0.32838  0.237821  0.26383  0.280339  0.323411  0.356609  0.379701  0.426919  0.464313  0.523012  0.537549  0.573538  0.604396  0.644126  0.677337  0.773599  0.73727  0.763763  0.777712  0.806377  0.823907  0.828718  0.846093  0.851569  0.855067  0.85204  0.847545  0.838421  
0.760667  0.344672  0.339695  0.347494  0.424508  0.367469  0.379565  0.39098  0.407896  0.424221  0.436929  0.457891  0.475172  0.494749  0.511646  0.529073  0.494494  0.564235  0.580775  0.596481  0.610263  0.624224  0.602842  0.645651  0.656256  0.50477  0.666625  0.670346  0.675667  0.671621  
0.808189  0.891105  0.153771  0.185708  0.211593  0.256955  0.297698  0.339281  0.384364  0.429699  0.475335  0.523596  0.568734  0.614207  0.659114  0.701502  0.737771  0.779923  0.814249  0.847927  0.873596  0.896834  0.855811  0.930403  0.938425  0.946713  0.944769  0.940612  0.928487  0.916415  
0.806532  0.850041  0.16667  0.195852  0.236567  0.264665  0.303033  0.344384  0.385362  0.425865  0.472721  0.51751  0.562218  0.605757  0.647808  0.688753  0.727074  0.763894  0.796721  0.831969  0.853822  0.874829  0.831083  0.909297  0.91945  0.927047  0.92466  0.920289  0.905214  0.898374  
0.807089  0.880002  0.162496  0.187127  0.219607  0.25581  0.295871  0.339605  0.387807  0.42833  0.472206  0.51803  0.563812  0.609127  0.664366  0.695662  0.738337  0.838455  0.80835  0.840044  0.858825  0.891079  0.908878  0.923416  0.93438  0.940149  0.940209  0.934712  0.926419  0.903945  
0.806429  0.846769  0.167708  0.197222  0.233183  0.265172  0.303352  0.347749  0.385469  0.425335  0.473011  0.516995  0.561665  0.605631  0.647003  0.687836  0.725426  0.762529  0.79525  0.83081  0.852282  0.872695  0.830537  0.907606  0.917958  0.927605  0.923087  0.918582  0.910685  0.897037  
0.809386  0.930595  0.145057  0.17358  0.209612  0.246722  0.290517  0.336149  0.378502  0.429281  0.478788  0.531177  0.57604  0.623794  0.668086  0.712736  0.754183  0.793777  0.83151  0.8636  0.892445  0.915882  0.875346  0.949012  0.959517  0.963072  0.969542  0.959599  0.948919  0.935603  
0.81069  0.971876  0.126856  0.162862  0.136435  0.241319  0.284955  0.328767  0.381246  0.430277  0.482392  0.532755  0.583767  0.633828  0.681044  0.727356  0.772159  0.811061  0.849933  0.822256  0.911176  0.933885  0.959631  0.971016  0.981028  0.986489  0.984886  0.978539  0.91042  0.950935  
0.796859  0.647472  0.242841  0.255248  0.279343  0.294886  0.332001  0.362988  0.410022  0.426589  0.459536  0.504721  0.52776  0.561086  0.595704  0.625268  0.656109  0.680377  0.711352  0.735909  0.821308  0.777602  0.793251  0.803762  0.815175  0.821181  0.826568  0.822989  0.818118  0.80968  
0.716698  0.224473  0.38836  0.389772  0.467494  0.397435  0.402595  0.498393  0.416522  0.424123  0.433732  0.444149  0.454187  0.470148  0.476765  0.488152  0.495341  0.511884  0.523068  0.540364  0.545588  0.555095  0.492239  0.575082  0.583644  0.598056  0.597299  0.602996  0.516719  0.609951  
0.81069  0.971876  0.126856  0.162177  0.136435  0.241319  0.284876  0.328767  0.381193  0.430409  0.482247  0.533013  0.583767  0.633828  0.681044  0.727356  0.772159  0.811061  0.849933  0.822256  0.911176  0.935086  0.959631  0.971016  0.981028  0.986489  0.984886  0.978539  0.91042  0.950935  
0.810651  0.970396  0.127423  0.163233  0.132373  0.242199  0.286335  0.332428  0.380962  0.430378  0.459857  0.532502  0.583375  0.637678  0.680996  0.726254  0.768057  0.810633  0.849242  0.817666  0.910713  0.934573  0.952839  0.970419  0.980904  0.994783  0.984238  0.979015  0.965551  0.950566  
0.811248  0.993809  0.120218  0.153854  0.196493  0.237795  0.283308  0.328368  0.375629  0.429685  0.48377  0.542776  0.585726  0.636157  0.687317  0.732708  0.778473  0.818493  0.857574  0.829475  0.91508  0.947386  0.965127  0.979811  0.991881  0.994262  0.935633  0.989429  0.97653  0.948125  
