1.99961  4  6  8  0  4.20001  4.9  16  6.74462e-17  7.00004  22  8.4  9.1  3.12143e-19  30  11.2  34  12.6  13.3  40  42  15.4  46  16.8  
2  4  6  8  0  4.20001  4.9  16  6.74462e-17  7.00004  22  8.4  9.1  3.12143e-19  30  11.2  34  12.6  13.3  40  42  15.4  46  16.8  
2  4  6  8  2.11087  4.73167  4.54242  11.4999  3.5927  8.06451  15.0145  7.85828  7.58876  4.79321  20.757  11.6772  24.5378  12.8647  12.8786  30.2889  31.1632  14.6879  31.7475  13.5686  
2  4  6  8  0  4.20001  4.9  16  6.74462e-17  7.00004  22  8.4  9.1  3.12143e-19  30  11.2  34  12.6  13.3  40  42  15.4  46  16.8  
2  4  6  8  3.1631  4.99296  4.40529  9.24985  5.48772  8.59675  11.5217  7.58742  6.83551  7.18981  16.1355  11.9158  19.8066  13.1949  12.6679  25.4333  25.7448  14.3318  24.5371  11.953  
2  4  6  8  0  4.20001  4.9  16  6.74462e-17  7.00004  22  8.4  9.1  3.12143e-19  30  11.2  34  12.6  13.3  40  42  15.4  46  16.8  
2  4  6  8  1.0533  4.44151  4.72121  13.7499  1.79635  7.53228  18.5072  8.12914  8.34516  2.3966  25.3785  11.4386  29.2689  12.5362  13.0893  35.1444  36.5816  15.0439  38.8692  15.1843  
0.347578  1.70843  6  8  3.4977  4.20432  4.90417  5.60413  6.29663  6.99597  7.72026  8.42201  9.09318  9.79329  10.5077  11.2085  11.8907  12.6087  13.32  13.9959  14.6834  15.3797  16.1926  16.8945  
2  4  5.99995  8  3.40085  3.79209  5.47591  7.28418  5.48968  5.42339  7.96856  9.86021  11.7432  8.14034  14.6826  8.82565  15.2771  12.5882  10.762  18.9972  17.1167  15.3108  21.1067  18.8361  
2  4  6  8  0  4.20001  4.9  16  6.74462e-17  7.00004  22  8.4  9.1  3.12143e-19  30  11.2  34  12.6  13.3  40  42  15.4  46  16.8  
2  4  6  8  1.57995  4.59357  4.63181  12.6249  2.69452  7.7984  16.7609  7.99371  7.96657  3.59491  23.0678  11.5579  26.9033  12.7985  12.9839  32.7167  33.8724  14.8659  35.3038  14.3765  
0.484904  2.30633  6  8  3.49617  4.19545  4.90689  5.60793  6.29179  7.01693  7.70457  8.40474  9.09692  9.79684  10.4993  11.2016  11.9029  12.6019  13.2878  14.0238  14.7741  15.3583  16.1062  16.7981  
2  4  5.99998  8  2.67691  3.89037  5.28745  10.4396  4.58716  8.61923  13.2291  7.89392  10.1947  6.75123  19.8401  13.3391  21.4549  15.066  12.4304  27.5668  27.0014  14.9304  30.0338  19.5576  
2  4  6  8  0  4.20001  4.9  16  6.74462e-17  7.00004  22  8.4  9.1  3.12143e-19  30  11.2  34  12.6  13.3  40  42  15.4  46  16.8  
2  4  6  8  0.519135  4.31712  4.83337  14.8788  0.891045  7.25794  20.2403  8.26899  8.73882  1.21745  27.6565  11.2824  31.6514  12.5718  13.1885  37.5754  39.2825  15.2153  42.4434  15.9259  
0.0191524  1.29885  6  8  3.5024  4.20197  4.90141  5.60266  6.29392  7.01262  7.72792  8.43225  9.0914  9.79088  10.5198  11.2217  11.9105  12.6109  13.3136  14.0175  14.7244  15.4243  16.1878  16.887  
2  4  6  8  4.27194  4.41051  4.44882  5.3909  7.56467  7.89948  7.35369  8.21416  9.42486  10.708  9.48165  13.855  11.0659  14.1327  12.8228  14.2699  14.0501  15.3263  14.7504  17.7132  
2  4  6  8  0  4.20001  4.9  16  6.74462e-17  7.00004  22  8.4  9.1  3.12143e-19  30  11.2  34  12.6  13.3  40  42  15.4  46  16.8  
2  4  6  8  1.8398  4.64937  4.6007  12.0352  3.13563  7.93259  15.8768  7.92358  7.77952  4.19681  21.8948  11.6008  25.7262  12.7824  12.9223  31.5129  32.5386  14.7348  33.5042  13.9635  
0.484991  2.68443  6  8  3.4997  4.20072  4.90689  5.60793  6.29179  7.01693  7.70457  8.40474  9.09692  9.79684  10.4993  11.2016  11.9029  12.6019  13.2878  14.0238  14.7741  15.3583  16.1062  16.7981  
2  4  5.99998  8  2.95479  3.63062  4.82583  9.89867  4.65181  8.84848  12.3429  7.88323  11.0004  7.60363  19.1493  13.9129  20.033  15.8109  12.2634  26.2549  25.1625  14.9816  28.8714  21.4193  
2  4  6  8  0  4.20001  4.9  16  6.74462e-17  7.00004  22  8.4  9.1  3.12143e-19  30  11.2  34  12.6  13.3  40  42  15.4  46  16.8  
1.99879  3.81362  6  8  0.147331  0.351728  14  15.7183  0.24705  5.95723e-06  21.5561  23.8774  7.19184  0.274937  29.1359  12.1321  33.3101  0.0814427  1.44644  39.4081  41.3221  44  45.116  42.9513  
0.348105  1.20246  6  7.99918  3.49942  4.20151  4.89757  5.60848  6.31841  7.01889  7.72229  8.42304  9.09832  9.8079  10.5061  11.2055  11.9188  12.6033  13.294  14.0045  14.6759  15.4401  16.1263  16.7778  
2  4  5.99998  7.99999  4.83294  3.89451  4.57107  4.30458  7.69582  8.35907  5.5936  8.1899  11.0178  12.3929  8.12733  15.0303  8.20414  15.6194  12.4989  11.6439  10.3848  15.4316  12.428  21.4539  
1.96053  3.21826  6  8  2.63786e-17  2.90709  4.24637  15.9729  0  10.9128  22  8.23985  10.6019  0.103407  30  23.6092  34  17.472  11.3706  39.9341  42  13.7831  45.9947  36.1634  
1.91777  3.92032  6  7.99846  2.22367  2.36723  2.87902  13.4753  2.09837  14.038  21.9801  4.99085  13.2865  8.88522  28.1257  31.9104  24.2596  24.5711  15.0471  37.0997  29.6626  12.0559  43.3362  39.7817  
0.399537  2.06172  5.9938  7.94059  3.50076  4.20045  4.89854  5.60638  6.31163  7.02131  7.71157  8.42009  9.10927  9.80581  10.4999  11.2024  11.9147  12.6031  13.2922  14.017  14.7019  15.4071  16.1203  16.7822  
1.98871  3.97061  5.99922  8  6.58828  4.22747  5.65016  3.42639  12.2584  5.48485  0.00558616  7.57004  10.3966  12.9422  1.10039  2.42971  8.84038  14.4971  9.49461  9.29485  18.6651  19.5549  5.21453  7.06149  
2  4  6  8  0  4.20001  4.9  16  6.74462e-17  7.00004  22  8.4  9.1  3.12143e-19  30  11.2  34  12.6  13.3  40  42  15.4  46  16.8  
1.78657  3.67494  6  8  1.59429  2.27287  8.01191  15.8379  3.80566  9.09323  18.6863  23.5147  5.50585  10.4012  25.9287  24.3584  32.3056  17.6738  3.59397  35.6245  38.5208  38.9965  44.4179  39.2715  
0.0131687  0.682026  5.32429  6.20632  3.5108  4.20713  4.90407  5.59349  6.32278  7.01851  7.73569  8.43209  9.09712  9.79286  10.5227  11.2272  11.8897  12.6114  13.3284  14.0079  14.7039  15.4257  16.2059  16.8359  
2  4  6  7.99725  3.62883  4.3689  5.04867  5.71695  6.21671  7.4626  7.49175  8.52951  9.27321  9.73698  11.4355  10.9557  12.7201  12.7524  14.4538  13.0282  15.4703  16.0119  15.0321  14.8427  
1.75676  3.4386  5.99999  8  4.97316  2.45074  4.69976  14.5571  6.34594  18.0496  17.7353  8.54747  11.6471  20.4029  17.6735  31.2431  23.8473  27.8694  13.1798  26.5616  27.2811  13.3373  35.5118  32.0913  
1.99095  3.6589  5.99937  7.98889  6.72163  5.78387  7.19974  8.89126  10.8447  4.07133  5.46693  8.75361  13.7055  9.73701  11.4555  8.03983  23.9906  20.5335  10.234  20.4588  26.3562  17.5943  16.9503  9.6987  
0.451162  2.93058  5.79484  7.24354  3.50211  4.1994  4.8995  5.60429  6.30485  7.02373  7.70085  8.41714  9.12022  9.82318  10.4938  11.1994  11.9105  12.6028  13.2905  14.0294  14.7278  15.3741  16.1143  16.7865  
1.95203  3.97102  5.99954  8  4.33931  2.51915  3.48979  5.71841  7.88527  10.5008  8.26217  5.70045  10.1871  12.5163  9.43546  14.365  8.97489  16.5159  11.9011  17.6153  20.3182  16.7856  18.4075  19.9728  
1.77836  2.67005  5.99993  7.99991  1.1107  0.245142  13.9961  11.822  1.57128  3.64969e-05  18.1342  23.9996  6.89403  2.69463  24.686  14.9821  28.0614  0.655019  1.8274  30.4896  32.7359  43.9979  36.0885  47.8615  
1.9996  3.16076  5.99901  7.99591  5.57123  4.7436  4.13669  7.15695  4.22565  10.9803  15.585  9.72251  11.0913  8.88303  18.6076  8.47339  21.5249  15.6836  20.166  26.1225  20.2925  14.8767  44.2602  15.4769  
0.228061  1.70133  5.53042  6.92872  3.50608  4.20334  4.90072  5.59846  6.31356  7.01934  7.71528  8.41907  9.104  9.80569  10.5172  11.224  11.9027  12.6029  13.3056  14.0152  14.7101  15.4081  16.1494  16.8174  
1.99999  3.91619  5.9917  7.99281  5.01634  6.17488  5.25955  6.13137  7.28745  6.51105  9.27449  7.85957  9.19073  9.98551  13.2584  12.7471  17.2227  17.9876  14.5854  15.0326  12.2528  12.6629  13.7266  13.0447  
1.74202  2.85091  5.99999  7.99999  6.20076  2.33918  4.87795  10.4841  8.62506  17.7389  17.4471  8.71392  12.0221  24.1048  10.2143  31.3572  15.5388  27.7564  13.304  16.0073  16.3553  13.533  34.7734  32.8647  
1.94307  3.34052  5.99961  7.99642  5.03429  4.97355  5.68969  7.81312  8.03126  6.05646  8.06881  8.25358  9.87617  8.26724  12.8533  8.92844  20.3023  17.845  14.4352  25.9042  22.7466  14.0566  21.9497  9.75033  
0.422508  2.22733  5.52732  6.9718  3.50413  4.20158  4.89828  5.60275  6.32205  7.02532  7.70534  8.41323  9.12011  9.82052  10.5043  11.2105  11.9058  12.5991  13.2918  14.0169  14.6973  15.4035  16.1065  16.754  
2  3.52639  6  7.9935  5.27321  5.12674  5.33505  6.09852  6.80412  6.58722  9.2207  7.5245  8.95082  9.56364  11.9779  12.2385  11.8375  15.6131  14.3498  19.0284  13.6679  14.5683  17.7306  12.8808  
1.97972  1.45643  5.99998  8  2.3885  0.0361587  12.3287  12.0122  0.883126  1.00414  18.8217  23.8548  4.69505  2.55011  26.1646  29.0542  27.081  0.137228  0.330912  32.595  30.3787  43.8114  43.0559  42.8459  
1.78453  3.1099  6  8  3.08014  4.60619  4.54886  8.99966  5.22417  8.05247  11.8943  7.33243  7.51801  7.23468  16.5942  9.63808  19.151  13.6093  12.6599  24.9936  24.4828  14.2316  24.5282  13.1529  
0.010644  1.00971  6  8  3.50466  4.20397  4.90342  5.5978  6.29465  7.00936  7.73146  8.43177  9.07704  9.77615  10.5256  11.2296  11.9084  12.6107  13.3198  14.0136  14.7275  15.4164  16.2059  16.9089  
1.93907  3.98327  0.0106329  0.0271831  3.51826  4.2286  4.90298  5.60859  6.27605  7.02891  7.68752  8.40791  9.25281  9.91413  10.5142  11.2109  11.9529  12.5575  13.2866  14.0047  14.697  15.4058  16.2128  16.86  
1.67927  2.81925  6  7.99914  5.92574  2.68416  4.70434  6.62395  4.67394  12.4943  17.0347  4.28057  14.3069  12.5209  10.9573  11.4233  11.9429  14.0442  19.6419  15.6837  17.1846  8.06169  43.2831  12.2836  
1.8869  3.34173  5.99888  7.99584  4.00865  4.32482  5.33415  5.4  7.33807  6.26597  8.00786  8.25316  9.14557  9.89015  11.0445  11.8498  12.3562  14.7984  12.6487  19.2516  12.1628  12.5376  17.8611  16.1149  
0.466362  2.53692  5.99768  7.94603  3.49622  4.20015  4.89865  5.60513  6.30108  7.00702  7.7095  8.42316  9.10566  9.81406  10.4888  11.1838  11.9127  12.6048  13.3  14.0194  14.7099  15.3997  16.1427  16.6843  
1.76718  3.91458  0.0083118  0.0415731  3.51313  4.22751  4.90811  5.61961  6.27719  7.0375  7.6878  8.43186  9.2277  9.96283  10.5285  11.2159  11.948  12.5676  13.2932  14.0108  14.6853  15.4244  16.1662  16.7641  
1.03417  2.68968  5.99866  7.94452  3.49971  4.21777  4.89535  5.60418  6.30205  6.99996  7.65865  8.4418  9.09043  9.77082  10.5623  11.236  11.945  12.595  13.3536  14.0317  14.6309  15.5605  16.0705  16.7078  
1.99815  2.58291  5.99999  7.99962  5.8503  4.82785  4.39844  6.53369  5.99019  6.98444  11.9433  6.25718  9.20886  9.54342  11.5405  12.0366  11.4176  13.7957  11.9261  16.4132  14.7338  16.1913  17.9467  16.0833  
0.156307  1.31223  6  8  3.50399  4.20325  4.90064  5.59788  6.29666  7.00909  7.72808  8.43792  9.08387  9.78872  10.5213  11.2184  11.9052  12.6023  13.3221  14.0208  14.7237  15.4112  16.1924  16.8187  
1.80611  3.97663  0.0143178  0.00912998  3.51492  4.22321  4.90107  5.60423  6.28282  7.03545  7.67632  8.40361  9.22739  9.89002  10.4939  11.2064  11.9548  12.5671  13.2756  13.9992  14.7063  15.4084  16.1779  16.8221  
1.9999  1.58564  5.99989  8  5.32159  3.2436  4.87457  6.51489  8.56629  12.7651  11.7824  9.12459  7.1192  14.5226  9.35076  15.6328  18.392  21.7156  15.0026  22.8969  13.2486  17.322  25.8759  21.2747  
1.35994  3.99622  0.083669  0.087851  3.50926  4.21186  4.89509  5.59771  6.29339  7.02994  7.68165  8.42188  9.19872  9.87322  10.5006  11.2005  11.9736  12.583  13.2911  14.0076  14.6985  15.4578  16.1788  16.7991  
0.253874  2.12953  5.43094  6.66844  3.50675  4.20281  4.90121  5.59741  6.31017  7.02056  7.70992  8.4176  9.10947  9.80951  10.5141  11.2225  11.9006  12.6027  13.3047  14.0214  14.7231  15.3916  16.1464  16.8196  
1.5284  3.99763  0.0847093  0.0102505  3.50874  4.21293  4.89338  5.59914  6.29715  7.02902  7.69312  8.43003  9.21731  9.89707  10.505  11.1985  11.9762  12.5719  13.2967  14.0145  14.7156  15.4559  16.1879  16.7592  
0.85977  2.44585  5.11832  6.91701  3.50565  4.21017  4.89363  5.60319  6.29921  7.01165  7.68887  8.3944  9.09184  9.80921  10.5281  11.2396  11.9376  12.5991  13.2876  13.9951  14.6997  15.4448  16.0822  16.8154  
1.75957  2.59868  5.99368  7.85575  3.53996  4.20979  4.89651  5.63853  6.36008  6.95455  7.58473  8.55422  10.1248  9.14868  10.5999  11.4923  12.2758  12.9314  13.6015  13.3611  14.4991  15.5312  16.8482  16.9581  
0.0715542  0.222927  5.05276  6.75175  3.51125  4.20742  4.90433  5.5975  6.31534  7.02346  7.73616  8.41431  9.0724  9.77577  10.5544  11.2576  11.8787  12.5974  13.3123  14.013  14.7265  15.413  16.1251  16.8168  
1.98743  3.9831  0.0120028  0.00758439  3.5127  4.22075  4.90302  5.60901  6.28332  7.03594  7.67458  8.40674  9.22931  9.89839  10.5016  11.1997  11.9363  12.564  13.2781  14.006  14.7203  15.3905  16.1503  16.7638  
0.983155  3.95241  0.0119624  0.01641  3.51211  4.1957  4.87847  5.57771  6.31079  7.01749  7.67541  8.42131  9.19453  9.87427  10.487  11.1833  11.956  12.5866  13.3012  14.0281  14.7537  15.4832  16.1993  16.8715  
1.40025  3.94539  0.0445409  0.113629  3.50439  4.20882  4.89173  5.59564  6.29312  7.0308  7.6928  8.42224  9.20272  9.87454  10.497  11.2034  11.9767  12.5799  13.2942  13.9963  14.7118  15.4682  16.1975  16.8093  
1.3023  1.31407  5.99999  7.99165  3.52039  4.2199  4.89235  5.60158  6.31069  6.99905  7.68005  8.37883  9.07869  9.83917  10.597  11.3024  11.9211  12.5734  13.3158  14.0121  14.703  15.4346  15.9974  16.7727  
1.62479  3.99738  0.0166328  0.0106756  3.51713  4.22568  4.89913  5.59946  6.28233  7.03496  7.67805  8.40048  9.22548  9.88164  10.4863  11.2132  11.9733  12.5703  13.2732  13.9924  14.6923  15.4262  16.2055  16.8804  
1.08209  2.92038  6  8  3.48787  4.21044  4.91001  5.61262  6.30295  6.97833  7.65767  8.37474  9.08321  9.7802  10.5458  11.2179  11.9407  12.6215  13.3518  14.0336  14.6434  15.475  16.2059  16.9723  
1.03748  3.95639  0.0993523  0.0770625  3.50391  4.20517  4.89488  5.58991  6.29162  7.0306  7.67426  8.40928  9.16543  9.83369  10.4874  11.2019  11.9655  12.6022  13.2833  13.9944  14.6783  15.4744  16.1726  16.8425  
0.175035  1.9319  5.66105  7.27408  3.49757  4.2016  4.90421  5.60498  6.29707  7.00757  7.71625  8.41086  9.09201  9.78892  10.4975  11.2061  11.9192  12.6217  13.2954  14.005  14.7176  15.41  16.1699  16.8648  
1.76325  3.98109  0.0129409  0.0258044  3.51789  4.22611  4.89952  5.60775  6.28576  6.98932  7.69126  8.4138  9.24336  9.91024  10.5131  11.2102  11.9578  12.5605  13.2845  14.0096  14.7022  15.4202  16.2028  16.8454  
0.672652  3.79274  0.271632  0.150199  3.50828  4.19914  4.89599  5.58677  6.31634  7.01651  7.67571  8.42691  9.15363  9.8558  10.4945  11.1735  11.9328  12.606  13.2831  14.0554  14.7653  15.5075  16.1243  16.848  
1.06332  3.89663  0.0424602  0.26883  3.50544  4.20667  4.89516  5.59279  6.28561  7.03263  7.66986  8.40595  9.16555  9.82685  10.4882  11.2073  11.9715  12.6022  13.2831  13.9825  14.6777  15.472  16.1793  16.8891  
0.360582  2.45379  4.32411  6.35668  3.50025  4.20308  4.8974  5.60199  6.3038  7.01607  7.71084  8.4051  9.09179  9.80097  10.4986  11.2009  11.9215  12.6123  13.2925  14.0199  14.723  15.4249  16.1123  16.8334  
1.28688  3.97852  0.00222756  0.063698  3.51298  4.21972  4.89348  5.59278  6.28723  7.03239  7.68716  8.40823  9.21219  9.86971  10.484  11.215  11.9935  12.5782  13.2813  13.9876  14.6881  15.465  16.2291  16.9032  
0.606084  3.16149  1.23449  1.29578  3.50151  4.20516  4.8995  5.59522  6.30731  7.01235  7.6922  8.41948  9.13105  9.81494  10.4913  11.1857  11.9289  12.6111  13.2834  14.0411  14.8189  15.4905  16.1463  16.8297  
0.826851  3.47321  0.743121  0.58616  3.5015  4.20344  4.89699  5.59008  6.29551  7.02128  7.68281  8.41967  9.15102  9.82901  10.5125  11.1944  11.9602  12.6082  13.286  14.0129  14.6896  15.4637  16.1588  16.8463  
0.214122  0.75802  5.37965  5.95332  3.50678  4.20493  4.90394  5.60664  6.31775  7.02456  7.7244  8.41587  9.1004  9.79625  10.53  11.2458  11.8946  12.6052  13.3044  13.991  14.6681  15.3944  16.1477  16.8072  
1.79404  3.99457  0.0132413  0.00855569  3.52056  4.23504  4.90291  5.60898  6.27354  6.99083  7.69987  8.39691  9.27239  9.92555  10.515  11.2186  11.9539  12.5476  13.2763  13.9984  14.6893  15.3886  16.2322  16.8517  
0.536282  3.35341  1.80702  0.963401  3.50048  4.19842  4.89683  5.59588  6.31949  7.01659  7.6841  8.42949  9.14525  9.84962  10.4853  11.1844  11.9269  12.6081  13.2877  14.038  14.7346  15.485  16.1351  16.8308  
0.813107  3.84826  0.272892  0.258481  3.50953  4.20513  4.89723  5.59491  6.28823  7.03197  7.64896  8.41872  9.13834  9.81023  10.4977  11.1969  11.9531  12.6142  13.291  13.9989  14.6811  15.4662  16.1366  16.8204  
0.601508  2.20795  2.39566  3.86277  3.4981  4.20283  4.90071  5.60384  6.29386  7.01427  7.69694  8.39781  9.11549  9.80708  10.5384  11.2294  11.9294  12.5966  13.2808  14.0025  14.7196  15.4696  16.1057  16.8275  
1.08275  3.98936  0.0340857  0.0237578  3.51232  4.19703  4.87694  5.57832  6.31478  7.01773  7.67784  8.41857  9.19736  9.75301  10.4828  11.1815  11.9595  12.5822  13.3007  14.009  14.7459  15.4676  16.2138  16.8958  
0.418841  2.63231  2.15402  2.59024  3.50292  4.2068  4.8999  5.59835  6.30716  7.01327  7.70046  8.41575  9.11941  9.80595  10.5017  11.1995  11.9234  12.6088  13.289  14.0287  14.8005  15.4695  16.149  16.827  
0.561371  3.13202  1.64212  1.4399  3.50033  4.19865  4.8959  5.59745  6.31552  7.0173  7.68135  8.41505  9.12822  9.83875  10.5101  11.2104  11.924  12.5969  13.2759  14.0371  14.7402  15.4869  16.084  16.8274  
0.289343  1.18438  4.80902  5.72961  3.50679  4.20575  4.90127  5.60432  6.31484  7.02342  7.71854  8.41299  9.10171  9.80044  10.5259  11.2397  11.9047  12.6041  13.3044  13.9944  14.6735  15.406  16.1391  16.817  
1.24604  3.87713  0.0100322  0.106007  3.51292  4.21074  4.8962  5.60612  6.3005  7.02591  7.67031  8.44169  9.19474  9.88351  10.5105  11.1941  11.9606  12.5833  13.3029  14.0271  14.7228  15.4689  16.1541  16.8474  
0.287523  2.42382  2.54143  3.02267  3.4998  4.20723  4.90055  5.60036  6.30674  7.01411  7.70444  8.41556  9.11418  9.79842  10.4985  11.2056  11.9211  12.6103  13.2901  14.024  14.7954  15.4628  16.1515  16.8194  
0.532042  2.77862  1.92606  2.9558  3.50782  4.19985  4.90338  5.59297  6.31445  7.01618  7.69385  8.42107  9.13328  9.83791  10.5135  11.1962  11.9151  12.6031  13.2927  14.027  14.7414  15.4861  16.1254  16.8392  
0.209753  1.61647  5.46537  6.80409  3.50022  4.20142  4.90275  5.60662  6.30961  7.01834  7.72255  8.41087  9.08917  9.79259  10.5068  11.2131  11.9013  12.6146  13.2924  14.0132  14.7122  15.4018  16.1296  16.8138  
0.539332  3.16365  1.21813  1.15233  3.50558  4.19832  4.90011  5.60168  6.30541  7.01663  7.67634  8.43071  9.13061  9.82749  10.5289  11.187  11.9377  12.618  13.296  14.0458  14.7185  15.4809  16.1075  16.7877  
0.32705  1.22162  4.52371  5.61776  3.5068  4.20617  4.89993  5.60317  6.31339  7.02285  7.71561  8.41155  9.10236  9.80253  10.5239  11.2366  11.9097  12.6035  13.3044  13.996  14.6762  15.4118  16.1348  16.8219  
0.391433  1.48867  3.58048  5.03283  3.50736  4.20056  4.90304  5.59918  6.31255  7.01586  7.712  8.41524  9.11293  9.82002  10.5325  11.219  11.8975  12.6002  13.3023  13.9985  14.7175  15.4647  16.1264  16.8304  
0.0800792  0.378864  5.60864  7.06004  3.50996  4.20363  4.90049  5.60109  6.31973  7.0309  7.74407  8.43179  9.07136  9.7835  10.5442  11.2436  11.8726  12.5965  13.3139  14.0301  14.7168  15.4  16.1253  16.8068  
1.36628  3.99474  0.0151784  0.0859644  3.51465  4.21799  4.89747  5.59864  6.2897  7.03289  7.66758  8.41442  9.20117  9.86827  10.485  11.189  11.9747  12.5817  13.2824  14.0012  14.7026  15.4506  16.1807  16.8814  
0.198868  0.804208  4.71539  6.46906  3.50312  4.2046  4.90532  5.60597  6.30774  7.01466  7.72637  8.40956  9.09321  9.79133  10.5345  11.2351  11.8916  12.6024  13.3057  14.0034  14.7325  15.4423  16.1399  16.8161  
0.28753  0.886361  5.99999  7.99979  3.49809  4.20574  4.89746  5.60682  6.31929  7.01721  7.73435  8.41556  9.09272  9.79714  10.4925  11.2118  11.9117  12.5987  13.2905  13.996  14.7169  15.4344  16.147  16.7975  
0.0387898  0.225923  4.7991  7.37035  3.50765  4.2086  4.90932  5.59626  6.30921  7.00815  7.73344  8.4086  9.06449  9.76186  10.5461  11.2509  11.8874  12.602  13.318  13.9955  14.7388  15.4264  16.1763  16.86  
