2  4  6  8  3.5  4.2  4.9  5.6  6.3  7  7.7  8.4  9.1  9.8  10.5  11.2  11.9  12.6  13.3  14  14.7  15.4  16.1  16.8  
1.98771  3.99869  5.96873  7.99991  3.5  4.2  4.9  5.6  6.3  7  7.7  8.4  9.1  9.8  10.5  11.2  11.9  12.6  13.3  14  14.7  15.4  16.1  16.8  
1.98267  4  5.98998  7.93216  3.5  4.2  4.9  5.6  6.3  7  7.7  8.4  9.1  9.8  10.5  11.2  11.9  12.6  13.3  14  14.7  15.4  16.1  16.8  
1.98962  3.99294  5.99352  7.86815  3.5  4.2  4.9  5.6  6.3  7  7.7  8.4  9.1  9.8  10.5  11.2  11.9  12.6  13.3  14  14.7  15.4  16.1  16.8  
1.9871  3.9936  5.99584  7.83428  3.5  4.2  4.9  5.6  6.3  7  7.7  8.4  9.1  9.8  10.5  11.2  11.9  12.6  13.3  14  14.7  15.4  16.1  16.8  
1.99371  3.95942  5.97886  7.86318  3.5  4.2  4.9  5.6  6.3  7  7.7  8.4  9.1  9.8  10.5  11.2  11.9  12.6  13.3  14  14.7  15.4  16.1  16.8  
1.97991  3.92689  5.96464  7.96948  3.5  4.2  4.9  5.6  6.3  7  7.7  8.4  9.1  9.8  10.5  11.2  11.9  12.6  13.3  14  14.7  15.4  16.1  16.8  
1.98211  3.975  5.86594  7.96515  3.5  4.2  4.9  5.6  6.3  7  7.7  8.4  9.1  9.8  10.5  11.2  11.9  12.6  13.3  14  14.7  15.4  16.1  16.8  
1.97359  3.89249  5.98935  7.97036  3.5  4.2  4.9  5.6  6.3  7  7.7  8.4  9.1  9.8  10.5  11.2  11.9  12.6  13.3  14  14.7  15.4  16.1  16.8  
1.97776  3.93887  5.92345  7.9207  3.5  4.2  4.9  5.6  6.3  7  7.7  8.4  9.1  9.8  10.5  11.2  11.9  12.6  13.3  14  14.7  15.4  16.1  16.8  
1.97778  3.92528  5.92345  7.9207  3.5  4.2  4.9  5.6  6.3  7  7.7  8.4  9.1  9.8  10.5  11.2  11.9  12.6  13.3  14  14.7  15.4  16.1  16.8  
1.96511  3.87008  5.97286  7.98959  3.5  4.2  4.9  5.6  6.3  7  7.7  8.4  9.1  9.8  10.5  11.2  11.9  12.6  13.3  14  14.7  15.4  16.1  16.8  
1.99806  3.99654  5.85322  7.7388  3.5  4.2  4.9  5.6  6.3  7  7.7  8.4  9.1  9.8  10.5  11.2  11.9  12.6  13.3  14  14.7  15.4  16.1  16.8  
1.97993  3.9422  5.90734  7.82272  3.5  4.2  4.9  5.6  6.3  7  7.7  8.4  9.1  9.8  10.5  11.2  11.9  12.6  13.3  14  14.7  15.4  16.1  16.8  
1.97993  3.94319  5.88739  7.82272  3.5  4.2  4.9  5.6  6.3  7  7.7  8.4  9.1  9.8  10.5  11.2  11.9  12.6  13.3  14  14.7  15.4  16.1  16.8  
1.93774  3.85937  5.99564  7.99057  3.5  4.2  4.9  5.6  6.3  7  7.7  8.4  9.1  9.8  10.5  11.2  11.9  12.6  13.3  14  14.7  15.4  16.1  16.8  
1.99459  3.90427  5.88301  7.79957  3.5  4.2  4.9  5.6  6.3  7  7.7  8.4  9.1  9.8  10.5  11.2  11.9  12.6  13.3  14  14.7  15.4  16.1  16.8  
1.9876  3.79856  5.95745  7.91603  3.5  4.2  4.9  5.6  6.3  7  7.7  8.4  9.1  9.8  10.5  11.2  11.9  12.6  13.3  14  14.7  15.4  16.1  16.8  
2  3.88585  5.87515  7.77809  3.5  4.2  4.9  5.6  6.3  7  7.7  8.4  9.1  9.8  10.5  11.2  11.9  12.6  13.3  14  14.7  15.4  16.1  16.8  
1.98404  3.92573  5.91966  7.67944  3.5  4.2  4.9  5.6  6.3  7  7.7  8.4  9.1  9.8  10.5  11.2  11.9  12.6  13.3  14  14.7  15.4  16.1  16.8  
1.99942  3.90233  5.89105  7.67961  3.5  4.2  4.9  5.6  6.3  7  7.7  8.4  9.1  9.8  10.5  11.2  11.9  12.6  13.3  14  14.7  15.4  16.1  16.8  
1.99632  3.90328  5.89104  7.66694  3.5  4.2  4.9  5.6  6.3  7  7.7  8.4  9.1  9.8  10.5  11.2  11.9  12.6  13.3  14  14.7  15.4  16.1  16.8  
1.99038  3.91518  5.90137  7.62997  3.5  4.2  4.9  5.6  6.3  7  7.7  8.4  9.1  9.8  10.5  11.2  11.9  12.6  13.3  14  14.7  15.4  16.1  16.8  
1.98444  3.92707  5.9117  7.593  3.5  4.2  4.9  5.6  6.3  7  7.7  8.4  9.1  9.8  10.5  11.2  11.9  12.6  13.3  14  14.7  15.4  16.1  16.8  
1.98131  3.92802  5.91168  7.58044  3.5  4.2  4.9  5.6  6.3  7  7.7  8.4  9.1  9.8  10.5  11.2  11.9  12.6  13.3  14  14.7  15.4  16.1  16.8  
1.98475  3.94124  5.88462  7.55307  3.5  4.2  4.9  5.6  6.3  7  7.7  8.4  9.1  9.8  10.5  11.2  11.9  12.6  13.3  14  14.7  15.4  16.1  16.8  
1.97877  3.92138  5.86832  7.61507  3.5  4.2  4.9  5.6  6.3  7  7.7  8.4  9.1  9.8  10.5  11.2  11.9  12.6  13.3  14  14.7  15.4  16.1  16.8  
1.97076  3.80433  5.95131  7.74708  3.5  4.2  4.9  5.6  6.3  7  7.7  8.4  9.1  9.8  10.5  11.2  11.9  12.6  13.3  14  14.7  15.4  16.1  16.8  
1.97076  3.80433  5.93359  7.74708  3.5  4.2  4.9  5.6  6.3  7  7.7  8.4  9.1  9.8  10.5  11.2  11.9  12.6  13.3  14  14.7  15.4  16.1  16.8  
1.96219  3.91435  5.81921  7.69002  3.5  4.2  4.9  5.6  6.3  7  7.7  8.4  9.1  9.8  10.5  11.2  11.9  12.6  13.3  14  14.7  15.4  16.1  16.8  
1.55602  3.37125  4.60958  6.56807  3.5  4.2  4.9  5.6  6.3  7  7.7  8.4  9.1  9.8  10.5  11.2  11.9  12.6  13.3  14  14.7  15.4  16.1  16.8  
1.55602  3.37125  4.60958  6.56807  3.5  4.2  4.9  5.6  6.3  7  7.7  8.4  9.1  9.8  10.5  11.2  11.9  12.6  13.3  14  14.7  15.4  16.1  16.8  
1.55602  3.37125  4.60958  6.56807  3.5  4.2  4.9  5.6  6.3  7  7.7  8.4  9.1  9.8  10.5  11.2  11.9  12.6  13.3  14  14.7  15.4  16.1  16.8  
1.55602  3.37125  4.60958  6.56807  3.5  4.2  4.9  5.6  6.3  7  7.7  8.4  9.1  9.8  10.5  11.2  11.9  12.6  13.3  14  14.7  15.4  16.1  16.8  
1.55602  3.37125  4.60958  6.56807  3.5  4.2  4.9  5.6  6.3  7  7.7  8.4  9.1  9.8  10.5  11.2  11.9  12.6  13.3  14  14.7  15.4  16.1  16.8  
1.55602  3.37125  4.60958  6.56807  3.5  4.2  4.9  5.6  6.3  7  7.7  8.4  9.1  9.8  10.5  11.2  11.9  12.6  13.3  14  14.7  15.4  16.1  16.8  
1.55602  3.37125  4.60958  6.56807  3.5  4.2  4.9  5.6  6.3  7  7.7  8.4  9.1  9.8  10.5  11.2  11.9  12.6  13.3  14  14.7  15.4  16.1  16.8  
1.69278  3.05294  4.56243  6.58698  3.5  4.2  4.9  5.6  6.3  7  7.7  8.4  9.1  9.8  10.5  11.2  11.9  12.6  13.3  14  14.7  15.4  16.1  16.8  
1.55613  3.155  4.62657  6.74078  3.5  4.2  4.9  5.6  6.3  7  7.7  8.4  9.1  9.8  10.5  11.2  11.9  12.6  13.3  14  14.7  15.4  16.1  16.8  
1.62729  2.98891  4.57747  6.77813  3.5  4.2  4.9  5.6  6.3  7  7.7  8.4  9.1  9.8  10.5  11.2  11.9  12.6  13.3  14  14.7  15.4  16.1  16.8  
1.55602  3.18318  4.60958  6.56807  3.5  4.2  4.9  5.6  6.3  7  7.7  8.4  9.1  9.8  10.5  11.2  11.9  12.6  13.3  14  14.7  15.4  16.1  16.8  
1.67096  3.03159  4.56744  6.41066  3.5  4.2  4.9  5.6  6.3  7  7.7  8.4  9.1  9.8  10.5  11.2  11.9  12.6  13.3  14  14.7  15.4  16.1  16.8  
1.67096  2.95694  4.56744  6.50739  3.5  4.2  4.9  5.6  6.3  7  7.7  8.4  9.1  9.8  10.5  11.2  11.9  12.6  13.3  14  14.7  15.4  16.1  16.8  
1.67097  2.92909  4.56744  6.51359  3.5  4.2  4.9  5.6  6.3  7  7.7  8.4  9.1  9.8  10.5  11.2  11.9  12.6  13.3  14  14.7  15.4  16.1  16.8  
1.67096  2.95694  4.56744  6.41066  3.5  4.2  4.9  5.6  6.3  7  7.7  8.4  9.1  9.8  10.5  11.2  11.9  12.6  13.3  14  14.7  15.4  16.1  16.8  
1.49486  3.03171  4.77563  6.64231  3.5  4.2  4.9  5.6  6.3  7  7.7  8.4  9.1  9.8  10.5  11.2  11.9  12.6  13.3  14  14.7  15.4  16.1  16.8  
1.75901  2.81165  4.46335  6.39777  3.5  4.2  4.9  5.6  6.3  7  7.7  8.4  9.1  9.8  10.5  11.2  11.9  12.6  13.3  14  14.7  15.4  16.1  16.8  
1.54786  3.04095  4.57028  6.59766  3.5  4.2  4.9  5.6  6.3  7  7.7  8.4  9.1  9.8  10.5  11.2  11.9  12.6  13.3  14  14.7  15.4  16.1  16.8  
1.49548  2.9308  4.88052  6.57086  3.5  4.2  4.9  5.6  6.3  7  7.7  8.4  9.1  9.8  10.5  11.2  11.9  12.6  13.3  14  14.7  15.4  16.1  16.8  
1.48149  3.03458  4.57466  6.78452  3.5  4.2  4.9  5.6  6.3  7  7.7  8.4  9.1  9.8  10.5  11.2  11.9  12.6  13.3  14  14.7  15.4  16.1  16.8  
1.4904  3.03266  4.5901  6.68971  3.5  4.2  4.9  5.6  6.3  7  7.7  8.4  9.1  9.8  10.5  11.2  11.9  12.6  13.3  14  14.7  15.4  16.1  16.8  
1.49932  3.03075  4.60553  6.59492  3.5  4.2  4.9  5.6  6.3  7  7.7  8.4  9.1  9.8  10.5  11.2  11.9  12.6  13.3  14  14.7  15.4  16.1  16.8  
1.49771  3.02852  4.61765  6.54717  3.5  4.2  4.9  5.6  6.3  7  7.7  8.4  9.1  9.8  10.5  11.2  11.9  12.6  13.3  14  14.7  15.4  16.1  16.8  
1.49565  3.02852  4.59175  6.54717  3.5  4.2  4.9  5.6  6.3  7  7.7  8.4  9.1  9.8  10.5  11.2  11.9  12.6  13.3  14  14.7  15.4  16.1  16.8  
1.48503  3.02403  4.61736  6.5213  3.5  4.2  4.9  5.6  6.3  7  7.7  8.4  9.1  9.8  10.5  11.2  11.9  12.6  13.3  14  14.7  15.4  16.1  16.8  
1.47681  2.72864  4.54199  7.20175  3.5  4.2  4.9  5.6  6.3  7  7.7  8.4  9.1  9.8  10.5  11.2  11.9  12.6  13.3  14  14.7  15.4  16.1  16.8  
1.03835  2.44932  3.2548  5.91559  3.5  4.2  4.9  5.6  6.3  7  7.7  8.4  9.1  9.8  10.5  11.2  11.9  12.6  13.3  14  14.7  15.4  16.1  16.8  
1.03835  2.44932  3.2548  5.91559  3.5  4.2  4.9  5.6  6.3  7  7.7  8.4  9.1  9.8  10.5  11.2  11.9  12.6  13.3  14  14.7  15.4  16.1  16.8  
1.03835  2.44932  3.2548  5.91559  3.5  4.2  4.9  5.6  6.3  7  7.7  8.4  9.1  9.8  10.5  11.2  11.9  12.6  13.3  14  14.7  15.4  16.1  16.8  
1.03835  2.44932  3.2548  5.91559  3.5  4.2  4.9  5.6  6.3  7  7.7  8.4  9.1  9.8  10.5  11.2  11.9  12.6  13.3  14  14.7  15.4  16.1  16.8  
1.03835  2.44932  3.2548  5.91559  3.5  4.2  4.9  5.6  6.3  7  7.7  8.4  9.1  9.8  10.5  11.2  11.9  12.6  13.3  14  14.7  15.4  16.1  16.8  
1.03835  2.44932  3.2548  5.91559  3.5  4.2  4.9  5.6  6.3  7  7.7  8.4  9.1  9.8  10.5  11.2  11.9  12.6  13.3  14  14.7  15.4  16.1  16.8  
1.03835  2.44932  3.2548  5.91559  3.5  4.2  4.9  5.6  6.3  7  7.7  8.4  9.1  9.8  10.5  11.2  11.9  12.6  13.3  14  14.7  15.4  16.1  16.8  
1.03835  2.44932  3.2548  5.91559  3.5  4.2  4.9  5.6  6.3  7  7.7  8.4  9.1  9.8  10.5  11.2  11.9  12.6  13.3  14  14.7  15.4  16.1  16.8  
1.03835  2.44932  3.2548  5.91559  3.5  4.2  4.9  5.6  6.3  7  7.7  8.4  9.1  9.8  10.5  11.2  11.9  12.6  13.3  14  14.7  15.4  16.1  16.8  
1.03835  2.44932  3.2548  5.91559  3.5  4.2  4.9  5.6  6.3  7  7.7  8.4  9.1  9.8  10.5  11.2  11.9  12.6  13.3  14  14.7  15.4  16.1  16.8  
1.03835  2.44932  3.2548  5.80695  3.5  4.2  4.9  5.6  6.3  7  7.7  8.4  9.1  9.8  10.5  11.2  11.9  12.6  13.3  14  14.7  15.4  16.1  16.8  
1.04231  2.21661  3.21199  6.12699  3.5  4.2  4.9  5.6  6.3  7  7.7  8.4  9.1  9.8  10.5  11.2  11.9  12.6  13.3  14  14.7  15.4  16.1  16.8  
1.00151  1.98747  3.14278  6.70792  3.5  4.2  4.9  5.6  6.3  7  7.7  8.4  9.1  9.8  10.5  11.2  11.9  12.6  13.3  14  14.7  15.4  16.1  16.8  
0.971478  2.21661  3.21184  6.1647  3.5  4.2  4.9  5.6  6.3  7  7.7  8.4  9.1  9.8  10.5  11.2  11.9  12.6  13.3  14  14.7  15.4  16.1  16.8  
0.975732  2.15852  3.20954  6.16409  3.5  4.2  4.9  5.6  6.3  7  7.7  8.4  9.1  9.8  10.5  11.2  11.9  12.6  13.3  14  14.7  15.4  16.1  16.8  
0.986423  2.11861  3.16517  6.16317  3.5  4.2  4.9  5.6  6.3  7  7.7  8.4  9.1  9.8  10.5  11.2  11.9  12.6  13.3  14  14.7  15.4  16.1  16.8  
0.958971  2.10955  3.16116  6.20242  3.5  4.2  4.9  5.6  6.3  7  7.7  8.4  9.1  9.8  10.5  11.2  11.9  12.6  13.3  14  14.7  15.4  16.1  16.8  
0.980244  2.04851  3.15201  6.1589  3.5  4.2  4.9  5.6  6.3  7  7.7  8.4  9.1  9.8  10.5  11.2  11.9  12.6  13.3  14  14.7  15.4  16.1  16.8  
1.00152  1.98747  3.14285  6.11539  3.5  4.2  4.9  5.6  6.3  7  7.7  8.4  9.1  9.8  10.5  11.2  11.9  12.6  13.3  14  14.7  15.4  16.1  16.8  
1.00153  1.98745  3.14285  6.02149  3.5  4.2  4.9  5.6  6.3  7  7.7  8.4  9.1  9.8  10.5  11.2  11.9  12.6  13.3  14  14.7  15.4  16.1  16.8  
1.00567  2.30016  3.33002  5.03384  3.5  4.2  4.9  5.6  6.3  7  7.7  8.4  9.1  9.8  10.5  11.2  11.9  12.6  13.3  14  14.7  15.4  16.1  16.8  
0.564999  1.43458  1.52573  5.79632  3.5  4.2  4.9  5.6  6.3  7  7.7  8.4  9.1  9.8  10.5  11.2  11.9  12.6  13.3  14  14.7  15.4  16.1  16.8  
0.564999  1.43458  1.52573  5.79632  3.5  4.2  4.9  5.6  6.3  7  7.7  8.4  9.1  9.8  10.5  11.2  11.9  12.6  13.3  14  14.7  15.4  16.1  16.8  
0.564999  1.43458  1.52573  5.79632  3.5  4.2  4.9  5.6  6.3  7  7.7  8.4  9.1  9.8  10.5  11.2  11.9  12.6  13.3  14  14.7  15.4  16.1  16.8  
0.564999  1.43458  1.52573  5.79632  3.5  4.2  4.9  5.6  6.3  7  7.7  8.4  9.1  9.8  10.5  11.2  11.9  12.6  13.3  14  14.7  15.4  16.1  16.8  
0.564999  1.43458  1.52573  5.79632  3.5  4.2  4.9  5.6  6.3  7  7.7  8.4  9.1  9.8  10.5  11.2  11.9  12.6  13.3  14  14.7  15.4  16.1  16.8  
0.564999  1.43458  1.52573  5.79632  3.5  4.2  4.9  5.6  6.3  7  7.7  8.4  9.1  9.8  10.5  11.2  11.9  12.6  13.3  14  14.7  15.4  16.1  16.8  
0.564999  1.43458  1.52573  5.79632  3.5  4.2  4.9  5.6  6.3  7  7.7  8.4  9.1  9.8  10.5  11.2  11.9  12.6  13.3  14  14.7  15.4  16.1  16.8  
0.564999  1.43458  1.52573  5.79632  3.5  4.2  4.9  5.6  6.3  7  7.7  8.4  9.1  9.8  10.5  11.2  11.9  12.6  13.3  14  14.7  15.4  16.1  16.8  
0.564999  1.43458  1.52573  5.79632  3.5  4.2  4.9  5.6  6.3  7  7.7  8.4  9.1  9.8  10.5  11.2  11.9  12.6  13.3  14  14.7  15.4  16.1  16.8  
0.565016  1.41664  1.52573  5.79632  3.5  4.2  4.9  5.6  6.3  7  7.7  8.4  9.1  9.8  10.5  11.2  11.9  12.6  13.3  14  14.7  15.4  16.1  16.8  
0.564988  1.43458  1.52573  5.37829  3.5  4.2  4.9  5.6  6.3  7  7.7  8.4  9.1  9.8  10.5  11.2  11.9  12.6  13.3  14  14.7  15.4  16.1  16.8  
0.507192  1.24841  1.72893  5.42468  3.5  4.2  4.9  5.6  6.3  7  7.7  8.4  9.1  9.8  10.5  11.2  11.9  12.6  13.3  14  14.7  15.4  16.1  16.8  
0.501937  1.38724  2.07411  4.44533  3.5  4.2  4.9  5.6  6.3  7  7.7  8.4  9.1  9.8  10.5  11.2  11.9  12.6  13.3  14  14.7  15.4  16.1  16.8  
0.501465  1.24629  1.96318  4.61404  3.5  4.2  4.9  5.6  6.3  7  7.7  8.4  9.1  9.8  10.5  11.2  11.9  12.6  13.3  14  14.7  15.4  16.1  16.8  
0.565004  0.751361  1.51317  5.66939  3.5  4.2  4.9  5.6  6.3  7  7.7  8.4  9.1  9.8  10.5  11.2  11.9  12.6  13.3  14  14.7  15.4  16.1  16.8  
0.0509329  0.505113  0.344425  5.03384  3.5  4.2  4.9  5.6  6.3  7  7.7  8.4  9.1  9.8  10.5  11.2  11.9  12.6  13.3  14  14.7  15.4  16.1  16.8  
0.0509329  0.505113  0.344425  5.03384  3.5  4.2  4.9  5.6  6.3  7  7.7  8.4  9.1  9.8  10.5  11.2  11.9  12.6  13.3  14  14.7  15.4  16.1  16.8  
0.0509329  0.505113  0.344425  5.03384  3.5  4.2  4.9  5.6  6.3  7  7.7  8.4  9.1  9.8  10.5  11.2  11.9  12.6  13.3  14  14.7  15.4  16.1  16.8  
0.0509329  0.505113  0.344425  5.03384  3.5  4.2  4.9  5.6  6.3  7  7.7  8.4  9.1  9.8  10.5  11.2  11.9  12.6  13.3  14  14.7  15.4  16.1  16.8  
0.0509329  0.505113  0.344425  5.03384  3.5  4.2  4.9  5.6  6.3  7  7.7  8.4  9.1  9.8  10.5  11.2  11.9  12.6  13.3  14  14.7  15.4  16.1  16.8  
0.00131198  0.391186  0.3003  5.24374  3.5  4.2  4.9  5.6  6.3  7  7.7  8.4  9.1  9.8  10.5  11.2  11.9  12.6  13.3  14  14.7  15.4  16.1  16.8  
0.0509186  0.064051  0.0497609  5.03384  3.5  4.2  4.9  5.6  6.3  7  7.7  8.4  9.1  9.8  10.5  11.2  11.9  12.6  13.3  14  14.7  15.4  16.1  16.8  
0.0388141  0.000413447  0.000128193  1.17457  3.5  4.2  4.9  5.6  6.3  7  7.7  8.4  9.1  9.8  10.5  11.2  11.9  12.6  13.3  14  14.7  15.4  16.1  16.8  
