4.21528e-33  1.15866  6  2.18875  5.08994  6.02777  2.21806  8.13569  3.08024  10.3274  3.92219  12.5708  13.4227  4.92291  15.7384  16.5138  17.1397  17.5751  17.9174  17.9172  17.49  6.5196  20.2025  15.4668  
0.0051864  1.16947  5.9995  2.16204  5.06375  6.0156  2.21302  8.11751  3.06159  10.2757  3.90023  12.5406  13.3546  4.89569  15.7035  16.4741  17.0955  17.5731  17.8505  17.8456  17.4182  6.46803  20.0975  15.4203  
0.00320521  1.16567  5.98797  2.23261  5.06345  6.01521  2.21133  8.11706  3.05988  10.2746  3.89799  12.536  13.3534  4.89141  15.7021  16.4677  17.0879  17.5653  17.8424  17.8373  17.4094  6.4652  20.0913  15.4175  
0.0136735  1.18621  5.99927  2.19849  5.06366  6.01511  2.21222  8.11727  3.06076  10.2753  3.89922  12.5385  13.3541  4.89371  15.7029  16.4711  17.0919  17.5695  17.8468  17.8416  17.4136  6.46661  20.0949  15.4184  
0.0165327  1.15107  5.94104  2.20167  5.06335  6.01538  2.21026  8.11694  3.05907  10.2752  3.89695  12.5333  13.3535  4.88934  15.702  16.4637  17.084  17.5606  17.8387  17.8328  17.4054  6.46426  20.0883  15.4177  
0.0220974  1.21445  5.97535  2.15587  5.06318  6.01548  2.20954  8.11671  3.05824  10.2748  3.89587  12.5316  13.3526  4.88755  15.7012  16.4608  17.0812  17.5567  17.8349  17.8291  17.401  6.46242  20.0856  15.4147  
0.0261255  1.24536  5.9761  2.18279  5.06318  6.01486  2.20949  8.11649  3.05826  10.2741  3.89593  12.5317  13.3526  4.88766  15.7008  16.4609  17.0812  17.5574  17.8353  17.8296  17.4022  6.46235  20.0861  15.414  
0.0261171  1.23447  5.95333  2.14934  5.06316  6.01506  2.20914  8.11638  3.05786  10.2743  3.89538  12.5305  13.3525  4.88661  15.7011  16.459  17.0793  17.5551  17.8333  17.8277  17.4007  6.46156  20.084  15.4136  
0.0217832  1.23307  5.95663  2.24006  5.06299  6.01464  2.20852  8.11625  3.05728  10.2731  3.89469  12.529  13.3519  4.88535  15.7  16.4569  17.077  17.5531  17.8307  17.8252  17.3984  6.46088  20.0821  15.4134  
0.0227587  1.29429  5.92939  2.19383  5.06311  6.01518  2.20889  8.1165  3.05782  10.2745  3.89532  12.53  13.3527  4.88632  15.7009  16.4586  17.0787  17.5541  17.8331  17.8268  17.3997  6.46213  20.0834  15.4158  
0.0205555  1.2552  5.92337  2.25539  5.06322  6.01548  2.20939  8.11677  3.05832  10.2753  3.89596  12.5313  13.3533  4.88742  15.7015  16.4604  17.0808  17.556  17.8353  17.8289  17.4016  6.46308  20.085  15.4171  
0.020939  1.22926  5.95308  2.07853  5.06313  6.01479  2.20928  8.1164  3.05806  10.2736  3.89567  12.5308  13.3524  4.88713  15.7009  16.46  17.0798  17.5566  17.8343  17.8286  17.4016  6.46237  20.0851  15.415  
0.022567  1.29429  5.92939  2.28226  5.06311  6.01518  2.20895  8.11669  3.05782  10.2745  3.89532  12.5303  13.3527  4.88632  15.7009  16.4588  17.0787  17.5541  17.8331  17.8268  17.3997  6.46213  20.0834  15.4169  
0.00621495  1.44755  5.91338  2.14821  5.06358  6.0155  2.20973  8.11717  3.05867  10.2753  3.89639  12.5322  13.3542  4.88828  15.7022  16.4615  17.0814  17.5587  17.8355  17.8304  17.4034  6.4637  20.0865  15.4174  
0.0214267  1.25987  5.93946  2.05541  5.06319  6.01506  2.20951  8.11653  3.05833  10.2743  3.89602  12.5313  13.3529  4.88762  15.7012  16.4608  17.0808  17.557  17.8355  17.8296  17.4026  6.463  20.0857  15.4162  
0.0148434  1.34412  5.93855  2.35567  5.06314  6.01492  2.20832  8.11656  3.05719  10.2737  3.89452  12.5288  13.3525  4.88504  15.7003  16.4562  17.0762  17.5524  17.8295  17.8241  17.3974  6.4608  20.0813  15.4138  
0.0292038  1.49877  5.95831  2.25055  5.06373  6.0156  2.21153  8.11733  3.06039  10.276  3.89864  12.5365  13.3546  4.89247  15.7034  16.4685  17.0892  17.5662  17.8441  17.8381  17.4114  6.46714  20.0942  15.4204  
0.00741459  1.6426  5.95356  2.20162  5.06349  6.0152  2.20982  8.11694  3.05873  10.2748  3.89651  12.532  13.3539  4.88848  15.7025  16.4619  17.0814  17.5591  17.8362  17.8313  17.4036  6.46389  20.0869  15.4178  
0.00872375  1.63328  5.90279  2.20162  5.06349  6.01536  2.20982  8.11686  3.05874  10.2749  3.89651  12.532  13.3539  4.88842  15.7023  16.4618  17.082  17.5591  17.8364  17.8313  17.4036  6.46389  20.0869  15.4176  
0.00917008  1.52547  5.86373  2.29364  5.06334  6.01507  2.20884  8.11667  3.05779  10.2743  3.89528  12.5297  13.3531  4.88624  15.7014  16.4581  17.0779  17.5549  17.832  17.8268  17.3997  6.46212  20.0832  15.4159  
0.00349677  1.70682  5.83951  2.23162  5.06352  6.01506  2.20936  8.11679  3.05836  10.275  3.89603  12.5307  13.3538  4.88745  15.7025  16.46  17.0796  17.5574  17.8345  17.8294  17.4021  6.46343  20.085  15.4182  
0.0020754  1.79049  5.77324  2.20632  5.06338  6.01508  2.20877  8.11665  3.05785  10.2747  3.89534  12.5292  13.3536  4.8861  15.7023  16.4577  17.077  17.555  17.832  17.8268  17.3995  6.46269  20.0827  15.4183  
0.00138377  1.78036  5.77623  2.26161  5.06331  6.0153  2.20892  8.11657  3.05798  10.2747  3.8955  12.5295  13.3536  4.88645  15.7028  16.4583  17.0774  17.5557  17.8327  17.8274  17.4  6.46298  20.0831  15.4186  
0.00684483  1.6037  5.81674  2.38792  5.06341  6.01519  2.21009  8.11669  3.05903  10.2752  3.89687  12.5327  13.354  4.88913  15.7028  16.4629  17.0826  17.5603  17.8378  17.8325  17.405  6.46446  20.0878  15.4186  
3.46175e-05  1.79048  5.71649  2.34133  5.063  6.01447  2.20771  8.1158  3.05671  10.2735  3.89383  12.5262  13.3525  4.88372  15.7012  16.4536  17.0728  17.5496  17.8273  17.8228  17.3946  6.45988  20.077  15.4153  
0.0149336  1.49876  5.84482  2.52057  5.06301  6.0146  2.20955  8.11588  3.05813  10.2736  3.89579  12.5319  13.3525  4.88777  15.7008  16.4603  17.0808  17.5575  17.8347  17.83  17.4015  6.46153  20.0829  15.415  
0.00380047  2.03415  5.96699  2.24104  5.06382  6.01608  2.20711  8.11705  3.05637  10.2745  3.89336  12.5241  13.3533  4.88146  15.7025  16.4508  17.0693  17.5479  17.8233  17.8196  17.3919  6.46181  20.0802  15.4175  
0.0056834  2.15599  5.97704  2.19089  5.06423  6.01688  2.20681  8.11764  3.0562  10.275  3.89312  12.5227  13.3536  4.88033  15.7032  16.4494  17.0676  17.5465  17.8213  17.818  17.3905  6.46277  20.0818  15.4183  
0.00930313  2.09242  5.99382  2.28872  5.06367  6.01624  2.20587  8.1166  3.05507  10.2734  3.89172  12.5209  13.3518  4.87858  15.7012  16.4459  17.0645  17.5432  17.8173  17.8139  17.386  6.45955  20.0761  15.4145  
0.00391251  1.74249  5.90149  2.57588  5.06381  6.01553  2.20843  8.11712  3.05765  10.2748  3.89506  12.528  13.3537  4.88511  15.7026  16.4561  17.076  17.5531  17.8307  17.8253  17.3986  6.46332  20.0845  15.4179  
0.0377318  2.0375  5.99076  2.36892  5.06478  6.01654  2.20211  8.11713  3.05263  10.2738  3.88833  12.5095  13.3544  4.87128  15.7011  16.4302  17.0497  17.5284  17.8017  17.8016  17.3732  6.46098  20.0757  15.4183  
0.025223  1.67876  5.94252  2.69836  5.06383  6.0154  2.21064  8.11695  3.05963  10.2756  3.89763  12.5339  13.3546  4.88999  15.7028  16.4657  17.0852  17.5626  17.8402  17.8345  17.4075  6.46613  20.0925  15.4188  
0.00353564  1.76139  5.88243  2.70512  5.06411  6.01538  2.20813  8.11831  3.05795  10.2756  3.89528  12.5269  13.3548  4.88437  15.7041  16.4568  17.0753  17.5526  17.8319  17.8249  17.3999  6.46461  20.0866  15.4196  
0.000734775  2.0549  5.91951  2.55434  5.06378  6.01596  2.20701  8.11683  3.05648  10.2744  3.89352  12.5244  13.3528  4.88201  15.7023  16.4515  17.0701  17.5484  17.8246  17.8196  17.3928  6.46176  20.0811  15.4165  
0.000265816  2.11431  5.82222  2.54636  5.06464  6.01554  2.20301  8.11743  3.05442  10.2734  3.89077  12.5163  13.3563  4.87119  15.701  16.4409  17.0586  17.5368  17.8157  17.8076  17.3856  6.46161  20.0787  15.4183  
9.60285e-05  1.76466  5.69094  2.87162  5.06355  6.01496  2.21022  8.11697  3.05923  10.2747  3.89718  12.5327  13.3537  4.88973  15.702  16.4633  17.0843  17.5595  17.8402  17.832  17.4078  6.46579  20.0926  15.4172  
0.00120214  2.20555  5.93008  2.5843  5.06473  6.01591  2.20345  8.11777  3.05456  10.2747  3.89095  12.5162  13.3555  4.87236  15.702  16.4415  17.0583  17.5369  17.8152  17.8078  17.3852  6.46235  20.0797  15.4192  
0.00120214  2.20555  5.86826  2.62853  5.06473  6.01591  2.20345  8.11758  3.05456  10.2738  3.89095  12.5162  13.356  4.87249  15.7017  16.4411  17.0588  17.5374  17.8153  17.8079  17.3852  6.46231  20.0797  15.4192  
3.96377e-05  2.07234  5.9402  2.82671  5.06484  6.01677  2.20816  8.11846  3.05808  10.2765  3.89547  12.527  13.3558  4.88515  15.704  16.4555  17.0743  17.5526  17.831  17.8262  17.3995  6.46639  20.0906  15.4207  
0.00905969  2.27448  5.95525  2.67168  5.06536  6.0166  2.20197  8.11762  3.05307  10.2737  3.88904  12.5108  13.3555  4.86877  15.702  16.4335  17.0523  17.5311  17.8067  17.8  17.3772  6.46136  20.0753  15.4204  
0.00905969  2.34883  5.95525  2.67168  5.06535  6.01695  2.20197  8.11759  3.05307  10.2737  3.88904  12.5108  13.3555  4.86877  15.702  16.4335  17.0523  17.5311  17.8067  17.8  17.3772  6.4617  20.0764  15.4204  
0.00847844  2.28223  5.96032  2.79289  5.06492  6.01664  2.20433  8.11808  3.05483  10.2746  3.8913  12.5162  13.3556  4.8751  15.703  16.4404  17.0598  17.5398  17.8145  17.8086  17.3843  6.4637  20.0818  15.4211  
0.0408841  2.27194  5.98213  2.82726  5.0648  6.01694  2.20707  8.11789  3.05691  10.2758  3.89393  12.5228  13.3554  4.88129  15.7038  16.4504  17.0696  17.5474  17.8228  17.8205  17.3936  6.46606  20.0871  15.4228  
0.00559308  2.36433  5.97729  2.87529  5.06448  6.017  2.2074  8.11832  3.05747  10.2757  3.89473  12.5249  13.3556  4.88323  15.7039  16.4518  17.0716  17.5502  17.8274  17.823  17.3965  6.46639  20.0895  15.4217  
0.00328898  2.51303  5.9892  2.83648  5.06445  6.01765  2.20812  8.11809  3.05835  10.2759  3.8959  12.5282  13.3555  4.88504  15.7041  16.4563  17.0759  17.5537  17.8324  17.8288  17.4015  6.46707  20.0916  15.4216  
0.00459772  2.50973  5.97003  2.88839  5.0645  6.01764  2.20733  8.11802  3.05726  10.2762  3.89447  12.5251  13.3555  4.88187  15.7033  16.452  17.0706  17.5495  17.8257  17.8231  17.3957  6.46583  20.0874  15.4222  
0.192615  2.55197  5.97095  2.65049  5.06464  6.01533  2.20571  8.11789  3.05564  10.2745  3.89242  12.5211  13.3541  4.87854  15.7018  16.446  17.0627  17.5405  17.8194  17.8163  17.3881  6.46398  20.0846  15.4193  
0.0419279  2.33017  5.99257  3.13011  5.06495  6.01685  2.20544  8.11736  3.05577  10.276  3.8924  12.5194  13.3551  4.87394  15.7024  16.4463  17.0649  17.5429  17.8195  17.814  17.3908  6.46441  20.0829  15.422  
0.0419279  2.33017  5.90235  3.13011  5.06495  6.01685  2.20544  8.11736  3.05576  10.276  3.8924  12.5194  13.3551  4.87394  15.7024  16.4463  17.0636  17.5429  17.8195  17.814  17.3907  6.46441  20.0829  15.422  
0.192615  2.55197  5.79051  2.72313  5.0646  6.016  2.20571  8.11765  3.05561  10.2745  3.89242  12.5211  13.3543  4.87795  15.7021  16.446  17.0602  17.5406  17.8194  17.8163  17.388  6.46376  20.0843  15.4188  
0.0398954  2.42859  5.95544  3.25251  5.06467  6.01687  2.2074  8.11849  3.05741  10.2759  3.89462  12.5245  13.3562  4.88069  15.7039  16.4526  17.0712  17.5497  17.8299  17.8222  17.396  6.46611  20.0885  15.4217  
0.0218135  2.31262  5.99815  3.50012  5.06445  6.01681  2.21123  8.11902  3.0607  10.2766  3.89899  12.535  13.3574  4.89175  15.7061  16.4664  17.0868  17.5645  17.8467  17.8383  17.4108  6.46992  20.0973  15.425  
0.00129875  1.89023  5.97537  4.59174  5.06439  6.01686  2.20721  8.11855  3.05928  10.277  3.89714  12.532  13.3565  4.88814  15.707  16.4601  17.0809  17.5588  17.8338  17.8318  17.4049  6.46749  20.0913  15.4235  
0.111449  1.92403  5.99972  4.21625  5.06379  6.01623  2.21222  8.11751  3.06105  10.2764  3.89943  12.538  13.3559  4.89417  15.7031  16.4701  17.0917  17.57  17.8471  17.8424  17.4124  6.46803  20.0966  15.4206  
0.0468744  2.67378  5.9996  3.41543  5.06414  6.01635  2.21381  8.11806  3.06285  10.2772  3.90185  12.5421  13.3569  4.89773  15.7068  16.4764  17.0977  17.5757  17.855  17.8522  17.4223  6.47248  20.1034  15.4274  
0.00133092  2.09751  5.99942  4.22164  5.06437  6.0165  2.2084  8.11847  3.06049  10.2769  3.89871  12.5351  13.3564  4.89147  15.7066  16.4659  17.0871  17.5646  17.843  17.8385  17.4111  6.46866  20.0945  15.4242  
0.00133092  2.09751  5.99942  4.4622  5.06437  6.01656  2.20882  8.11849  3.06045  10.2771  3.89871  12.5355  13.3563  4.89147  15.7066  16.4659  17.087  17.5646  17.843  17.838  17.4112  6.46865  20.0946  15.4242  
0.0740873  2.52949  5.98651  3.75904  5.06402  6.01632  2.21181  8.11819  3.0607  10.276  3.89918  12.5362  13.356  4.89276  15.7045  16.4689  17.09  17.5672  17.8454  17.8417  17.412  6.4677  20.0945  15.4217  
0.00139527  2.51208  5.84075  3.96258  5.06427  6.01621  2.21403  8.11834  3.06283  10.2774  3.90184  12.5428  13.3569  4.89841  15.7058  16.4785  17.0991  17.5762  17.8551  17.8509  17.4236  6.47098  20.101  15.4257  
0.0651872  2.48102  5.98405  4.0108  5.06473  6.01702  2.21254  8.11923  3.06149  10.2773  3.9002  12.5382  13.3571  4.89434  15.7059  16.4715  17.0928  17.5701  17.8485  17.8434  17.4157  6.46953  20.0973  15.4244  
0.0290743  2.57684  5.78845  3.91894  5.06555  6.01776  2.21526  8.12015  3.06444  10.2796  3.90385  12.5451  13.3596  4.90088  15.7096  16.4815  17.1033  17.5815  17.8611  17.8568  17.4297  6.47615  20.1091  15.4329  
0.021639  2.67578  5.91747  4.06324  5.06481  6.01764  2.21441  8.1195  3.06342  10.2785  3.90255  12.5433  13.3579  4.89877  15.7078  16.4786  17.0998  17.5772  17.8571  17.8526  17.4252  6.47389  20.1047  15.4305  
0.0665331  2.61047  5.98208  4.21047  5.06511  6.01749  2.21274  8.11974  3.06191  10.278  3.90053  12.5384  13.3579  4.89455  15.7071  16.4711  17.0929  17.5705  17.8494  17.8453  17.4166  6.47166  20.1001  15.4278  
0.014783  2.75111  5.69275  4.1186  5.06497  6.01729  2.21424  8.1196  3.06341  10.2787  3.90251  12.5428  13.3586  4.89847  15.7084  16.4778  17.0995  17.577  17.8567  17.8521  17.4251  6.47385  20.1047  15.4302  
0.0273291  2.72619  5.56375  4.11407  5.06524  6.01748  2.21452  8.11997  3.06366  10.2791  3.90283  12.5431  13.3585  4.89914  15.7088  16.4786  17.1005  17.5782  17.8574  17.8543  17.426  6.47441  20.1059  15.4306  
0.00408707  2.77098  5.34353  4.36193  5.065  6.01727  2.21424  8.11937  3.0634  10.2786  3.90251  12.5428  13.3582  4.89856  15.7082  16.4782  17.0994  17.577  17.8568  17.8523  17.4253  6.47386  20.1047  15.4303  
0.0210591  2.92063  5.8418  4.34135  5.06563  6.01752  2.21316  8.12026  3.06269  10.2793  3.90154  12.5392  13.3598  4.8957  15.7091  16.4743  17.0945  17.5718  17.8506  17.8479  17.4214  6.47421  20.1022  15.4333  
0.0151856  2.75967  5.34238  4.49687  5.06538  6.01732  2.21429  8.11983  3.06344  10.2788  3.90254  12.5429  13.3586  4.89877  15.7082  16.4782  17.099  17.5771  17.8565  17.8521  17.4251  6.47416  20.1055  15.4303  
0.00975044  2.95554  5.50476  4.53251  5.06554  6.01771  2.21361  8.12004  3.06322  10.279  3.90226  12.5408  13.3602  4.89728  15.7094  16.4751  17.097  17.5749  17.8544  17.8505  17.4234  6.47513  20.1057  15.4324  
0.0603659  2.56662  5.99407  5.33316  5.06343  6.01628  2.21195  8.11713  3.06101  10.2765  3.89944  12.537  13.3561  4.89333  15.7053  16.4693  17.0906  17.568  17.8468  17.8411  17.4133  6.46898  20.0971  15.423  
0.0362588  3.22447  5.92471  4.61031  5.06557  6.01814  2.21363  8.12034  3.06307  10.2791  3.90202  12.5411  13.3589  4.89696  15.7089  16.4751  17.0965  17.5747  17.8546  17.8499  17.4225  6.47442  20.1027  15.4335  
0.198656  3.15141  5.66714  4.56816  5.06571  6.01815  2.21369  8.12045  3.06322  10.2797  3.90219  12.5409  13.36  4.89702  15.7097  16.475  17.0965  17.5746  17.854  17.8499  17.4237  6.47519  20.1058  15.4326  
0.0421041  3.54314  5.99189  4.63945  5.06612  6.01808  2.21312  8.12073  3.06298  10.2803  3.90182  12.5402  13.3609  4.89565  15.7102  16.4727  17.0949  17.5726  17.852  17.8483  17.4218  6.47541  20.105  15.4339  
0.0409088  3.19278  5.88799  4.97823  5.06522  6.01777  2.21355  8.11965  3.06295  10.2793  3.90184  12.5411  13.3591  4.89678  15.7081  16.4751  17.0966  17.5727  17.8535  17.8495  17.4225  6.47416  20.104  15.4315  
0.0546697  3.43537  5.93474  4.91847  5.06569  6.01804  2.21342  8.12027  3.06291  10.2796  3.90183  12.5402  13.3594  4.89648  15.7095  16.4742  17.0955  17.5729  17.8527  17.8489  17.4216  6.47475  20.104  15.433  
0.00371996  2.89827  5.77929  5.59647  5.06515  6.01682  2.2074  8.11939  3.05746  10.2771  3.89465  12.5233  13.3575  4.8826  15.7071  16.4515  17.0721  17.5444  17.8279  17.8203  17.398  6.46762  20.089  15.426  
0.0623234  3.87499  5.99659  5.096  5.06568  6.01789  2.20936  8.12021  3.06193  10.2797  3.90044  12.5363  13.3598  4.89342  15.7095  16.4695  17.0892  17.5675  17.8461  17.8445  17.4173  6.47374  20.1026  15.431  
0.19214  3.79516  5.51394  5.43609  5.06629  6.01835  2.21469  8.12145  3.06443  10.2811  3.90374  12.5434  13.3614  4.89925  15.7113  16.4787  17.1006  17.5787  17.8586  17.8553  17.4294  6.47819  20.1098  15.4376  
0.00521521  3.87773  5.99948  5.20086  5.06554  6.01696  2.21157  8.11962  3.06073  10.2784  3.89894  12.5344  13.3573  4.8913  15.7064  16.4657  17.0867  17.563  17.8427  17.8382  17.4128  6.47106  20.0978  15.4277  
0.165191  3.30454  5.08741  4.98532  5.07797  6.01823  2.2136  8.12076  3.0632  10.2802  3.90214  12.54  13.36  4.89685  15.7102  16.4744  17.0953  17.5734  17.8531  17.8496  17.423  6.47623  20.1082  15.433  
0.0564316  3.47766  5.97964  5.72599  5.06533  6.0184  2.21183  8.11975  3.06106  10.2786  3.89938  12.5358  13.3589  4.89186  15.7061  16.4668  17.0882  17.5664  17.8464  17.8385  17.4136  6.47065  20.0962  15.428  
0.0567574  3.55184  5.95561  5.7736  5.06658  6.01807  2.2116  8.1197  3.06078  10.2785  3.89902  12.5346  13.3585  4.89155  15.7065  16.4663  17.0862  17.5644  17.8432  17.8382  17.4124  6.47051  20.0954  15.4286  
0.0576917  3.65536  5.93943  5.8014  5.06609  6.01837  2.2108  8.11964  3.06037  10.2788  3.89848  12.5327  13.3585  4.89054  15.7065  16.4647  17.0839  17.5619  17.8419  17.8356  17.4113  6.47003  20.0935  15.4289  
0.0561919  3.64151  5.89187  5.90842  5.06576  6.01798  2.21133  8.11996  3.06066  10.2789  3.89887  12.5336  13.3581  4.89094  15.7073  16.4658  17.0845  17.5633  17.8439  17.8377  17.4124  6.47058  20.0957  15.4284  
0.0546922  3.62766  5.84446  6.01545  5.06708  6.01789  2.21162  8.12029  3.06105  10.2792  3.89929  12.5344  13.3584  4.89216  15.7042  16.4671  17.0879  17.5652  17.8479  17.8397  17.4137  6.47116  20.0981  15.4278  
0.148097  3.92456  5.04068  7.43516  5.06841  6.03056  2.20761  8.13636  3.06273  10.2974  3.9005  12.534  13.3627  4.88213  15.7354  16.4405  17.0876  17.5648  17.8459  17.8441  17.4195  6.47937  20.11  15.4396  
0.00687165  3.53657  5.94653  6.54904  5.06593  6.01865  2.21109  8.12089  3.06134  10.2797  3.89973  12.5349  13.3594  4.89224  15.7075  16.467  17.0877  17.5667  17.8467  17.8416  17.4152  6.47173  20.0969  15.4307  
0.0149978  3.45097  5.99422  6.82127  5.06575  6.01826  2.20544  8.12081  3.06106  10.2799  3.89929  12.5332  13.36  4.89084  15.7106  16.4635  17.085  17.5626  17.8422  17.8387  17.4126  6.47344  20.0996  15.4328  
0.120477  3.99651  5.99016  7.30119  5.06642  6.01867  2.20631  8.12171  3.06197  10.2811  3.90043  12.5347  13.3615  4.89243  15.7113  16.4664  17.0874  17.5653  17.8452  17.8421  17.4169  6.47629  20.1052  15.4355  
0.108658  3.93883  5.98757  7.30075  5.0664  6.01869  2.2063  8.1217  3.06197  10.2811  3.90042  12.5347  13.3615  4.89248  15.7111  16.4664  17.0876  17.5655  17.8453  17.8421  17.4169  6.47617  20.1049  15.4354  
0.0951534  3.93883  5.98757  7.30189  5.06639  6.01864  2.20628  8.12169  3.06194  10.2811  3.90039  12.5347  13.3614  4.89246  15.7111  16.4664  17.0876  17.5654  17.8452  17.8419  17.4167  6.47613  20.1045  15.4357  
0.081649  3.93883  5.98987  7.30233  5.06651  6.01885  2.20635  8.12196  3.062  10.2813  3.90045  12.5347  13.3616  4.89245  15.7112  16.4664  17.0876  17.5655  17.8453  17.8421  17.4169  6.47639  20.1052  15.4358  
0.0698299  3.89312  5.98886  7.30136  5.0664  6.01865  2.20629  8.12165  3.06196  10.2811  3.90041  12.5347  13.3614  4.89246  15.7111  16.4664  17.0876  17.5654  17.8453  17.8421  17.4167  6.47618  20.1049  15.4355  
0.0580108  3.75023  5.98757  7.30174  5.06642  6.01856  2.20629  8.12162  3.06195  10.2811  3.9004  12.5347  13.3614  4.89245  15.7111  16.4664  17.0876  17.5653  17.8452  17.8418  17.4171  6.47605  20.1041  15.4359  
0.0410072  3.89312  5.98886  7.39773  5.06641  6.01863  2.20629  8.12169  3.06196  10.2811  3.90041  12.5347  13.3614  4.89246  15.7111  16.4664  17.0876  17.5654  17.8453  17.8419  17.4167  6.47618  20.1049  15.4355  
0.0579534  3.93662  5.9294  7.7907  5.06663  6.01888  2.20544  8.12191  3.05891  10.2807  3.89636  12.5243  13.3614  4.88396  15.7116  16.453  17.0737  17.5474  17.8305  17.8255  17.4021  6.47302  20.0959  15.4345  
0.0461344  3.92597  5.92825  7.79026  5.06657  6.01865  2.20544  8.1216  3.05891  10.2806  3.89635  12.5243  13.3614  4.88396  15.7117  16.453  17.0738  17.5473  17.8304  17.8254  17.4024  6.47282  20.0951  15.4347  
0.0342961  3.92168  5.91191  7.91113  5.06602  6.01763  2.20376  8.12074  3.05789  10.2804  3.89502  12.5227  13.3608  4.88114  15.7117  16.4506  17.0687  17.5413  17.8254  17.8201  17.3978  6.47136  20.0913  15.4343  
0.00389802  3.99338  5.83445  7.99826  5.06833  6.01917  2.20458  8.12252  3.05436  10.2801  3.89034  12.5087  13.3609  4.87408  15.7123  16.4326  17.0522  17.5206  17.808  17.8056  17.3798  6.46832  20.0835  15.433  
0.00617411  3.93025  5.93552  7.91657  5.06711  6.01939  2.20965  8.12188  3.05993  10.2802  3.89775  12.528  13.3615  4.8869  15.711  16.4573  17.0781  17.5535  17.8352  17.8309  17.4079  6.47423  20.0989  15.4353  
