1  0.604158  0.686029  0.703392  0.779783  0.793337  0.845619  0.871655  0.940986  0.932944  0.969778  0.975614  0.989688  0.998134  0.999501  0.997253  0.999313  0.975892  0.997655  0.933072  0.907004  0.87157  0.893948  0.79397  0.757728  0.703162  0.640914  0.60402  0.51073  0.499925  
0.98321  0.439588  0.499378  0.560754  0.5988  0.658048  0.701847  0.749138  0.792575  0.849384  0.874915  0.938935  0.937729  0.977772  0.975019  0.979373  0.997772  0.999887  0.998611  0.999993  0.975372  0.955473  0.933805  0.906791  0.872764  0.842039  0.796721  0.739273  0.70016  0.65222  
0.962735  0.281752  0.315077  0.368046  0.415768  0.454851  0.515341  0.568153  0.622336  0.662786  0.716497  0.756223  0.80861  0.849151  0.881594  0.916788  0.94651  0.96835  0.98484  0.994698  0.999993  0.999754  0.996388  0.978078  0.969437  0.959605  0.926416  0.904143  0.862886  0.818029  
0.945892  0.138233  0.174158  0.20193  0.266229  0.331044  0.360733  0.3943  0.465496  0.507457  0.565023  0.588748  0.664799  0.712017  0.760877  0.806391  0.844849  0.885486  0.910841  0.955707  0.963872  0.999668  0.991347  1  0.999983  0.998954  0.985988  0.97034  0.951005  0.936512  
0.925958  0.0311558  0.0603641  0.0884075  0.121597  0.163542  0.190813  0.234682  0.279768  0.325633  0.377777  0.416911  0.482031  0.533523  0.588025  0.620202  0.68709  0.738683  0.776755  0.8326  0.864746  0.906102  0.921665  0.953604  0.973837  0.981994  0.995513  0.992894  0.999633  0.988009  
0.90848  9.22059e-05  0.00151293  1.22065e-06  0.0371045  0.0703079  0.0849347  0.132143  0.147981  0.173783  0.232268  0.277492  0.329659  0.386314  0.428299  0.482697  0.533698  0.580016  0.640372  0.679163  0.735203  0.781888  0.824189  0.863243  0.908772  0.933694  0.946155  0.962463  0.987854  0.998992  
0.891379  0.00347431  0.00628898  0.00312484  0.000734202  0.00949369  0.0167143  0.0298948  0.0452523  0.0746741  0.0998347  0.142841  0.176771  0.202913  0.268035  0.303834  0.36675  0.418987  0.472742  0.528117  0.578552  0.647104  0.673891  0.728389  0.769773  0.811341  0.837807  0.885838  0.915926  0.965072  
0.874781  0.0885557  0.0546546  0.0366654  0.016689  0.00297396  0.00017159  3.9565e-06  0.00494154  0.01085  0.0314278  0.0604027  0.0795554  0.0813776  0.144571  0.186838  0.227573  0.277018  0.322102  0.363761  0.421535  0.480123  0.525191  0.554345  0.632201  0.678014  0.722492  0.766739  0.813579  0.850304  
0.85768  0.194143  0.150579  0.113101  0.0822374  0.0539209  0.0319811  0.0133768  0.00526757  0.00502761  3.02668e-06  0.00402607  0.0131347  0.0207142  0.0550815  0.0832486  0.11217  0.155468  0.180532  0.208765  0.264569  0.314369  0.361601  0.41446  0.467568  0.524347  0.577021  0.617624  0.6751  0.741859  
0.841831  0.326228  0.2715  0.234275  0.185943  0.135875  0.104969  0.0839925  0.0535993  0.0373392  0.012183  0.000933895  4.1284e-06  1.52191e-05  0.00518675  0.000937392  0.0363989  0.0513418  0.082545  0.112918  0.147073  0.190624  0.226012  0.269629  0.323812  0.360322  0.423333  0.480591  0.528588  0.576351  
0.826291  0.437241  0.413061  0.361039  0.310029  0.264745  0.217146  0.169916  0.139455  0.0911863  0.0751493  0.0530188  0.0265712  1.2872e-05  0.00089721  4.59736e-05  0.000525232  0.000269481  0.0181905  0.0405472  0.0596843  0.0884154  0.114991  0.156115  0.19224  0.247053  0.283493  0.32833  0.382482  0.435605  
0.811131  0.600426  0.549993  0.494292  0.447144  0.405893  0.346306  0.290659  0.248967  0.21152  0.161595  0.13845  0.0972213  0.0712826  0.0434916  0.0192632  0.00950128  1.02645e-08  6.0213e-05  6.37428e-06  0.0134577  0.0303185  0.0416029  0.0605825  0.096191  0.136095  0.165009  0.202343  0.251252  0.30056  
0.79524  0.74812  0.70406  0.657896  0.599594  0.548884  0.49746  0.445519  0.394042  0.346628  0.288655  0.246132  0.203432  0.161841  0.122368  0.0956292  0.069129  0.0381155  0.0176297  0.00762567  9.08614e-05  0.00271774  0.00169722  0.0150506  0.0221731  0.0457906  0.0681006  0.10108  0.132216  0.169359  
0.781426  0.838029  0.807104  0.769393  0.716088  0.671639  0.621105  0.574937  0.515895  0.448179  0.410275  0.352941  0.309408  0.272831  0.223694  0.172811  0.143156  0.0950415  0.0751269  0.0468259  0.0305277  0.00650454  0.00134579  0.00205142  0.00563012  0.0110212  0.0190291  0.0205292  0.0592072  0.0738696  
0.767269  0.944843  0.90098  0.866787  0.828735  0.779652  0.745438  0.700934  0.649429  0.602104  0.543145  0.482692  0.441826  0.391697  0.341848  0.290714  0.244986  0.217676  0.165987  0.130566  0.0918444  0.0448673  0.0408842  0.00742814  0.00374596  0.0127732  1.84485e-05  0.000227097  0.0105694  0.0248244  
0.753106  0.99367  0.965795  0.942098  0.918575  0.888247  0.85175  0.81175  0.768122  0.722804  0.667115  0.615844  0.569679  0.516892  0.466632  0.421273  0.372138  0.321049  0.268888  0.245928  0.182469  0.142021  0.112944  0.0733761  0.0542566  0.0171009  0.0158641  0.005093  0.000248022  1.48868e-07  
0.739293  0.998249  0.999755  0.994614  0.973072  0.956111  0.933642  0.900096  0.873007  0.833918  0.791275  0.755755  0.698748  0.650124  0.608434  0.532982  0.498449  0.448066  0.388786  0.343485  0.292493  0.24866  0.209063  0.16198  0.130195  0.0782078  0.0663194  0.045172  0.0216297  0.0106167  
0.725733  0.991429  0.998502  0.999674  0.994884  0.999886  0.982691  0.962707  0.944615  0.919104  0.887894  0.837556  0.801644  0.758012  0.721826  0.676993  0.62963  0.55329  0.519065  0.465914  0.416102  0.36143  0.315048  0.26599  0.22096  0.195145  0.140025  0.112749  0.0774162  0.0541416  
0.712377  0.943299  0.957366  0.97914  0.996397  0.993492  0.998285  0.996558  0.995626  0.970393  0.95384  0.914418  0.895654  0.862037  0.824943  0.796214  0.751963  0.689269  0.649808  0.597601  0.549287  0.489368  0.441565  0.381037  0.346721  0.299635  0.245339  0.208333  0.167831  0.131266  
0.699796  0.882154  0.904431  0.932198  0.952142  0.996858  0.992685  0.997362  0.99985  0.999471  0.990661  0.976223  0.960591  0.932391  0.906138  0.871656  0.836748  0.793997  0.751339  0.699364  0.655585  0.600101  0.555226  0.514582  0.449751  0.411346  0.344179  0.302109  0.251585  0.208454  
0.686679  0.779663  0.818471  0.854762  0.892175  0.918097  0.947031  0.96787  0.984408  0.999027  0.999984  0.992055  0.993635  0.982833  0.959331  0.954715  0.920055  0.881486  0.854263  0.809275  0.759539  0.718667  0.673651  0.611561  0.58263  0.52152  0.467595  0.419356  0.369833  0.315068  
0.674336  0.669171  0.720713  0.748961  0.802994  0.849186  0.880182  0.914981  0.944275  0.973935  0.980182  0.994328  0.997606  0.997713  0.990603  0.993996  0.968053  0.948362  0.927568  0.899741  0.862121  0.820028  0.777049  0.724833  0.692778  0.638915  0.584536  0.534794  0.481421  0.421745  
0.662347  0.56381  0.61962  0.663759  0.713116  0.769445  0.807464  0.85446  0.874906  0.919635  0.939556  0.963167  0.977527  0.99504  0.99839  0.99404  0.996665  0.989288  0.973879  0.966025  0.92857  0.884792  0.867384  0.835415  0.783879  0.733575  0.690705  0.628528  0.594958  0.545728  
0.650052  0.448656  0.500377  0.541424  0.606045  0.662083  0.705443  0.754158  0.797222  0.845128  0.873669  0.915367  0.933847  0.954409  0.975411  0.987857  0.999643  0.999701  0.999959  0.991852  0.975274  0.958624  0.933053  0.9018  0.868601  0.835316  0.793862  0.748618  0.695727  0.647066  
0.638111  0.338633  0.377799  0.439688  0.498277  0.543892  0.597553  0.646223  0.690302  0.741413  0.786958  0.834132  0.866119  0.896226  0.928948  0.942437  0.983235  0.984163  0.999045  0.993497  0.985845  0.995858  0.985659  0.965495  0.934275  0.914321  0.886246  0.847004  0.798445  0.765709  
0.626468  0.242455  0.276784  0.331685  0.385142  0.434023  0.480144  0.533815  0.583536  0.632094  0.68309  0.739563  0.780306  0.814374  0.858345  0.88723  0.927323  0.952796  0.972013  0.98445  0.987078  0.998741  0.997199  0.994228  0.978342  0.963121  0.9427  0.91311  0.880225  0.847148  
0.614943  0.157501  0.185609  0.227986  0.290802  0.332144  0.371867  0.433801  0.482777  0.530626  0.589936  0.640746  0.692306  0.722506  0.776889  0.818891  0.865747  0.899576  0.928962  0.94703  0.978879  0.989834  0.99992  0.999645  0.999948  0.9954  0.989517  0.966871  0.944168  0.923793  
0.603716  0.0844441  0.119128  0.152717  0.193755  0.238587  0.280071  0.329085  0.382172  0.425989  0.479625  0.539237  0.586222  0.639025  0.685683  0.738192  0.776614  0.825326  0.859495  0.90123  0.92463  0.945822  0.969996  0.984697  0.999945  0.99839  0.999306  0.989401  0.980211  0.962738  
0.592608  0.0226115  0.0624868  0.0817521  0.115505  0.153021  0.197407  0.236763  0.287574  0.329204  0.380029  0.43348  0.477951  0.54553  0.583624  0.644361  0.681816  0.729223  0.774007  0.827058  0.860948  0.890161  0.931252  0.946434  0.977482  0.98486  0.999458  0.999587  0.998418  0.996889  
0.58166  0.0049659  0.01852  0.0417801  0.0634234  0.0858956  0.12159  0.147899  0.193526  0.234841  0.282419  0.337155  0.379312  0.430128  0.484068  0.539716  0.585764  0.641087  0.68616  0.737673  0.775237  0.821207  0.861114  0.904826  0.927505  0.942547  0.964521  0.986846  0.997546  0.99873  
0.57096  0.00165258  4.74145e-06  0.00587455  0.0241412  0.0384559  0.0571604  0.0972245  0.121543  0.16627  0.197297  0.238184  0.291921  0.338156  0.385211  0.444972  0.474305  0.545253  0.592759  0.646605  0.69216  0.738695  0.786187  0.827926  0.865636  0.896093  0.927923  0.952274  0.972146  0.993551  
0.560421  0.0110591  0.000274066  0.000452068  0.00611976  0.00938853  0.0229806  0.0317652  0.0625845  0.0918475  0.126202  0.168374  0.203431  0.246034  0.296143  0.35004  0.388781  0.444746  0.498322  0.546538  0.59623  0.654476  0.698058  0.745452  0.793289  0.82298  0.861865  0.910811  0.935087  0.943125  
0.550128  0.0322507  0.0231771  0.000106222  0.000897988  6.73291e-06  0.00198634  0.001361  0.0256915  0.0357749  0.0675946  0.0959175  0.126188  0.164996  0.207774  0.252189  0.302746  0.346647  0.398331  0.448653  0.502694  0.556698  0.60514  0.657608  0.70905  0.739419  0.794145  0.846066  0.873501  0.90455  
0.539805  0.0834919  0.063233  0.0353151  0.0193261  0.00817822  0.00146095  0.000791293  0.00335452  0.00584648  0.0274992  0.0453086  0.0725608  0.0967063  0.132991  0.176302  0.212398  0.256918  0.3043  0.339076  0.405939  0.459418  0.506937  0.555171  0.613177  0.65828  0.712219  0.759855  0.801297  0.856998  
0.529617  0.153129  0.116014  0.0850591  0.058392  0.0300628  0.0176014  0.0144447  0.000258156  0.000595881  0.0029497  0.00127018  0.030164  0.0445746  0.0754921  0.113992  0.140545  0.184  0.219221  0.264095  0.310982  0.369228  0.41218  0.461194  0.518569  0.568558  0.620715  0.673252  0.720382  0.756042  
0.519563  0.227037  0.185035  0.145144  0.110206  0.0825718  0.0527836  0.0350065  0.0172372  0.00759524  1.08041e-05  0.00145366  0.00607502  0.0154147  0.0355602  0.0623582  0.0799293  0.121061  0.147678  0.19291  0.226622  0.266115  0.321085  0.373663  0.423548  0.475523  0.527099  0.575399  0.630679  0.693203  
0.509615  0.306191  0.262226  0.216384  0.176759  0.134249  0.105251  0.0677258  0.0508536  0.024074  0.0139145  0.00332513  1.38782e-05  5.00435e-05  0.00636407  0.0216844  0.0359886  0.064662  0.0867746  0.120379  0.155723  0.188247  0.239493  0.27609  0.33257  0.379298  0.436101  0.487818  0.539529  0.582912  
0.499766  0.396407  0.34404  0.300714  0.251467  0.205419  0.164628  0.130215  0.0959384  0.0630649  0.0434709  0.0299746  0.00936363  0.00216895  0.00010358  0.00120728  0.00977634  0.0326916  0.0399539  0.0754376  0.0918402  0.112644  0.164119  0.211546  0.247311  0.298803  0.346814  0.392193  0.447089  0.510016  
0.490021  0.491871  0.436386  0.392532  0.340004  0.288351  0.239662  0.195013  0.159648  0.124107  0.0921283  0.0592996  0.0367413  0.0102392  0.0110889  6.5901e-06  0.00273471  0.00263282  0.0140705  0.0228939  0.0479093  0.0710951  0.103088  0.139068  0.17027  0.215117  0.261895  0.306974  0.353203  0.396296  
0.480498  0.566185  0.524846  0.476812  0.420665  0.367052  0.318556  0.264257  0.226357  0.187187  0.147102  0.113564  0.078142  0.0578247  0.033657  0.0148309  0.00474717  0.00018378  0.000599621  0.00281043  0.0167235  0.0353656  0.0576542  0.081443  0.11171  0.148722  0.187407  0.235959  0.272538  0.326509  
0.471008  0.666427  0.615939  0.568957  0.511987  0.464304  0.407831  0.352634  0.306776  0.258538  0.215969  0.171481  0.135004  0.103552  0.0719027  0.0395009  0.0270237  0.0119134  0.00377229  0.00050161  0.00186972  0.00695504  0.0219002  0.0437412  0.0612974  0.094301  0.121539  0.160519  0.196786  0.238729  
0.46165  0.74812  0.70406  0.657896  0.599594  0.548884  0.49746  0.445519  0.394042  0.346628  0.288655  0.24319  0.203432  0.161841  0.122368  0.0962251  0.0645892  0.0378571  0.0233131  0.00913948  0.00161484  0.00271774  0.00355379  0.0152004  0.0268264  0.0457906  0.0681006  0.10108  0.132216  0.169359  
0.45243  0.817774  0.774306  0.732707  0.679551  0.633078  0.580597  0.531287  0.478008  0.427565  0.37238  0.317498  0.27342  0.235802  0.185697  0.152122  0.114852  0.0813604  0.0553856  0.033733  0.0190266  0.00480661  0.0011666  0.00197227  0.00568275  0.0125675  0.032523  0.0524621  0.0813645  0.107003  
0.443339  0.872431  0.842616  0.806859  0.76111  0.707701  0.664542  0.617191  0.562964  0.510691  0.460288  0.404507  0.355895  0.310314  0.259095  0.213226  0.174125  0.129824  0.10422  0.0734825  0.0483075  0.0313589  0.0137763  0.000324743  0.000466554  0.000860226  0.00812206  0.0208988  0.0403284  0.0589693  
0.434306  0.923276  0.897966  0.866327  0.82386  0.785232  0.737101  0.696061  0.643977  0.592787  0.542259  0.484122  0.43828  0.38526  0.332485  0.292012  0.24235  0.196951  0.157253  0.121534  0.0900489  0.058279  0.0390694  0.0183051  0.00831356  0.000522117  0.000128485  0.000897767  0.0100136  0.0276185  
0.425413  0.957709  0.942792  0.919734  0.887927  0.844026  0.810734  0.770442  0.722545  0.673782  0.626974  0.574447  0.521983  0.469839  0.417225  0.358266  0.315482  0.267199  0.225276  0.182579  0.143564  0.11051  0.0783978  0.0493229  0.0314469  0.0150953  0.00503593  0.0017431  0.00221797  0.00879043  
0.416579  0.988331  0.974657  0.958457  0.933186  0.905728  0.872982  0.837788  0.797172  0.753748  0.705752  0.657378  0.605594  0.554853  0.501956  0.442201  0.397565  0.35611  0.297498  0.251925  0.209539  0.163108  0.13041  0.0999685  0.0676435  0.0410376  0.0263507  0.0141508  0.00514359  0.00664532  
0.40786  0.995512  0.992655  0.983564  0.970509  0.948357  0.923157  0.897848  0.858701  0.818456  0.77618  0.735162  0.682666  0.635673  0.579977  0.524054  0.47602  0.430472  0.374747  0.323952  0.275012  0.230083  0.188482  0.146691  0.112216  0.0821319  0.0572998  0.0392369  0.0171882  0.00587781  
0.399215  0.99749  0.999363  0.998378  0.989206  0.983582  0.96038  0.940472  0.910207  0.882278  0.838512  0.802565  0.755703  0.711578  0.659911  0.611022  0.560402  0.516934  0.451597  0.402921  0.352503  0.297752  0.256968  0.215135  0.168414  0.129701  0.101095  0.0733971  0.0459482  0.0305232  
0.390686  0.99059  0.992204  0.999802  0.99997  0.999739  0.985314  0.969476  0.950477  0.930844  0.892493  0.864822  0.8222  0.774502  0.733135  0.695908  0.641155  0.59278  0.533474  0.48457  0.429491  0.379797  0.331515  0.279656  0.233753  0.194504  0.154514  0.120167  0.0838272  0.066393  
0.382192  0.951219  0.971544  0.990314  0.996218  0.998318  0.996534  0.984108  0.978535  0.964733  0.93833  0.917137  0.877941  0.842675  0.802727  0.768596  0.714783  0.66503  0.613105  0.563267  0.50951  0.456328  0.407358  0.348923  0.304184  0.24871  0.215296  0.170896  0.133318  0.103361  
0.373802  0.916917  0.941351  0.962471  0.981704  0.993148  0.998791  0.997349  0.995026  0.982754  0.969179  0.954466  0.924003  0.889384  0.859378  0.83366  0.782134  0.735205  0.687384  0.640098  0.58662  0.535793  0.485537  0.425406  0.381762  0.320303  0.282188  0.23437  0.190709  0.157436  
0.365447  0.863195  0.897656  0.92552  0.952085  0.981066  0.985602  0.996217  0.999305  0.995967  0.991924  0.981854  0.959347  0.941342  0.910497  0.886526  0.84236  0.801784  0.759417  0.713978  0.66676  0.610604  0.561656  0.506635  0.455019  0.397954  0.356364  0.302578  0.259711  0.212608  
0.357196  0.804371  0.844428  0.884714  0.91437  0.945964  0.962606  0.993694  0.990956  0.998246  0.999702  0.997359  0.98553  0.970183  0.951526  0.931766  0.893789  0.866287  0.826098  0.785992  0.737953  0.688778  0.638166  0.59508  0.535422  0.483243  0.436689  0.383145  0.335349  0.284887  
0.348989  0.74154  0.786962  0.830167  0.86809  0.900003  0.929065  0.962753  0.97316  0.974462  0.999025  0.998648  0.997012  0.986295  0.979682  0.960685  0.93526  0.908831  0.878592  0.841244  0.802674  0.75224  0.711985  0.661698  0.608394  0.555159  0.507932  0.455122  0.405272  0.35035  
0.340884  0.66965  0.719027  0.764143  0.811646  0.850799  0.885237  0.929423  0.942408  0.966012  0.980793  0.991298  0.99892  0.997649  0.995967  0.987726  0.967653  0.953083  0.925207  0.897053  0.858521  0.819012  0.775991  0.74088  0.68485  0.643311  0.586377  0.539108  0.484446  0.431769  
0.332822  0.593753  0.646853  0.684379  0.746638  0.790737  0.830863  0.867674  0.902208  0.931497  0.954106  0.969731  0.989265  0.996274  0.999379  0.998445  0.990088  0.975375  0.957635  0.9361  0.907897  0.87107  0.837306  0.798234  0.753875  0.71809  0.655742  0.614506  0.557905  0.506373  
0.324826  0.521129  0.577852  0.635099  0.675548  0.728636  0.772633  0.80877  0.849991  0.88727  0.920004  0.938753  0.963174  0.978124  0.993785  0.990573  0.99982  0.996892  0.98409  0.967529  0.945702  0.919161  0.888805  0.857554  0.81478  0.766701  0.728298  0.672458  0.62996  0.581149  
0.316876  0.447643  0.502236  0.54549  0.608481  0.664101  0.708124  0.75037  0.797328  0.838143  0.872616  0.902928  0.935309  0.953403  0.976484  0.994901  0.999154  0.995584  0.997339  0.991284  0.974512  0.950387  0.930872  0.899951  0.868331  0.832451  0.796695  0.748483  0.702655  0.651637  
0.309014  0.371179  0.427428  0.480695  0.5337  0.583435  0.634642  0.688117  0.73151  0.778724  0.820635  0.857625  0.89233  0.926428  0.94671  0.961189  0.984632  0.988522  0.999597  0.998299  0.993252  0.978601  0.964271  0.949398  0.914117  0.889107  0.851521  0.807689  0.768154  0.720039  
0.301182  0.299695  0.353989  0.408701  0.458021  0.51087  0.561332  0.611828  0.663417  0.713372  0.756334  0.795777  0.84168  0.871068  0.909722  0.926861  0.960831  0.971896  0.991449  0.997057  0.999801  0.992168  0.986572  0.972814  0.951901  0.932343  0.899242  0.866953  0.826511  0.791313  
0.293416  0.237543  0.28794  0.344411  0.387531  0.43684  0.489341  0.548125  0.594135  0.647686  0.695835  0.741645  0.787018  0.829717  0.864393  0.887723  0.928087  0.945998  0.972801  0.986528  0.997222  0.997864  0.998275  0.998372  0.977371  0.965993  0.936924  0.909387  0.877426  0.842295  
0.28568  0.18037  0.223351  0.272923  0.316144  0.367649  0.417521  0.470387  0.522579  0.576068  0.623016  0.670969  0.724685  0.75998  0.811851  0.84797  0.885922  0.910536  0.943747  0.966964  0.982452  0.997782  0.998879  0.999521  0.99484  0.986222  0.967502  0.951879  0.921197  0.896149  
0.27801  0.132529  0.166555  0.209139  0.249944  0.305951  0.347021  0.405235  0.449834  0.504117  0.553999  0.608008  0.658339  0.704252  0.750967  0.803408  0.836247  0.865802  0.907542  0.939671  0.958555  0.979678  0.988886  0.999567  0.999994  0.996866  0.988041  0.977541  0.957528  0.934526  
0.270342  0.0863916  0.116982  0.151033  0.191095  0.225406  0.281032  0.328859  0.379505  0.431357  0.478536  0.531896  0.58712  0.62756  0.688494  0.740766  0.779335  0.816168  0.860427  0.896605  0.923996  0.954403  0.969278  0.980387  0.996374  0.999715  0.998476  0.991431  0.981059  0.966836  
0.26274  0.0495854  0.0752019  0.102783  0.137434  0.173659  0.217245  0.265124  0.307986  0.358263  0.406875  0.458584  0.514162  0.564937  0.61768  0.673315  0.714914  0.757262  0.806161  0.84581  0.880311  0.917413  0.941831  0.957318  0.980439  0.993576  0.998873  0.989037  0.997149  0.9852  
0.25517  0.0237565  0.0426723  0.0630386  0.0935951  0.127936  0.164609  0.201644  0.247778  0.294026  0.339543  0.39084  0.443727  0.490162  0.552235  0.606678  0.651695  0.702422  0.749227  0.791034  0.832919  0.873224  0.904437  0.924344  0.957275  0.975968  0.988761  0.996275  0.99986  0.997875  
0.247664  0.00666378  0.0179249  0.0331427  0.0549341  0.0834545  0.112998  0.150803  0.186382  0.22945  0.276013  0.320978  0.374586  0.429472  0.478448  0.53446  0.581259  0.633471  0.685144  0.728871  0.7764  0.820926  0.859203  0.889249  0.921797  0.950233  0.968635  0.978249  0.994946  0.997914  
0.240191  0.000548365  0.00242826  0.011752  0.0260954  0.0449975  0.0725371  0.100218  0.136296  0.173731  0.216811  0.256686  0.307967  0.356631  0.410031  0.463055  0.512026  0.568586  0.618392  0.662726  0.716174  0.76143  0.804022  0.844248  0.879089  0.913029  0.937999  0.969855  0.976653  0.992264  
0.232781  0.00240437  0.00147147  0.00378368  0.00904449  0.0230348  0.0404583  0.0593341  0.0913357  0.117874  0.162521  0.202196  0.242925  0.296568  0.341868  0.39331  0.442034  0.500139  0.548544  0.593628  0.649703  0.692388  0.747409  0.789874  0.830989  0.86653  0.901138  0.928371  0.954209  0.972903  
0.225377  0.0143404  0.0031813  1.89813e-05  8.00446e-06  0.0043078  0.0184899  0.0334684  0.0573621  0.0820122  0.116114  0.146319  0.187917  0.231657  0.279542  0.327082  0.37655  0.43194  0.480842  0.526538  0.584403  0.630495  0.683038  0.732767  0.774584  0.816899  0.854796  0.908703  0.91869  0.947194  
0.218037  0.0324611  0.019431  0.00967663  0.00275933  0.00207512  0.00490368  0.0173042  0.0285135  0.0460127  0.0746169  0.100245  0.134485  0.179523  0.21747  0.262514  0.310308  0.360178  0.410043  0.456494  0.512858  0.559057  0.617235  0.666287  0.712787  0.757973  0.802228  0.855945  0.879021  0.906244  
0.210723  0.0675604  0.0448713  0.0354131  0.0131599  0.00245708  0.000189632  0.00392766  0.0105235  0.0228625  0.0409931  0.0602557  0.0923181  0.1228  0.161526  0.20185  0.246273  0.287725  0.341073  0.389552  0.442966  0.49717  0.547359  0.59722  0.650305  0.698808  0.745747  0.791062  0.830857  0.866495  
0.203398  0.103234  0.0769851  0.0512803  0.0325507  0.0171675  0.00554437  0.00348024  0.000265087  0.00545926  0.0185199  0.0320538  0.0561075  0.0853824  0.115122  0.151096  0.191257  0.227881  0.278849  0.324767  0.37647  0.426177  0.478839  0.530125  0.583745  0.634683  0.684579  0.73734  0.778602  0.814001  
0.196098  0.155886  0.118288  0.0983259  0.0595893  0.0284542  0.0193542  0.00541022  0.00134904  0.000862836  0.00391961  0.0105428  0.0311618  0.0434183  0.0748445  0.104127  0.138761  0.166589  0.218453  0.263136  0.311627  0.367466  0.411762  0.460402  0.516501  0.570675  0.619502  0.665271  0.717852  0.762785  
0.188788  0.209112  0.166264  0.135502  0.0956181  0.0540694  0.0432328  0.0202693  0.0101644  0.00201344  0.000469964  0.000819025  0.0121724  0.0207596  0.0441076  0.0670682  0.0952838  0.117907  0.164805  0.203663  0.250179  0.29965  0.346042  0.392651  0.445179  0.501706  0.549738  0.604362  0.653012  0.698824  
0.181502  0.270521  0.221549  0.172208  0.140308  0.100673  0.077448  0.0530776  0.0306341  0.0214194  0.00538587  0.0047139  0.00134222  0.00619687  0.0205462  0.0331209  0.0572423  0.0796005  0.112959  0.150816  0.192054  0.233186  0.282076  0.326892  0.37894  0.432997  0.480196  0.534478  0.589042  0.637269  
0.174239  0.329831  0.278658  0.228839  0.189315  0.142825  0.116506  0.0828925  0.0567361  0.0354264  0.0194823  0.0110766  0.00135138  0.00063981  0.00698705  0.0160044  0.031283  0.0462942  0.0761477  0.106238  0.143205  0.178849  0.224653  0.26668  0.313555  0.366557  0.413575  0.471248  0.5214  0.568544  
0.167  0.397324  0.343075  0.285  0.246983  0.205965  0.165901  0.130656  0.0944923  0.0676888  0.0419442  0.031058  0.00951977  0.00317858  0.000603458  0.00199934  0.0107594  0.0233642  0.0411395  0.0682868  0.0976793  0.125864  0.168984  0.208461  0.253254  0.300378  0.347175  0.399042  0.454627  0.502224  
0.159783  0.462719  0.409317  0.361086  0.308967  0.264652  0.220138  0.175427  0.137881  0.0945523  0.0735866  0.0535073  0.0285275  0.0147231  0.00422209  0.00482516  0.00231798  0.00543391  0.0211648  0.0386046  0.0614294  0.0850067  0.119858  0.155788  0.193806  0.236468  0.283696  0.333491  0.384182  0.428734  
0.152556  0.529226  0.475676  0.419502  0.371819  0.329388  0.27775  0.23337  0.186543  0.145947  0.110863  0.086355  0.0543176  0.0343907  0.0159948  0.00804952  9.01379e-05  0.00116358  0.00335853  0.0172806  0.0328247  0.0488107  0.0802415  0.11138  0.146068  0.183146  0.226219  0.270449  0.322797  0.367289  
0.14535  0.593635  0.54386  0.497843  0.438987  0.389672  0.340204  0.28832  0.240838  0.191942  0.15732  0.12167  0.090947  0.063064  0.0377697  0.0281047  0.00942919  0.00189302  0.000585814  0.00422589  0.013496  0.0247419  0.0471684  0.0725192  0.0991841  0.132093  0.171663  0.214061  0.257739  0.298674  
0.138136  0.659165  0.609799  0.560414  0.50655  0.453824  0.405388  0.355838  0.302979  0.260237  0.208774  0.155915  0.1334  0.0992393  0.0672559  0.0468113  0.026573  0.0160919  0.000726295  0.00412147  0.00161293  0.00573003  0.0237808  0.0418054  0.0639732  0.0917821  0.123514  0.159345  0.202062  0.242095  
0.130919  0.720654  0.674485  0.630877  0.573883  0.521935  0.471403  0.41731  0.363025  0.318497  0.267863  0.218933  0.18402  0.143061  0.106874  0.0822779  0.0522281  0.0325154  0.0155181  0.00834668  0.00178292  0.0123815  0.00680723  0.0205508  0.03371  0.0549697  0.0824348  0.117141  0.148393  0.187146  
0.123697  0.784515  0.735165  0.683856  0.638896  0.587139  0.537775  0.489144  0.433445  0.386179  0.329806  0.270694  0.236781  0.191707  0.152227  0.115029  0.0875038  0.0622607  0.0342953  0.0283423  0.00893955  0.00162837  4.59322e-06  0.00698057  0.0149609  0.0295504  0.0494801  0.0752328  0.105466  0.145681  
0.116471  0.844319  0.794585  0.746916  0.704621  0.657002  0.606059  0.555934  0.501705  0.452012  0.400206  0.351782  0.299627  0.249264  0.208651  0.163818  0.131236  0.0942333  0.0674302  0.0532487  0.0285485  0.0155362  0.00341743  0.00308387  0.00123426  0.00732319  0.0227875  0.0462635  0.0639056  0.105903  
0.109217  0.878698  0.846412  0.795426  0.765121  0.719576  0.670273  0.622142  0.570307  0.515959  0.465969  0.41477  0.359491  0.312749  0.266641  0.219979  0.178875  0.142525  0.101498  0.0741863  0.0504837  0.0311894  0.0157371  0.000589104  0.00033879  0.000723103  0.00544414  0.0280269  0.0351478  0.0751188  
0.101944  0.931294  0.891702  0.855632  0.818536  0.777069  0.731928  0.685085  0.636049  0.584411  0.534763  0.487731  0.428277  0.377207  0.327241  0.275513  0.234595  0.193768  0.150615  0.124667  0.08631  0.0604945  0.0360647  0.0226124  0.00646739  0.0019922  1.12892e-05  0.00427836  0.0141299  0.0313833  
0.0946505  0.955917  0.932606  0.90048  0.870625  0.832143  0.79175  0.746557  0.702484  0.6478  0.601633  0.553821  0.494663  0.448636  0.393638  0.344316  0.293833  0.246521  0.199602  0.162706  0.123841  0.0909214  0.066403  0.0402324  0.023226  0.00786673  0.00106221  0.000487928  0.00272801  0.00396042  
0.0873039  0.989475  0.959884  0.935785  0.910838  0.882784  0.844149  0.804441  0.76161  0.711658  0.669982  0.624814  0.564939  0.517823  0.45871  0.396196  0.358648  0.312062  0.263513  0.229373  0.177077  0.136186  0.10453  0.0762282  0.0468336  0.027931  0.0148532  0.00277281  0.000875874  0.00316165  
0.079937  0.99506  0.982776  0.955732  0.949725  0.931006  0.894715  0.860853  0.821429  0.770453  0.736408  0.688937  0.632815  0.593981  0.529578  0.461345  0.426982  0.379114  0.327293  0.283598  0.232018  0.182573  0.152667  0.107821  0.0810712  0.0526008  0.0351279  0.0105108  0.00863973  0.0186755  
0.0725221  0.997925  0.998574  0.988129  0.972856  0.957691  0.932824  0.900716  0.870526  0.825718  0.788733  0.747741  0.698585  0.644527  0.598435  0.548272  0.495949  0.440806  0.39313  0.348463  0.295104  0.248648  0.203784  0.163776  0.12712  0.103878  0.0655338  0.0475159  0.0245583  0.0122538  
0.0650125  0.999004  0.99991  0.987547  0.993911  0.996149  0.9649  0.93028  0.91599  0.88025  0.846922  0.803994  0.760803  0.724894  0.665329  0.605316  0.565272  0.520337  0.462679  0.412546  0.359515  0.303702  0.261285  0.212152  0.17438  0.135908  0.104827  0.0664486  0.0503872  0.0475426  
0.057455  0.977144  0.993158  0.999416  0.999209  0.996808  0.984519  0.968297  0.950733  0.931252  0.89101  0.854929  0.820913  0.779649  0.73021  0.684137  0.63523  0.594508  0.534285  0.487268  0.432071  0.378446  0.331455  0.284891  0.233452  0.194546  0.154252  0.113762  0.0843708  0.0608959  
0.0497561  0.96066  0.972967  0.97716  0.997413  0.998703  0.99773  0.990335  0.976025  0.960827  0.933064  0.904055  0.869261  0.839296  0.791863  0.742788  0.700547  0.667105  0.602774  0.555335  0.499652  0.441083  0.398591  0.346669  0.293702  0.248425  0.206175  0.167457  0.12905  0.0975949  
0.0420093  0.919458  0.949302  0.970557  0.983177  0.99363  0.998857  0.995823  0.993388  0.985973  0.961915  0.943949  0.917395  0.881914  0.851504  0.818382  0.767656  0.730017  0.673704  0.624732  0.575378  0.523408  0.472313  0.424635  0.367475  0.315834  0.271673  0.225948  0.181336  0.147218  
0.0341211  0.88462  0.912085  0.9367  0.960189  0.980546  0.993523  0.997835  0.999905  0.995178  0.989213  0.983586  0.952819  0.926685  0.907916  0.863846  0.829545  0.793031  0.741325  0.691371  0.646128  0.593627  0.546043  0.49481  0.441572  0.385024  0.339628  0.289273  0.244591  0.200151  
0.0259736  0.818989  0.865636  0.886959  0.914576  0.948983  0.971018  0.983242  0.995452  0.994966  0.992733  0.991855  0.979496  0.957517  0.944836  0.918091  0.88204  0.841021  0.803696  0.759657  0.719287  0.669038  0.617921  0.572081  0.518832  0.460676  0.411687  0.358492  0.313961  0.263762  
0.0176848  0.764699  0.802501  0.841256  0.883198  0.915117  0.941575  0.965173  0.980154  0.997059  0.997727  0.997706  0.99394  0.98568  0.978528  0.954651  0.929317  0.901813  0.862759  0.822914  0.78747  0.732342  0.689807  0.638627  0.596416  0.53811  0.486203  0.435401  0.385264  0.333289  
0.00913677  0.679616  0.730134  0.77967  0.829194  0.862773  0.894961  0.930501  0.953887  0.989736  0.989038  0.998821  0.999637  0.999904  0.992729  0.999992  0.967198  0.947581  0.916571  0.887818  0.858062  0.800838  0.759841  0.712268  0.677162  0.622006  0.564824  0.518202  0.462681  0.413493  
