0.391827  0.240483  0.5  0.5  0.5  0.5  0.5  0.5  0.5  0.5  0.5  0.5  
0.391827  0.240483  0.5  0.5  0.5  0.5  0.5  0.5  0.5  0.5  0.5  0.5  
0.147361  0.802846  0.5  0.5  0.5  0.5  0.5  0.5  0.5  0.5  0.5  0.5  
0.719565  0.316239  0.5  0.5  0.5  0.5  0.5  0.5  0.5  0.5  0.5  0.5  
0.0640882  0.164727  0.5  0.5  0.5  0.5  0.5  0.5  0.5  0.5  0.5  0.5  
0.552049  0.454778  0.5  0.5  0.5  0.5  0.5  0.5  0.5  0.5  0.5  0.5  
0.255436  0.00421451  0.5  0.5  0.5  0.5  0.5  0.5  0.5  0.5  0.5  0.5  
0.873091  0.430378  0.5  0.5  0.5  0.5  0.5  0.5  0.5  0.5  0.5  0.5  
0.0299879  0.2021  0.5  0.5  0.5  0.5  0.5  0.5  0.5  0.5  0.5  0.5  
0.469724  0.366243  0.5  0.5  0.5  0.5  0.5  0.5  0.5  0.5  0.5  0.5  
0.197978  0.599525  0.5  0.5  0.5  0.5  0.5  0.5  0.5  0.5  0.5  0.5  
0.799173  0.918813  0.5  0.5  0.5  0.5  0.5  0.5  0.5  0.5  0.5  0.5  
0.102975  0.211797  0.5  0.5  0.5  0.5  0.5  0.5  0.5  0.5  0.5  0.5  
0.636293  0.176549  0.5  0.5  0.5  0.5  0.5  0.5  0.5  0.5  0.5  0.5  
0.320106  0.67259  0.5  0.5  0.5  0.5  0.5  0.5  0.5  0.5  0.5  0.5  
0.940156  0.0727692  0.5  0.5  0.5  0.5  0.5  0.5  0.5  0.5  0.5  0.5  
0.0145183  0.0938711  0.5  0.5  0.5  0.5  0.5  0.5  0.5  0.5  0.5  0.5  
0.43009  0.227663  0.5  0.5  0.5  0.5  0.5  0.5  0.5  0.5  0.5  0.5  
0.171848  0.454499  0.5  0.5  0.5  0.5  0.5  0.5  0.5  0.5  0.5  0.5  
0.759973  0.495682  0.5  0.5  0.5  0.5  0.5  0.5  0.5  0.5  0.5  0.5  
0.0828899  0.0220639  0.5  0.5  0.5  0.5  0.5  0.5  0.5  0.5  0.5  0.5  
0.594108  0.0435307  0.5  0.5  0.5  0.5  0.5  0.5  0.5  0.5  0.5  0.5  
0.286866  0.458431  0.5  0.5  0.5  0.5  0.5  0.5  0.5  0.5  0.5  0.5  
0.90752  0.00354784  0.5  0.5  0.5  0.5  0.5  0.5  0.5  0.5  0.5  0.5  
0.0464848  0.133624  0.5  0.5  0.5  0.5  0.5  0.5  0.5  0.5  0.5  0.5  
0.510473  0.380483  0.5  0.5  0.5  0.5  0.5  0.5  0.5  0.5  0.5  0.5  
0.225823  0.505991  0.5  0.5  0.5  0.5  0.5  0.5  0.5  0.5  0.5  0.5  
0.836937  0.0380293  0.5  0.5  0.5  0.5  0.5  0.5  0.5  0.5  0.5  0.5  
0.124435  0.00837654  0.5  0.5  0.5  0.5  0.5  0.5  0.5  0.5  0.5  0.5  
0.678227  0.63524  0.5  0.5  0.5  0.5  0.5  0.5  0.5  0.5  0.5  0.5  
0.35512  0.291621  0.5  0.5  0.5  0.5  0.5  0.5  0.5  0.5  0.5  0.5  
0.970978  0.146362  0.5  0.5  0.5  0.5  0.5  0.5  0.5  0.5  0.5  0.5  
0.00916053  0.538445  0.5  0.5  0.5  0.5  0.5  0.5  0.5  0.5  0.5  0.5  
0.410775  0.162614  0.5  0.5  0.5  0.5  0.5  0.5  0.5  0.5  0.5  0.5  
0.163543  0.981672  0.5  0.5  0.5  0.5  0.5  0.5  0.5  0.5  0.5  0.5  
0.739902  0.757315  0.5  0.5  0.5  0.5  0.5  0.5  0.5  0.5  0.5  0.5  
0.09426  0.99935  0.5  0.5  0.5  0.5  0.5  0.5  0.5  0.5  0.5  0.5  
0.573039  0.416411  0.5  0.5  0.5  0.5  0.5  0.5  0.5  0.5  0.5  0.5  
0.270928  0.307353  0.5  0.5  0.5  0.5  0.5  0.5  0.5  0.5  0.5  0.5  
0.890527  0.293619  0.5  0.5  0.5  0.5  0.5  0.5  0.5  0.5  0.5  0.5  
0.0603354  0.582127  0.5  0.5  0.5  0.5  0.5  0.5  0.5  0.5  0.5  0.5  
0.489977  0.00619106  0.5  0.5  0.5  0.5  0.5  0.5  0.5  0.5  0.5  0.5  
0.257058  0.929533  0.5  0.5  0.5  0.5  0.5  0.5  0.5  0.5  0.5  0.5  
0.818249  0.191734  0.5  0.5  0.5  0.5  0.5  0.5  0.5  0.5  0.5  0.5  
0.175563  0.981576  0.5  0.5  0.5  0.5  0.5  0.5  0.5  0.5  0.5  0.5  
0.657312  0.189179  0.5  0.5  0.5  0.5  0.5  0.5  0.5  0.5  0.5  0.5  
0.378156  0.849073  0.5  0.5  0.5  0.5  0.5  0.5  0.5  0.5  0.5  0.5  
0.955794  0.160069  0.5  0.5  0.5  0.5  0.5  0.5  0.5  0.5  0.5  0.5  
0.0475028  0.999527  0.5  0.5  0.5  0.5  0.5  0.5  0.5  0.5  0.5  0.5  
0.467332  0.00591299  0.5  0.5  0.5  0.5  0.5  0.5  0.5  0.5  0.5  0.5  
0.298617  1  0.5  0.5  0.5  0.5  0.5  0.5  0.5  0.5  0.5  0.5  
0.77974  0.162583  0.5  0.5  0.5  0.5  0.5  0.5  0.5  0.5  0.5  0.5  
0.193834  0.920285  0.5  0.5  0.5  0.5  0.5  0.5  0.5  0.5  0.5  0.5  
0.615206  0.482134  0.5  0.5  0.5  0.5  0.5  0.5  0.5  0.5  0.5  0.5  
0.439799  0.929114  0.5  0.5  0.5  0.5  0.5  0.5  0.5  0.5  0.5  0.5  
0.924064  0.173211  0.5  0.5  0.5  0.5  0.5  0.5  0.5  0.5  0.5  0.5  
0.143898  0.950607  0.5  0.5  0.5  0.5  0.5  0.5  0.5  0.5  0.5  0.5  
0.589049  0.595633  0.5  0.5  0.5  0.5  0.5  0.5  0.5  0.5  0.5  0.5  
0.434072  0.558955  0.5  0.5  0.5  0.5  0.5  0.5  0.5  0.5  0.5  0.5  
0.855224  0.281048  0.5  0.5  0.5  0.5  0.5  0.5  0.5  0.5  0.5  0.5  
0.329583  0.78866  0.5  0.5  0.5  0.5  0.5  0.5  0.5  0.5  0.5  0.5  
0.698991  0.252265  0.5  0.5  0.5  0.5  0.5  0.5  0.5  0.5  0.5  0.5  
0.575009  0.11247  0.5  0.5  0.5  0.5  0.5  0.5  0.5  0.5  0.5  0.5  
0.985712  0.481264  0.5  0.5  0.5  0.5  0.5  0.5  0.5  0.5  0.5  0.5  
0.0140649  0.990375  0.5  0.5  0.5  0.5  0.5  0.5  0.5  0.5  0.5  0.5  
0.624485  0.906104  0.5  0.5  0.5  0.5  0.5  0.5  0.5  0.5  0.5  0.5  
0.425446  0.693031  0.5  0.5  0.5  0.5  0.5  0.5  0.5  0.5  0.5  0.5  
0.750268  0.709928  0.5  0.5  0.5  0.5  0.5  0.5  0.5  0.5  0.5  0.5  
0.26472  0.798466  0.5  0.5  0.5  0.5  0.5  0.5  0.5  0.5  0.5  0.5  
0.727853  0.831384  0.5  0.5  0.5  0.5  0.5  0.5  0.5  0.5  0.5  0.5  
0.60222  0.652978  0.5  0.5  0.5  0.5  0.5  0.5  0.5  0.5  0.5  0.5  
0.881864  0.082641  0.5  0.5  0.5  0.5  0.5  0.5  0.5  0.5  0.5  0.5  
0.172924  0.994071  0.5  0.5  0.5  0.5  0.5  0.5  0.5  0.5  0.5  0.5  
0.745471  0.105483  0.5  0.5  0.5  0.5  0.5  0.5  0.5  0.5  0.5  0.5  
0.603848  0.949208  0.5  0.5  0.5  0.5  0.5  0.5  0.5  0.5  0.5  0.5  
0.834074  0.650777  0.5  0.5  0.5  0.5  0.5  0.5  0.5  0.5  0.5  0.5  
0.479977  0.942034  0.5  0.5  0.5  0.5  0.5  0.5  0.5  0.5  0.5  0.5  
0.823869  0.682729  0.5  0.5  0.5  0.5  0.5  0.5  0.5  0.5  0.5  0.5  
0.746817  0.987222  0.5  0.5  0.5  0.5  0.5  0.5  0.5  0.5  0.5  0.5  
0.948035  0.29645  0.5  0.5  0.5  0.5  0.5  0.5  0.5  0.5  0.5  0.5  
0.146343  0.937811  0.5  0.5  0.5  0.5  0.5  0.5  0.5  0.5  0.5  0.5  
0.819431  0.00487099  0.5  0.5  0.5  0.5  0.5  0.5  0.5  0.5  0.5  0.5  
0.699582  0.186261  0.5  0.5  0.5  0.5  0.5  0.5  0.5  0.5  0.5  0.5  
0.889707  0.59733  0.5  0.5  0.5  0.5  0.5  0.5  0.5  0.5  0.5  0.5  
0.576238  5.9672e-05  0.5  0.5  0.5  0.5  0.5  0.5  0.5  0.5  0.5  0.5  
0.886452  0.00487099  0.5  0.5  0.5  0.5  0.5  0.5  0.5  0.5  0.5  0.5  
0.833585  0.223109  0.5  0.5  0.5  0.5  0.5  0.5  0.5  0.5  0.5  0.5  
0.929266  0.220631  0.5  0.5  0.5  0.5  0.5  0.5  0.5  0.5  0.5  0.5  
0.526832  0.180153  0.5  0.5  0.5  0.5  0.5  0.5  0.5  0.5  0.5  0.5  
0.910794  0.0107135  0.5  0.5  0.5  0.5  0.5  0.5  0.5  0.5  0.5  0.5  
0.863601  0.754774  0.5  0.5  0.5  0.5  0.5  0.5  0.5  0.5  0.5  0.5  
0.94906  0.334928  0.5  0.5  0.5  0.5  0.5  0.5  0.5  0.5  0.5  0.5  
0.834649  0.371786  0.5  0.5  0.5  0.5  0.5  0.5  0.5  0.5  0.5  0.5  
0.954291  0.105131  0.5  0.5  0.5  0.5  0.5  0.5  0.5  0.5  0.5  0.5  
0.940811  0.00177317  0.5  0.5  0.5  0.5  0.5  0.5  0.5  0.5  0.5  0.5  
0.978403  0.256053  0.5  0.5  0.5  0.5  0.5  0.5  0.5  0.5  0.5  0.5  
0.430986  0.610831  0.5  0.5  0.5  0.5  0.5  0.5  0.5  0.5  0.5  0.5  
0.97362  0.0637132  0.5  0.5  0.5  0.5  0.5  0.5  0.5  0.5  0.5  0.5  
0.966603  0.596018  0.5  0.5  0.5  0.5  0.5  0.5  0.5  0.5  0.5  0.5  
0.994137  0.00110443  0.5  0.5  0.5  0.5  0.5  0.5  0.5  0.5  0.5  0.5  
