2  4  6  8  0.110968  0.0115829  0.166423  0.258157  8.90202  9.33269  7.80043  8.1707  8.61477  9.04202  9.45341  9.84987  10.2322  10.601  10.9569  11.3005  11.6323  11.9528  12.2624  12.5614  
2  4  6  8  0.110968  0.0115829  0.166423  0.258157  8.90202  9.33269  7.80043  8.1707  8.61477  9.04202  9.45341  9.84987  10.2322  10.601  10.9569  11.3005  11.6323  11.9528  12.2624  12.5614  
2  4  6  8  0.110968  0.0115829  0.166423  0.258157  8.90202  9.33269  7.80043  8.1707  8.61477  9.04202  9.45341  9.84987  10.2322  10.601  10.9569  11.3005  11.6323  11.9528  12.2624  12.5614  
2  4  6  8  0.110968  0.0115829  0.166423  0.258157  8.90202  9.33269  7.80043  8.1707  8.61477  9.04202  9.45341  9.84987  10.2322  10.601  10.9569  11.3005  11.6323  11.9528  12.2624  12.5614  
2  4  4.67614  6.80565  4.70519e-40  1.15857e-29  1.15573e-29  5.91921  6.30031  6.75627  7.19281  7.60588  8.00189  8.38055  8.74364  9.08894  9.4211  9.73892  10.045  10.3358  10.6154  10.8835  11.1407  11.385  
1.93053  3.97443  6  7.92549  0.589547  0.00760058  0.172029  0.296357  8.90444  9.33248  7.80043  8.1707  8.61477  9.04202  9.45341  9.84987  10.2322  10.601  10.9569  11.3005  11.6323  11.9528  12.2624  12.5614  
1.98038  3.98331  5.76568  7.69132  0.161801  0.595864  0.698873  0.255157  8.90195  9.33144  7.79492  8.17026  8.61435  9.04135  9.45261  9.84965  10.2318  10.6004  10.9565  11.3002  11.6314  11.9519  12.262  12.5614  
2  4  6  8  0.110968  0.0115829  0.166423  0.258157  8.90202  9.33269  7.80043  8.1707  8.61477  9.04202  9.45341  9.84987  10.2322  10.601  10.9569  11.3005  11.6323  11.9528  12.2624  12.5614  
2  4  4.5354  5.35583  0.1011  0.550024  0.551561  7.09345  6.24161  6.6917  7.11888  7.52717  7.91675  8.28811  8.64569  8.98335  9.30815  9.61953  9.91628  10.2024  10.4734  10.733  10.9834  11.2205  
1.88068  3.96662  5.81634  7.70807  0.583247  0.630294  0.67768  0.252157  8.90248  9.32437  7.75598  8.16661  8.61027  9.03713  9.44924  9.84518  10.2267  10.5949  10.9507  11.2939  11.6253  11.945  12.258  12.5534  
1.96076  3.98644  5.53136  7.38263  0.212633  1.18014  1.23132  0.172922  8.90165  9.3304  7.78941  8.16988  8.61362  9.04075  9.45213  9.84934  10.2307  10.5997  10.9554  11.299  11.6307  11.951  12.2615  12.5595  
1.75232  3.92055  6  8  1.11435  0.193449  0.733877  0.0562211  8.88981  9.2782  7.69669  8.15643  8.60505  9.03132  9.43729  9.83108  10.2118  10.5823  10.9355  11.2767  11.6095  11.9279  12.2366  12.5365  
1.99999  4  5.11693  7.31458  0.230383  0.923487  1.27296  1.27908  8.79485  8.86171  7.65189  8.10962  8.55122  8.97075  9.37589  9.76715  10.1433  10.5081  10.858  11.1958  11.5343  11.8382  12.1412  12.4348  
1.77019  3.91129  5.87793  7.71748  0.992096  0.459829  0.430373  1.02256  8.88765  9.25445  7.69449  8.15462  8.59648  9.01972  9.4329  9.82392  10.204  10.5749  10.9345  11.2743  11.6048  11.9397  12.2295  12.5501  
1.94946  3.79749  5.53411  7.26225  0.110692  1.4955  1.33385  0.830442  8.74674  8.64038  7.6278  8.08337  8.52074  8.9399  9.3436  9.7327  10.1074  10.4687  10.8166  11.1525  11.476  11.7887  12.0908  12.3806  
1.57972  2.98712  6  8  7.55247e-25  6.3485e-16  1.78433e-14  7.6215  7.27673  6.86964  7.31236  7.73812  8.1454  8.53634  8.90927  9.2721  9.61235  9.94504  10.2603  10.5636  10.8569  11.1378  11.4043  11.6639  
2  4  2.66543  4.21583  0.537177  9.19242e-07  6.63965  5.59978  6.05125  6.48314  6.88678  7.27302  7.64108  7.98884  8.3214  8.6382  8.93962  9.22729  9.5006  9.76191  10.0094  10.2455  10.4697  10.6831  
1.9608  3.56277  5.15982  7.81935  0.0536278  0.0146598  0.217644  4.43075  6.88544  6.82396  7.26396  7.68831  8.08589  8.47336  8.83473  9.19568  9.53534  9.868  10.1748  10.4724  10.7878  11.0801  11.2993  11.5545  
1.97114  3.84878  5.07299  6.82687  6.91046e-07  1.65098e-06  3.5614e-06  5.65648  6.31274  6.75586  7.19343  7.60733  8.00102  8.38237  8.74192  9.09095  9.42369  9.74115  10.0459  10.3372  10.6145  10.885  11.1419  11.3855  
1.55309  3.95123  5.7101  7.96366  0.0417205  0.00735732  0.110973  4.60566  7.21871  6.85848  7.30481  7.72966  8.13674  8.5378  8.90325  9.26564  9.60276  9.93351  10.2483  10.5467  10.8587  11.1326  11.3881  11.6583  
1.99619  3.94476  4.81027  6.37567  7.33006e-06  1.84869e-06  3.71171e-06  6.70363  6.45514  6.77053  7.21002  7.62577  8.02733  8.41162  8.76669  9.12367  9.4481  9.77045  10.0768  10.386  10.6543  10.921  11.1802  11.4313  
1.99361  3.1601  5.8373  7.10443  4.27226e-07  0.0174327  1.15879e-06  5.65577  6.53268  6.78279  7.21787  7.63697  8.03934  8.41168  8.81112  9.14365  9.4697  9.79358  10.0974  10.3935  10.6599  10.9398  11.2036  11.4534  
1.97115  3.56391  5.07299  6.83159  4.29139e-08  4.13135e-09  6.15038e-08  6.77706  6.29908  6.75572  7.19343  7.60484  8.00114  8.37977  8.74176  9.08762  9.42084  9.74044  10.0428  10.3365  10.6144  10.8849  11.1379  11.3841  
1.55281  3.46515  6  8  0.000212949  4.06993e-06  0.000270026  5.90255  7.18242  6.85541  7.30012  7.72544  8.13317  8.52102  8.89333  9.25108  9.59596  9.92444  10.2397  10.5424  10.8384  11.1121  11.381  11.6395  
2  3.99963  4.5354  5.82463  0.101181  0.287494  0.0407884  7.10071  6.24268  6.69209  7.12025  7.52892  7.91688  8.28965  8.64511  8.98445  9.3097  9.62101  9.91939  10.2059  10.4793  10.7357  10.9861  11.2229  
1.93218  3.21216  5.03161  7.49309  2.19973e-09  2.53537e-08  1.57937e-08  7.28994  6.29764  6.75567  7.19343  7.60761  8.00127  8.37977  8.74176  9.09177  9.4286  9.74064  10.0444  10.3366  10.6145  10.8872  11.1369  11.389  
1.94597  3.61877  5.40524  5.56156  0.136362  0.0992354  0.51545  7.83128  7.86855  6.93515  7.38833  7.82189  8.23478  8.63204  9.01074  9.37821  9.73033  10.0689  10.3913  10.7017  11.0041  11.291  11.5677  11.8313  
1.96024  2.59098  5.73963  7.86781  1.25423e-11  1.24814e-09  4.3108e-10  7.01727  6.80895  6.81405  7.25705  7.67517  8.07625  8.46217  8.8299  9.18544  9.52246  9.84663  10.1586  10.4572  10.7392  11.0169  11.2794  11.5327  
1.87316  3.9738  4.4826  5.85703  0.52322  0.451482  0.272826  6.96272  6.22454  6.67279  7.10095  7.50475  7.89029  8.26288  8.61829  8.95244  9.27418  9.58383  9.87987  10.1712  10.4342  10.6907  10.939  11.1752  
1.86353  2.91919  4.95799  8  0.00134895  0.157054  0.0716253  6.0992  6.11865  6.55147  6.96567  7.35845  7.73629  8.08723  8.43047  8.76046  9.06974  9.3614  9.6385  9.90919  10.1698  10.4104  10.6493  10.8624  
1.58907  3.97758  5.61433  5.48735  0.255045  0.968193  0.247501  7.94272  8.40333  7.00352  7.46674  7.89558  8.31732  8.72858  9.10302  9.48038  9.83881  10.1831  10.5043  10.822  11.1382  11.4301  11.7181  11.9902  
1.67526  1.01466  6  8  3.80881e-18  1.83168e-09  6.11763  7.54908  6.3069  6.75722  7.1922  7.60626  8.00245  8.38596  8.74497  9.09153  9.43445  9.74104  10.0458  10.3391  10.6329  10.8978  11.144  11.3891  
2  3.99909  0.0393462  4.20953  8.1503e-16  5.74488  5.76829  5.47472  5.91111  6.32288  6.71058  7.08517  7.44047  7.7727  8.08655  8.37365  8.69928  8.98661  9.20978  9.45351  9.67033  9.91148  10.0948  10.2958  
1.48265  3.97039  5.57992  5.48514  0.21266  1.43782  0.566324  7.77014  7.5305  6.96811  7.34742  7.77922  8.18946  8.58513  8.96526  9.32402  9.67109  10.0085  10.3279  10.6345  10.9302  11.2115  11.4847  11.7501  
1.91637  3.6888  4.25401  5.48978  2.06178  0.135531  0.036456  5.59546  6.0465  6.47414  6.87906  7.26394  7.63011  7.98071  8.31116  8.62977  8.93259  9.21793  9.49585  9.7464  9.9963  10.2329  10.4582  10.6726  
1.85212  2.50082  4.99644  7.89435  0.344563  1.21671  2.71214e-07  6.12362  6.1186  6.55439  6.9684  7.36303  7.73723  8.08789  8.43498  8.75956  9.06932  9.36204  9.64706  9.9154  10.1709  10.4105  10.6487  10.871  
1.90563  3.99217  3.55619  5.34238  0.962606  0.134971  2.492  5.59507  6.04684  6.47488  6.88078  7.26629  7.63431  7.98242  8.31537  8.62977  8.93103  9.21791  9.49079  9.751  9.99877  10.2334  10.4577  10.6698  
1.70406  3.023  4.38236  7.55868  0.0857215  2.06441  0.792823  7.06291  6.23929  6.6876  7.12051  7.52249  7.91063  8.28554  8.63698  8.97683  9.31101  9.61282  9.95874  10.1963  10.478  10.7322  10.9789  11.2134  
1.93002  3.24315  4.73739  5.06011  1.29043  1.28668  0.848834  5.59209  6.04409  6.46895  6.87622  7.2616  7.6289  7.97453  8.30882  8.62213  8.92583  9.20977  9.48407  9.74171  9.98891  10.2238  10.4496  10.6585  
1.63205  2.35244  5.82339  7.67262  0.0187216  1.57877  0.371165  5.59203  6.04261  6.46904  6.87293  7.25906  7.62567  7.97509  8.30774  8.62263  8.9238  9.20538  9.48155  9.73837  9.98799  10.2231  10.4448  10.6561  
1.96695  3.99226  2.88939  5.16269  2.20611e-09  1.64903e-08  5.44211  5.59426  6.04656  6.47541  6.88049  7.26961  7.63304  7.99808  8.32581  8.62993  8.93251  9.218  9.4939  9.75484  10.0033  10.229  10.461  10.67  
1.70247  3.00656  3.48155  7.80233  0.594233  1.2276  2.69518  6.63118  6.18407  6.62523  7.0473  7.44895  7.83229  8.19481  8.54374  8.8761  9.19367  9.50006  9.80726  10.063  10.3472  10.5867  10.8263  11.0549  
1.99576  3.19395  3.61667  5.47179  5.52117e-16  7.81962e-09  5.83643  5.60074  6.05269  6.48127  6.88766  7.27465  7.6418  7.9925  8.32379  8.64144  8.94259  9.22904  9.50334  9.7664  10.0135  10.2487  10.4727  10.6867  
1.55976  2.37044  4.99641  7.99685  1.09962  0.131162  2.7255  7.07054  6.24287  6.68853  7.11473  7.52318  8.03673  8.29277  8.64713  8.98028  9.30993  9.63198  9.91562  10.1915  10.5385  10.7387  10.9726  11.2211  
1.99917  3.53336  2.9976  5.1191  0.000363191  0.00902763  6.53906  5.58385  6.0347  6.46134  6.86566  7.25006  7.6161  7.96267  8.29487  8.60902  8.90736  9.19228  9.46461  9.72227  9.96682  10.2012  10.4267  10.6353  
1.83193  2.10164  4.81561  6.72737  4.28524e-17  2.67604e-12  5.99941  6.61444  6.18421  6.62512  7.04705  7.4473  7.83288  8.19472  8.54375  8.87649  9.19058  9.49822  9.80709  10.0631  10.3481  10.5869  10.8225  11.0538  
1.83219  2.97266  3.54788  5.92056  0.115441  7.14995e-08  5.09912  5.37667  5.79868  6.20054  6.57932  6.93914  7.27665  7.59327  7.89159  8.18146  8.45043  8.70645  8.94917  9.17656  9.39421  9.60287  9.78246  9.96493  
1.62842  1.54739  6  7.99999  1.97537  0.759425  0.46295  5.59201  6.04292  6.47164  6.87523  7.26284  7.62776  7.97513  8.30621  8.62355  8.92381  9.20846  9.48158  9.7372  9.98758  10.2231  10.4453  10.6562  
2  3.9999  2.51559  4.08605  0.656928  0.200546  5.85051  5.48125  5.9242  6.34048  6.72385  7.09793  7.45079  7.80269  8.10298  8.39887  8.71231  8.96665  9.21176  9.46822  9.69278  9.91651  10.122  10.318  
1.63069  2.88943  3.28554  6.65528  0.274494  0.589822  4.89048  5.33483  5.7569  6.15165  6.52477  6.87481  7.20827  7.5229  7.82304  8.09889  8.36381  8.61293  8.85244  9.08219  9.28104  9.48092  9.66687  9.84289  
1.79285  3.53601  3.01993  4.67808  1.30941  0.0269449  5.04308  5.3686  5.79429  6.19221  6.56896  6.92426  7.26046  7.57975  7.87962  8.16413  8.43348  8.68846  8.92979  9.15625  9.37166  9.5725  9.76428  9.94209  
1.61264  1.78586  4.2312  8  0.451063  0.14043  6.03792  5.51441  5.95309  6.36993  6.77482  7.14074  7.49675  7.83804  8.16705  8.46002  8.76137  9.02415  9.29537  9.53497  9.77019  9.99556  10.2247  10.4113  
1.98254  3.58465  2.33751  4.34899  0.680804  1.39847  5.33691  5.41202  5.83964  6.24697  6.62988  6.98909  7.33323  7.65814  7.96115  8.2527  8.52979  8.79769  9.03446  9.26705  9.49138  9.69893  9.89681  10.0932  
1.38029  2.62123  3.56266  7.07245  0.307494  1.8082  5.28076  5.41148  5.82574  6.28312  6.66858  7.02615  7.33286  7.73569  7.9666  8.31837  8.54938  8.83799  9.06195  9.27828  9.50793  9.79675  9.92773  10.118  
1.98455  2.52916  3.04487  4.94051  0.05638  2.95181  5.04327  5.36944  5.79379  6.19221  6.56767  6.92431  7.26048  7.57975  7.87877  8.15894  8.4335  8.691  8.92667  9.15792  9.37536  9.57147  9.76428  9.94298  
1.50983  1.20438  5.83848  7.54212  0.167021  0.493261  6.90809  7.24245  6.26379  6.71271  7.14463  7.5528  7.94395  8.32662  8.67899  9.021  9.34384  9.66969  9.96811  10.2474  10.5243  10.7829  11.0481  11.275  
1.9993  3.74102  1.58461  4.23337  1.61927  1.51831  6.13249  5.52757  5.96872  6.39234  6.77726  7.17075  7.51968  7.88259  8.18136  8.48979  8.78106  9.05119  9.32212  9.57817  9.82167  10.0307  10.2789  10.4518  
1.22871  2.98055  3.18868  6.18424  2.07789  1.39328  4.87642  5.32439  5.74284  6.13645  6.50504  6.85199  7.19109  7.49975  7.78209  8.07332  8.32275  8.58221  8.81212  9.03377  9.25606  9.43891  9.64241  9.80279  
1.69015  3.30664  1.81972  5.27524  0.236824  4.16383  5.3335  5.41409  5.83801  6.24335  6.63104  6.99384  7.33111  7.65511  7.95972  8.26044  8.5234  8.79085  9.0458  9.26732  9.49677  9.6853  9.91316  10.0842  
1.66779  0.743146  4.42734  8  0.257086  2.96475  6.9388  7.40902  6.28247  6.7369  7.16913  7.58165  7.97582  8.35195  8.71126  9.05615  9.38642  9.70601  10.0039  10.2938  10.5727  10.8359  11.0907  11.3385  
1.89784  3.42476  1.64154  4.20561  2.09191e-08  4.62207  4.88259  5.3534  5.75703  6.13805  6.51122  6.86718  7.17178  7.53176  7.79385  8.10106  8.3535  8.59663  8.87562  9.05725  9.27004  9.46331  9.64713  9.82891  
2  0.515704  5.0074  4.83928  1.54872e-12  5.41086  6.29987  5.55194  5.99881  6.45085  6.82563  7.20383  7.57884  7.90981  8.24618  8.55823  8.83983  9.14213  9.39144  9.67065  9.89898  10.1239  10.3301  10.5256  
1.91285  2.08844  2.69777  4.55367  0.185898  5.47843  4.85359  5.29707  5.71354  6.10213  6.47157  6.81755  7.14452  7.44883  7.74169  8.01868  8.27406  8.52049  8.75185  8.96992  9.17368  9.36149  9.53837  9.71141  
0.64665  0.954798  5.98073  7.89888  7.80162e-18  5.71043  6.47236  5.57507  6.02546  6.4481  6.85187  7.23437  7.60039  7.94413  8.27358  8.5938  8.87564  9.16912  9.45209  9.7477  9.94859  10.1904  10.4551  10.6374  
1.98752  4  0.0223966  0.189033  5.0073  5.75543  5.0229  5.3664  5.78952  6.18807  6.5641  6.91971  7.25704  7.57327  7.87339  8.15894  8.42819  8.68269  8.92184  9.14872  9.36379  9.56365  9.75486  9.93485  
1.80102  2.05175  2.69163  4.19274  1.30202  5.45127  4.85591  5.29698  5.70914  6.10283  6.46892  6.8104  7.13762  7.45821  7.74346  8.01242  8.27319  8.52922  8.7433  8.95798  9.17531  9.36058  9.55169  9.70996  
1.78085  3.47144  1.17364  3.96689  0.673673  5.46696  4.8568  5.2974  5.71194  6.10004  6.48221  6.81453  7.14216  7.44964  7.73855  8.01599  8.28441  8.51621  8.7497  8.96592  9.17107  9.36123  9.54131  9.70925  
0.890557  2.14363  3.90741  5.73669  1.62576  5.16205  4.80855  5.24121  5.64633  6.02849  6.39237  6.72756  7.05363  7.3435  7.62914  7.91759  8.16325  8.39121  8.62418  8.82006  9.0071  9.19291  9.37849  9.5342  
1.9922  3.58541  0.0667549  4.39042  0.582828  5.0362  4.78156  5.21927  5.61215  6.00336  6.35773  6.68738  7.0067  7.3129  7.57634  7.83868  8.09906  8.35143  8.54201  8.74185  8.94474  9.11755  9.30208  9.4474  
1.69259  1.23005  4.06004  3.03527  3.00843  5.0503  4.78825  5.22141  5.62477  6.00106  6.35754  6.69416  7.01148  7.3093  7.58652  7.8491  8.10071  8.33529  8.54966  8.75499  8.95497  9.12642  9.29895  9.45397  
1.43735  3.41543  1.71824  3.3048  2.46411  5.59968  4.88337  5.32424  5.74711  6.13359  6.50806  6.86026  7.19165  7.49854  7.79551  8.07391  8.33281  8.58316  8.82382  9.0352  9.24924  9.43955  9.62186  9.81129  
0.299213  2.29948  3.9791  7.73757  1.58318  5.20976  4.81147  5.24687  5.65482  6.03496  6.39991  6.73803  7.0648  7.36024  7.6432  7.91088  8.16358  8.39955  8.62584  8.83188  9.03244  9.2131  9.38522  9.54548  
2  4  0.0516963  3.47804  0.789568  5.77728  5.20751  5.39456  5.81891  6.22065  6.6008  6.9591  7.30091  7.62065  7.93886  8.2175  8.48968  8.74423  8.98898  9.21986  9.43709  9.64368  9.8364  10.0207  
0.985334  2.90159  1.80104  4.23402  4.63644  5.06853  4.78932  5.22259  5.62549  5.99997  6.35899  6.70152  7.01623  7.31157  7.59029  7.85017  8.10152  8.34188  8.5546  8.76376  8.95963  9.13192  9.30139  9.46119  
1.47222  3.66056  1.21129  2.73137  2.95825  4.19631  4.63212  5.03156  5.41739  5.75924  6.11974  6.42642  6.72774  6.97144  7.24502  7.47077  7.71066  7.88776  8.1019  8.27274  8.45633  8.60751  8.74886  8.87946  
1.24183  0.403345  4.7411  4.23421  4.71136  5.17933  4.80845  5.2419  5.64922  6.03095  6.39132  6.73272  7.05322  7.34899  7.63415  7.9054  8.16341  8.38929  8.62527  8.81915  9.01317  9.19627  9.37924  9.53787  
1.8896  3.48561  0.0553564  3.29553  2.44298  4.16952  4.64507  5.03527  5.40955  5.73443  6.09266  6.39904  6.71475  6.9526  7.21458  7.42723  7.6505  7.86081  8.04942  8.23681  8.41417  8.52217  8.70942  8.81782  
0.845226  2.01577  3.08164  3.43875  3.27415  3.64775  3.99508  4.31191  4.59422  4.85265  5.08427  5.29182  5.48043  5.64571  5.79587  5.92612  6.04043  6.14126  6.22309  6.29282  6.35465  6.39723  6.44706  6.44804  
0.994453  3.72036  0.0579044  4.45913  3.51878  3.9714  4.36195  4.69912  5.03462  5.34377  5.63092  5.91709  6.14806  6.36739  6.57381  6.76024  6.93232  7.08387  7.23078  7.3802  7.46924  7.54801  7.78257  7.81273  
0.175296  1.50106  5.94393  6.26621  2.55296  4.19898  4.63119  5.03701  5.43106  5.7775  6.11557  6.41191  6.71599  7.04965  7.25044  7.48637  7.69805  7.91685  8.11128  8.29681  8.49745  8.60586  8.71819  8.88457  
1.97633  4  0.00350327  2.24075  2.40925  4.97184  4.77082  5.20262  5.60383  5.98164  6.33417  6.66915  6.98305  7.27888  7.55463  7.81601  8.0596  8.29241  8.50763  8.7086  8.89924  9.07738  9.24283  9.39508  
0.992422  2.89285  0.0125062  4.52967  3.89131  3.64571  4.01761  4.39977  4.59881  4.84575  5.0796  5.29128  5.44296  5.63064  5.90206  6.0248  6.05863  6.13735  6.20663  6.29793  6.35984  6.37174  6.41186  6.46635  
1.5714  3.55863  0.121552  2.61813  4.94234  5.46774  4.85851  5.29764  5.71237  6.10529  6.49423  6.82108  7.1437  7.45172  7.74205  8.02752  8.29045  8.51967  8.76056  8.9775  9.17112  9.36702  9.54388  9.74905  
0.0679526  2.38855  3.39005  3.04107  3.89887  3.60621  3.54419  3.76549  4.01246  4.17028  4.31514  4.44587  4.55958  4.64602  4.71638  4.79215  4.81291  4.82714  4.92502  4.82968  4.81252  4.79119  4.74882  4.69746  
1.7624  3.82518  0.00692975  1.45984  5.00611  5.75538  5.00941  5.36619  5.78636  6.18755  6.56251  6.91821  7.25415  7.57135  7.87264  8.1561  8.42359  8.68141  8.92163  9.14333  9.36065  9.56139  9.74885  9.93078  
0.503783  2.55882  0.00421856  4.66763  4.81628  3.18334  3.43729  3.65537  3.86859  4.01988  4.18222  4.27554  4.368  4.45417  4.49733  4.53611  4.55521  4.59564  4.55633  4.53948  4.52657  4.4683  4.41616  4.36127  
1.40371  3.01723  0.0950875  2.48236  4.57922  3.73081  4.09092  4.42406  4.7273  4.99388  5.24314  5.46455  5.68077  5.8595  6.04485  6.17293  6.32073  6.41761  6.51015  6.61428  6.69543  6.74282  6.77856  6.82725  
0.0678127  1.19713  4.38063  4.996  3.56843  3.36324  3.65586  3.94209  4.15083  4.35457  4.54591  4.66516  4.8042  4.95198  5.00045  5.0787  5.16288  5.19362  5.20607  5.22105  5.37828  5.22783  5.22253  5.24383  
1.88906  3.85029  0.0218311  0.883166  5.00732  5.75544  5.02363  5.36645  5.78952  6.18803  6.56428  6.91971  7.25608  7.57263  7.87258  8.15975  8.42818  8.68269  8.92184  9.14876  9.36367  9.56592  9.75484  9.93485  
0.112478  3.85887  0.163593  2.69227  4.06173  2.81697  3.00184  3.15939  3.28462  3.38069  3.4501  3.49575  3.52153  3.52318  3.5223  3.49507  3.45154  3.39098  3.33145  3.25829  3.1748  3.08731  3.00628  2.9013  
1.84565  2.56878  0.399143  1.08121  4.52496  3.71964  4.11724  4.40567  4.73601  4.97052  5.22098  5.4331  5.62616  5.80715  5.99651  6.11176  6.23341  6.36326  6.45368  6.53349  6.5915  6.65681  6.70314  6.73236  
0.229626  0.980802  2.35078  2.35043  7.58127  2.93951  3.06826  3.26831  3.36348  3.48234  3.56757  3.5957  3.63024  4.11312  3.67671  3.63419  3.65068  3.59358  3.5298  3.87428  3.43611  3.3542  3.27049  3.16891  
1.77472  3.4743  0.0930232  1.00158  3.30834  3.71477  4.06075  4.38918  4.73521  4.9648  5.20334  5.42528  5.62164  5.8009  5.96304  6.11058  6.23028  6.34441  6.46582  6.52764  6.59608  6.65375  6.6988  6.72684  
1.05054  0.536287  0.00280636  2.27154  10  3.1401  3.39132  3.65219  3.83421  3.96965  4.10405  4.21397  4.30077  4.36792  4.41617  4.45025  4.4641  4.46474  4.46167  4.42926  4.39003  4.34693  4.29515  4.23309  
1.13023  2.97714  0.269559  0.824708  3.27678  2.83208  2.99822  3.1562  3.28149  3.37312  3.43752  3.48859  3.5229  3.50984  3.5323  3.47261  3.44911  3.38208  3.31036  3.24242  3.17303  3.07278  2.98854  2.88838  
0.0603252  0.273106  5.95566  7.27527  3.49337  3.92582  4.33076  4.68419  5.02031  5.29941  5.61854  5.87769  6.12487  6.34375  6.56664  6.73106  6.91257  7.06055  7.18217  7.32931  7.44097  7.54478  7.6384  7.69813  
1.96416  3.99854  0.0210083  0.287441  5.00703  5.75845  5.04267  5.3683  5.79307  6.1915  6.56784  6.92362  7.26184  7.57819  7.87905  8.16404  8.43444  8.68883  8.9283  9.1555  9.36986  9.57172  9.76327  9.94207  
0.801445  3.18468  0.394002  0.0869046  2.57921  2.36897  2.50725  2.4118  2.46315  2.42956  2.46091  2.38228  2.31252  2.22492  2.13863  2.0428  1.94183  1.86841  1.73889  1.63127  1.5261  1.42907  1.32456  1.22764  
1.95127  2.84743  0.0345658  0.229524  2.96108  3.28901  3.57401  3.83196  4.03726  4.23852  4.40879  4.53889  4.68146  4.75068  4.82867  4.94019  4.93163  4.9573  4.98427  4.98846  4.97461  4.95652  4.93038  4.88164  
0.0366721  0.0291643  5.86367  7.9508  3.49445  3.92462  4.3224  4.6865  5.01979  5.33195  5.61643  5.8768  6.11756  6.34226  6.54657  6.73276  6.91466  7.05352  7.17744  7.33782  7.43294  7.54256  7.63963  7.69797  
