0  0  0.5  0.5  0.5  0.5  0.5  0.5  0.5  0.5  0.5  0.5  
0.0352723  0.0353251  0.5  0.5  0.5  0.5  0.5  0.5  0.5  0.5  0.5  0.5  
0.0259969  0.0782301  0.5  0.5  0.5  0.5  0.5  0.5  0.5  0.5  0.5  0.5  
0.0990737  0.0333067  0.5  0.5  0.5  0.5  0.5  0.5  0.5  0.5  0.5  0.5  
0.0194116  0.137073  0.5  0.5  0.5  0.5  0.5  0.5  0.5  0.5  0.5  0.5  
0.11271  0.0684823  0.5  0.5  0.5  0.5  0.5  0.5  0.5  0.5  0.5  0.5  
0.0755459  0.127343  0.5  0.5  0.5  0.5  0.5  0.5  0.5  0.5  0.5  0.5  
0.19394  0.0285578  0.5  0.5  0.5  0.5  0.5  0.5  0.5  0.5  0.5  0.5  
0.0147076  0.225452  0.5  0.5  0.5  0.5  0.5  0.5  0.5  0.5  0.5  0.5  
0.148112  0.117962  0.5  0.5  0.5  0.5  0.5  0.5  0.5  0.5  0.5  0.5  
0.0871151  0.195976  0.5  0.5  0.5  0.5  0.5  0.5  0.5  0.5  0.5  0.5  
0.243039  0.0590625  0.5  0.5  0.5  0.5  0.5  0.5  0.5  0.5  0.5  0.5  
0.0579282  0.258847  0.5  0.5  0.5  0.5  0.5  0.5  0.5  0.5  0.5  0.5  
0.23217  0.111034  0.5  0.5  0.5  0.5  0.5  0.5  0.5  0.5  0.5  0.5  
0.15471  0.206525  0.5  0.5  0.5  0.5  0.5  0.5  0.5  0.5  0.5  0.5  
0.340366  0.0243462  0.5  0.5  0.5  0.5  0.5  0.5  0.5  0.5  0.5  0.5  
0.0111393  0.365064  0.5  0.5  0.5  0.5  0.5  0.5  0.5  0.5  0.5  0.5  
0.216627  0.202273  0.5  0.5  0.5  0.5  0.5  0.5  0.5  0.5  0.5  0.5  
0.115276  0.310088  0.5  0.5  0.5  0.5  0.5  0.5  0.5  0.5  0.5  0.5  
0.341824  0.106348  0.5  0.5  0.5  0.5  0.5  0.5  0.5  0.5  0.5  0.5  
0.0662188  0.381308  0.5  0.5  0.5  0.5  0.5  0.5  0.5  0.5  0.5  0.5  
0.311768  0.180142  0.5  0.5  0.5  0.5  0.5  0.5  0.5  0.5  0.5  0.5  
0.195899  0.307523  0.5  0.5  0.5  0.5  0.5  0.5  0.5  0.5  0.5  0.5  
0.441859  0.0534266  0.5  0.5  0.5  0.5  0.5  0.5  0.5  0.5  0.5  0.5  
0.0431527  0.455943  0.5  0.5  0.5  0.5  0.5  0.5  0.5  0.5  0.5  0.5  
0.320163  0.245639  0.5  0.5  0.5  0.5  0.5  0.5  0.5  0.5  0.5  0.5  
0.18282  0.381383  0.5  0.5  0.5  0.5  0.5  0.5  0.5  0.5  0.5  0.5  
0.466502  0.106409  0.5  0.5  0.5  0.5  0.5  0.5  0.5  0.5  0.5  0.5  
0.116305  0.458641  0.5  0.5  0.5  0.5  0.5  0.5  0.5  0.5  0.5  0.5  
0.428352  0.201879  0.5  0.5  0.5  0.5  0.5  0.5  0.5  0.5  0.5  0.5  
0.283587  0.363833  0.5  0.5  0.5  0.5  0.5  0.5  0.5  0.5  0.5  0.5  
0.561935  0.0206493  0.5  0.5  0.5  0.5  0.5  0.5  0.5  0.5  0.5  0.5  
0.00796622  0.578311  0.5  0.5  0.5  0.5  0.5  0.5  0.5  0.5  0.5  0.5  
0.335844  0.368589  0.5  0.5  0.5  0.5  0.5  0.5  0.5  0.5  0.5  0.5  
0.161466  0.508647  0.5  0.5  0.5  0.5  0.5  0.5  0.5  0.5  0.5  0.5  
0.515788  0.207235  0.5  0.5  0.5  0.5  0.5  0.5  0.5  0.5  0.5  0.5  
0.0818437  0.579975  0.5  0.5  0.5  0.5  0.5  0.5  0.5  0.5  0.5  0.5  
0.455537  0.323294  0.5  0.5  0.5  0.5  0.5  0.5  0.5  0.5  0.5  0.5  
0.26844  0.493303  0.5  0.5  0.5  0.5  0.5  0.5  0.5  0.5  0.5  0.5  
0.617138  0.114542  0.5  0.5  0.5  0.5  0.5  0.5  0.5  0.5  0.5  0.5  
0.0455242  0.641944  0.5  0.5  0.5  0.5  0.5  0.5  0.5  0.5  0.5  0.5  
0.438366  0.410078  0.5  0.5  0.5  0.5  0.5  0.5  0.5  0.5  0.5  0.5  
0.231087  0.567254  0.5  0.5  0.5  0.5  0.5  0.5  0.5  0.5  0.5  0.5  
0.626026  0.197876  0.5  0.5  0.5  0.5  0.5  0.5  0.5  0.5  0.5  0.5  
0.134814  0.638948  0.5  0.5  0.5  0.5  0.5  0.5  0.5  0.5  0.5  0.5  
0.564706  0.345353  0.5  0.5  0.5  0.5  0.5  0.5  0.5  0.5  0.5  0.5  
0.356026  0.545091  0.5  0.5  0.5  0.5  0.5  0.5  0.5  0.5  0.5  0.5  
0.713412  0.0588601  0.5  0.5  0.5  0.5  0.5  0.5  0.5  0.5  0.5  0.5  
0.0283659  0.722818  0.5  0.5  0.5  0.5  0.5  0.5  0.5  0.5  0.5  0.5  
0.458425  0.518026  0.5  0.5  0.5  0.5  0.5  0.5  0.5  0.5  0.5  0.5  
0.222112  0.661204  0.5  0.5  0.5  0.5  0.5  0.5  0.5  0.5  0.5  0.5  
0.673618  0.29818  0.5  0.5  0.5  0.5  0.5  0.5  0.5  0.5  0.5  0.5  
0.118282  0.721848  0.5  0.5  0.5  0.5  0.5  0.5  0.5  0.5  0.5  0.5  
0.594416  0.458756  0.5  0.5  0.5  0.5  0.5  0.5  0.5  0.5  0.5  0.5  
0.35289  0.644784  0.5  0.5  0.5  0.5  0.5  0.5  0.5  0.5  0.5  0.5  
0.765  0.137213  0.5  0.5  0.5  0.5  0.5  0.5  0.5  0.5  0.5  0.5  
0.0728084  0.77015  0.5  0.5  0.5  0.5  0.5  0.5  0.5  0.5  0.5  0.5  
0.558057  0.559552  0.5  0.5  0.5  0.5  0.5  0.5  0.5  0.5  0.5  0.5  
0.297198  0.710629  0.5  0.5  0.5  0.5  0.5  0.5  0.5  0.5  0.5  0.5  
0.765  0.275184  0.5  0.5  0.5  0.5  0.5  0.5  0.5  0.5  0.5  0.5  
0.177427  0.768775  0.5  0.5  0.5  0.5  0.5  0.5  0.5  0.5  0.5  0.5  
0.691831  0.482678  0.5  0.5  0.5  0.5  0.5  0.5  0.5  0.5  0.5  0.5  
0.44189  0.693011  0.5  0.5  0.5  0.5  0.5  0.5  0.5  0.5  0.5  0.5  
0.835644  0.0131006  0.5  0.5  0.5  0.5  0.5  0.5  0.5  0.5  0.5  0.5  
0.00484598  0.842879  0.5  0.5  0.5  0.5  0.5  0.5  0.5  0.5  0.5  0.5  
0.475965  0.710933  0.5  0.5  0.5  0.5  0.5  0.5  0.5  0.5  0.5  0.5  
0.20389  0.807994  0.5  0.5  0.5  0.5  0.5  0.5  0.5  0.5  0.5  0.5  
0.7399  0.528649  0.5  0.5  0.5  0.5  0.5  0.5  0.5  0.5  0.5  0.5  
0.0939736  0.846917  0.5  0.5  0.5  0.5  0.5  0.5  0.5  0.5  0.5  0.5  
0.627005  0.677402  0.5  0.5  0.5  0.5  0.5  0.5  0.5  0.5  0.5  0.5  
0.339986  0.804971  0.5  0.5  0.5  0.5  0.5  0.5  0.5  0.5  0.5  0.5  
0.844727  0.352999  0.5  0.5  0.5  0.5  0.5  0.5  0.5  0.5  0.5  0.5  
0.0471208  0.879236  0.5  0.5  0.5  0.5  0.5  0.5  0.5  0.5  0.5  0.5  
0.566421  0.759656  0.5  0.5  0.5  0.5  0.5  0.5  0.5  0.5  0.5  0.5  
0.273598  0.850629  0.5  0.5  0.5  0.5  0.5  0.5  0.5  0.5  0.5  0.5  
0.821386  0.549736  0.5  0.5  0.5  0.5  0.5  0.5  0.5  0.5  0.5  0.5  
0.14916  0.884939  0.5  0.5  0.5  0.5  0.5  0.5  0.5  0.5  0.5  0.5  
0.714145  0.726952  0.5  0.5  0.5  0.5  0.5  0.5  0.5  0.5  0.5  0.5  
0.422117  0.851302  0.5  0.5  0.5  0.5  0.5  0.5  0.5  0.5  0.5  0.5  
0.908907  0.258883  0.5  0.5  0.5  0.5  0.5  0.5  0.5  0.5  0.5  0.5  
0.0256719  0.922194  0.5  0.5  0.5  0.5  0.5  0.5  0.5  0.5  0.5  0.5  
0.540907  0.850826  0.5  0.5  0.5  0.5  0.5  0.5  0.5  0.5  0.5  0.5  
0.243521  0.907812  0.5  0.5  0.5  0.5  0.5  0.5  0.5  0.5  0.5  0.5  
0.817983  0.726886  0.5  0.5  0.5  0.5  0.5  0.5  0.5  0.5  0.5  0.5  
0.12266  0.93093  0.5  0.5  0.5  0.5  0.5  0.5  0.5  0.5  0.5  0.5  
0.694628  0.850289  0.5  0.5  0.5  0.5  0.5  0.5  0.5  0.5  0.5  0.5  
0.389026  0.916014  0.5  0.5  0.5  0.5  0.5  0.5  0.5  0.5  0.5  0.5  
0.922727  0.560208  0.5  0.5  0.5  0.5  0.5  0.5  0.5  0.5  0.5  0.5  
0.0714613  0.953321  0.5  0.5  0.5  0.5  0.5  0.5  0.5  0.5  0.5  0.5  
0.624408  0.906595  0.5  0.5  0.5  0.5  0.5  0.5  0.5  0.5  0.5  0.5  
0.31535  0.94704  0.5  0.5  0.5  0.5  0.5  0.5  0.5  0.5  0.5  0.5  
0.884929  0.805767  0.5  0.5  0.5  0.5  0.5  0.5  0.5  0.5  0.5  0.5  
0.181138  0.964995  0.5  0.5  0.5  0.5  0.5  0.5  0.5  0.5  0.5  0.5  
0.769132  0.918787  0.5  0.5  0.5  0.5  0.5  0.5  0.5  0.5  0.5  0.5  
0.469656  0.963368  0.5  0.5  0.5  0.5  0.5  0.5  0.5  0.5  0.5  0.5  
0.977265  0.465325  0.5  0.5  0.5  0.5  0.5  0.5  0.5  0.5  0.5  0.5  
0.0152639  0.986579  0.5  0.5  0.5  0.5  0.5  0.5  0.5  0.5  0.5  0.5  
0.529751  0.986783  0.5  0.5  0.5  0.5  0.5  0.5  0.5  0.5  0.5  0.5  
0.229131  0.991261  0.5  0.5  0.5  0.5  0.5  0.5  0.5  0.5  0.5  0.5  
0.818588  0.996279  0.5  0.5  0.5  0.5  0.5  0.5  0.5  0.5  0.5  0.5  
