0.702622  1.40907  2.08867  2.78735  0.000474886  11.9997  13.9989  1.22517e-05  17.9991  19.9999  0.00620232  23.9538  6.1852e-05  0.00424658  29.9997  31.9724  33.9998  36  37.9947  39.9921  0.000981592  43.9874  0.000123829  47.9973  
0.721434  1.42656  2.20996  2.86183  0.000417811  11.9999  13.9992  1.16217e-05  17.9974  19.9996  0.00334071  23.9884  7.77404e-05  0.00767757  29.9997  31.9928  33.9998  36  37.9961  39.9923  0.00255052  43.9943  0.00020578  47.9974  
0.714014  1.40991  2.31985  2.71629  0.00174157  11.9997  13.9988  5.70007e-06  18  19.9959  0.00483297  23.999  0.000202466  0.00803262  29.9992  31.9696  34  35.9999  37.9978  39.9999  4.64471e-06  43.994  0.0004389  47.9986  
0.738696  1.51104  2.12587  2.96199  0.000596242  11.9998  13.9991  1.39871e-05  17.9994  19.9985  0.00546279  23.99  6.64297e-05  0.00486656  29.9996  31.9896  33.9997  36  37.9946  39.9982  0.00178208  43.9909  9.52572e-05  47.9994  
0.712538  1.39176  2.31754  2.54084  0.00149704  11.9996  13.9988  5.78842e-06  17.9991  19.9967  0.00318626  23.9962  0.000172283  0.00625656  29.9989  31.9747  34  35.9999  37.9972  39.9976  0.00011757  43.996  0.000389442  47.9988  
0.743144  1.52844  2.07209  3.12249  5.66276e-05  12  13.9993  1.69037e-05  17.9986  20  0.00554001  23.9861  1.91582e-05  0.00557706  30  31.9987  33.9996  36  37.994  39.9955  0.00299856  43.99  3.42598e-06  47.9986  
0.738976  1.36311  2.24822  2.51901  0.00143478  11.9991  13.9988  7.38788e-06  17.9999  19.997  0.0038985  23.9858  0.000175606  0.00956288  29.9989  31.9595  34  35.9999  37.9967  39.9973  6.12356e-05  43.9938  0.000366062  47.9987  
0.778027  1.2835  2.06069  2.87979  0.000796368  11.9995  13.9988  1.32041e-05  17.9998  19.9986  0.0058001  23.9827  0.000125762  0.00845362  29.9995  31.975  33.9999  35.9999  37.9938  39.9977  0.000592855  43.9918  0.000195385  47.9972  
0.693774  1.41046  2.42626  2.34125  0.00103651  11.9995  13.9992  6.7346e-06  17.9962  19.9981  0.000712951  23.9808  0.000104722  0.00763188  29.9993  31.9777  33.9998  35.9999  37.998  39.9925  0.00199356  43.9965  0.000295966  47.9988  
0.763167  1.31326  2.1894  2.50382  0.00121712  11.9993  13.9987  9.11284e-06  17.9999  19.9978  0.00424999  23.976  0.000161139  0.00895368  29.9992  31.9647  34  35.9999  37.9963  39.9958  9.84587e-05  43.9937  0.000309885  47.9984  
0.713425  1.54487  2.32951  2.37055  0.000898138  11.9995  13.9991  8.72119e-06  17.9964  19.9984  0.00243981  23.9728  8.99125e-05  0.00657719  29.9994  31.9768  33.9998  35.9999  37.9991  39.9917  0.00200976  43.9937  0.000232427  47.9983  
0.655967  1.70966  2.20568  2.69523  0.000496986  11.9993  13.9992  7.19646e-06  18  20  0.01469  23.9821  7.26014e-05  0.00373816  30  31.9931  33.9999  35.9999  37.9982  39.9991  0.000657734  43.9834  8.33916e-05  47.9974  
0.687874  1.47549  2.41081  2.22208  0.000361497  11.9999  13.9993  1.00545e-05  17.9929  19.9998  0.000981115  23.9597  4.2192e-06  0.0035915  29.9998  31.9941  33.9995  36  37.9966  39.9861  0.00395829  43.9936  9.8791e-05  47.998  
0.748207  1.20998  2.26093  2.57698  0.000935008  11.9994  13.9988  7.56947e-06  17.9976  19.9993  0.000682873  23.9854  0.000163307  0.00589854  29.9996  31.9605  33.9999  35.9998  37.9996  39.9974  0.000231811  43.9931  0.000242854  47.9985  
0.658498  1.55043  2.44988  2.42247  0.000930082  11.999  13.999  2.52934e-06  18  19.9996  0.0122614  23.9935  0.000142894  0.00389889  29.9998  31.9742  33.9999  35.9999  37.9997  39.9997  0.000570637  43.9861  0.000197759  47.9988  
0.607459  1.74174  2.14666  2.74844  0.000657656  11.9991  13.9995  5.59217e-06  17.9999  19.9993  0.0155058  23.9902  6.63169e-05  0.00402828  29.9997  31.9955  33.9999  35.9999  37.9988  39.9997  0.000851825  43.9852  0.000109051  47.9978  
0.702999  1.42394  1.22353  2.8099  6.95462e-05  11.9999  13.9998  0.00657541  17.9981  19.9983  4.66936e-07  23.9692  0.000110084  0.002159  29.9997  31.9777  33.9995  35.9999  37.9994  39.996  0.00428966  43.9984  3.16027e-05  47.9996  
0.627939  1.30947  2.33065  2.34699  0.000810767  11.9988  13.9998  4.11789e-08  17.9974  19.9988  0.00143784  23.9479  0.000108977  0.00077812  29.9996  31.9879  33.9998  35.9998  37.9991  39.9996  0.000897288  43.9973  0.000179045  48  
0.673641  1.54431  2.48188  2.09906  2.69912e-05  12  13.9995  7.84283e-06  17.9893  20  0.000967974  23.9572  6.22118e-07  0.00166955  30  32  33.9994  36  37.9976  39.983  0.00551873  43.9948  6.31835e-05  47.999  
0.70783  2.07685  2.50783  2.85431  6.2143e-05  11.9999  14  9.00762e-06  17.9953  19.9997  0.000987237  23.9589  2.43831e-07  0.00191175  29.9997  32  33.9988  36  37.9938  39.9749  0.0126233  43.9968  2.59156e-05  47.9984  
0.72852  1.48285  3.79004  2.77845  0.000865719  11.9991  13.9991  0.000145856  17.9984  19.9993  0.00916547  23.9893  5.10649e-05  0.00618421  29.9992  31.9542  33.9999  36  37.9924  39.9803  7.42303e-05  43.9917  0.000332244  47.9984  
0.674621  1.94284  2.11958  2.2651  0.000171443  11.9998  14  1.01424e-05  17.9955  19.9997  0.00195884  23.958  1.01014e-06  0.0035445  29.9997  32  33.9988  35.9999  37.9961  39.9831  0.0123944  43.9926  2.95944e-05  47.9972  
0.618497  1.4949  2.42121  2.06531  0.00137774  11.9988  13.9991  1.04592e-06  17.9995  19.9979  0.00366114  23.9678  8.31996e-05  0.0003795  29.9994  31.9709  33.9999  35.9999  37.9986  39.9926  0.000857174  43.9883  0.000250178  47.9993  
0.846146  2.05385  2.11892  3.08411  3.05012e-06  11.9997  13.9998  0.000270307  17.9988  19.9931  0.00385772  23.9824  8.44037e-06  0.00179771  29.997  31.9832  34  35.9999  37.9956  39.9664  0.00879958  43.9993  0.000182321  47.9911  
0.718491  1.37101  0.995795  2.92479  5.0061e-05  12  13.9994  1.21908e-05  17.9889  19.9999  0.00076183  23.9345  7.63973e-06  0.0019893  30  31.9884  33.9993  36  37.9952  39.9793  0.0059598  43.9966  0.000108643  47.999  
0.670653  1.96279  2.32389  3.90346  0.00132432  11.9998  13.9998  0.0002929  17.9953  19.9974  0.00108023  23.9599  1.46598e-05  0.000336836  29.9965  31.9673  33.9993  35.9994  37.9674  39.9837  0.0117731  43.9962  0.000125911  47.9993  
0.868209  1.45914  1.2648  2.67462  0.00208044  11.9661  13.9995  4.5653e-06  17.9961  19.9999  0.000253273  23.9595  8.40798e-05  3.39759e-05  29.9964  31.988  33.9997  35.9884  37.9987  39.9983  0.00121999  44  0.000203431  47.9997  
0.805217  2.21532  2.30383  3.12624  2.19054e-07  11.9998  13.9998  0.000274687  18  19.9931  0.00769356  23.9983  4.37718e-06  0.00271857  29.997  31.9904  34  36  37.9935  39.9632  0.00936478  43.9981  0.000143982  47.9892  
0.811727  1.44408  0.994225  2.72048  0.000863429  11.9832  13.9999  0.00650285  17.9982  19.9986  9.85916e-08  23.9558  0.000142208  0.000814852  29.9982  31.9897  33.9994  35.9941  37.9998  39.9963  0.00485173  43.9988  1.54737e-06  47.9998  
0.68732  0.918105  2.69618  3.13887  0.00159836  11.9983  13.9993  1.4141e-08  17.9981  19.9675  0.000923515  23.9995  0.000334925  0.00457265  29.997  31.9736  33.9994  35.9744  37.9873  40  0.00545325  43.9999  0.00114996  47.9971  
0.722386  1.97769  2.9213  3.87367  4.88897e-06  12  14  4.92693e-06  17.9998  20  0.00463602  23.9839  4.17569e-05  0.000472667  30  31.9979  34  36  37.9936  39.9828  0.00111563  43.9918  9.60749e-07  47.9998  
0.97725  2.18639  2.18438  2.78251  0.00108674  11.9982  13.9997  0.000104416  18  19.9983  0.0143561  23.9884  3.47797e-07  0.000330686  29.9982  31.986  33.9999  35.9716  37.9968  39.9806  0.0026428  43.9918  3.7571e-05  47.9937  
0.706718  1.39272  3.35595  1.566  0.00083538  11.997  13.9998  2.81378e-05  17.9873  19.9985  0.00226053  23.9623  3.22862e-05  0.00606848  29.9995  31.9856  33.9987  35.9999  37.9763  39.96  0.00444919  43.9983  0.00708135  47.9543  
0.716285  2.12688  3.07344  3.70155  2.79178e-05  12  13.9999  5.37567e-11  18  19.9992  0.000220483  23.9933  1.03214e-05  0.00296893  29.999  31.9618  34  36  37.9853  39.9996  6.69836e-08  43.9981  4.76807e-06  47.999  
0.659804  1.63776  3.99605  3.56587  1.9869e-05  12  13.9996  4.06931e-11  18  19.9992  5.45514e-05  23.9829  1.27012e-05  0.00237712  29.9994  31.9478  34  36  37.9829  39.9997  2.84456e-09  43.9985  8.03097e-05  47.9999  
1.19065  1.27141  2.01117  3.76064  0.000368207  11.9998  13.9999  1.06376e-05  17.9967  19.9998  0.00918368  23.9598  1.0963e-05  0.015987  29.9997  31.9843  33.9999  36  37.9974  39.9743  0.00301932  43.9955  1.01433e-05  47.9985  
0.72246  1.56762  4.02006  4.21813  0.000367115  11.9988  13.9995  0.000284048  17.9999  19.9995  0.01584  23.9983  6.59842e-05  0.0120467  29.9993  31.9352  34  35.9999  37.9893  39.9739  0.000150511  43.9999  0.000485061  47.9819  
0.94663  1.98184  2.53299  4.11975  7.95921e-07  11.9999  13.9994  3.21772e-07  18  19.9999  0.000415607  23.9771  8.81007e-06  0.000163378  29.9998  31.9663  34  36  37.9948  39.9992  7.80712e-07  43.9954  0.000173133  48  
0.551776  1.50126  4.41666  2.8762  0.000567734  12  13.9986  6.20122e-13  18  19.9996  0.000769536  23.9796  3.65443e-09  5.26401e-05  29.9933  32  34  36  37.9991  39.9984  2.48715e-08  43.9934  9.5389e-07  47.9998  
1.01296  2.36316  1.8852  2.90824  0.000687656  11.9983  13.9997  8.56648e-07  18  20  0.0134446  23.9937  2.3483e-05  0.0101004  29.9967  31.9751  33.9999  35.9997  38  39.9945  0.000125293  43.9935  1.2029e-05  47.9991  
0.715652  1.47868  0.492075  3.47644  0.000794679  12  13.9997  3.78944e-06  17.996  19.9986  0.00132868  23.9597  3.16123e-05  0.00469243  29.9985  31.9829  33.9998  36  37.9971  39.9914  0.00254287  43.9952  4.53046e-05  47.9982  
0.775729  2.33219  3.20352  3.82594  1.08324e-05  12  14  3.07648e-11  18  19.9993  3.99167e-05  23.9962  1.32337e-05  0.00243693  29.9991  31.9574  34  36  37.9847  39.9998  3.78156e-08  43.9989  4.06949e-06  47.9993  
0.647934  1.80171  3.84529  1.9771  0.000398735  11.9999  13.9993  2.0255e-06  17.9973  20  0.00878023  23.9935  6.98885e-07  0.0054276  29.9977  32  33.9999  35.9954  37.9992  39.9902  0.00121806  43.9961  1.2954e-05  48  
1.08555  2.29284  2.16115  3.83654  0.00106048  11.9984  13.9999  4.29456e-08  18  20  0.00626947  23.9917  4.76811e-05  0.0101342  29.9976  31.97  33.9999  35.9986  37.9975  39.9982  1.02189e-06  43.9976  1.1825e-06  47.9993  
0.697835  1.76485  4.9244  3.65502  0.00128848  11.9983  13.9981  0.000525409  17.9979  19.9992  4.59621e-07  23.9503  0.000175168  0.00219996  29.9978  31.924  33.9972  35.9928  37.9954  39.9988  0.00496031  43.9641  0.000158835  47.9559  
1.12244  2.04576  2.25464  4.63911  0.00183239  11.9984  14  1.31026e-08  18  19.9994  5.74683e-06  23.9843  4.8744e-05  0.000398196  30  31.9757  34  35.9695  37.9918  39.9999  1.07222e-08  44  9.98685e-06  47.9967  
0.78143  2.17674  2.30055  6.16498  0.00186659  12  13.9994  0.00058045  17.9973  19.9968  0.0033422  23.9782  3.42267e-05  0.000229824  29.9938  31.9533  34  35.9989  37.9386  39.9929  0.0108071  43.9935  9.28411e-05  47.9994  
0.416209  0.83421  2.35326  2.80899  0.00157618  11.9981  13.9989  2.8706e-06  17.9882  19.9376  0.00273072  23.9902  0.000452198  0.00848377  29.9432  31.9713  33.9983  35.9424  37.9749  39.9842  0.0162902  43.9978  0.00194429  47.9935  
0.707468  1.43179  3.94607  1.0538  0.000356296  11.9897  14  0.00327015  17.9942  19.9999  0.00224797  23.9829  4.72341e-05  0.000370259  29.9988  31.9972  33.9997  35.9971  37.9981  39.9994  0.00054985  43.994  0.000120991  47.9985  
0.515868  1.97139  4.1067  3.50432  0.000218744  11.9941  14  0.00465865  17.9758  19.9994  0.0169436  23.9626  2.89119e-05  0.00897547  29.9481  31.9409  33.9982  36  37.9999  39.9879  0.00133116  43.9738  1.42501e-06  47.9826  
0.778207  1.8716  3.3297  6.04759  1.58784e-07  12  13.9994  1.97591e-06  18  19.9997  7.59023e-05  23.991  1.61422e-05  0.000983048  29.9999  31.9346  34  36  37.9875  39.998  1.10886e-08  43.9926  2.2377e-05  47.9993  
0.991082  2.80343  1.44825  2.91625  0.000443296  11.9985  13.9998  4.80059e-07  18  20  0.013271  23.9976  1.53725e-05  0.00853888  29.997  31.993  33.9996  35.9997  37.9999  39.9983  0.00276714  43.9863  5.20779e-06  47.9975  
0.76496  1.62278  0.809703  5.29671  0.000606365  11.9996  13.9993  2.04771e-06  18  19.9997  0.00427542  23.9907  8.63332e-05  0.00781655  29.9997  31.9733  33.9999  35.9999  37.9986  39.9959  0.000253944  43.9979  0.000212729  47.9987  
1.20453  2.13533  1.50392  4.20576  0.00215793  11.9976  14  3.73877e-08  18  19.9997  3.38132e-05  23.9842  5.22845e-05  0.001175  30  31.9865  34  35.9694  37.9995  39.9998  1.19392e-08  44  9.9786e-06  47.9966  
0.463802  1.55431  4.21246  1.78924  0.000570099  12  13.9989  1.47551e-06  17.9999  19.9998  0.00304959  23.976  1.2811e-05  4.98454e-06  29.9933  32  34  36  37.9991  39.9908  0.000557834  43.993  2.54174e-08  48  
0.32625  0.799975  2.53583  2.98416  0.00200167  11.998  13.9976  0.00124015  17.9843  19.9881  4.48773e-05  23.9674  0.000115567  0.00397928  29.9881  31.9575  33.9943  35.9977  37.9089  39.9494  0.0273717  43.9719  0.000267479  47.9071  
0.773868  1.4797  0.526554  5.31763  0.000104896  12  13.9995  6.74412e-07  17.9991  19.9994  0.00493954  23.9953  1.45552e-05  0.00906279  30  31.9734  34  35.9999  37.9994  39.9922  8.238e-05  43.9993  0.000155964  47.9989  
0.297447  1.61695  1.76143  1.22522  9.83539e-07  11.9992  13.9998  0.00472503  17.9699  20  0.0114195  23.9619  3.01418e-07  0.000894716  29.9484  32  33.9991  35.9931  37.9984  39.972  0.00717825  43.9925  2.44859e-06  47.9992  
1.12434  1.45994  0.152764  3.50812  0.0014493  11.9997  14  3.26378e-06  17.999  19.9972  0.000263576  23.9961  2.21903e-05  0.0116858  30  31.9973  34  36  37.9991  39.9962  0.000227522  43.9996  0.00027401  48  
0.272424  0.858402  2.37574  2.13869  0.00229325  11.9999  13.9974  0.000905152  17.9921  19.8736  0.00291201  23.9947  0.000950943  0.000529779  29.994  31.9952  33.9946  35.8975  37.909  39.9977  0.0429966  43.9949  0.00205317  47.9427  
0.730361  1.90539  4.7244  5.6918  6.08449e-09  11.9947  13.9977  0.000574941  17.9977  20  2.02492e-06  23.9581  0.000231848  0.0035835  30  31.92  33.9975  36  37.9932  39.9952  0.00245239  43.9693  0.000403399  47.9552  
0.461509  2.83476  3.51227  2.15645  0.000430432  11.9903  13.9997  3.2612e-07  18  20  0.00154916  23.9977  1.37525e-05  0.00558614  29.9986  31.9752  33.9999  35.9989  37.992  39.9973  8.40245e-07  43.9956  8.66751e-06  47.9993  
0.819254  2.58275  3.72963  5.9119  1.40499e-07  12  13.9995  9.598e-07  18  19.9996  0.00450767  23.994  4.04559e-07  9.10004e-05  29.9979  31.9416  34  36  37.997  39.9991  0.000509899  43.9826  1.02211e-06  47.9996  
0.299702  0.515327  2.07131  2.79072  0.0002695  11.9998  13.9986  0.00131267  17.982  19.8817  0.00408065  23.9646  0.000692076  0.00019706  29.8884  31.9881  33.9967  35.885  37.9508  39.9764  0.0324082  43.9946  0.00310135  47.9883  
0.703376  1.40834  5.67306  1.23764  0.000137105  11.9846  13.8701  0.00490333  17.9932  20  0.00270761  23.9946  5.50451e-05  5.82852e-05  29.9992  31.9985  33.9996  35.9956  37.9986  39.9995  0.0003266  43.9934  0.000158834  47.9987  
0.469104  2.13737  4.62552  1.63596  0.000570432  12  13.9992  7.29295e-06  17.9989  19.9991  0.00857367  23.9805  5.14537e-06  0.00154488  29.9911  32  33.9997  36  37.9999  39.9904  0.00329231  43.9858  2.13941e-09  47.9987  
0.612922  1.75567  5.06084  1.13589  0.000428746  11.9993  13.9991  3.55583e-06  18  20  0.0135273  23.9993  4.78168e-05  0.00360707  29.9988  31.9956  33.9999  35.9999  37.9996  39.9996  9.94536e-05  43.9839  3.29101e-05  47.9973  
0.328039  2.74727  2.94582  1.53852  0.00125183  11.9979  13.999  0.00298681  17.9997  19.9998  0.00830862  23.9483  0.000112666  0.0115966  29.9998  31.9928  33.9988  36  37.9758  39.9866  1.23746e-05  43.9779  6.70719e-05  47.9575  
0.666698  1.60144  4.98416  0.702769  0.000666736  11.9999  13.9996  5.27807e-05  17.9924  19.9995  0.00784283  23.9824  1.29832e-05  0.00554094  29.9995  31.9704  33.9997  36  37.9955  39.9929  1.84812e-05  43.9905  0.000191634  47.9994  
1.05959  2.96008  0.68777  4.39111  0.000341095  11.9989  14  1.48332e-06  18  20  0.0143965  23.998  4.05046e-06  0.00134701  29.9969  31.9944  33.9998  35.9998  37.9996  39.9964  0.00244547  43.9855  2.20495e-05  47.9969  
0.960166  1.04675  0.0244905  4.64501  0.00291846  11.9988  13.999  0.000597382  17.9999  19.9917  6.0928e-05  23.9862  0.00018022  0.0107527  29.9943  31.9921  33.9973  35.9988  37.9971  39.9741  0.0139134  43.9902  0.000297888  47.9538  
0.284402  0.388599  2.04729  1.74359  0.00199386  11.9966  13.9997  1.49978e-06  17.9948  19.9369  0.00238114  23.991  0.000378749  0.00863183  29.9452  31.9964  33.9977  35.9451  37.9649  39.9946  0.0184859  43.9994  0.00548496  47.9707  
0.674792  1.46869  5.21858  0.537969  0.000550501  11.9977  13.9999  4.56087e-05  17.9927  19.9995  0.00450733  23.9884  7.41888e-06  0.00359428  29.9993  31.9929  33.9998  36  37.9935  39.9958  3.5167e-06  43.993  0.000147098  47.9983  
0.273256  1.92423  0.870063  1.07748  0.000131801  11.9997  13.9997  3.85599e-06  17.9956  19.9995  0.000185006  23.9818  2.99286e-06  0.00453393  29.9998  31.9943  33.9996  35.9999  37.997  39.9953  0.00235103  43.9997  3.0331e-06  47.9984  
0.954824  1.85585  5.6133  5.92359  0.000625433  11.9946  13.9976  0.000427579  17.9978  19.9987  1.73219e-06  23.9606  0.000262986  0.0067676  30  31.9056  33.9978  36  37.9893  39.9998  0.000742794  43.9714  0.000718484  47.953  
0.234117  0.477158  1.94239  1.04526  0.00106832  11.9992  13.9992  0.00191267  17.9662  19.8781  0.00487656  23.9979  0.000764262  0.00112213  29.8633  31.9752  33.9964  35.8815  37.9533  39.9686  0.0341227  44  0.00332204  47.9897  
0.649398  1.74274  5.80676  0.900314  0.000363556  11.9974  13.9988  0.000233527  17.9912  19.9996  0.00570613  23.9661  8.57405e-05  0.00342441  29.9996  31.9437  33.9985  36  37.9929  39.9925  0.000839425  43.9763  0.000149894  47.9776  
0.0490379  1.91358  2.51221  0.00216023  0.00220445  11.997  13.9995  0.00547008  17.9883  19.9891  0.00903403  23.9886  2.00066e-05  0.00283094  29.8934  31.9966  33.995  35.9973  37.911  39.9999  0.0235891  43.9986  0.0383145  47.9133  
0.804776  2.76125  4.47634  0.297638  1.06158e-07  12  13.9999  1.31043e-06  17.9981  19.999  0.00689297  23.9999  2.92663e-06  0.0900138  29.996  31.9999  33.9997  36  37.9951  39.9998  0.00193022  43.9808  1.02679e-07  47.9976  
1.65611  0.215299  2.5198  3.72754  0.00339513  12  13.9936  0.000310602  17.946  20  0.0126886  23.8678  1.43004e-10  0.00105544  29.9757  31.9525  33.9996  36  37.9993  39.9376  0.000303097  43.971  0.00981932  47.9976  
0.688928  1.45484  5.8725  0.538008  0.000202041  11.9961  13.999  0.000713409  17.9867  19.9999  0.00366224  23.997  0.000233384  0.000519851  29.9995  31.9827  33.9972  36  37.9284  39.939  0.00807108  43.9845  0.0139495  47.9115  
0.620016  3.23725  4.51378  0.344198  3.27345e-08  12  14  1.93888e-05  17.9972  19.9982  0.0143323  24  8.04082e-07  0.0038027  29.994  31.9999  33.999  36  37.9934  39.9993  0.00760371  43.9698  2.44983e-06  47.9951  
0.878238  1.11032  4.06443e-05  6.52346  1.33681e-05  11.9785  13.9986  0.000203854  17.9999  19.9967  0.00148502  23.9675  5.38162e-05  0.00783203  29.9996  31.9813  34  35.9555  37.9887  39.9381  0.0106477  44  0.0134417  47.952  
1.62064  0.386406  4.71649  5.00876  0.00110635  12  13.9908  0.00106427  17.9603  20  0.00738682  23.9091  0.000495068  0.00666415  29.9906  31.9698  33.9977  36  37.9929  39.9239  0.00835835  43.9598  0.0264103  47.9847  
0.829248  1.29746  0.289692  7.73111  0.00226391  12  13.9993  0.00057265  17.9967  19.997  0.00236218  23.958  4.96308e-05  0.000674688  29.9961  31.9449  34  35.9989  37.9404  39.9889  0.00827672  43.9984  0.000114268  47.9997  
1.76616  2.28394  3.96788  7.96367  2.57144e-08  12  13.997  0.000127465  17.9602  19.9998  0.0100191  23.9605  0.000179184  0.00577236  29.9954  31.9354  34  35.9945  37.9962  39.9392  5.76684e-05  43.9719  1.82274e-11  47.9998  
1.01219  0.931374  5.74285  0.517632  0.0125253  11.9983  14  0.000915068  17.9174  19.9922  0.030137  23.9933  1.48557e-10  0.0189567  29.9783  31.911  33.9992  36  37.9281  39.92  0.0459864  43.9626  0.0153255  47.7579  
1.761  0.106798  1.086  3.9442  0.000355699  12  13.9999  0.000499478  18  20  0.00251187  23.884  0.0134844  0.00187992  29.9994  31.6911  33.9996  36  37.9981  39.9525  0.00142077  43.9954  1.87739e-06  47.9992  
0.669338  1.55191  5.86429  0.175024  0.000396134  12  13.9995  4.49994e-05  17.9925  19.9998  0.00576624  23.9948  3.75009e-06  0.0017816  29.9993  31.997  33.9993  36  37.9937  39.9966  3.07054e-06  43.9908  0.000133301  47.9996  
0.602274  0.154186  0.000111568  6.47992  0.00162853  11.9822  13.9971  0.000893721  17.9918  19.9908  0.000192043  23.9632  0.000215896  0.00271341  29.9942  31.9637  33.9972  35.9549  37.9441  39.9157  0.0228807  43.9881  0.0136896  47.9055  
1.02014  1.95598  5.9245  7.4553  0.000201344  11.9948  13.9967  0.000699681  17.998  20  1.44169e-07  23.9405  0.000338236  0.00657064  30  31.8938  33.9975  36  37.994  40  0.000673063  43.9677  0.112039  47.9842  
1.74048  0.145082  0.169  1.70061  0.000261462  12  13.9997  9.85965e-05  17.9999  20  0.00132176  23.9679  0.0220118  0.00189933  29.999  31.6256  34  36  37.9976  39.9771  0.000923654  43.9993  2.60848e-06  47.9995  
0.892184  1.24201  0.0730865  7.93179  0.00332731  12  13.9998  2.63489e-05  17.9984  19.9955  0.00218946  23.9397  4.69237e-05  0.00098289  29.9948  31.9181  34  35.9992  37.9113  39.9836  0.0122518  43.9989  9.19855e-05  47.9998  
1.59174  0.405478  4.99429  7.98078  0.00205926  11.9984  13.9906  0.0100701  17.8951  20  0.0290331  23.8661  9.26869e-05  0.0162426  29.9764  31.9942  33.9997  35.9897  37.9985  39.8522  0.179772  43.9483  0.0390533  47.9928  
0.917587  2.85779  5.92041  0.122722  3.87981e-05  11.9965  13.9991  0.00026729  17.9908  19.9999  0.0107644  23.9987  0.000127461  0.000343993  29.9996  31.9981  33.9985  36  37.9562  39.9793  0.00275337  43.9832  0.00711569  47.9572  
1.98412  0.00474827  2.05529  5.37491  0.000209614  12  13.9972  0.000268917  17.988  20  0.00507108  23.8496  0.0133688  0.00513951  29.9995  31.6831  33.9999  36  37.9986  39.9277  0.000926255  43.9843  0.0121216  47.9997  
0.743157  1.38948  6  0  4.43175e-09  12  13.9989  9.99139e-12  18  20  3.68866e-05  23.9997  6.15953e-08  0.000412517  29.9937  31.9999  34  36  38  40  7.8961e-09  43.9994  1.33054e-05  47.9994  
1.1775  0.722377  2.1002  0.000847399  0.441212  11.9685  13.932  0.000167408  17.8881  19.9809  0.0198191  23.921  0.0109936  0.00451783  29.3729  31.9651  33.9993  35.9978  37.999  39.9988  0.045253  43.9482  0.00150703  47.8954  
1.01425  1.78774  2.09999  0.0051344  0.441376  11.9724  13.9316  0.000161612  17.9206  19.9574  0.0256311  23.9187  0.011129  0.00616174  29.3775  31.9973  33.9999  35.9977  37.9646  39.7286  0.0436423  43.9912  0.0081268  48  
1.74503  0.328865  2.09989  7.99802  0.00266842  11.9999  13.9906  0.00989573  17.9088  19.9986  0.0278675  23.8676  0.000102192  0.0220853  29.978  31.9997  33.9997  35.9897  38  39.9249  0.177554  43.9499  0.022381  47.994  
