1.07202e-22  8.86335e-19  0.499931  0.488033  0.499865  0.500077  0.511813  0.500062  0.499691  0.487104  0.499197  0.500217  0.486064  0.4995  0.499662  0.499065  0.500302  0.499402  0.493999  0.500054  0.499565  0.513521  0.500378  0.499542  0.527572  0.49995  0.500047  0.511108  0.500013  0.499879  
0.0345623  0.0348155  0.504146  0.510069  0.507892  0.513852  0.514323  0.513219  0.524665  0.516556  0.515877  0.515715  0.517994  0.52184  0.517992  0.517352  0.512658  0.516253  0.514105  0.513602  0.514625  0.510079  0.506037  0.503094  0.50571  0.501893  0.497202  0.500175  0.498169  0.498943  
0.0249362  0.0778524  0.512479  0.521095  0.528696  0.529319  0.53053  0.530896  0.534625  0.536389  0.539127  0.534563  0.538467  0.541819  0.537898  0.537599  0.535351  0.533023  0.532988  0.531907  0.526589  0.524383  0.51891  0.518785  0.513922  0.514611  0.506741  0.502063  0.497177  0.493224  
0.0982021  0.0325554  0.510175  0.514043  0.510522  0.509568  0.515614  0.51648  0.516185  0.516161  0.521685  0.5137  0.514873  0.518119  0.506904  0.512786  0.50585  0.509529  0.507803  0.506038  0.511493  0.503852  0.507196  0.49687  0.498615  0.494964  0.493114  0.493178  0.489652  0.489772  
0.0178337  0.136697  0.52179  0.534146  0.537948  0.531  0.552029  0.558107  0.553895  0.562578  0.569613  0.583496  0.567248  0.562078  0.556774  0.56596  0.560645  0.564513  0.559859  0.550351  0.556326  0.545859  0.539197  0.532763  0.526839  0.517653  0.512473  0.507243  0.496133  0.489967  
0.111607  0.0678069  0.530423  0.530369  0.527249  0.529777  0.53359  0.533799  0.5382  0.533297  0.533571  0.530935  0.52997  0.52391  0.526612  0.522853  0.521059  0.51351  0.51486  0.511263  0.505803  0.504753  0.497156  0.494395  0.493717  0.488317  0.48891  0.484114  0.481087  0.473952  
0.0739073  0.126827  0.550569  0.548577  0.556711  0.554867  0.558604  0.566349  0.566431  0.562884  0.562342  0.564597  0.560931  0.564504  0.551272  0.553847  0.54728  0.548388  0.539744  0.532  0.528728  0.522933  0.50967  0.507468  0.503974  0.503002  0.489238  0.479568  0.475549  0.475454  
0.193059  0.0280917  0.511436  0.514013  0.517088  0.506881  0.51307  0.509208  0.508882  0.510665  0.507574  0.510507  0.507522  0.506198  0.504278  0.503479  0.494255  0.502725  0.499186  0.49667  0.49455  0.495063  0.490542  0.491729  0.491302  0.493965  0.484628  0.48816  0.483119  0.48777  
0.00198217  0.225082  0.533256  0.54707  0.566205  0.569246  0.576247  0.584688  0.592645  0.598239  0.608377  0.59163  0.61018  0.615246  0.619192  0.61127  0.609459  0.611026  0.602856  0.593435  0.587613  0.582584  0.571015  0.578959  0.555304  0.546834  0.53521  0.521685  0.507322  0.490353  
0.147777  0.117616  0.558484  0.557254  0.557572  0.553971  0.558799  0.558586  0.555335  0.554126  0.549223  0.55242  0.544326  0.536378  0.538869  0.529681  0.529832  0.517984  0.512629  0.510653  0.506202  0.494881  0.484945  0.483419  0.477303  0.470352  0.468075  0.461247  0.454704  0.453042  
0.0862065  0.195599  0.578666  0.578367  0.57903  0.592832  0.59335  0.592917  0.602483  0.598011  0.600565  0.599914  0.592956  0.589912  0.592785  0.578962  0.569333  0.572531  0.557014  0.54688  0.539038  0.52976  0.514855  0.502063  0.499428  0.48355  0.470709  0.469494  0.459655  0.451621  
0.242894  0.0574461  0.53017  0.52692  0.526452  0.525662  0.52195  0.514848  0.521398  0.515358  0.518031  0.506374  0.507473  0.496086  0.501859  0.498488  0.504155  0.494464  0.489284  0.48783  0.486445  0.481662  0.481737  0.480761  0.475561  0.474892  0.473388  0.472242  0.472019  0.474383  
0.0563346  0.258076  0.584306  0.589834  0.606813  0.605574  0.613312  0.626043  0.628239  0.627266  0.626772  0.616626  0.627271  0.625958  0.615698  0.616249  0.612779  0.600274  0.592342  0.583733  0.568144  0.561087  0.55062  0.523688  0.522248  0.507846  0.492779  0.481795  0.467515  0.460797  
0.231295  0.110524  0.555463  0.55292  0.552077  0.545656  0.545495  0.53983  0.53492  0.533085  0.53618  0.52926  0.517177  0.520208  0.50427  0.500543  0.497265  0.489078  0.483454  0.477354  0.472154  0.46774  0.464222  0.461225  0.455939  0.449365  0.451949  0.447852  0.452302  0.449379  
0.153136  0.205778  0.59251  0.600825  0.597705  0.594441  0.602058  0.590372  0.599011  0.592873  0.579829  0.580283  0.575155  0.568494  0.56203  0.550581  0.54837  0.522299  0.519659  0.502812  0.488008  0.488167  0.474338  0.46901  0.455312  0.446795  0.438233  0.429137  0.421694  0.418633  
0.340488  0.006404  0.500267  0.501254  0.510663  0.500392  0.500755  0.48929  0.502173  0.500036  0.500383  0.500736  0.499388  0.493042  0.500025  0.498037  0.484201  0.499865  0.497773  0.497864  0.499987  0.497167  0.498012  0.497921  0.496902  0.484013  0.496082  0.498363  0.499086  0.497228  
0.00431982  0.364853  0.563029  0.577995  0.592191  0.611026  0.625687  0.635108  0.64536  0.660259  0.664689  0.681139  0.679239  0.685675  0.688823  0.680922  0.675212  0.672485  0.664411  0.659997  0.637248  0.632182  0.622188  0.605765  0.587148  0.572325  0.555168  0.533176  0.512442  0.489862  
0.215552  0.201095  0.608795  0.597547  0.597028  0.598699  0.587585  0.573705  0.564926  0.568892  0.558026  0.54861  0.540511  0.515243  0.506593  0.51118  0.499606  0.492938  0.478701  0.469321  0.452071  0.450369  0.439377  0.439851  0.425294  0.429254  0.407827  0.408431  0.406857  0.403484  
0.111054  0.309378  0.618831  0.639184  0.637913  0.644966  0.653335  0.64692  0.651737  0.652607  0.654127  0.653636  0.636219  0.620403  0.606285  0.607437  0.590345  0.574341  0.56724  0.553344  0.555067  0.521722  0.501042  0.487177  0.473955  0.453632  0.43211  0.427119  0.411531  0.412106  
0.342407  0.101037  0.530871  0.526573  0.527951  0.517417  0.512262  0.507312  0.502719  0.499593  0.481102  0.486794  0.474115  0.480006  0.472502  0.468622  0.435794  0.461829  0.450898  0.447936  0.453722  0.45232  0.458094  0.447287  0.451146  0.428567  0.452166  0.456209  0.455947  0.457536  
0.0640124  0.379971  0.631154  0.639832  0.652411  0.65058  0.671994  0.674148  0.679937  0.68581  0.689199  0.690331  0.684821  0.676959  0.675127  0.667973  0.665972  0.636512  0.630439  0.61673  0.601273  0.583165  0.574209  0.571007  0.524047  0.49811  0.484428  0.467858  0.457886  0.42258  
0.311556  0.179146  0.566177  0.560997  0.564995  0.53804  0.539243  0.519799  0.522503  0.511975  0.498928  0.490689  0.484652  0.474996  0.463945  0.457632  0.44698  0.450328  0.439545  0.425482  0.426909  0.421963  0.420924  0.412581  0.412239  0.409459  0.413359  0.411685  0.41135  0.421196  
0.194025  0.306828  0.665095  0.653419  0.647385  0.64012  0.641899  0.632742  0.626467  0.617393  0.607735  0.59183  0.582953  0.570392  0.554056  0.538934  0.525839  0.501831  0.487514  0.473878  0.455098  0.441714  0.422084  0.420937  0.401629  0.387794  0.3819  0.369735  0.369794  0.349951  
0.442634  0.0427151  0.501016  0.498932  0.496836  0.494935  0.491218  0.488224  0.488192  0.486172  0.489528  0.483265  0.482802  0.47332  0.479758  0.485571  0.498752  0.47881  0.481943  0.479199  0.479965  0.490907  0.470992  0.481996  0.479474  0.491125  0.486606  0.48266  0.502414  0.492367  
0.00106343  0.455875  0.580077  0.594015  0.614538  0.636934  0.653694  0.67339  0.679605  0.698164  0.709355  0.718093  0.723195  0.725788  0.729786  0.726506  0.721139  0.713443  0.707465  0.695621  0.692715  0.668274  0.652163  0.629731  0.612684  0.594822  0.563203  0.546009  0.524013  0.502528  
0.32045  0.24424  0.584409  0.583003  0.578167  0.555194  0.548319  0.523141  0.522233  0.51237  0.492849  0.476429  0.477703  0.456607  0.452166  0.432864  0.42175  0.413468  0.408935  0.41222  0.393914  0.393462  0.382799  0.375399  0.378781  0.371762  0.381224  0.377325  0.369582  0.391412  
0.181644  0.380351  0.692133  0.689298  0.694838  0.685948  0.682417  0.679924  0.641792  0.655276  0.644356  0.626329  0.614195  0.603249  0.581467  0.560883  0.5405  0.518816  0.502748  0.47034  0.469403  0.443473  0.427117  0.404422  0.389741  0.367893  0.361521  0.346663  0.333527  0.324768  
0.465975  0.10461  0.498178  0.48933  0.492329  0.479148  0.476007  0.474194  0.451555  0.460431  0.463312  0.451749  0.454153  0.450077  0.448486  0.447549  0.436168  0.449236  0.448982  0.454318  0.447809  0.455146  0.452199  0.466464  0.464913  0.463087  0.469999  0.478527  0.490711  0.494819  
0.113648  0.459471  0.705155  0.706496  0.717152  0.720875  0.720976  0.729292  0.726721  0.724544  0.718771  0.708786  0.70321  0.686565  0.671831  0.655433  0.635919  0.6217  0.590798  0.580236  0.555263  0.534754  0.510537  0.464421  0.444071  0.436791  0.436969  0.40218  0.369794  0.359025  
0.428547  0.199179  0.509951  0.502428  0.49265  0.473772  0.471639  0.45353  0.448048  0.446021  0.433711  0.428826  0.421327  0.413362  0.413058  0.397528  0.387824  0.398489  0.391974  0.395689  0.407942  0.406044  0.430879  0.4162  0.416421  0.420578  0.430977  0.438504  0.436599  0.456561  
0.281449  0.363094  0.657579  0.648156  0.636773  0.637207  0.606415  0.591001  0.586274  0.558807  0.537346  0.507812  0.502104  0.48682  0.469688  0.446809  0.43051  0.415085  0.395191  0.38643  0.364308  0.352853  0.33622  0.35947  0.330358  0.307546  0.312011  0.319065  0.319305  0.313647  
0.562072  0.0116868  0.49632  0.496542  0.491151  0.494866  0.495344  0.493113  0.494597  0.493407  0.483255  0.4942  0.494518  0.490678  0.494665  0.495331  0.501888  0.495311  0.494584  0.497478  0.49683  0.500463  0.497656  0.498745  0.498308  0.501811  0.500434  0.501803  0.495746  0.50199  
0.0020057  0.57829  0.595957  0.620831  0.647728  0.674945  0.696125  0.717978  0.74553  0.75224  0.766489  0.770588  0.783767  0.789699  0.793909  0.787265  0.781078  0.79015  0.76263  0.749668  0.731301  0.71275  0.691296  0.665271  0.641345  0.614882  0.581035  0.556627  0.527437  0.496368  
0.334109  0.367662  0.623543  0.609749  0.593561  0.583784  0.55775  0.54553  0.51621  0.500332  0.489846  0.450446  0.443291  0.429283  0.415094  0.392414  0.384317  0.359106  0.35182  0.340081  0.332424  0.325702  0.317408  0.311246  0.31525  0.307969  0.312608  0.325585  0.331329  0.348233  
0.147249  0.507855  0.73293  0.750544  0.745888  0.750325  0.751761  0.751085  0.744475  0.736842  0.728165  0.715033  0.693737  0.669147  0.607107  0.630527  0.612988  0.58523  0.55731  0.53465  0.483154  0.484039  0.459222  0.400101  0.399857  0.386678  0.335377  0.335153  0.317931  0.304264  
0.517378  0.20244  0.458438  0.448358  0.434581  0.433052  0.416825  0.417846  0.412637  0.406951  0.398315  0.400243  0.388647  0.390388  0.399905  0.402571  0.416288  0.40851  0.415244  0.435952  0.426502  0.437046  0.471051  0.450746  0.460745  0.452838  0.479825  0.505329  0.493175  0.510762  
0.0587605  0.579876  0.760521  0.705823  0.727771  0.727178  0.759524  0.770984  0.782941  0.787214  0.784548  0.793054  0.786406  0.780143  0.714646  0.757769  0.746473  0.723818  0.703393  0.68091  0.667461  0.629942  0.603195  0.610969  0.5397  0.515441  0.479766  0.45331  0.420207  0.387879  
0.459091  0.316133  0.492158  0.468383  0.461469  0.442722  0.427199  0.426756  0.399403  0.38622  0.387435  0.36767  0.348439  0.351817  0.347012  0.34715  0.342168  0.342855  0.345831  0.346116  0.35227  0.3533  0.377498  0.377859  0.377459  0.385557  0.414002  0.439819  0.451317  0.459847  
0.265922  0.493486  0.729003  0.709786  0.699793  0.682023  0.664248  0.644995  0.616781  0.59813  0.578979  0.572109  0.526458  0.503303  0.481538  0.45279  0.420003  0.388236  0.377186  0.349201  0.337908  0.32582  0.303601  0.287567  0.271654  0.26465  0.265141  0.255662  0.25426  0.265456  
0.618702  0.10435  0.456132  0.448047  0.448869  0.448926  0.454618  0.458188  0.447939  0.443452  0.458403  0.45254  0.450037  0.459081  0.461445  0.469505  0.462106  0.474313  0.485199  0.486341  0.49126  0.497015  0.49925  0.506324  0.512629  0.520209  0.521729  0.521056  0.52591  0.536555  
0.0319575  0.642104  0.693122  0.691149  0.711636  0.752654  0.762491  0.775622  0.807446  0.808202  0.81238  0.805158  0.818208  0.819862  0.811194  0.803752  0.797435  0.769354  0.762508  0.742175  0.732644  0.69564  0.663128  0.614618  0.602192  0.570574  0.509503  0.499319  0.470467  0.435991  
0.4378  0.408925  0.51586  0.492105  0.469207  0.454393  0.430712  0.41856  0.382446  0.378782  0.359222  0.34722  0.332263  0.336246  0.302586  0.30389  0.298377  0.29621  0.298609  0.301107  0.295357  0.307702  0.319832  0.328138  0.339406  0.355632  0.374098  0.379046  0.392129  0.430056  
0.230151  0.566418  0.793931  0.771186  0.766398  0.752702  0.730874  0.720607  0.698178  0.67077  0.646459  0.627372  0.592714  0.556319  0.545248  0.506521  0.4725  0.455261  0.418763  0.395782  0.361778  0.33611  0.328036  0.300063  0.27406  0.263076  0.243567  0.231209  0.230151  0.217852  
0.628701  0.186624  0.415464  0.412194  0.424005  0.408684  0.401886  0.389126  0.409302  0.414297  0.409933  0.418226  0.431183  0.416511  0.435264  0.438034  0.46957  0.459213  0.46836  0.478143  0.487704  0.498332  0.509375  0.516506  0.526753  0.519388  0.545862  0.536967  0.552748  0.567633  
0.0994848  0.639466  0.796614  0.774909  0.79158  0.760384  0.812303  0.81763  0.769716  0.814617  0.812865  0.741283  0.790445  0.777756  0.771637  0.735752  0.714623  0.657556  0.658985  0.631344  0.561265  0.569983  0.534384  0.519045  0.455907  0.433419  0.404107  0.377556  0.340337  0.313102  
0.563596  0.34595  0.3855  0.373396  0.36465  0.352231  0.34355  0.336867  0.327415  0.330678  0.332677  0.328048  0.331533  0.326125  0.329928  0.352664  0.358758  0.382775  0.383043  0.394375  0.412384  0.425668  0.441469  0.467535  0.478698  0.505626  0.511323  0.531321  0.552547  0.557171  
0.355177  0.546307  0.650866  0.633932  0.603576  0.575407  0.545788  0.519313  0.500068  0.451461  0.434519  0.410948  0.385718  0.355341  0.3206  0.306044  0.29124  0.270083  0.256482  0.246446  0.224742  0.227415  0.230342  0.226011  0.234964  0.233599  0.24785  0.238075  0.269406  0.296779  
0.71419  0.0326434  0.483706  0.484011  0.491855  0.484953  0.486811  0.485694  0.487779  0.489115  0.489846  0.491676  0.493412  0.493652  0.496277  0.496627  0.495967  0.501453  0.503342  0.504565  0.506372  0.50875  0.511442  0.510675  0.512527  0.510851  0.513999  0.513724  0.516752  0.5159  
0.000853985  0.722864  0.613516  0.647012  0.682365  0.713313  0.742599  0.769941  0.797634  0.813835  0.830986  0.84442  0.850343  0.859609  0.862175  0.859743  0.853114  0.851438  0.83032  0.812123  0.790829  0.766415  0.740433  0.712489  0.677332  0.64528  0.609467  0.572254  0.535894  0.497315  
0.455978  0.518261  0.496051  0.459837  0.436389  0.40407  0.393686  0.360178  0.334118  0.321133  0.300716  0.30054  0.27489  0.259788  0.251839  0.24753  0.242368  0.22489  0.237  0.247151  0.245699  0.274239  0.279191  0.312467  0.316122  0.335622  0.3573  0.377032  0.403453  0.436238  
0.217059  0.662606  0.81768  0.827749  0.814625  0.806447  0.78916  0.766526  0.744239  0.713694  0.693548  0.688105  0.638907  0.601649  0.566397  0.522506  0.499077  0.484594  0.438361  0.395845  0.358812  0.321871  0.304135  0.258299  0.259898  0.232929  0.208204  0.205708  0.185804  0.182548  
0.673748  0.296162  0.352132  0.350277  0.338832  0.352024  0.356218  0.369739  0.368851  0.375511  0.386595  0.396016  0.404475  0.416188  0.442801  0.446603  0.458253  0.48135  0.490808  0.519007  0.521156  0.536994  0.55356  0.570216  0.578355  0.59074  0.599503  0.614026  0.626455  0.638465  
0.112785  0.725272  0.810372  0.815891  0.841945  0.847479  0.88992  0.863211  0.822057  0.853199  0.848586  0.846138  0.814173  0.79139  0.804401  0.738678  0.722114  0.686188  0.646961  0.614135  0.58688  0.549774  0.507917  0.467637  0.445749  0.391037  0.374783  0.332031  0.293145  0.255564  
0.59852  0.45507  0.317492  0.302135  0.28138  0.28462  0.274108  0.264071  0.271156  0.28604  0.262787  0.28435  0.298537  0.292497  0.313463  0.318754  0.357952  0.364306  0.384083  0.420921  0.431728  0.441701  0.500781  0.500127  0.522036  0.536525  0.570132  0.59118  0.625945  0.632536  
0.355258  0.641834  0.681504  0.652305  0.597392  0.585423  0.561593  0.526467  0.490061  0.460417  0.433479  0.388014  0.365821  0.322436  0.307633  0.272285  0.243549  0.231443  0.221589  0.206586  0.186851  0.178093  0.166805  0.180665  0.184811  0.197968  0.194423  0.207855  0.242914  0.248031  
0.765548  0.132278  0.439407  0.439657  0.447925  0.450611  0.451792  0.460698  0.466288  0.470555  0.479672  0.485864  0.494092  0.503135  0.506654  0.510822  0.518007  0.526443  0.528039  0.535142  0.543797  0.547724  0.563765  0.557522  0.561931  0.563612  0.56408  0.566369  0.555232  0.565879  
0.0602431  0.773045  0.769017  0.7867  0.80363  0.815631  0.869202  0.864161  0.847907  0.879191  0.889037  0.869427  0.876419  0.873032  0.884179  0.828758  0.821739  0.805243  0.766878  0.741535  0.73279  0.683721  0.634122  0.596016  0.562258  0.515843  0.493219  0.432163  0.395797  0.364359  
0.558895  0.558809  0.3237  0.305348  0.28382  0.269883  0.24793  0.221945  0.231653  0.228403  0.228705  0.225848  0.212319  0.234799  0.238013  0.247003  0.269303  0.284785  0.306045  0.32348  0.354147  0.380724  0.389643  0.435623  0.457951  0.493483  0.516869  0.53918  0.575738  0.607994  
0.300293  0.708418  0.785865  0.772299  0.75585  0.704113  0.673304  0.644337  0.610161  0.587411  0.553676  0.500508  0.455282  0.455466  0.387917  0.357194  0.310382  0.291583  0.258214  0.219522  0.213475  0.202199  0.165391  0.164291  0.157689  0.16292  0.143499  0.154625  0.154989  0.163745  
0.766666  0.269525  0.37692  0.382078  0.395223  0.399811  0.41643  0.41929  0.432624  0.445935  0.448627  0.471903  0.493092  0.494973  0.514031  0.525244  0.548832  0.554762  0.570065  0.572513  0.59008  0.593657  0.619731  0.616869  0.6301  0.636101  0.631482  0.636007  0.634667  0.634237  
0.174719  0.771938  0.875065  0.882345  0.885766  0.885406  0.885472  0.860527  0.829784  0.815192  0.800717  0.763134  0.727777  0.711692  0.675692  0.640333  0.600869  0.554069  0.522732  0.481166  0.423806  0.387177  0.363644  0.326606  0.316244  0.259619  0.232654  0.204864  0.176361  0.177687  
0.697131  0.488785  0.261451  0.260711  0.259015  0.263079  0.273548  0.287442  0.306174  0.332007  0.311253  0.346838  0.361406  0.394374  0.41696  0.442916  0.477723  0.496291  0.534558  0.549615  0.574659  0.581472  0.62615  0.64312  0.68775  0.684168  0.694054  0.708058  0.723191  0.728746  
0.443106  0.697734  0.519133  0.488428  0.443096  0.401672  0.378267  0.342155  0.300403  0.277655  0.25096  0.230322  0.216627  0.195031  0.161773  0.169256  0.166406  0.157781  0.14246  0.151612  0.163481  0.178556  0.180859  0.209798  0.259133  0.253979  0.27849  0.329975  0.344037  0.374782  
0.835521  0.0287188  0.490536  0.492102  0.489989  0.494367  0.495247  0.497276  0.498819  0.501433  0.50241  0.50313  0.504736  0.503396  0.507448  0.508494  0.510491  0.510735  0.511847  0.51369  0.513322  0.513004  0.514878  0.514332  0.51454  0.518133  0.513997  0.513435  0.523228  0.512287  
0.000934053  0.842922  0.630714  0.674376  0.712829  0.738152  0.783384  0.814843  0.838534  0.864641  0.886106  0.905079  0.912436  0.919337  0.921715  0.921313  0.911674  0.897924  0.883667  0.86365  0.844511  0.809179  0.780189  0.751556  0.708717  0.669124  0.630667  0.588525  0.541681  0.498417  
0.475548  0.712781  0.449406  0.410104  0.375283  0.330259  0.297222  0.274727  0.247827  0.2301  0.197261  0.170596  0.166642  0.16218  0.152927  0.146587  0.146078  0.139758  0.172521  0.165635  0.192098  0.201754  0.222354  0.23955  0.271917  0.306131  0.33921  0.380757  0.415226  0.433995  
0.200496  0.814225  0.894538  0.890791  0.896025  0.879159  0.848739  0.850679  0.841377  0.820393  0.769044  0.748523  0.69713  0.667714  0.631514  0.604802  0.543817  0.5041  0.435454  0.416989  0.389012  0.321377  0.297029  0.267978  0.221273  0.197518  0.169298  0.135606  0.131836  0.116939  
0.743426  0.533197  0.243439  0.253793  0.274287  0.27817  0.292406  0.319668  0.334519  0.349228  0.387523  0.407335  0.438369  0.466316  0.489002  0.510998  0.535467  0.571965  0.599776  0.617213  0.64769  0.672023  0.696892  0.709197  0.741522  0.75526  0.750219  0.759575  0.75991  0.766291  
0.0795322  0.847311  0.768147  0.83251  0.861921  0.858978  0.892631  0.91242  0.909683  0.916907  0.922348  0.918363  0.911871  0.890948  0.85576  0.84926  0.822065  0.780775  0.757159  0.719655  0.686888  0.64363  0.598307  0.551394  0.51406  0.467772  0.454998  0.380837  0.336112  0.326477  
0.626682  0.678369  0.199808  0.182836  0.170647  0.16578  0.157266  0.160387  0.165025  0.174898  0.184568  0.208691  0.224205  0.238629  0.261525  0.285669  0.318683  0.345971  0.376811  0.414983  0.460259  0.483878  0.52203  0.554926  0.583356  0.624928  0.660559  0.696196  0.716206  0.752398  
0.343133  0.822398  0.756853  0.715646  0.683876  0.643878  0.578586  0.564681  0.518402  0.494073  0.421198  0.389819  0.318475  0.301292  0.272719  0.209969  0.198232  0.177201  0.159195  0.138034  0.115476  0.103312  0.0890162  0.0902051  0.0628027  0.0909827  0.103725  0.115959  0.143516  0.157814  
0.867243  0.0131191  0.496742  0.497581  0.498753  0.498662  0.499434  0.500281  0.500797  0.501423  0.502147  0.502653  0.503484  0.50393  0.504415  0.505139  0.50561  0.505728  0.505862  0.506631  0.506431  0.50629  0.506299  0.506518  0.505573  0.505841  0.505985  0.505763  0.505467  0.504898  
0.0394405  0.880011  0.731787  0.765536  0.807169  0.82034  0.856318  0.891471  0.919905  0.925649  0.933677  0.917594  0.939327  0.935334  0.934268  0.911591  0.895346  0.877267  0.850241  0.814546  0.772421  0.744045  0.705102  0.656608  0.622602  0.575279  0.535425  0.488036  0.437474  0.415759  
0.566084  0.761952  0.239446  0.212034  0.192867  0.158156  0.151234  0.136624  0.122005  0.131819  0.119101  0.121274  0.140518  0.136568  0.144372  0.16632  0.192185  0.211431  0.244941  0.271749  0.302212  0.353639  0.381459  0.426503  0.452676  0.4984  0.535598  0.575545  0.617105  0.649018  
0.273425  0.854102  0.872794  0.872927  0.832709  0.815783  0.793532  0.735064  0.696663  0.663683  0.615232  0.57603  0.508287  0.480934  0.435662  0.399916  0.360587  0.303567  0.258115  0.234923  0.20207  0.169328  0.143952  0.124951  0.0962574  0.0866246  0.0791997  0.0627392  0.0728367  0.0742146  
0.881353  0.0134896  0.4972  0.497923  0.499262  0.499205  0.49942  0.500393  0.501333  0.50203  0.502518  0.50329  0.50459  0.504784  0.505012  0.505269  0.50581  0.506093  0.506402  0.506504  0.506699  0.506376  0.506927  0.506644  0.505739  0.505975  0.5059  0.50535  0.505268  0.504568  
0.143494  0.886614  0.913208  0.925408  0.941715  0.947185  0.945979  0.934909  0.944416  0.916219  0.896132  0.847727  0.829057  0.811265  0.757171  0.729423  0.698957  0.640079  0.612498  0.564351  0.512637  0.467045  0.425198  0.374495  0.334385  0.297895  0.267591  0.207083  0.18122  0.142161  
0.71686  0.739175  0.132728  0.143525  0.15003  0.1627  0.184242  0.202422  0.226114  0.251391  0.283849  0.315821  0.357046  0.385867  0.423462  0.459482  0.500347  0.539113  0.5722  0.607517  0.650692  0.671132  0.716142  0.747631  0.784006  0.810163  0.820286  0.836158  0.849739  0.861662  
0.422869  0.855677  0.571632  0.53104  0.484291  0.444066  0.378401  0.352935  0.307107  0.2857  0.228899  0.198353  0.15729  0.144757  0.122432  0.0869533  0.0829437  0.0803047  0.0753057  0.0663251  0.0739653  0.0759538  0.0996942  0.119268  0.132823  0.165554  0.186455  0.251472  0.259162  0.305406  
0.916226  0.0145394  0.498525  0.498827  0.494388  0.500703  0.50152  0.531059  0.503016  0.503116  0.504695  0.504808  0.505279  0.506079  0.50625  0.507076  0.507209  0.50708  0.507548  0.515189  0.507424  0.506966  0.506792  0.50659  0.506202  0.505962  0.50541  0.504409  0.50414  0.503658  
0.000889332  0.922267  0.706842  0.688046  0.733303  0.813485  0.8083  0.844261  0.884414  0.901633  0.922525  0.929622  0.949197  0.958861  0.943194  0.957594  0.950118  0.940926  0.922829  0.898098  0.896754  0.843542  0.80491  0.765726  0.727086  0.685474  0.652314  0.595001  0.545932  0.51716  
0.544349  0.880245  0.253765  0.232839  0.194234  0.153959  0.0572134  0.11079  0.0887005  0.0722086  0.062991  0.0611168  0.0525864  0.0679789  0.0772083  0.092614  0.114271  0.137728  0.18842  0.19283  0.228773  0.288012  0.304121  0.348722  0.415096  0.437702  0.489269  0.538949  0.576656  0.622267  
0.243293  0.913838  0.948181  0.919492  0.902737  0.88416  0.847868  0.819704  0.788096  0.707738  0.7033  0.66054  0.620858  0.565573  0.51402  0.459846  0.423149  0.371927  0.320152  0.287572  0.248169  0.211955  0.173874  0.138335  0.120167  0.0903655  0.0774538  0.0564342  0.0457331  0.0470455  
0.921599  0.0161571  0.498603  0.49924  0.500575  0.501099  0.501784  0.502488  0.503492  0.504347  0.504595  0.505602  0.506268  0.506725  0.507112  0.507118  0.506863  0.50795  0.508106  0.507694  0.507998  0.507887  0.507012  0.507271  0.506935  0.506988  0.505833  0.505303  0.504309  0.503857  
0.115968  0.93395  0.895841  0.933882  0.943097  0.961087  0.956207  0.968441  0.938001  0.960073  0.944748  0.924422  0.925204  0.874524  0.853811  0.825933  0.777289  0.756516  0.686659  0.646321  0.5725  0.54917  0.503256  0.466339  0.400331  0.356726  0.314397  0.258962  0.227732  0.189057  
0.700593  0.920173  0.0397428  0.0293484  0.0518526  0.0630031  0.0732596  0.100661  0.129017  0.184758  0.2003  0.23078  0.223434  0.30422  0.359306  0.389257  0.451559  0.501861  0.520037  0.602048  0.643861  0.659494  0.735196  0.771757  0.797476  0.845354  0.873333  0.884885  0.926332  0.93826  
0.390707  0.944143  0.673088  0.624899  0.581167  0.527454  0.47766  0.433616  0.381701  0.364373  0.287537  0.245714  0.255688  0.168371  0.138312  0.0702767  0.0830912  0.060413  0.000772005  0.0378846  0.0299656  0.0286996  0.023895  0.0436223  0.0703814  0.0833746  0.104377  0.11388  0.159206  0.203855  
0.949872  0.01439  0.50002  0.501247  0.501264  0.502202  0.502405  0.503335  0.504243  0.504678  0.505858  0.505806  0.505964  0.506619  0.506793  0.507263  0.507395  0.507195  0.5074  0.506948  0.506843  0.507028  0.505825  0.505825  0.505371  0.504642  0.504226  0.503505  0.502865  0.502237  
0.0639873  0.957274  0.821458  0.850242  0.884317  0.914288  0.920982  0.955323  0.98577  0.994181  0.979502  0.986554  0.960131  0.960256  0.943912  0.914414  0.892226  0.857382  0.821587  0.786763  0.766042  0.697763  0.660577  0.602876  0.551751  0.50777  0.452747  0.386007  0.36077  0.318967  
0.628087  0.959875  0.0682336  0.0321284  0.0258398  0.0247875  0.0170964  0.0100972  0.0274297  0.0474151  0.0511112  0.0770356  0.122792  0.122357  0.167369  0.218391  0.256687  0.290604  0.325751  0.395576  0.434183  0.489334  0.537811  0.584274  0.626258  0.682804  0.726015  0.756966  0.806711  0.845763  
0.314615  0.964457  0.861597  0.815744  0.786938  0.74215  0.722282  0.655678  0.602812  0.567938  0.505751  0.449087  0.408619  0.354461  0.304235  0.25539  0.219609  0.177972  0.152676  0.110513  0.0849191  0.0286388  0.0416369  0.0314939  0.0165295  0.0161497  0.00392445  0.0186063  0.0380568  0.0455992  
0.963937  0.0163347  0.500711  0.502006  0.50243  0.503196  0.504223  0.504706  0.505381  0.506198  0.506817  0.506998  0.507719  0.507588  0.507969  0.508118  0.508095  0.508137  0.50798  0.50781  0.507515  0.507258  0.50666  0.50616  0.505236  0.504874  0.504205  0.503742  0.50258  0.50184  
0.179647  0.974646  0.980712  0.989489  0.985775  0.989776  0.966154  0.951863  0.937588  0.900175  0.867534  0.839868  0.785683  0.756737  0.706938  0.659282  0.612108  0.551545  0.50058  0.460842  0.418933  0.348546  0.310769  0.259631  0.231912  0.185245  0.139892  0.0836947  0.0864862  0.0489723  
0.967668  0.0163347  0.500922  0.502249  0.502626  0.503335  0.504628  0.504695  0.50549  0.50559  0.506278  0.507094  0.50789  0.507912  0.507969  0.508187  0.507999  0.508125  0.508069  0.507937  0.507452  0.507268  0.506892  0.506037  0.505306  0.504703  0.504039  0.503643  0.502232  0.501678  
0.471006  0.999915  0.432404  0.360726  0.331611  0.284777  0.252368  0.185445  0.155713  0.109892  0.0882772  0.0617488  0.0104411  0.000192283  0.00641294  0.00703569  0.00178787  0.0026379  0.0291508  0.0288421  0.0475228  0.0245985  0.103698  0.138388  0.188333  0.223604  0.263966  0.305297  0.356119  0.406323  
0.983115  0.0165405  0.501695  0.502424  0.50347  0.504129  0.504808  0.505456  0.506162  0.506785  0.507233  0.50755  0.508081  0.508086  0.508242  0.508216  0.508495  0.508091  0.507942  0.507458  0.507168  0.507051  0.505795  0.505548  0.504695  0.504425  0.503379  0.502577  0.50143  0.500881  
0.000178716  0.988211  0.655812  0.706176  0.747327  0.779843  0.815847  0.867428  0.897767  0.927484  0.951112  0.975128  0.978663  0.990985  0.99986  0.999658  0.982818  0.973504  0.940001  0.927562  0.898992  0.863483  0.830614  0.787132  0.738809  0.700721  0.64682  0.60124  0.5506  0.482309  
0.530478  0.999999  0.256812  0.254987  0.176435  0.131555  0.104511  0.0691152  0.0464601  0.00204951  0.000699563  0.00379325  0.000153081  3.91107e-06  0.00896203  0.00101803  0.0348408  0.0615106  0.0870666  0.121833  0.154145  0.182126  0.250806  0.290566  0.351214  0.38298  0.437748  0.503252  0.538854  0.596805  
0.226384  1  0.988993  0.973522  0.965787  0.945562  0.931163  0.885316  0.849663  0.805057  0.768543  0.70952  0.673645  0.625225  0.59421  0.525547  0.469662  0.416581  0.361498  0.316256  0.257031  0.205722  0.183424  0.138841  0.0991412  0.0777999  0.0548784  0.0321686  0.016058  0.000960403  
0.995859  0.0193539  0.502647  0.503478  0.504458  0.505507  0.5058  0.5072  0.507617  0.508589  0.509134  0.509069  0.509281  0.508891  0.509684  0.509399  0.509684  0.50927  0.509004  0.508766  0.507971  0.507446  0.506622  0.505946  0.50476  0.504226  0.50323  0.502317  0.501296  0.500223  
