2  4  6  8  3.5  4.2  4.9  5.6  6.3  7  7.7  8.4  9.1  9.8  10.5  11.2  11.9  12.6  13.3  14  14.7  15.4  16.1  16.8  
1.99829  3.95552  5.97882  7.99719  3.5  4.2  4.9  5.6  6.3  7  7.7  8.4  9.1  9.8  10.5  11.2  11.9  12.6  13.3  14  14.7  15.4  16.1  16.8  
1.98098  3.92526  5.98525  7.99534  3.5  4.2  4.9  5.6  6.3  7  7.7  8.4  9.1  9.8  10.5  11.2  11.9  12.6  13.3  14  14.7  15.4  16.1  16.8  
1.97074  3.89671  5.9674  7.98666  3.5  4.2  4.9  5.6  6.3  7  7.7  8.4  9.1  9.8  10.5  11.2  11.9  12.6  13.3  14  14.7  15.4  16.1  16.8  
1.96781  3.85694  5.94288  7.97456  3.5  4.2  4.9  5.6  6.3  7  7.7  8.4  9.1  9.8  10.5  11.2  11.9  12.6  13.3  14  14.7  15.4  16.1  16.8  
1.93893  3.87925  5.89822  7.97144  3.5  4.2  4.9  5.6  6.3  7  7.7  8.4  9.1  9.8  10.5  11.2  11.9  12.6  13.3  14  14.7  15.4  16.1  16.8  
1.91298  3.94134  5.87808  7.82247  3.5  4.2  4.9  5.6  6.3  7  7.7  8.4  9.1  9.8  10.5  11.2  11.9  12.6  13.3  14  14.7  15.4  16.1  16.8  
1.88535  3.87758  5.93734  7.85718  3.5  4.2  4.9  5.6  6.3  7  7.7  8.4  9.1  9.8  10.5  11.2  11.9  12.6  13.3  14  14.7  15.4  16.1  16.8  
1.88535  3.87758  5.82037  7.85718  3.5  4.2  4.9  5.6  6.3  7  7.7  8.4  9.1  9.8  10.5  11.2  11.9  12.6  13.3  14  14.7  15.4  16.1  16.8  
1.81731  3.88079  5.91723  7.87649  3.5  4.2  4.9  5.6  6.3  7  7.7  8.4  9.1  9.8  10.5  11.2  11.9  12.6  13.3  14  14.7  15.4  16.1  16.8  
1.85589  3.83344  5.86451  7.69312  3.5  4.2  4.9  5.6  6.3  7  7.7  8.4  9.1  9.8  10.5  11.2  11.9  12.6  13.3  14  14.7  15.4  16.1  16.8  
1.82591  3.83347  5.86655  7.65894  3.5  4.2  4.9  5.6  6.3  7  7.7  8.4  9.1  9.8  10.5  11.2  11.9  12.6  13.3  14  14.7  15.4  16.1  16.8  
1.77022  3.75435  5.93335  7.84229  3.5  4.2  4.9  5.6  6.3  7  7.7  8.4  9.1  9.8  10.5  11.2  11.9  12.6  13.3  14  14.7  15.4  16.1  16.8  
1.82191  3.80714  5.84333  7.40171  3.5  4.2  4.9  5.6  6.3  7  7.7  8.4  9.1  9.8  10.5  11.2  11.9  12.6  13.3  14  14.7  15.4  16.1  16.8  
1.82499  3.78126  5.72025  7.43014  3.5  4.2  4.9  5.6  6.3  7  7.7  8.4  9.1  9.8  10.5  11.2  11.9  12.6  13.3  14  14.7  15.4  16.1  16.8  
1.93331  3.96538  5.70974  6.33205  3.5  4.2  4.9  5.6  6.3  7  7.7  8.4  9.1  9.8  10.5  11.2  11.9  12.6  13.3  14  14.7  15.4  16.1  16.8  
1.82614  3.80041  5.0991  7.89559  3.5  4.2  4.9  5.6  6.3  7  7.7  8.4  9.1  9.8  10.5  11.2  11.9  12.6  13.3  14  14.7  15.4  16.1  16.8  
1.96087  3.98735  4.95812  6.81757  3.5  4.2  4.9  5.6  6.3  7  7.7  8.4  9.1  9.8  10.5  11.2  11.9  12.6  13.3  14  14.7  15.4  16.1  16.8  
1.77117  3.71431  5.45994  7.41175  3.5  4.2  4.9  5.6  6.3  7  7.7  8.4  9.1  9.8  10.5  11.2  11.9  12.6  13.3  14  14.7  15.4  16.1  16.8  
1.82499  3.78125  5.01481  7.43014  3.5  4.2  4.9  5.6  6.3  7  7.7  8.4  9.1  9.8  10.5  11.2  11.9  12.6  13.3  14  14.7  15.4  16.1  16.8  
1.83877  3.79225  4.63899  7.6862  3.5  4.2  4.9  5.6  6.3  7  7.7  8.4  9.1  9.8  10.5  11.2  11.9  12.6  13.3  14  14.7  15.4  16.1  16.8  
1.77461  3.62324  5.3178  7.1483  3.5  4.2  4.9  5.6  6.3  7  7.7  8.4  9.1  9.8  10.5  11.2  11.9  12.6  13.3  14  14.7  15.4  16.1  16.8  
1.77461  3.62324  5.3178  6.91859  3.5  4.2  4.9  5.6  6.3  7  7.7  8.4  9.1  9.8  10.5  11.2  11.9  12.6  13.3  14  14.7  15.4  16.1  16.8  
1.77461  3.62324  5.31778  6.68587  3.5  4.2  4.9  5.6  6.3  7  7.7  8.4  9.1  9.8  10.5  11.2  11.9  12.6  13.3  14  14.7  15.4  16.1  16.8  
1.70597  3.41341  5.48911  7.01661  3.5  4.2  4.9  5.6  6.3  7  7.7  8.4  9.1  9.8  10.5  11.2  11.9  12.6  13.3  14  14.7  15.4  16.1  16.8  
1.96652  3.19711  4.20664  7.94372  3.5  4.2  4.9  5.6  6.3  7  7.7  8.4  9.1  9.8  10.5  11.2  11.9  12.6  13.3  14  14.7  15.4  16.1  16.8  
1.90174  3.19508  4.25857  7.9214  3.5  4.2  4.9  5.6  6.3  7  7.7  8.4  9.1  9.8  10.5  11.2  11.9  12.6  13.3  14  14.7  15.4  16.1  16.8  
1.90666  3.90058  5.70471  4.14447  3.5  4.2  4.9  5.6  6.3  7  7.7  8.4  9.1  9.8  10.5  11.2  11.9  12.6  13.3  14  14.7  15.4  16.1  16.8  
1.99323  3.12275  3.74257  7.9414  3.5  4.2  4.9  5.6  6.3  7  7.7  8.4  9.1  9.8  10.5  11.2  11.9  12.6  13.3  14  14.7  15.4  16.1  16.8  
1.77216  3.191  4.36244  7.57644  3.5  4.2  4.9  5.6  6.3  7  7.7  8.4  9.1  9.8  10.5  11.2  11.9  12.6  13.3  14  14.7  15.4  16.1  16.8  
1.77216  3.191  4.36244  7.28457  3.5  4.2  4.9  5.6  6.3  7  7.7  8.4  9.1  9.8  10.5  11.2  11.9  12.6  13.3  14  14.7  15.4  16.1  16.8  
1.78373  3.93876  5.82011  3.5267  3.5  4.2  4.9  5.6  6.3  7  7.7  8.4  9.1  9.8  10.5  11.2  11.9  12.6  13.3  14  14.7  15.4  16.1  16.8  
1.93196  3.03746  3.57076  7.54714  3.5  4.2  4.9  5.6  6.3  7  7.7  8.4  9.1  9.8  10.5  11.2  11.9  12.6  13.3  14  14.7  15.4  16.1  16.8  
1.94777  3.48957  3.77423  5.79774  3.5  4.2  4.9  5.6  6.3  7  7.7  8.4  9.1  9.8  10.5  11.2  11.9  12.6  13.3  14  14.7  15.4  16.1  16.8  
1.71007  3.6666  4.65983  4.9418  3.5  4.2  4.9  5.6  6.3  7  7.7  8.4  9.1  9.8  10.5  11.2  11.9  12.6  13.3  14  14.7  15.4  16.1  16.8  
1.77648  3.72882  4.32617  4.69212  3.5  4.2  4.9  5.6  6.3  7  7.7  8.4  9.1  9.8  10.5  11.2  11.9  12.6  13.3  14  14.7  15.4  16.1  16.8  
1.77648  3.72882  4.0518  4.76997  3.5  4.2  4.9  5.6  6.3  7  7.7  8.4  9.1  9.8  10.5  11.2  11.9  12.6  13.3  14  14.7  15.4  16.1  16.8  
1.93186  3.68972  4.10681  3.85823  3.5  4.2  4.9  5.6  6.3  7  7.7  8.4  9.1  9.8  10.5  11.2  11.9  12.6  13.3  14  14.7  15.4  16.1  16.8  
1.79447  3.87089  4.17842  3.68901  3.5  4.2  4.9  5.6  6.3  7  7.7  8.4  9.1  9.8  10.5  11.2  11.9  12.6  13.3  14  14.7  15.4  16.1  16.8  
1.74413  3.68962  4.15299  3.94904  3.5  4.2  4.9  5.6  6.3  7  7.7  8.4  9.1  9.8  10.5  11.2  11.9  12.6  13.3  14  14.7  15.4  16.1  16.8  
1.6298  3.05027  4.06839  5.51251  3.5  4.2  4.9  5.6  6.3  7  7.7  8.4  9.1  9.8  10.5  11.2  11.9  12.6  13.3  14  14.7  15.4  16.1  16.8  
1.57334  2.41092  3.98379  7.07597  3.5  4.2  4.9  5.6  6.3  7  7.7  8.4  9.1  9.8  10.5  11.2  11.9  12.6  13.3  14  14.7  15.4  16.1  16.8  
1.49506  2.41092  3.98379  7.07597  3.5  4.2  4.9  5.6  6.3  7  7.7  8.4  9.1  9.8  10.5  11.2  11.9  12.6  13.3  14  14.7  15.4  16.1  16.8  
1.56775  3.66402  3.08365  4.88307  3.5  4.2  4.9  5.6  6.3  7  7.7  8.4  9.1  9.8  10.5  11.2  11.9  12.6  13.3  14  14.7  15.4  16.1  16.8  
1.44367  2.39812  3.3746  7.54298  3.5  4.2  4.9  5.6  6.3  7  7.7  8.4  9.1  9.8  10.5  11.2  11.9  12.6  13.3  14  14.7  15.4  16.1  16.8  
1.47267  3.1925  3.81595  4.45498  3.5  4.2  4.9  5.6  6.3  7  7.7  8.4  9.1  9.8  10.5  11.2  11.9  12.6  13.3  14  14.7  15.4  16.1  16.8  
1.51249  3.00962  3.71168  4.41516  3.5  4.2  4.9  5.6  6.3  7  7.7  8.4  9.1  9.8  10.5  11.2  11.9  12.6  13.3  14  14.7  15.4  16.1  16.8  
1.35166  2.50541  3.32714  6.47534  3.5  4.2  4.9  5.6  6.3  7  7.7  8.4  9.1  9.8  10.5  11.2  11.9  12.6  13.3  14  14.7  15.4  16.1  16.8  
1.52113  3.75053  2.63357  3.71761  3.5  4.2  4.9  5.6  6.3  7  7.7  8.4  9.1  9.8  10.5  11.2  11.9  12.6  13.3  14  14.7  15.4  16.1  16.8  
1.52113  3.65074  2.58591  3.57836  3.5  4.2  4.9  5.6  6.3  7  7.7  8.4  9.1  9.8  10.5  11.2  11.9  12.6  13.3  14  14.7  15.4  16.1  16.8  
1.62005  2.89169  3.02481  3.57295  3.5  4.2  4.9  5.6  6.3  7  7.7  8.4  9.1  9.8  10.5  11.2  11.9  12.6  13.3  14  14.7  15.4  16.1  16.8  
0.626278  3.34057  2.60178  7.89103  3.5  4.2  4.9  5.6  6.3  7  7.7  8.4  9.1  9.8  10.5  11.2  11.9  12.6  13.3  14  14.7  15.4  16.1  16.8  
1.66281  3.74654  2.84509  1.55857  3.5  4.2  4.9  5.6  6.3  7  7.7  8.4  9.1  9.8  10.5  11.2  11.9  12.6  13.3  14  14.7  15.4  16.1  16.8  
1.42948  2.03658  1.71182  7.21718  3.5  4.2  4.9  5.6  6.3  7  7.7  8.4  9.1  9.8  10.5  11.2  11.9  12.6  13.3  14  14.7  15.4  16.1  16.8  
0.326722  3.6955  2.46581  7.68006  3.5  4.2  4.9  5.6  6.3  7  7.7  8.4  9.1  9.8  10.5  11.2  11.9  12.6  13.3  14  14.7  15.4  16.1  16.8  
1.53595  2.3978  3.16528  2.60232  3.5  4.2  4.89999  5.6  6.29999  7  7.7  8.39999  9.1  9.8  10.5  11.2  11.8999  12.6  13.3  14  14.7  15.4  16.1  16.8  
1.36569  2.27932  2.60266  3.79342  3.5  4.2  4.9  5.6  6.3  7  7.7  8.4  9.1  9.8  10.5  11.2  11.9  12.6  13.3  14  14.7  15.4  16.1  16.8  
0.670068  2.35547  2.89729  6.14375  3.5  4.2  4.9  5.6  6.3  7  7.7  8.4  9.1  9.8  10.5  11.2  11.9  12.6  13.3  14  14.7  15.4  16.1  16.8  
0.574225  2.35548  2.89729  6.14356  3.5  4.2  4.9  5.6  6.3  7  7.7  8.4  9.1  9.8  10.5  11.2  11.9  12.6  13.3  14  14.7  15.4  16.1  16.8  
0.271089  1.95825  3.32593  7.99064  3.5  4.2  4.9  5.6  6.3  7  7.7  8.4  9.1  9.8  10.5  11.2  11.9  12.6  13.3  14  14.7  15.4  16.1  16.8  
0.687097  2.03658  1.71182  7.21718  3.5  4.2  4.9  5.6  6.3  7  7.7  8.4  9.1  9.8  10.5  11.2  11.9  12.6  13.3  14  14.7  15.4  16.1  16.8  
0.139132  1.96008  3.19774  7.98744  3.5  4.2  4.9  5.6  6.3  7  7.7  8.4  9.1  9.8  10.5  11.2  11.9  12.6  13.3  14  14.7  15.4  16.1  16.8  
0.0776762  2.61284  3.02308  6.44843  3.5  4.2  4.9  5.6  6.3  7  7.7  8.4  9.1  9.8  10.5  11.2  11.9  12.6  13.3  14  14.7  15.4  16.1  16.8  
0.0776762  2.77604  2.97942  5.50741  3.5  4.2  4.9  5.6  6.3  7  7.7  8.4  9.1  9.8  10.5  11.2  11.9  12.6  13.3  14  14.7  15.4  16.1  16.8  
0.0020974  2.61284  4.28775  4.22315  3.5  4.2  4.9  5.6  6.3  7  7.7  8.4  9.1  9.8  10.5  11.2  11.9  12.6  13.3  14  14.7  15.4  16.1  16.8  
0.310312  2.35914  2.64091  3.99519  3.5  4.2  4.9  5.59999  6.3  7  7.7  8.4  9.1  9.8  10.5  11.2  11.9  12.6  13.3  14  14.7  15.4  16.1  16.8  
0.00133786  3.09127  3.02308  3.85145  3.5  4.2  4.9  5.6  6.3  7  7.7  8.4  9.1  9.8  10.5  11.2  11.9  12.6  13.3  14  14.7  15.4  16.1  16.8  
0.0020974  2.61284  3.02308  4.22294  3.5  4.2  4.9  5.6  6.3  7  7.7  8.4  9.1  9.8  10.5  11.2  11.9  12.6  13.3  14  14.7  15.4  16.1  16.8  
0.00193016  2.90914  3.02308  3.08435  3.5  4.2  4.9  5.6  6.3  7  7.7  8.4  9.1  9.8  10.5  11.2  11.9  12.6  13.3  14  14.7  15.4  16.1  16.8  
0.0020974  2.61284  3.02308  3.08435  3.5  4.2  4.9  5.6  6.3  7  7.7  8.4  9.1  9.8  10.5  11.2  11.9  12.6  13.3  14  14.7  15.4  16.1  16.8  
0.97057  1.00882  8.17025e-05  6.14496  3.5  4.2  4.9  5.6  6.3  7  7.7  8.4  9.1  9.8  10.5  11.2  11.9  12.6  13.3  14  14.7  15.4  16.1  16.8  
1.22362  0.349419  0.00054386  6.45206  3.5  4.2  4.9  5.6  6.3  7  7.7  8.4  9.1  9.8  10.5  11.2  11.9  12.6  13.3  14  14.7  15.4  16.1  16.8  
0.816416  0.942016  0.00184964  5.70902  3.5  4.2  4.9  5.6  6.3  7  7.7  8.4  9.1  9.8  10.5  11.2  11.9  12.6  13.3  14  14.7  15.4  16.1  16.8  
0.806319  0.753455  0.15835  4.90064  3.5  4.2  4.9  5.6  6.3  7  7.7  8.4  9.1  9.8  10.5  11.2  11.9  12.6  13.3  14  14.7  15.4  16.1  16.8  
0.522829  0.855362  0.358404  4.83041  3.49999  4.19999  4.9  5.6  6.29999  7  7.7  8.4  9.1  9.79999  10.5  11.2  11.9  12.6  13.3  14  14.6999  15.4  16.1  16.8  
0.379697  0.855362  0.358404  5.01645  3.5  4.2  4.9  5.6  6.3  7  7.7  8.4  9.1  9.8  10.5  11.2  11.9  12.6  13.3  14  14.7  15.4  16.1  16.8  
0.897552  0.197825  0.0797925  4.70231  3.5  4.2  4.9  5.6  6.3  7  7.7  8.4  9.1  9.8  10.5  11.2  11.9  12.6  13.3  14  14.7  15.4  16.1  16.8  
0.0492901  0.503545  1.14438  5.65601  3.5  4.2  4.9  5.6  6.3  7  7.7  8.4  9.1  9.8  10.5  11.2  11.9  12.6  13.3  14  14.7  15.4  16.1  16.8  
0.123013  0.401638  0.767714  5.33811  3.5  4.2  4.9  5.6  6.3  7  7.7  8.4  9.1  9.8  10.5  11.2  11.9  12.6  13.3  14  14.7  15.4  16.1  16.8  
0.0493772  0.401638  0.789522  5.33811  3.5  4.2  4.9  5.6  6.3  7  7.7  8.40001  9.1  9.8  10.5  11.2  11.9  12.6  13.3  14  14.7  15.4  16.1  16.8  
0.210271  0.105722  0.782402  4.44177  3.50001  4.20002  4.9  5.6  6.30005  7  7.70002  8.4  9.10001  9.8  10.5001  11.2001  11.9  12.6  13.3  14  14.7  15.4  16.1  16.8  
0.0203064  0.0259231  2.3372  3.32825  3.5  4.2  4.9  5.6  6.3  7  7.7  8.4  9.1  9.8  10.5  11.2  11.9  12.6  13.3  14  14.7  15.4  16.1  16.8  
0.64831  0.0248223  0.0610627  3.03774  3.5  4.2  4.9  5.6  6.3  7  7.7  8.4  9.1  9.8  10.5  11.2  11.9  12.6  13.3  14  14.7  15.4  16.1  16.8  
0.458655  0.0494629  0.035036  3.29377  3.5  4.2  4.9  5.6  6.3  7  7.7  8.4  9.1  9.8  10.5  11.2  11.9  12.6  13.3  14  14.7  15.4  16.1  16.8  
0.386334  0.410729  0.0638829  1.57336  3.5  4.2  4.9  5.6  6.3  7  7.7  8.4  9.1  9.8  10.5  11.2  11.9  12.6  13.3  14  14.7  15.4  16.1  16.8  
0.348174  0.0291142  0.00338244  3.03774  3.5  4.2  4.9  5.6  6.3  7  7.7  8.4  9.1  9.8  10.5  11.2  11.9  12.6  13.3  14  14.7  15.4  16.1  16.8  
0.458655  0.0494629  0.0286888  1.68611  3.5  4.2  4.9  5.6  6.3  7  7.7  8.4  9.1  9.8  10.5  11.2  11.9  12.6  13.3  14  14.7  15.4  16.1  16.8  
0.285644  0.0481736  0.0130246  2.09343  3.5  4.2  4.9  5.6  6.3  7  7.7  8.4  9.1  9.8  10.5  11.2  11.9  12.6  13.3  14  14.7  15.4  16.1  16.8  
0.0758884  0.0107994  0.0606997  3.03774  3.5  4.2  4.9  5.6  6.3  7  7.7  8.4  9.1  9.8  10.5  11.2  11.9  12.6  13.3  14  14.7  15.4  16.1  16.8  
0.170496  0.0515181  0.00436367  1.80167  3.5  4.2  4.9  5.6  6.3  7  7.7  8.4  9.1  9.8  10.5  11.2  11.9  12.6  13.3  14  14.7  15.4  16.1  16.8  
0.246385  0.0407164  0.000187397  1.06763  3.5  4.2  4.9  5.6  6.3  7  7.7  8.4  9.1  9.8  10.5  11.2  11.9  12.6  13.3  14  14.7  15.4  16.1  16.8  
0.0436187  0.122973  0.301272  0.695952  3.5  4.2  4.9  5.6  6.3  7  7.7  8.4  9.1  9.8  10.5  11.2  11.9  12.6  13.3  14  14.7  15.4  16.1  16.8  
0.446564  0.00727941  0.0284861  8.49493e-05  3.5  4.2  4.9  5.6  6.3  7  7.7  8.4  9.1  9.8  10.5  11.2  11.9  12.6  13.3  14  14.7  15.4  16.1  16.8  
0.125115  0.0206764  0.00119542  0.651945  3.5  4.2  4.9  5.6  6.30003  7.00001  7.7  8.4  9.1  9.80003  10.5  11.2  11.9  12.6  13.3  14  14.7  15.4  16.1  16.8  
0.10294  0.0115031  0.0388354  0.36149  3.5  4.2  4.9  5.6  6.3  7  7.7  8.4  9.1  9.8  10.5  11.2  11.9  12.6  13.3  14  14.7  15.4  16.1  16.8  
3.19824e-06  0.162047  0.228531  0.0658858  3.5  4.2  4.9  5.6  6.3  7  7.7  8.4  9.1  9.8  10.5  11.2  11.9  12.6  13.3  14  14.7  15.4  16.1  16.8  
0.00785406  0.0943286  0.0849701  0.074141  3.5  4.2  4.9  5.6  6.3  7  7.7  8.4  9.1  9.8  10.5  11.2  11.9  12.6  13.3  14  14.7  15.4  16.1  16.8  
2.86577e-05  0.101347  0.0884908  0.00742133  3.5  4.2  4.9  5.6  6.3  7  7.7  8.4  9.1  9.8  10.5  11.2  11.9  12.6  13.3  14  14.7  15.4  16.1  16.8  
0.00786145  0.00174123  0.0338993  0.074141  3.5  4.2  4.9  5.6  6.3  7  7.7  8.4  9.1  9.8  10.5  11.2  11.9  12.6  13.3  14  14.7  15.4  16.1  16.8  
0.00484898  0.00157309  0.0211919  0.000513331  3.5  4.2  4.9  5.6  6.3  7  7.7  8.4  9.1  9.8  10.5  11.2  11.9  12.6  13.3  14  14.7  15.4  16.1  16.8  
