0.731905  0.605219  0.5  0.5  0.5  0.5  0.5  0.5  0.5  0.5  0.5  0.5  
0.967102  0.967122  0.5  0.5  0.5  0.5  0.5  0.5  0.5  0.5  0.5  0.5  
0.964162  0.974814  0.5  0.5  0.5  0.5  0.5  0.5  0.5  0.5  0.5  0.5  
0.977146  0.966544  0.5  0.5  0.5  0.5  0.5  0.5  0.5  0.5  0.5  0.5  
0.961356  0.980325  0.5  0.5  0.5  0.5  0.5  0.5  0.5  0.5  0.5  0.5  
0.978401  0.973546  0.5  0.5  0.5  0.5  0.5  0.5  0.5  0.5  0.5  0.5  
0.9745  0.979602  0.5  0.5  0.5  0.5  0.5  0.5  0.5  0.5  0.5  0.5  
0.983735  0.964023  0.5  0.5  0.5  0.5  0.5  0.5  0.5  0.5  0.5  0.5  
0.958688  0.985215  0.5  0.5  0.5  0.5  0.5  0.5  0.5  0.5  0.5  0.5  
0.981076  0.978856  0.5  0.5  0.5  0.5  0.5  0.5  0.5  0.5  0.5  0.5  
0.975892  0.983834  0.5  0.5  0.5  0.5  0.5  0.5  0.5  0.5  0.5  0.5  
0.985951  0.9721  0.5  0.5  0.5  0.5  0.5  0.5  0.5  0.5  0.5  0.5  
0.97192  0.986568  0.5  0.5  0.5  0.5  0.5  0.5  0.5  0.5  0.5  0.5  
0.985505  0.978188  0.5  0.5  0.5  0.5  0.5  0.5  0.5  0.5  0.5  0.5  
0.981497  0.984349  0.5  0.5  0.5  0.5  0.5  0.5  0.5  0.5  0.5  0.5  
0.98928  0.963818  0.5  0.5  0.5  0.5  0.5  0.5  0.5  0.5  0.5  0.5  
0.956024  0.989974  0.5  0.5  0.5  0.5  0.5  0.5  0.5  0.5  0.5  0.5  
0.984819  0.984142  0.5  0.5  0.5  0.5  0.5  0.5  0.5  0.5  0.5  0.5  
0.978631  0.988358  0.5  0.5  0.5  0.5  0.5  0.5  0.5  0.5  0.5  0.5  
0.989318  0.97786  0.5  0.5  0.5  0.5  0.5  0.5  0.5  0.5  0.5  0.5  
0.973214  0.990406  0.5  0.5  0.5  0.5  0.5  0.5  0.5  0.5  0.5  0.5  
0.988415  0.98298  0.5  0.5  0.5  0.5  0.5  0.5  0.5  0.5  0.5  0.5  
0.983823  0.988277  0.5  0.5  0.5  0.5  0.5  0.5  0.5  0.5  0.5  0.5  
0.99186  0.971386  0.5  0.5  0.5  0.5  0.5  0.5  0.5  0.5  0.5  0.5  
0.969061  0.992177  0.5  0.5  0.5  0.5  0.5  0.5  0.5  0.5  0.5  0.5  
0.988668  0.986058  0.5  0.5  0.5  0.5  0.5  0.5  0.5  0.5  0.5  0.5  
0.983149  0.990406  0.5  0.5  0.5  0.5  0.5  0.5  0.5  0.5  0.5  0.5  
0.992405  0.977814  0.5  0.5  0.5  0.5  0.5  0.5  0.5  0.5  0.5  0.5  
0.978713  0.992237  0.5  0.5  0.5  0.5  0.5  0.5  0.5  0.5  0.5  0.5  
0.991559  0.984108  0.5  0.5  0.5  0.5  0.5  0.5  0.5  0.5  0.5  0.5  
0.987475  0.989943  0.5  0.5  0.5  0.5  0.5  0.5  0.5  0.5  0.5  0.5  
0.994251  0.963772  0.5  0.5  0.5  0.5  0.5  0.5  0.5  0.5  0.5  0.5  
0.952822  0.994538  0.5  0.5  0.5  0.5  0.5  0.5  0.5  0.5  0.5  0.5  
0.989146  0.990071  0.5  0.5  0.5  0.5  0.5  0.5  0.5  0.5  0.5  0.5  
0.981926  0.99326  0.5  0.5  0.5  0.5  0.5  0.5  0.5  0.5  0.5  0.5  
0.993404  0.984349  0.5  0.5  0.5  0.5  0.5  0.5  0.5  0.5  0.5  0.5  
0.975282  0.994567  0.5  0.5  0.5  0.5  0.5  0.5  0.5  0.5  0.5  0.5  
0.992169  0.988765  0.5  0.5  0.5  0.5  0.5  0.5  0.5  0.5  0.5  0.5  
0.986937  0.992961  0.5  0.5  0.5  0.5  0.5  0.5  0.5  0.5  0.5  0.5  
0.995189  0.978276  0.5  0.5  0.5  0.5  0.5  0.5  0.5  0.5  0.5  0.5  
0.969583  0.995578  0.5  0.5  0.5  0.5  0.5  0.5  0.5  0.5  0.5  0.5  
0.991785  0.991125  0.5  0.5  0.5  0.5  0.5  0.5  0.5  0.5  0.5  0.5  
0.985457  0.994346  0.5  0.5  0.5  0.5  0.5  0.5  0.5  0.5  0.5  0.5  
0.995322  0.984052  0.5  0.5  0.5  0.5  0.5  0.5  0.5  0.5  0.5  0.5  
0.980159  0.995532  0.5  0.5  0.5  0.5  0.5  0.5  0.5  0.5  0.5  0.5  
0.994302  0.989433  0.5  0.5  0.5  0.5  0.5  0.5  0.5  0.5  0.5  0.5  
0.989723  0.99395  0.5  0.5  0.5  0.5  0.5  0.5  0.5  0.5  0.5  0.5  
0.996631  0.971432  0.5  0.5  0.5  0.5  0.5  0.5  0.5  0.5  0.5  0.5  
0.964999  0.99676  0.5  0.5  0.5  0.5  0.5  0.5  0.5  0.5  0.5  0.5  
0.992241  0.993445  0.5  0.5  0.5  0.5  0.5  0.5  0.5  0.5  0.5  0.5  
0.985069  0.995877  0.5  0.5  0.5  0.5  0.5  0.5  0.5  0.5  0.5  0.5  
0.996057  0.987969  0.5  0.5  0.5  0.5  0.5  0.5  0.5  0.5  0.5  0.5  
0.978882  0.996747  0.5  0.5  0.5  0.5  0.5  0.5  0.5  0.5  0.5  0.5  
0.994813  0.992237  0.5  0.5  0.5  0.5  0.5  0.5  0.5  0.5  0.5  0.5  
0.989635  0.995621  0.5  0.5  0.5  0.5  0.5  0.5  0.5  0.5  0.5  0.5  
0.997324  0.980364  0.5  0.5  0.5  0.5  0.5  0.5  0.5  0.5  0.5  0.5  
0.97414  0.997397  0.5  0.5  0.5  0.5  0.5  0.5  0.5  0.5  0.5  0.5  
0.994179  0.994199  0.5  0.5  0.5  0.5  0.5  0.5  0.5  0.5  0.5  0.5  
0.987938  0.996592  0.5  0.5  0.5  0.5  0.5  0.5  0.5  0.5  0.5  0.5  
0.997324  0.987191  0.5  0.5  0.5  0.5  0.5  0.5  0.5  0.5  0.5  0.5  
0.982858  0.997376  0.5  0.5  0.5  0.5  0.5  0.5  0.5  0.5  0.5  0.5  
0.996334  0.992706  0.5  0.5  0.5  0.5  0.5  0.5  0.5  0.5  0.5  0.5  
0.991876  0.996364  0.5  0.5  0.5  0.5  0.5  0.5  0.5  0.5  0.5  0.5  
0.998205  0.964135  0.5  0.5  0.5  0.5  0.5  0.5  0.5  0.5  0.5  0.5  
0.948121  0.998293  0.5  0.5  0.5  0.5  0.5  0.5  0.5  0.5  0.5  0.5  
0.992604  0.996596  0.5  0.5  0.5  0.5  0.5  0.5  0.5  0.5  0.5  0.5  
0.98422  0.99787  0.5  0.5  0.5  0.5  0.5  0.5  0.5  0.5  0.5  0.5  
0.996996  0.993663  0.5  0.5  0.5  0.5  0.5  0.5  0.5  0.5  0.5  0.5  
0.976628  0.99834  0.5  0.5  0.5  0.5  0.5  0.5  0.5  0.5  0.5  0.5  
0.995344  0.996112  0.5  0.5  0.5  0.5  0.5  0.5  0.5  0.5  0.5  0.5  
0.989267  0.997833  0.5  0.5  0.5  0.5  0.5  0.5  0.5  0.5  0.5  0.5  
0.998309  0.98973  0.5  0.5  0.5  0.5  0.5  0.5  0.5  0.5  0.5  0.5  
0.969915  0.998714  0.5  0.5  0.5  0.5  0.5  0.5  0.5  0.5  0.5  0.5  
0.994341  0.997291  0.5  0.5  0.5  0.5  0.5  0.5  0.5  0.5  0.5  0.5  
0.987125  0.998391  0.5  0.5  0.5  0.5  0.5  0.5  0.5  0.5  0.5  0.5  
0.998033  0.994025  0.5  0.5  0.5  0.5  0.5  0.5  0.5  0.5  0.5  0.5  
0.981156  0.998781  0.5  0.5  0.5  0.5  0.5  0.5  0.5  0.5  0.5  0.5  
0.996639  0.996815  0.5  0.5  0.5  0.5  0.5  0.5  0.5  0.5  0.5  0.5  
0.99141  0.998388  0.5  0.5  0.5  0.5  0.5  0.5  0.5  0.5  0.5  0.5  
0.999045  0.98661  0.5  0.5  0.5  0.5  0.5  0.5  0.5  0.5  0.5  0.5  
0.964038  0.999191  0.5  0.5  0.5  0.5  0.5  0.5  0.5  0.5  0.5  0.5  
0.993873  0.998384  0.5  0.5  0.5  0.5  0.5  0.5  0.5  0.5  0.5  0.5  
0.985967  0.999028  0.5  0.5  0.5  0.5  0.5  0.5  0.5  0.5  0.5  0.5  
0.997993  0.996816  0.5  0.5  0.5  0.5  0.5  0.5  0.5  0.5  0.5  0.5  
0.979233  0.999285  0.5  0.5  0.5  0.5  0.5  0.5  0.5  0.5  0.5  0.5  
0.996357  0.998334  0.5  0.5  0.5  0.5  0.5  0.5  0.5  0.5  0.5  0.5  
0.990602  0.999117  0.5  0.5  0.5  0.5  0.5  0.5  0.5  0.5  0.5  0.5  
0.999194  0.994186  0.5  0.5  0.5  0.5  0.5  0.5  0.5  0.5  0.5  0.5  
0.973958  0.999526  0.5  0.5  0.5  0.5  0.5  0.5  0.5  0.5  0.5  0.5  
0.9953  0.999009  0.5  0.5  0.5  0.5  0.5  0.5  0.5  0.5  0.5  0.5  
0.988527  0.999469  0.5  0.5  0.5  0.5  0.5  0.5  0.5  0.5  0.5  0.5  
0.99878  0.997879  0.5  0.5  0.5  0.5  0.5  0.5  0.5  0.5  0.5  0.5  
0.983058  0.999644  0.5  0.5  0.5  0.5  0.5  0.5  0.5  0.5  0.5  0.5  
0.997378  0.999146  0.5  0.5  0.5  0.5  0.5  0.5  0.5  0.5  0.5  0.5  
0.99247  0.999612  0.5  0.5  0.5  0.5  0.5  0.5  0.5  0.5  0.5  0.5  
0.999773  0.992202  0.5  0.5  0.5  0.5  0.5  0.5  0.5  0.5  0.5  0.5  
0.959043  0.999865  0.5  0.5  0.5  0.5  0.5  0.5  0.5  0.5  0.5  0.5  
0.993665  0.999806  0.5  0.5  0.5  0.5  0.5  0.5  0.5  0.5  0.5  0.5  
0.985373  0.999916  0.5  0.5  0.5  0.5  0.5  0.5  0.5  0.5  0.5  0.5  
0.998  1  0.5  0.5  0.5  0.5  0.5  0.5  0.5  0.5  0.5  0.5  
