1  0.604075  0.699477  0.702747  0.828223  0.793885  0.770115  0.87151  0.931432  0.932994  0.999992  0.975547  0.90839  0.997541  0.959169  0.997311  0.992637  0.97565  0.933762  0.932992  0.981361  0.871436  0.910577  0.7943  0.728874  0.703239  0.663193  0.603845  0.563952  0.500183  
0.981405  0.435066  0.487419  0.547403  0.587749  0.629144  0.690397  0.744801  0.78203  0.829557  0.858523  0.888411  0.929066  0.950444  0.967996  0.988075  0.998502  0.9998  0.999503  0.998859  0.982506  0.963797  0.942286  0.920429  0.887714  0.85457  0.807129  0.774728  0.716997  0.686212  
0.963234  0.26663  0.315444  0.369545  0.416826  0.472193  0.519417  0.574724  0.622941  0.663448  0.722647  0.75466  0.80703  0.864808  0.891461  0.930251  0.947393  0.983135  0.980998  0.976532  0.998657  0.994092  1  0.99597  0.967913  0.951973  0.924434  0.898885  0.857693  0.814869  
0.94489  0.122348  0.168567  0.211543  0.248822  0.294937  0.349537  0.390656  0.450722  0.476998  0.556265  0.611524  0.656083  0.698234  0.756584  0.801157  0.839748  0.873436  0.908612  0.950935  0.963362  0.983957  0.994747  0.999947  0.999931  0.99851  0.993009  0.98529  0.960744  0.942992  
0.925668  0.049412  0.0582383  0.0808277  0.116882  0.151112  0.18774  0.236132  0.280028  0.326273  0.376917  0.438625  0.47689  0.528449  0.586045  0.629693  0.682222  0.713484  0.776807  0.827051  0.860409  0.893531  0.920902  0.958233  0.969399  0.987939  0.99579  0.999862  0.998809  0.992278  
0.909015  8.40866e-07  0.0103215  0.0128923  0.0348047  0.045458  0.0844306  0.120676  0.152372  0.179116  0.232092  0.307335  0.332057  0.383076  0.430158  0.467171  0.535392  0.575678  0.633723  0.682284  0.733501  0.797334  0.81836  0.8721  0.894423  0.922526  0.954626  0.983907  0.990866  0.996231  
0.891009  0.00122542  0.00185562  0.00355953  2.20931e-06  0.000600082  0.0158283  0.0194534  0.0487011  0.0750204  0.104854  0.15177  0.183231  0.222197  0.270022  0.326008  0.361377  0.409493  0.466912  0.516795  0.574227  0.637932  0.670329  0.713394  0.773366  0.810777  0.844438  0.887454  0.921644  0.938394  
0.873384  0.0913388  0.0564047  0.0457628  0.0210778  0.00800587  0.00446654  0.00118742  0.00304949  0.0113009  0.0253302  0.056333  0.0683834  0.100343  0.133637  0.16912  0.217352  0.254611  0.308208  0.341562  0.406346  0.46046  0.509206  0.561738  0.613893  0.65732  0.712941  0.754488  0.80792  0.841296  
0.857456  0.179827  0.152049  0.123144  0.0837163  0.0509272  0.0333464  0.0188995  0.0028795  0.00105094  0.000310269  0.000286117  0.0100624  0.0229512  0.0525254  0.0736006  0.101256  0.143396  0.172349  0.214974  0.263033  0.326726  0.36514  0.413625  0.468023  0.521785  0.57158  0.626947  0.677931  0.730432  
0.841849  0.301888  0.270931  0.229339  0.182441  0.147789  0.113159  0.0718002  0.0524373  0.0149937  0.0106786  0.0107061  0.000117437  0.000601324  0.000491457  0.000101676  0.0349406  0.0479048  0.0842616  0.117319  0.144326  0.177324  0.230922  0.276118  0.319412  0.365059  0.426575  0.473215  0.527734  0.5774  
0.825751  0.458924  0.411688  0.371225  0.319917  0.264655  0.217918  0.183919  0.140326  0.109077  0.0782148  0.0501273  0.0271155  0.0118066  0.00293095  0.00533842  0.0030582  0.0053668  0.0132553  0.0326767  0.0521151  0.0676297  0.114  0.136263  0.190484  0.229465  0.283007  0.32472  0.379165  0.421131  
0.811198  0.600169  0.549738  0.497261  0.44931  0.404829  0.346479  0.285687  0.249129  0.197096  0.172332  0.130424  0.0923033  0.0734827  0.0451743  0.0123196  0.0100263  0.000393807  4.82436e-10  1.71662e-07  0.0111528  0.0112431  0.0444546  0.0446083  0.0996356  0.134013  0.165709  0.206012  0.24883  0.308964  
0.795295  0.743873  0.69387  0.645811  0.602151  0.551824  0.494638  0.437277  0.387421  0.332911  0.288027  0.24765  0.201496  0.157978  0.126147  0.0901328  0.0638426  0.0358061  0.0190853  0.00857066  0.00120076  5.75702e-08  0.00410908  0.0137869  0.00742246  0.0410339  0.0729327  0.110922  0.133615  0.16022  
0.781619  0.840882  0.807949  0.757681  0.719711  0.671345  0.619802  0.56194  0.514814  0.447534  0.41122  0.361919  0.314691  0.262672  0.219895  0.171882  0.137048  0.120496  0.0753186  0.045531  0.0298407  0.00754308  0.004241  0.00790278  0.000143795  0.000290054  0.0202697  0.0273072  0.0605363  0.0824168  
0.767016  0.930628  0.903526  0.867652  0.832457  0.794465  0.74389  0.680672  0.653512  0.608963  0.547808  0.497406  0.44623  0.409019  0.341445  0.280662  0.250726  0.199468  0.162056  0.127277  0.0930404  0.0529926  0.0413933  0.0203141  0.0104503  0.000157136  6.03765e-06  0.00158687  0.0112822  0.0174884  
0.753297  0.972103  0.96918  0.929019  0.91742  0.896613  0.851978  0.803342  0.766699  0.716926  0.674575  0.618767  0.575283  0.531857  0.468074  0.419538  0.369956  0.320406  0.273487  0.221385  0.183606  0.149493  0.106506  0.0664211  0.0517962  0.0326157  0.011343  0.00262224  5.35783e-05  0.00056781  
0.739336  0.997798  0.996875  0.987836  0.973803  0.975051  0.929587  0.907284  0.870924  0.83243  0.791647  0.752841  0.695668  0.647077  0.599872  0.545114  0.496188  0.430606  0.393622  0.340042  0.290907  0.23239  0.201607  0.152869  0.125109  0.0855233  0.0624362  0.0463395  0.0205461  0.011441  
0.72592  0.990331  0.995273  0.999614  0.999013  0.999615  0.976023  0.970601  0.941217  0.908288  0.882279  0.853557  0.812255  0.753995  0.720131  0.660384  0.621848  0.565651  0.520462  0.479788  0.413202  0.38103  0.312684  0.268466  0.223012  0.175238  0.141675  0.0978874  0.0732604  0.0476542  
0.712621  0.941788  0.961526  0.969094  0.989093  0.999102  0.99997  0.992588  0.985756  0.967107  0.953407  0.925289  0.894306  0.863235  0.824594  0.775458  0.742716  0.70604  0.639839  0.581752  0.540535  0.488141  0.42957  0.377464  0.332389  0.285925  0.23529  0.201767  0.155689  0.120316  
0.699492  0.88527  0.900929  0.93434  0.951119  0.98392  0.992332  0.992976  0.99988  0.996253  0.995044  0.979757  0.958035  0.941584  0.90649  0.87486  0.836593  0.795325  0.751165  0.702229  0.664654  0.615953  0.561414  0.516872  0.454085  0.395314  0.349683  0.300732  0.253804  0.213585  
0.686733  0.782857  0.815832  0.854662  0.882396  0.924869  0.951823  0.962855  0.984564  0.999998  0.999945  0.990267  0.994203  0.986626  0.965229  0.939671  0.91732  0.890861  0.844857  0.801351  0.772714  0.715197  0.671447  0.633802  0.570072  0.522012  0.470462  0.413057  0.362881  0.31094  
0.674091  0.676329  0.717686  0.762272  0.80276  0.852593  0.881228  0.916588  0.938256  0.968651  0.982317  0.99791  0.999726  0.99851  0.991244  0.990641  0.974697  0.958536  0.920399  0.894186  0.857882  0.824944  0.779978  0.736495  0.687072  0.64152  0.590272  0.538472  0.481633  0.43225  
0.662029  0.549648  0.610683  0.657561  0.709183  0.752936  0.80016  0.845828  0.878728  0.919557  0.937036  0.958645  0.978383  0.998258  0.99837  0.999968  0.999163  0.988096  0.971004  0.961459  0.927393  0.90519  0.866779  0.833464  0.782324  0.750106  0.699228  0.643464  0.593342  0.551361  
0.649847  0.452839  0.504978  0.555267  0.608268  0.652296  0.702913  0.754495  0.791326  0.834356  0.874819  0.906649  0.93435  0.9561  0.976992  0.999749  0.998594  0.999766  0.996686  0.999029  0.977018  0.955872  0.934174  0.900263  0.872132  0.833587  0.793716  0.750342  0.701863  0.658621  
0.638245  0.335878  0.393444  0.45131  0.493412  0.533628  0.597959  0.651339  0.70041  0.730895  0.786192  0.83225  0.867939  0.899698  0.931161  0.95607  0.974613  0.99983  0.996393  0.999999  0.999847  0.99238  0.97677  0.956973  0.935311  0.906147  0.87735  0.836797  0.80072  0.763681  
0.626477  0.238579  0.286487  0.338703  0.3821  0.45247  0.4846  0.539457  0.590871  0.64598  0.685803  0.745814  0.782865  0.825591  0.87002  0.900128  0.928672  0.946314  0.971585  0.987367  0.997997  0.999994  0.99982  0.999941  0.975808  0.961737  0.940493  0.906255  0.876694  0.849022  
0.615074  0.154965  0.196387  0.246087  0.284768  0.322511  0.382001  0.42388  0.485124  0.535082  0.590556  0.649373  0.688743  0.742134  0.787859  0.824843  0.863262  0.890109  0.928949  0.952436  0.972628  0.971675  0.995588  0.999945  0.998298  0.99413  0.979666  0.959379  0.942379  0.915837  
0.603767  0.0860218  0.117071  0.155452  0.190816  0.230512  0.281739  0.328972  0.378729  0.433487  0.480775  0.539372  0.587889  0.634557  0.689152  0.736101  0.781132  0.818267  0.858587  0.894392  0.923432  0.952062  0.969052  0.985647  0.995639  0.99993  0.999068  0.994218  0.980432  0.965767  
0.592605  0.0408775  0.0568256  0.0879113  0.118386  0.15213  0.191138  0.236708  0.280967  0.323504  0.377036  0.436323  0.484037  0.534382  0.58652  0.642034  0.686375  0.733351  0.775624  0.81837  0.857976  0.88748  0.921855  0.940296  0.969056  0.978514  0.996315  0.999515  0.998005  0.999841  
0.581663  0.00858953  0.0201675  0.0358944  0.0592661  0.0883528  0.120656  0.161869  0.197633  0.245437  0.283787  0.33546  0.387616  0.431147  0.4873  0.54573  0.593608  0.640953  0.688539  0.738445  0.78311  0.822722  0.863699  0.894335  0.929031  0.95049  0.973321  0.989304  0.995853  0.999973  
0.570866  0.000100793  0.00257979  0.00697112  0.0216679  0.0381931  0.0598335  0.0896753  0.122932  0.158982  0.196581  0.24155  0.288196  0.335316  0.384642  0.444101  0.488214  0.535481  0.588853  0.640541  0.691984  0.736054  0.784881  0.817322  0.865082  0.895249  0.928173  0.949552  0.973222  0.984251  
0.560246  0.01598  0.00377351  0.00205971  0.00171482  0.015516  0.0210831  0.0432592  0.062727  0.0920642  0.122922  0.160372  0.201415  0.238491  0.28997  0.339874  0.384254  0.43497  0.486138  0.541545  0.590988  0.641207  0.69214  0.74714  0.789618  0.82658  0.858988  0.900497  0.928333  0.951576  
0.549786  0.0413334  0.02688  0.0124223  0.00306749  0.00101601  0.00201997  0.0171031  0.0253581  0.04464  0.0671255  0.0966075  0.130223  0.170285  0.208486  0.256735  0.295965  0.341194  0.393781  0.442579  0.499899  0.545598  0.605248  0.646026  0.69713  0.74825  0.793638  0.833802  0.875696  0.903954  
0.539503  0.0938565  0.0634495  0.0406498  0.0210395  0.0154635  0.00202604  0.00232671  0.00248498  0.0126098  0.027583  0.0455756  0.0716699  0.0948008  0.134743  0.168772  0.20911  0.259616  0.299805  0.346925  0.398789  0.456399  0.504432  0.568033  0.612356  0.658726  0.704252  0.758526  0.799773  0.839381  
0.52938  0.155854  0.121932  0.0885807  0.0603171  0.038088  0.0217193  0.00781031  0.00244795  7.29187e-05  0.00590282  0.0119561  0.0287056  0.0479352  0.0741887  0.101897  0.137927  0.184773  0.216185  0.251301  0.307585  0.366438  0.409465  0.459107  0.510556  0.559541  0.618701  0.66561  0.716102  0.75986  
0.51931  0.22726  0.186144  0.149297  0.110572  0.0732125  0.0545161  0.036568  0.0149651  0.0042904  0.000959777  0.000496414  0.00673754  0.0125477  0.0343582  0.0496616  0.0795513  0.113176  0.143584  0.181554  0.225271  0.283168  0.320392  0.370234  0.423707  0.47182  0.523452  0.583922  0.63106  0.682375  
0.5094  0.310947  0.265497  0.217424  0.176157  0.139139  0.107  0.0783864  0.0502813  0.0253188  0.0152323  0.00334488  0.000358555  0.000858143  0.00747178  0.0185209  0.036847  0.0627871  0.0841567  0.111838  0.152789  0.199136  0.237168  0.270594  0.329448  0.374438  0.432037  0.484595  0.538269  0.589942  
0.499642  0.401586  0.350216  0.302751  0.254762  0.205252  0.167866  0.134388  0.097988  0.0663713  0.0457626  0.0307969  0.0119524  0.00281545  3.51081e-05  0.000967431  0.0100328  0.0156246  0.0421557  0.0623977  0.0946244  0.114786  0.162083  0.199504  0.249125  0.290899  0.341658  0.393487  0.446146  0.494996  
0.489997  0.484707  0.435651  0.380736  0.331591  0.286749  0.240706  0.196733  0.154905  0.112492  0.0881076  0.0601847  0.0385954  0.0181485  0.00682536  0.000574148  0.00010862  0.00273166  0.0123427  0.0166501  0.0478863  0.0756632  0.104873  0.124398  0.173355  0.217166  0.260453  0.308926  0.35964  0.409444  
0.480506  0.575479  0.528587  0.476493  0.421762  0.378213  0.321111  0.27289  0.224636  0.179313  0.146522  0.118562  0.0829158  0.0482285  0.0325788  0.0159763  0.00566472  7.78389e-05  0.000105956  1.1396e-06  0.0170133  0.0285709  0.0548972  0.0767627  0.111603  0.158612  0.18647  0.232517  0.27377  0.319987  
0.471124  0.669251  0.614887  0.560366  0.512262  0.458569  0.406865  0.348337  0.30683  0.257894  0.213946  0.162311  0.13324  0.102195  0.0723269  0.0551574  0.0272527  0.0214875  0.00229099  0.00044129  0.00144994  0.0021585  0.0223981  0.0384037  0.0616639  0.098458  0.121879  0.150563  0.198322  0.239978  
0.461808  0.741504  0.698037  0.649395  0.596824  0.549479  0.492231  0.437871  0.386263  0.333004  0.288673  0.255887  0.201822  0.158298  0.125659  0.0901478  0.0625568  0.0440839  0.0225076  0.00364542  0.00104979  8.38605e-05  0.00366764  0.00651823  0.0266509  0.0479304  0.0706032  0.110854  0.134016  0.167676  
0.452598  0.817595  0.773386  0.719509  0.681015  0.633634  0.579291  0.525586  0.477002  0.417601  0.371715  0.315786  0.271255  0.216144  0.186678  0.137574  0.111743  0.0768196  0.0558976  0.0395041  0.0174558  0.00855523  0.000114661  0.000656919  0.00384694  0.0176014  0.0327676  0.052279  0.0807279  0.106522  
0.44345  0.873083  0.840715  0.803848  0.759292  0.717561  0.66523  0.595512  0.564853  0.507449  0.457372  0.406142  0.354595  0.306706  0.260362  0.210093  0.17336  0.132342  0.101122  0.0702235  0.0457507  0.0301511  0.0137576  0.00193402  2.43029e-05  0.000174873  0.00953976  0.0195783  0.0396127  0.0524054  
0.434443  0.926515  0.895426  0.851678  0.825389  0.786654  0.739126  0.687278  0.646289  0.594149  0.543399  0.492471  0.43896  0.384392  0.335422  0.289792  0.239108  0.18702  0.156565  0.132954  0.0896986  0.066513  0.0391213  0.0248816  0.00835528  0.00101437  5.74191e-06  0.000740884  0.0132853  0.0241484  
0.425499  0.965125  0.942446  0.913776  0.885297  0.853938  0.812346  0.752082  0.723909  0.676386  0.624044  0.577317  0.523018  0.476531  0.418903  0.365415  0.316632  0.268075  0.225296  0.178598  0.14369  0.110047  0.0769343  0.0540314  0.0313834  0.0110901  0.00533391  0.00232148  0.000921125  0.00313457  
0.416635  0.987756  0.975254  0.957199  0.933015  0.900335  0.873142  0.824044  0.794526  0.750143  0.703306  0.659344  0.606443  0.555606  0.500811  0.450113  0.398939  0.342624  0.299731  0.25105  0.209895  0.159348  0.12776  0.090763  0.0654114  0.0467465  0.0244496  0.0165682  0.000506642  0.00398273  
0.407898  0.998733  0.994313  0.984561  0.967363  0.945433  0.918506  0.877949  0.855019  0.81539  0.773178  0.736014  0.680649  0.641292  0.581956  0.530809  0.479171  0.433071  0.374844  0.321981  0.276976  0.233121  0.188756  0.148247  0.114587  0.0836645  0.0565528  0.0402699  0.0162198  0.00431624  
0.399198  0.997503  0.999998  0.997633  0.990615  0.982011  0.959413  0.936025  0.90812  0.876807  0.8394  0.804529  0.758482  0.715082  0.660028  0.614745  0.561829  0.510182  0.456899  0.398404  0.354151  0.301606  0.254833  0.214093  0.171594  0.138006  0.100331  0.0590761  0.0428627  0.0270465  
0.390625  0.981319  0.992128  0.999734  0.999787  0.998489  0.984887  0.972004  0.951099  0.928897  0.896234  0.856558  0.824164  0.787421  0.737338  0.68194  0.642411  0.591946  0.538487  0.483601  0.432983  0.375381  0.330476  0.274927  0.237499  0.198144  0.157097  0.114605  0.0856332  0.0598473  
0.382129  0.957577  0.972103  0.98984  0.99496  0.999805  0.999127  0.995824  0.980891  0.959911  0.939097  0.91008  0.881748  0.843353  0.801947  0.763589  0.715037  0.664807  0.615054  0.559172  0.511092  0.457933  0.404772  0.361177  0.306608  0.2625  0.214735  0.175243  0.13059  0.098318  
0.373745  0.917953  0.940475  0.958829  0.979887  0.996989  0.997581  0.999024  0.996413  0.990428  0.971966  0.952192  0.926589  0.897698  0.861673  0.82745  0.783286  0.736224  0.688865  0.638897  0.588185  0.532696  0.484678  0.423055  0.381427  0.333134  0.285338  0.232502  0.193903  0.150991  
0.365439  0.860143  0.896867  0.928646  0.954057  0.978854  0.985696  0.997359  0.999779  0.998661  0.990866  0.975486  0.962177  0.935638  0.911435  0.880288  0.843579  0.798739  0.759437  0.708996  0.664149  0.625468  0.563236  0.51035  0.460362  0.407987  0.358289  0.304532  0.258075  0.211283  
0.357191  0.807274  0.845851  0.884614  0.913943  0.946355  0.962692  0.985225  0.990984  0.99887  0.999966  0.996436  0.985925  0.968291  0.949921  0.929003  0.893688  0.860651  0.822511  0.782178  0.735094  0.696074  0.641469  0.59133  0.536794  0.480096  0.434097  0.368969  0.32973  0.287592  
0.349028  0.73718  0.787715  0.83009  0.868946  0.90738  0.929877  0.958593  0.97252  0.984487  0.995434  0.993048  0.998301  0.984337  0.977894  0.960974  0.937234  0.902248  0.875749  0.836096  0.798496  0.770371  0.710312  0.666611  0.612128  0.560963  0.507579  0.450207  0.401034  0.352789  
0.340923  0.672027  0.722172  0.761717  0.809666  0.854042  0.885944  0.921492  0.941897  0.962078  0.981103  0.987316  0.998837  0.995097  0.99459  0.988821  0.970598  0.943241  0.921488  0.893097  0.85688  0.822503  0.778829  0.735576  0.68496  0.639086  0.583919  0.5211  0.479821  0.434003  
0.3329  0.59317  0.650086  0.709041  0.745989  0.791812  0.831691  0.870159  0.900637  0.924315  0.954782  0.992136  0.987907  0.997121  0.999653  0.999043  0.990022  0.973339  0.958633  0.935729  0.907207  0.877211  0.837573  0.798585  0.755555  0.721312  0.658045  0.610132  0.555755  0.5051  
0.324883  0.526234  0.578254  0.6449  0.675562  0.72359  0.770326  0.81128  0.849584  0.886808  0.917737  0.937503  0.967226  0.98047  0.994599  0.99995  0.999609  0.995479  0.981827  0.95721  0.945754  0.917713  0.889214  0.854188  0.815474  0.78165  0.728715  0.688175  0.631592  0.577859  
0.316952  0.448869  0.50377  0.572438  0.607428  0.656839  0.706331  0.751426  0.796328  0.831474  0.874527  0.905097  0.934875  0.955672  0.975927  0.990317  0.997117  0.998942  0.997524  0.988034  0.975052  0.955356  0.930666  0.901459  0.870952  0.841929  0.790432  0.757337  0.700779  0.64603  
0.309027  0.383425  0.429539  0.488511  0.532545  0.584096  0.635225  0.689279  0.733278  0.78766  0.820592  0.85466  0.892773  0.923458  0.947925  0.97137  0.984788  0.994446  0.999942  0.997708  0.992569  0.985529  0.965014  0.941325  0.915753  0.880319  0.848693  0.815509  0.766433  0.715864  
0.301181  0.318119  0.35439  0.402635  0.461409  0.50558  0.562651  0.616451  0.665125  0.702479  0.760788  0.804225  0.842435  0.879393  0.911016  0.937333  0.960407  0.973255  0.991977  0.995589  0.999847  0.996029  0.988026  0.972086  0.952563  0.929335  0.89834  0.864687  0.824801  0.784096  
0.293363  0.249721  0.289299  0.338466  0.386001  0.435595  0.490194  0.54414  0.593189  0.64962  0.695339  0.740756  0.786199  0.829068  0.865322  0.901797  0.927858  0.954575  0.972046  0.987439  0.995315  0.998419  0.998962  0.989723  0.977709  0.951339  0.937647  0.911603  0.87633  0.837707  
0.285624  0.181461  0.22329  0.272347  0.31434  0.359837  0.416269  0.471651  0.520068  0.577924  0.62402  0.67729  0.721727  0.766893  0.810719  0.838587  0.883256  0.9192  0.943075  0.967496  0.980545  0.994609  0.998561  0.998256  0.994862  0.983967  0.96834  0.949525  0.920573  0.889717  
0.277925  0.129594  0.167588  0.205557  0.248518  0.291153  0.346909  0.395769  0.450099  0.500722  0.553493  0.611397  0.65486  0.698937  0.751247  0.797523  0.835703  0.869381  0.906536  0.935187  0.958247  0.981878  0.990752  0.998031  0.999405  0.996305  0.988624  0.972979  0.9555  0.930737  
0.270285  0.0860218  0.117071  0.155452  0.190664  0.230512  0.280425  0.328972  0.378729  0.433487  0.480775  0.539372  0.587889  0.634557  0.686484  0.736101  0.780123  0.818267  0.858587  0.894392  0.923432  0.952062  0.969052  0.985647  0.995639  0.999908  0.999068  0.988185  0.980432  0.964341  
0.262684  0.0487781  0.0771645  0.106506  0.137339  0.17231  0.218692  0.259267  0.310897  0.362686  0.410082  0.464919  0.518665  0.564396  0.618556  0.672054  0.720351  0.762338  0.806447  0.846219  0.883557  0.912134  0.940748  0.964505  0.980473  0.993663  0.998729  0.999976  0.996048  0.9884  
0.255137  0.0234662  0.0426231  0.0701243  0.0924694  0.126738  0.163411  0.204818  0.247559  0.2996  0.34194  0.397035  0.446481  0.49741  0.550205  0.601753  0.65199  0.69996  0.746097  0.792968  0.833068  0.868881  0.901706  0.93133  0.956486  0.97324  0.988435  0.995693  0.999441  0.997997  
0.24763  0.00834302  0.0186916  0.0368777  0.0580974  0.0836056  0.112881  0.147461  0.18776  0.232948  0.275823  0.326723  0.374847  0.424644  0.478689  0.528825  0.581463  0.632767  0.681557  0.732339  0.77752  0.815515  0.85606  0.889396  0.921098  0.945908  0.967359  0.987995  0.993518  0.998049  
0.240154  0.000452746  0.00436772  0.0167479  0.0304758  0.0496484  0.0737841  0.10342  0.137249  0.178501  0.217611  0.265068  0.309648  0.360949  0.410494  0.459913  0.514184  0.55991  0.616093  0.669189  0.71793  0.759271  0.804015  0.843732  0.880761  0.910443  0.939874  0.963999  0.979176  0.989236  
0.232717  0.00379996  0.0020528  0.00300179  0.0103944  0.0240654  0.0392477  0.0634462  0.0913775  0.126039  0.161147  0.202242  0.244982  0.290849  0.339186  0.391637  0.441035  0.491955  0.54563  0.598799  0.650468  0.697538  0.745186  0.787019  0.828888  0.866604  0.901719  0.930233  0.954122  0.971396  
0.225311  0.0162816  0.00559037  0.00175893  3.26997e-05  0.00648694  0.0162279  0.029822  0.0537871  0.0819976  0.113077  0.148425  0.186759  0.230132  0.275238  0.320548  0.372986  0.425129  0.474522  0.528028  0.580371  0.629303  0.680048  0.72772  0.772133  0.817418  0.856752  0.892182  0.923532  0.944504  
0.217939  0.0383767  0.0222547  0.00833501  0.00182058  0.000487628  0.0025404  0.0127697  0.0276425  0.0485773  0.0731603  0.101698  0.136439  0.173392  0.215062  0.261726  0.305991  0.357431  0.407587  0.459115  0.512526  0.564904  0.615926  0.666523  0.712118  0.761931  0.804129  0.842047  0.880661  0.910381  
0.210598  0.0696063  0.0447714  0.0274144  0.0120548  0.00249291  0.00016657  0.00206734  0.00977872  0.0235785  0.0416371  0.0639798  0.0925614  0.126035  0.162246  0.202293  0.244095  0.290862  0.340007  0.389822  0.442046  0.494002  0.545494  0.602741  0.647221  0.701098  0.744694  0.790285  0.832254  0.867207  
0.203281  0.108907  0.0778242  0.0507331  0.0313394  0.0144165  0.00483329  0.00127589  0.000584216  0.00767433  0.0191789  0.0372185  0.0577183  0.0843123  0.116111  0.153273  0.188235  0.231648  0.279421  0.325717  0.377407  0.429003  0.480605  0.53177  0.583079  0.637758  0.685125  0.732819  0.777713  0.82011  
0.195994  0.152026  0.116491  0.086555  0.0592779  0.0341876  0.0208556  0.00881763  0.00174254  0.00108858  0.00511477  0.0144921  0.0293178  0.0515613  0.076365  0.106398  0.137537  0.174127  0.218228  0.261233  0.310133  0.35965  0.409407  0.462238  0.514054  0.569136  0.618744  0.668739  0.718364  0.76389  
0.188732  0.203217  0.165694  0.126616  0.0962668  0.0638771  0.0439185  0.0262703  0.0115701  0.00359739  0.000115679  0.00272242  0.00995199  0.0244439  0.0432997  0.0699355  0.092875  0.12396  0.164029  0.201936  0.2487  0.296199  0.343752  0.385518  0.445785  0.498009  0.552229  0.604273  0.652881  0.703747  
0.181482  0.270492  0.217804  0.178456  0.137213  0.0981347  0.0771959  0.0436418  0.0298932  0.00700847  0.00513648  0.000472453  0.00152272  0.0100023  0.0191545  0.0362068  0.0575284  0.0818752  0.117752  0.152147  0.191666  0.240158  0.279335  0.330182  0.379717  0.435652  0.482919  0.532524  0.58583  0.63755  
0.174253  0.327326  0.278753  0.230773  0.189898  0.149218  0.116298  0.079558  0.0579016  0.0334792  0.0183673  3.96081e-05  0.00148599  0.00172467  0.00521743  0.0205366  0.0306614  0.0500513  0.0777643  0.10788  0.14203  0.180066  0.222615  0.272016  0.314351  0.362188  0.416822  0.469174  0.518818  0.572183  
0.167031  0.398431  0.343666  0.293876  0.246492  0.20383  0.163535  0.123231  0.0935817  0.064043  0.0421755  0.0198715  0.0117187  0.00390368  0.000312114  0.0070442  0.0110523  0.0280165  0.0452269  0.0652208  0.0977451  0.12072  0.168192  0.207244  0.251523  0.297777  0.349961  0.393784  0.450251  0.499762  
0.15981  0.460283  0.407906  0.355421  0.305603  0.261936  0.21396  0.163559  0.136136  0.102751  0.072225  0.0472131  0.0296232  0.014511  0.00441682  0.00402746  0.00250065  0.0110599  0.0221047  0.0396047  0.0628391  0.0844679  0.123067  0.163429  0.196635  0.236017  0.287896  0.328493  0.385228  0.438413  
0.152596  0.535277  0.47611  0.427261  0.371925  0.323572  0.273833  0.225622  0.186361  0.142907  0.112852  0.0810949  0.0574918  0.0355749  0.0175532  0.00724119  0.00187719  0.00207894  0.00642061  0.0153544  0.0332839  0.0489629  0.0802397  0.113007  0.144285  0.183332  0.22805  0.262565  0.31865  0.368196  
0.145381  0.601017  0.543642  0.497543  0.440764  0.388702  0.336893  0.28434  0.243461  0.191206  0.15972  0.122486  0.0930322  0.0650671  0.0407222  0.0209305  0.0123112  0.00103681  0.000151769  0.00814783  0.0131075  0.0365517  0.0467108  0.0835417  0.0998743  0.133298  0.172998  0.206737  0.255616  0.309051  
0.138159  0.668228  0.608669  0.565179  0.506513  0.455233  0.401193  0.34942  0.301119  0.248283  0.211083  0.168859  0.134108  0.0989554  0.0698892  0.0408958  0.0281079  0.0120508  0.00314267  0.000888539  0.00214884  0.0128608  0.0221024  0.0465049  0.0634112  0.0938591  0.126528  0.15231  0.200826  0.246621  
0.130936  0.726187  0.673025  0.631257  0.57478  0.52526  0.46868  0.411155  0.365652  0.313503  0.268687  0.222741  0.182855  0.141272  0.109089  0.0713368  0.0549621  0.0310036  0.0155488  0.0106728  0.000569055  0.0122636  0.00679223  0.0304243  0.0348871  0.0570713  0.0848534  0.107982  0.149581  0.195262  
0.123705  0.785617  0.734877  0.694688  0.63926  0.596688  0.537407  0.479252  0.430743  0.379564  0.330786  0.281603  0.237138  0.187984  0.154286  0.113775  0.087518  0.0634429  0.0372146  0.0204045  0.00820702  0.000386768  0.000402466  0.00677222  0.0143105  0.0308783  0.0517601  0.0573732  0.106579  0.14062  
0.116462  0.837871  0.796034  0.748868  0.706085  0.663434  0.60607  0.546927  0.500792  0.444997  0.399403  0.345783  0.29599  0.248009  0.20698  0.161009  0.12893  0.0981603  0.0667178  0.0494603  0.0247448  0.0124522  0.00311952  1.17911e-05  0.000661524  0.0128503  0.0256766  0.0444901  0.0645229  0.101965  
0.10921  0.880804  0.84661  0.807802  0.768435  0.727926  0.675739  0.610053  0.571329  0.517488  0.466102  0.415026  0.360204  0.313461  0.265571  0.226673  0.177413  0.147609  0.105372  0.0791514  0.0507075  0.0293471  0.0148399  0.00676919  0.00321008  0.00605374  0.0083173  0.025666  0.0368684  0.0595678  
0.101918  0.919206  0.894752  0.853119  0.822828  0.786838  0.735828  0.680961  0.636425  0.581312  0.534708  0.481741  0.424772  0.377715  0.326417  0.279751  0.233695  0.195363  0.14988  0.121289  0.0840144  0.0632481  0.0353031  0.01324  0.00558755  0.00443785  0.000912688  0.0172106  0.0126236  0.0382714  
0.0946179  0.948287  0.932313  0.903189  0.872746  0.843496  0.796922  0.747322  0.702008  0.652194  0.601397  0.553521  0.494702  0.447396  0.393159  0.351259  0.297049  0.257848  0.203539  0.164062  0.126746  0.101978  0.0647697  0.0332286  0.0241625  0.0140534  0.00223221  0.00281419  0.00278052  0.0132327  
0.087277  0.976961  0.963527  0.943866  0.914707  0.892829  0.848437  0.809742  0.760825  0.714408  0.669994  0.622772  0.564984  0.515879  0.462157  0.41779  0.358191  0.318638  0.263051  0.219281  0.176426  0.13077  0.103039  0.0762205  0.0517619  0.0288496  0.0135064  0.000120823  0.000869467  0.00929461  
0.0798854  0.98808  0.983579  0.969364  0.948967  0.929856  0.89458  0.861567  0.817272  0.776359  0.73032  0.689661  0.631946  0.583804  0.529809  0.48723  0.428327  0.38458  0.32449  0.27409  0.23134  0.192456  0.148584  0.10904  0.0861541  0.0565642  0.0346259  0.0123975  0.00825328  0.00467881  
0.0724528  0.998792  0.997285  0.985469  0.975269  0.959558  0.931143  0.909451  0.866952  0.829643  0.792555  0.754023  0.699261  0.650532  0.599717  0.551695  0.496252  0.448827  0.391783  0.341345  0.293201  0.244204  0.202932  0.164862  0.129571  0.0894595  0.0657002  0.0363772  0.0235691  0.0211637  
0.0649394  0.989508  0.999534  0.996452  0.990604  0.981485  0.962289  0.94097  0.911934  0.882642  0.842669  0.809217  0.761413  0.719091  0.665694  0.622506  0.567139  0.516404  0.462237  0.409279  0.359979  0.314701  0.261314  0.213382  0.178209  0.13735  0.103208  0.0704785  0.0503645  0.0285515  
0.057385  0.979819  0.995438  0.998042  0.997981  0.996089  0.983854  0.968549  0.950148  0.926972  0.894692  0.861884  0.823919  0.786452  0.733927  0.688341  0.635814  0.582285  0.538543  0.48966  0.434233  0.375259  0.328499  0.284905  0.235872  0.190421  0.150671  0.116283  0.0850918  0.0570401  
0.0497089  0.956493  0.978067  0.994543  0.998542  0.999355  0.996709  0.989241  0.970178  0.960813  0.935774  0.911577  0.873347  0.839012  0.794815  0.752267  0.705415  0.65354  0.604679  0.555094  0.502724  0.451824  0.39775  0.347173  0.301973  0.249841  0.209304  0.165781  0.126111  0.0963855  
0.0419315  0.921927  0.952219  0.967259  0.987355  0.997445  0.999685  0.99997  0.999531  0.982959  0.970159  0.9471  0.920952  0.890033  0.852545  0.812332  0.775605  0.726768  0.679224  0.627391  0.577082  0.525437  0.467996  0.417381  0.369701  0.318229  0.271418  0.222604  0.180048  0.144246  
0.0340086  0.877337  0.900803  0.932162  0.964446  0.981424  0.991925  0.999003  0.999913  0.99968  0.988364  0.977087  0.959731  0.927151  0.896372  0.862938  0.833397  0.785162  0.743843  0.69504  0.647981  0.597259  0.541906  0.491157  0.442655  0.389294  0.339238  0.29178  0.236351  0.199918  
0.0259844  0.821507  0.862671  0.898453  0.929789  0.950519  0.978255  0.988073  0.995697  0.999792  0.999922  0.992156  0.978491  0.96273  0.937042  0.915344  0.890633  0.845529  0.809967  0.761283  0.718398  0.670764  0.616812  0.567416  0.517235  0.462557  0.410538  0.362496  0.307811  0.264104  
0.0177641  0.753775  0.805438  0.842456  0.88172  0.910119  0.940018  0.960095  0.979554  0.994759  0.999897  0.999994  0.999983  0.994223  0.975717  0.957972  0.925263  0.904193  0.866918  0.821695  0.790422  0.737005  0.69816  0.637794  0.597903  0.539595  0.489285  0.433671  0.383344  0.333752  
0.00890897  0.680934  0.726037  0.781408  0.825555  0.850797  0.89125  0.924107  0.95592  0.979905  0.999992  1  0.999543  0.997806  0.989948  0.993301  0.971762  0.944646  0.92133  0.884288  0.857935  0.812511  0.773217  0.723164  0.682709  0.620633  0.57188  0.527237  0.467248  0.418279  
