1 4.35984e-17 
6.12323e-17 1 
0.866081 0.499903 
0.859546 0.511059 
0.852916 0.522049 
0.846191 0.53288 
0.872521 0.488576 
0.839374 0.543555 
0.832464 0.55408 
0.878859 0.477083 
0.885096 0.465409 
0.825461 0.56446 
0.891237 0.453539 
0.818369 0.574693 
0.897273 0.441476 
0.811185 0.58479 
0.903206 0.429208 
0.909036 0.416718 
0.803914 0.594746 
0.914757 0.404004 
0.920372 0.391044 
0.925877 0.377826 
0.931271 0.364328 
0.936551 0.350532 
0.781562 0.623828 
0.773927 0.633275 
0.766201 0.642601 
0.941713 0.336416 
0.758383 0.651809 
0.946751 0.321966 
0.951665 0.307137 
0.956451 0.291893 
0.961103 0.27619 
0.75048 0.660893 
0.965615 0.259975 
0.742489 0.669859 
0.969982 0.243178 
0.734404 0.678712 
0.974192 0.22572 
0.726224 0.687458 
0.717954 0.696091 
0.978238 0.207488 
0.376245 0.92652 
0.362792 0.93187 
0.402318 0.9155 
0.389414 0.921063 
0.709584 0.704621 
0.414979 0.909831 
0.427402 0.904062 
0.349044 0.937106 
0.982106 0.188327 
0.439605 0.898191 
0.334978 0.942226 
0.320564 0.947227 
0.701128 0.713035 
0.451591 0.892225 
0.474965 0.880004 
0.463374 0.886163 
0.305772 0.952105 
0.486376 0.873749 
0.692572 0.721349 
0.497608 0.867402 
0.290567 0.956855 
0.98578 0.168043 
0.683923 0.729554 
0.508666 0.860964 
0.675173 0.73766 
0.274911 0.96147 
0.666316 0.745669 
0.258744 0.965946 
0.540855 0.841116 
0.519553 0.854438 
0.530276 0.847825 
0.657355 0.753581 
0.242 0.970276 
0.551285 0.834317 
0.989239 0.146312 
0.648297 0.761388 
0.629859 0.776709 
0.620462 0.784236 
0.561566 0.827432 
0.571703 0.820461 
0.639133 0.769096 
0.224597 0.974452 
0.581711 0.813396 
0.591584 0.806243 
0.610957 0.791664 
0.601333 0.798999 
0.206435 0.97846 
0.187352 0.982293 
0.992454 0.12262 
0.167148 0.985932 
0.145517 0.989356 
0.995381 0.0960021 
0.121946 0.992537 
0.0954726 0.995432 
0.997949 0.0640217 
0.0636655 0.997971 
0.789101 0.614264 
0.796552 0.60457 
