4.32978e-17 4.32978e-17 1 
0.707107 0.707107 0 
0.313757 0.313757 0.896166 
0.322352 0.322352 0.890044 
0.30501 0.30501 0.902185 
0.296108 0.296108 0.908097 
0.330801 0.330801 0.883822 
0.287042 0.287042 0.9139 
0.339104 0.339104 0.877506 
0.277802 0.277802 0.919593 
0.347278 0.347278 0.871089 
0.268373 0.268373 0.925177 
0.355319 0.355319 0.864579 
0.363239 0.363239 0.857971 
0.258753 0.258753 0.930642 
0.371036 0.371036 0.851273 
0.378719 0.378719 0.844478 
0.248926 0.248926 0.935987 
0.386287 0.386287 0.837595 
0.238876 0.238876 0.94121 
0.228578 0.228578 0.946311 
0.393747 0.393747 0.830618 
0.401097 0.401097 0.823555 
0.218013 0.218013 0.951284 
0.207156 0.207156 0.956124 
0.408353 0.408353 0.816392 
0.19596 0.19596 0.960833 
0.4155 0.4155 0.809147 
0.184425 0.184425 0.965389 
0.42255 0.42255 0.801812 
0.172477 0.172477 0.969796 
0.429496 0.429496 0.794397 
0.436353 0.436353 0.786888 
0.160058 0.160058 0.974045 
0.443117 0.443117 0.779291 
0.449792 0.449792 0.771605 
0.456388 0.456388 0.76382 
0.147099 0.147099 0.978123 
0.46289 0.46289 0.755953 
0.469314 0.469314 0.74799 
0.133498 0.133498 0.982017 
0.47565 0.47565 0.739942 
0.1191 0.1191 0.985713 
0.481904 0.481904 0.731804 
0.488064 0.488064 0.723593 
0.103679 0.103679 0.989192 
0.494156 0.494156 0.715275 
0.511957 0.511957 0.689783 
0.500162 0.500162 0.706877 
0.506097 0.506097 0.698377 
0.51776 0.51776 0.681064 
0.0868807 0.0868807 0.992423 
0.523468 0.523468 0.672282 
0.529111 0.529111 0.663388 
0.534677 0.534677 0.654401 
0.540177 0.540177 0.645305 
0.545596 0.545596 0.636122 
0.550945 0.550945 0.626833 
0.55623 0.55623 0.617427 
0.561449 0.561449 0.607907 
0.679948 0.679948 0.274486 
0.566597 0.566597 0.598278 
0.683095 0.683095 0.258383 
0.0680148 0.0680148 0.995363 
0.689073 0.689073 0.2244 
0.67338 0.67338 0.305152 
0.676709 0.676709 0.29005 
0.686136 0.686136 0.241733 
0.669962 0.669962 0.319845 
0.571678 0.571678 0.58853 
0.691896 0.691896 0.206298 
0.666463 0.666463 0.334147 
0.662883 0.662883 0.348099 
0.694595 0.694595 0.187281 
0.697162 0.697162 0.167121 
0.659223 0.659223 0.361731 
0.576687 0.576687 0.578675 
0.655491 0.655491 0.37505 
0.581627 0.581627 0.568701 
0.651684 0.651684 0.388092 
0.5865 0.5865 0.558602 
0.699581 0.699581 0.145505 
0.591309 0.591309 0.548368 
0.647808 0.647808 0.400861 
0.639848 0.639848 0.425663 
0.59605 0.59605 0.538005 
0.643863 0.643863 0.413376 
0.63576 0.63576 0.437741 
0.609878 0.609878 0.506061 
0.631612 0.631612 0.449592 
0.614356 0.614356 0.495109 
0.618769 0.618769 0.483993 
0.627397 0.627397 0.461244 
0.623117 0.623117 0.472707 
0.701829 0.701829 0.121951 
0.703876 0.703876 0.0954834 
0.0453436 0.0453436 0.997942 
0.705671 0.705671 0.0636911 
0.600726 0.600726 0.527501 
0.605335 0.605335 0.516854 
