6.12323e-17 0 1 
1 0 0 
0.963593 0 0.267375 
0.976932 0 0.213552 
0.958826 0 0.283993 
0.972651 0 0.23227 
0.968206 0 0.250156 
0.981026 0 0.193875 
0.953917 0 0.300072 
0.984916 0 0.173034 
0.948873 0 0.315657 
0.988582 0 0.150681 
0.9437 0 0.330802 
0.938408 0 0.345529 
0.932998 0 0.359882 
0.927465 0 0.373909 
0.991992 0 0.126304 
0.921825 0 0.387607 
0.916073 0 0.401012 
0.910218 0 0.414128 
0.904267 0 0.426968 
0.898211 0 0.439565 
0.892056 0 0.451925 
0.995099 0 0.0988868 
0.885795 0 0.464076 
0.879457 0 0.475977 
0.873021 0 0.487683 
0.866492 0 0.49919 
0.859865 0 0.510521 
0.853166 0 0.52164 
0.846375 0 0.532587 
0.8395 0 0.543359 
0.82553 0 0.564358 
0.83257 0 0.55392 
0.818391 0 0.574662 
0.811198 0 0.584772 
0.803914 0 0.594745 
0.796546 0 0.604577 
0.789084 0 0.614285 
0.781551 0 0.623842 
0.773935 0 0.633265 
0.766234 0 0.642562 
0.758447 0 0.651735 
0.750574 0 0.660787 
0.742624 0 0.669709 
0.734566 0 0.678537 
0.726443 0 0.687227 
0.718228 0 0.695808 
0.709925 0 0.704277 
0.70154 0 0.71263 
0.693056 0 0.720884 
0.68449 0 0.729022 
0.675807 0 0.737079 
0.667053 0 0.74501 
0.658201 0 0.752842 
0.649251 0 0.760574 
0.631067 0 0.775728 
0.621805 0 0.783172 
0.640215 0 0.768196 
0.612431 0 0.790524 
0.602955 0 0.797775 
0.444906 0 0.895577 
0.43304 0 0.901375 
0.593376 0 0.804926 
0.420972 0 0.907073 
0.456572 0 0.889687 
0.408685 0 0.912676 
0.468047 0 0.883703 
0.58368 0 0.811984 
0.396173 0 0.918176 
0.383422 0 0.923573 
0.479339 0 0.87763 
0.573863 0 0.818951 
0.51219 0 0.858872 
0.563924 0 0.825827 
0.501398 0 0.865217 
0.370413 0 0.928867 
0.553852 0 0.832615 
0.522828 0 0.852438 
0.490453 0 0.871468 
0.543649 0 0.839312 
0.533312 0 0.845919 
0.357134 0 0.934053 
0.343568 0 0.939128 
0.32969 0 0.944089 
0.315483 0 0.948931 
0.300902 0 0.953655 
0.28591 0 0.958256 
0.270487 0 0.962724 
0.254558 0 0.967058 
0.238078 0 0.971246 
0.220946 0 0.975286 
0.203059 0 0.979167 
0.184275 0 0.982875 
0.164383 0 0.986397 
0.143102 0 0.989708 
0.119919 0 0.992784 
0.0938753 0 0.995584 
0.0626032 0 0.998038 
0.997823 0 0.0659486 
