6.12323e-17 1 
1 0 
0.261958 0.965079 
0.27828 0.9605 
0.309387 0.950936 
0.294065 0.955786 
0.245057 0.969509 
0.324288 0.945958 
0.227484 0.973782 
0.338795 0.94086 
0.209131 0.977888 
0.352945 0.935644 
0.380272 0.924875 
0.366758 0.930316 
0.189833 0.981816 
0.393508 0.919321 
0.406462 0.913668 
0.169405 0.985547 
0.41917 0.907908 
0.44387 0.896091 
0.431629 0.902051 
0.455906 0.890028 
0.147506 0.989061 
0.490764 0.871293 
0.467713 0.883881 
0.47933 0.877635 
0.502025 0.864853 
0.513108 0.858324 
0.978048 0.208379 
0.981942 0.189182 
0.973976 0.22665 
0.969745 0.244119 
0.524019 0.851707 
0.123626 0.992329 
0.965359 0.260925 
0.545352 0.838207 
0.985648 0.168814 
0.534761 0.845004 
0.960836 0.277119 
0.95617 0.292813 
0.5558 0.831316 
0.951379 0.308022 
0.941428 0.337214 
0.946462 0.322816 
0.989134 0.147018 
0.58628 0.810108 
0.93627 0.35128 
0.596158 0.802867 
0.605906 0.795536 
0.615526 0.788116 
0.99238 0.123218 
0.625027 0.780603 
0.931016 0.364979 
0.925657 0.378364 
0.920189 0.391474 
0.634389 0.773014 
0.643638 0.76533 
0.91462 0.404314 
0.0967932 0.995305 
0.670671 0.741755 
0.652762 0.757563 
0.908952 0.416901 
0.661771 0.749706 
0.679473 0.7337 
0.903189 0.429243 
0.897331 0.441358 
0.688149 0.72557 
0.891379 0.453258 
0.696718 0.717345 
0.88533 0.464963 
0.70518 0.709029 
0.713539 0.700615 
0.995336 0.0964693 
0.879198 0.476457 
0.721785 0.692117 
0.87298 0.487756 
0.729934 0.683518 
0.866672 0.498878 
0.737967 0.674837 
0.860279 0.509824 
0.745915 0.666041 
0.853793 0.520613 
0.84722 0.531242 
0.753756 0.657154 
0.761502 0.648163 
0.840562 0.541715 
0.769151 0.639067 
0.833817 0.552042 
0.776702 0.629869 
0.784157 0.620562 
0.791525 0.611137 
0.82699 0.562217 
0.820073 0.572259 
0.798799 0.601598 
0.805981 0.591942 
0.813071 0.582164 
0.0645503 0.997914 
0.997929 0.0643322 
0.576264 0.817263 
0.566097 0.824338 
