1.16403e-16 1.901 
1.901 9.18982e-17 
1.10318 1.54816 
1.12273 1.53404 
1.14201 1.51974 
1.16105 1.50525 
1.08336 1.56209 
1.06328 1.57583 
1.17984 1.49057 
1.04291 1.58938 
1.02228 1.60273 
1.19836 1.47572 
1.00135 1.61589 
1.23467 1.44547 
1.21663 1.46069 
1.25249 1.43006 
1.27005 1.41448 
0.980137 1.62884 
0.958625 1.6416 
1.28743 1.39868 
0.936788 1.65415 
0.91461 1.66652 
0.892099 1.67868 
0.869211 1.69064 
1.30453 1.38275 
1.3214 1.36664 
0.845943 1.7024 
1.33806 1.35033 
0.822333 1.71393 
0.798283 1.72527 
1.35449 1.33385 
0.773795 1.73639 
0.748836 1.7473 
0.723397 1.75798 
1.37071 1.31718 
0.697405 1.76845 
1.38668 1.30036 
0.67088 1.77869 
1.40246 1.28332 
1.418 1.26613 
1.43339 1.24867 
0.643783 1.78867 
0.616011 1.79842 
0.58754 1.80793 
0.558265 1.81718 
0.528144 1.82616 
1.44854 1.23107 
0.49704 1.83487 
0.464836 1.84329 
1.46343 1.21333 
0.431371 1.85141 
1.49262 1.17724 
1.50696 1.15882 
1.47813 1.19538 
0.396433 1.8592 
0.359772 1.86665 
1.52108 1.14023 
0.320976 1.87371 
1.53495 1.12148 
0.279426 1.88035 
1.54865 1.10249 
1.56213 1.0833 
1.57543 1.06387 
0.234168 1.88652 
1.58852 1.04422 
1.60143 1.02431 
1.61414 1.00417 
1.62666 0.983754 
0.183326 1.89214 
1.63897 0.963114 
1.65104 0.942266 
1.66292 0.921145 
1.67461 0.899719 
1.68607 0.878044 
1.69733 0.856084 
1.70838 0.833801 
1.71926 0.811141 
1.72994 0.788109 
0.122252 1.89706 
1.7404 0.76473 
1.75067 0.740924 
1.7607 0.716744 
1.77053 0.692104 
1.78013 0.667044 
1.78952 0.641407 
1.7987 0.615212 
1.80765 0.588383 
1.81634 0.560991 
1.82479 0.532862 
1.833 0.503901 
1.84861 0.443213 
1.856 0.411189 
1.86309 0.377768 
1.86985 0.342749 
1.87625 0.305744 
1.88229 0.266068 
1.88788 0.222941 
1.89297 0.17454 
1.89744 0.11633 
1.84094 0.47408 
