0.8594 0.8594 2.61401 
0 4.88525e-15 6 
0.859158 2.66756e-19 4.30701 
0 0.859332 4.307 
0.8594 0.250614 3.88021 
0.250622 0.8594 3.88021 
0.222255 0.222427 5.17046 
0 0.222403 5.58518 
0.222255 2.66756e-19 5.5853 
0.85919 0.22633 3.8892 
0.226414 0.859254 3.88914 
0.83284 0.859394 2.64133 
0.208298 0.859395 3.90624 
0.821351 0.859397 2.66953 
0.192619 0.859398 3.9275 
0.859397 0.178053 3.95192 
0.811134 0.859385 2.70243 
0.178334 0.857964 3.95149 
0.857682 0.164574 3.97801 
0.801716 0.859269 2.73891 
0.164825 0.859397 3.97738 
0.792861 0.859397 2.77827 
0.859397 0.837781 2.63218 
0.859397 0.151591 4.00535 
0.70359 0.859319 3.36348 
0.710571 0.859394 3.31073 
0.689632 0.859374 3.46927 
0.682623 0.859395 3.52211 
0.696616 0.859394 3.41636 
0.784427 0.859366 2.82001 
0.717567 0.859387 3.25826 
0.675577 0.859069 3.57476 
0.731649 0.859394 3.15475 
0.776322 0.859395 2.86376 
0.66848 0.859394 3.6271 
0.768472 0.859389 2.90923 
0.738794 0.859362 3.10379 
0.746022 0.859394 3.05361 
0.151863 0.859371 4.00475 
0.760831 0.859043 2.95617 
0.753361 0.859387 3.00433 
0.661316 0.859387 3.67902 
0.724597 0.857201 3.20635 
0.65407 0.859341 3.7304 
0.859386 0.138959 4.0338 
0.64672 0.859394 3.78115 
0.139238 0.859397 4.03316 
0.639247 0.859386 3.83112 
0.859397 0.126528 4.0629 
0.126813 0.859386 4.06222 
0.114457 0.859397 4.09167 
0.859342 0.11417 4.09235 
0.102065 0.859271 4.12122 
0.0895134 0.859393 4.15062 
0.859397 0.101784 4.12188 
0.0766865 0.859397 4.17959 
0.859387 0.0892458 4.15124 
0.0634352 0.859373 4.20786 
0.859398 0.0764365 4.18014 
0.0495542 0.859395 4.23514 
0.858761 0.0632167 4.20833 
0.0347609 0.859398 4.26106 
0.859398 0.0493766 4.23547 
0.85939 0.0346289 4.26127 
0.0185775 0.8587 4.28521 
0.859391 0.825997 2.65698 
0.859398 0.0184907 4.28531 
0.859333 0.8157 2.68684 
0.859396 0.80632 2.72036 
0.859379 0.797571 2.75674 
0.859395 0.789297 2.79542 
0.859035 0.781372 2.83611 
0.859391 0.773738 2.8784 
0.859396 0.766326 2.92216 
0.760347 0.210891 4.24849 
0.859372 0.759099 2.96714 
0.859395 0.752044 3.01304 
0.859376 0.745114 3.05983 
0.859394 0.738284 3.10738 
0.856963 0.731577 3.15551 
0.859394 0.724912 3.20384 
0.859395 0.711749 3.30186 
0.859376 0.718313 3.2527 
0.859302 0.705193 3.35134 
0.859395 0.698665 3.40082 
0.215291 0.76683 4.20373 
0.859376 0.692151 3.4502 
0.859394 0.68563 3.49949 
0.858965 0.679085 3.54862 
0.859394 0.672517 3.59742 
0.859376 0.665902 3.6459 
0.859395 0.659228 3.69396 
0.859326 0.652472 3.74156 
0.859395 0.645626 3.78857 
0.859387 0.638687 3.8348 
0.846668 0.852677 2.62212 
0.859398 0.208152 3.90641 
0 0.732286 4.84316 
0.729279 1.22151e-15 4.86491 
0.859387 0.192425 3.9278 
