0.8594 0.8594 2.61401 
1.20144e-16 2.17109e-15 6 
0 0.859271 4.30701 
0.858901 3.94736e-16 4.30701 
0.250682 0.8594 3.88021 
0.8594 0.250682 3.88021 
0.237855 0.237774 5.15173 
0.859397 0.832713 2.64159 
0.859391 0.820761 2.67124 
0.836113 0.859398 2.63507 
0.859346 0.810146 2.70598 
0.859396 0.800381 2.74453 
0.859389 0.791213 2.78611 
0.859219 0.782495 2.83013 
0.859394 0.774115 2.87625 
0.859374 0.766005 2.92411 
0.859395 0.758113 2.97344 
0.858978 0.750398 3.02402 
0.859394 0.742821 3.07564 
0.859387 0.735357 3.12815 
0.859359 0.727979 3.18138 
0.859394 0.720667 3.23519 
0.859394 0.706185 3.34384 
0.859373 0.698955 3.39862 
0.859394 0.691722 3.45345 
0.8592 0.684465 3.50826 
0.823956 0.859391 2.66231 
0.859388 0.669832 3.61719 
0.859312 0.662414 3.67114 
0.859394 0.677175 3.56287 
0.857263 0.713425 3.28944 
0.859394 0.654907 3.72453 
0.859372 0.647291 3.77726 
0.859394 0.639539 3.8292 
0.813287 0.859308 2.6949 
0.803537 0.859397 2.73141 
0.794424 0.85939 2.77098 
0.785781 0.859364 2.81305 
0.777503 0.859395 2.85717 
0.769513 0.858875 2.90304 
0.761742 0.859394 2.95044 
0.754159 0.859388 2.99909 
0.74673 0.859299 3.04878 
0.739415 0.859396 3.09942 
0.732199 0.859362 3.15079 
0.72506 0.859387 3.20275 
0.717977 0.859394 3.25519 
0.703938 0.859394 3.36085 
0.696928 0.859386 3.41399 
0.689911 0.85932 3.46716 
0.682873 0.859396 3.52024 
0.675796 0.859374 3.57313 
0.668669 0.859396 3.62572 
0.710961 0.857089 3.308 
0.654191 0.859394 3.72956 
0.646805 0.859374 3.78057 
0.639291 0.859394 3.83083 
0.227382 0.859317 3.88846 
0.859363 0.227393 3.88846 
0.222522 0 5.58508 
0 0.222379 5.5852 
0.209961 0.859398 3.90432 
0.858866 0.209992 3.9043 
0.851305 0.847202 2.6224 
0.859398 0.19494 3.924 
0.194966 0.857926 3.92405 
0.181224 0.859397 3.94626 
0.859394 0.181205 3.94629 
0.168303 0.859387 3.97042 
0.859369 0.168295 3.97043 
0.155931 0.859397 3.99594 
0.859397 0.155931 3.99594 
0.143921 0.859371 4.02246 
0.859394 0.143926 4.02245 
0.132127 0.859397 4.04969 
0.859393 0.120488 4.07726 
0.120444 0.85925 4.07737 
0.857892 0.132171 4.04968 
0.859398 0.108816 4.10515 
0.108773 0.859397 4.10525 
0.859381 0.0970618 4.13303 
0.0970251 0.859394 4.13311 
0.859398 0.0851363 4.16065 
0.0851033 0.859363 4.16073 
0.859327 0.0729262 4.18781 
0.0728938 0.859397 4.18788 
0.859397 0.0602877 4.21428 
0.0602696 0.859388 4.21431 
0.859384 0.0470592 4.23975 
0.047039 0.859397 4.23979 
0.211519 0.76131 4.24173 
0.859395 0.0329578 4.26397 
0.0329576 0.858544 4.264 
0.859399 0.017555 4.28656 
0.0175579 0.859398 4.28655 
0.767536 0.215832 4.19894 
0.734257 0 4.829 
0 0.731403 4.84952 
0.163945 0.16356 5.34511 
0.661472 0.859186 3.67791 
