0.830306 0.742901 
0.219939 1.18594 
1.02571 0.391507 
0.447948 1.09663 
1.03641 0.357463 
0.464464 1.12571 
0.407018 1.10851 
1.0417 0.434793 
0.679454 0.933632 
0.171721 1.18858 
1.03147 0.411024 
0.777342 0.833783 
0.294826 1.16033 
1.14827 0.226779 
0.616488 0.964034 
0.89371 0.65004 
0.923943 0.627537 
0.506305 1.07269 
0.727679 0.897728 
0.271732 1.13998 
1.12265 0.211744 
0.817535 0.720115 
1.00437 0.474305 
0.696172 0.874066 
0.46709 1.12478 
0.590211 0.977127 
1.15346 0.295115 
0.968473 0.593839 
0.892899 0.618274 
0.817955 0.810132 
0.253282 1.17888 
0.817156 0.773087 
0.920223 0.682218 
1.13314 0.375417 
0.893034 0.68245 
0.404365 1.08029 
0.274268 1.1812 
0.233009 1.19131 
0.675116 0.899654 
0.759035 0.838079 
0.590805 1.01547 
0.346326 1.1478 
0.282797 1.14335 
0.312105 1.15022 
0.796715 0.773449 
0.855375 0.666105 
0.196255 1.18297 
0.545385 1.06898 
0.414184 1.09883 
0.869043 0.701779 
0.811542 0.746525 
0.646894 0.977304 
0.527122 1.02539 
1.12322 0.28363 
1.06142 0.433766 
0.756611 0.869361 
0.381356 1.11431 
0.892991 0.603502 
0.901567 0.600014 
0.498936 1.05542 
0.814823 0.762172 
0.68819 0.868302 
0.436081 1.114 
0.811081 0.729401 
0.608451 0.978044 
0.902935 0.66948 
0.852582 0.64814 
0.774228 0.885677 
0.740676 0.80997 
0.974175 0.493754 
0.624548 0.986917 
0.277594 1.13108 
0.416828 1.11134 
0.426295 1.13644 
0.231398 1.22247 
0.549623 1.02767 
1.04569 0.389758 
0.583886 0.994603 
0.37442 1.14709 
0.612221 0.973006 
0.3465 1.12021 
0.590699 0.97234 
0.675126 0.974938 
0.537782 0.990533 
1.07656 0.32322 
0.768118 0.861792 
0.457445 1.04643 
0.858805 0.690215 
0.725274 0.906291 
0.733917 0.871111 
0.675831 0.927622 
0.393956 1.10171 
0.507872 1.03832 
0.878335 0.668259 
0.732302 0.828702 
0.403411 1.11871 
1.07094 0.395839 
0.437132 1.12945 
1.00834 0.435747 
0.73235 0.873994 
0.0254954 1.02305 
1.0255 0.0230524 
0.751142 0.502212 
0.681373 0.590815 
0.704292 0.564684 
1.01463 0.0420396 
1.0022 0.067847 
0.692061 0.578706 
0.987338 0.101298 
0.787602 0.445806 
0.717699 0.547676 
0.945403 0.181837 
0.431045 0.860483 
0.953518 0.166662 
0.442719 0.849264 
0.996035 0.0803861 
0.0649498 1.02019 
0.543544 0.757033 
0.764105 0.482537 
0.384367 0.896027 
0.182805 0.997127 
0.270255 0.962599 
0.286884 0.953947 
0.554129 0.746227 
0.979701 0.11768 
0.776185 0.462815 
0.740307 0.517287 
0.417819 0.871851 
0.312897 0.942417 
0.668793 0.608517 
0.565041 0.734579 
0.819375 0.395864 
0.347378 0.917967 
0.810881 0.411008 
0.210155 0.989622 
0.936814 0.198483 
0.849471 0.341796 
0.370946 0.905017 
0.628847 0.662492 
0.398083 0.885527 
0.654463 0.629916 
0.639389 0.650207 
0.795723 0.43457 
0.803512 0.422737 
0.611707 0.681291 
0.620227 0.671376 
0.878869 0.299209 
0.871781 0.310033 
0.911607 0.244913 
0.662792 0.616588 
0.109366 1.0133 
0.59 0.708478 
0.96218 0.15167 
0.825978 0.383073 
0.725769 0.536398 
0.509087 0.788143 
0.931024 0.209589 
0.646593 0.640795 
0.863652 0.321854 
0.358687 0.911999 
0.454242 0.839962 
0.898353 0.266428 
0.498617 0.798796 
0.857054 0.330879 
0.972482 0.13225 
0.530374 0.768877 
0.732518 0.527272 
0.918711 0.23251 
0.329446 0.930778 
0.904642 0.256432 
0.159323 1.00607 
0.580944 0.718772 
0.924428 0.222392 
0.8321 0.371465 
0.886698 0.286163 
0.257765 0.969982 
0.300724 0.948724 
0.603602 0.691512 
0.406981 0.879895 
0.573744 0.726285 
0.246858 0.975149 
0.770461 0.472303 
0.231691 0.98055 
0.516154 0.780557 
0.486019 0.813109 
0.477464 0.821708 
0.597716 0.69905 
0.891646 0.277899 
0.120933 1.01186 
0.842417 0.354355 
0.171158 1.00162 
1.02167 0.0292103 
0.469886 0.828331 
0.967454 0.142188 
0.222879 0.984381 
0.492645 0.805685 
0.837768 0.362081 
0.462083 0.834627 
0.523729 0.774303 
0.335536 0.926797 
