0.871021 2.88983 
1.93242 1.35771 
1.56693 4.10263 
0.968136 3.84226 
0.721149 4.50199 
1.03997 4.00178 
1.29409 4.08451 
0.65498 4.26647 
0.639809 4.39532 
0.95216 3.73335 
1.39323 3.88051 
0.620308 4.41983 
0.807381 4.3803 
1.46331 3.21137 
1.03546 4.43779 
0.818938 4.54701 
1.09968 4.02667 
0.720344 4.33534 
1.36628 2.24747 
0.661074 4.11315 
0.786581 4.19285 
1.5509 3.97951 
1.89561 2.96519 
1.28925 2.26206 
1.69193 4.56119 
0.59851 3.84978 
1.23347 3.93912 
1.42907 2.87141 
1.13487 4.40955 
1.23568 4.38522 
0.969633 3.25628 
1.76004 4.38387 
0.847669 3.31532 
1.45736 2.30872 
1.2398 4.51679 
1.29001 3.53822 
1.21489 4.56148 
0.974653 3.37615 
1.16081 4.10021 
1.89293 3.52523 
0.865009 2.87782 
1.50768 3.83549 
1.13699 4.29256 
1.24304 3.39034 
1.17761 4.29028 
1.07449 4.11145 
1.27255 3.96096 
1.59983 3.93931 
0.90656 4.20714 
1.14736 4.43063 
1.2453 3.27147 
1.02844 3.51636 
1.41772 2.29918 
0.79302 4.25945 
1.18873 4.31587 
1.03828 3.03498 
1.27876 3.40525 
1.07795 3.43742 
1.5486 2.5027 
0.772668 4.55636 
0.831827 3.53099 
1.31399 2.16231 
1.50154 3.72746 
1.58315 4.47402 
1.67479 4.31827 
1.25149 3.2302 
1.02931 3.19839 
1.10359 4.44094 
0.722992 4.48921 
1.30542 3.36982 
1.7794 3.95235 
1.18168 4.54066 
1.16599 4.57619 
1.25026 3.41087 
1.39628 2.15543 
0.712803 3.80436 
1.09162 4.32495 
2.32723 4.56959 
0.820833 3.47076 
1.75608 1.94601 
1.4788 3.48714 
0.729101 4.05901 
1.35384 2.55718 
1.0174 3.86955 
0.958315 3.15508 
0.708955 3.95252 
0.711014 3.80463 
1.07896 4.09122 
1.24 4.63404 
1.33736 2.28297 
0.875491 4.32716 
1.08278 3.69381 
1.27904 4.18494 
0.914504 3.46654 
2.06989 1.86915 
1.62044 4.51578 
0.954636 3.61756 
1.21161 2.85885 
1.7032 4.61163 
1.10422 3.23163 
1.38963 0.795067 
0.00011927 4.00008 
0.833008 1.5934 
0.39126 2.39009 
0.107417 3.18064 
0.00418448 3.89529 
0.00124533 3.92393 
0.100715 3.19057 
1.38067 0.802197 
0.824239 1.60062 
0.38322 2.39781 
0.095812 3.21022 
0.0916518 3.23514 
1.3741 0.816447 
0.0879215 3.26382 
0.0844764 3.29543 
0.0812366 3.32942 
0.817804 1.61491 
0.0781494 3.3654 
0.0751795 3.40302 
1.36852 0.834485 
0.0722992 3.44202 
0.0694882 3.48215 
0.0667277 3.52319 
0.0640029 3.56492 
0.0612986 3.60712 
0.0586014 3.64958 
1.36353 0.855237 
0.0558955 3.69207 
0.0531642 3.73435 
0.377322 2.41309 
0.0503873 3.77615 
0.812336 1.63301 
1.35892 0.878134 
0.04754 3.81717 
1.35461 0.902826 
0.0445859 3.85704 
1.35053 0.929071 
0.807435 1.65381 
1.34663 0.956685 
1.34288 0.985518 
1.33926 1.01546 
1.33575 1.04641 
0.802919 1.67677 
1.33234 1.0783 
1.32901 1.11104 
1.32576 1.14458 
1.32257 1.17886 
1.31944 1.21384 
0.372312 2.43242 
0.798687 1.70152 
1.31637 1.24948 
1.31335 1.28571 
1.31037 1.32251 
0.794675 1.72783 
1.30744 1.35984 
1.30454 1.39768 
1.30168 1.43598 
1.29885 1.47474 
0.790839 1.75551 
1.29605 1.51391 
1.29327 1.55347 
0.787151 1.78441 
0.783585 1.81441 
0.780127 1.84541 
0.776759 1.87734 
0.773471 1.91012 
0.770254 1.94368 
0.7671 1.97796 
0.764002 2.0129 
0.760954 2.04848 
0.757951 2.08463 
0.754989 2.12131 
0.367821 2.45466 
0.749171 2.19612 
0.746309 2.23419 
0.752064 2.15848 
0.740661 2.31147 
0.737871 2.35063 
0.743473 2.27265 
0.363682 2.47918 
0.359801 2.50559 
0.356119 2.53363 
0.352596 2.56309 
0.349204 2.5938 
0.345922 2.62563 
0.342732 2.65846 
0.33962 2.6922 
0.336578 2.72674 
0.333594 2.76202 
0.330662 2.79796 
0.327775 2.83449 
0.324927 2.87155 
0.322111 2.90909 
0.319325 2.94704 
0.311098 3.06287 
0.308387 3.10197 
0.305685 3.14125 
0.313822 3.02398 
0.316563 2.98536 
