0.657658 1.00067 
0.961332 0.4849 
0.760583 0.799519 
0.259538 1.15027 
0.170888 1.16963 
0.212669 1.1953 
0.599021 0.971141 
1.07858 0.326752 
1.10485 0.298526 
0.675929 0.929012 
1.12889 0.301967 
0.300849 1.12227 
0.909308 0.565956 
1.17448 0.170531 
0.410444 1.08064 
0.342915 1.17923 
0.966609 0.606346 
0.500736 1.08183 
0.278455 1.12128 
0.380841 1.14364 
0.669855 0.976261 
0.597365 0.945944 
0.824729 0.702876 
0.401007 1.13659 
0.544016 1.01437 
1.12939 0.203218 
0.575884 1.02291 
0.752761 0.811107 
0.259833 1.17688 
0.94052 0.585273 
1.14029 0.25124 
0.194339 1.17646 
0.906079 0.627386 
1.06329 0.338784 
0.567178 1.06279 
1.10856 0.334254 
1.16973 0.176228 
1.17957 0.152447 
0.460019 1.08613 
0.367221 1.19324 
0.984685 0.53926 
0.59919 1.0195 
0.858869 0.712536 
1.13714 0.219896 
0.894066 0.655016 
1.05789 0.393385 
0.983719 0.513589 
0.708435 0.943975 
0.610014 0.946183 
0.458512 1.0668 
0.466499 1.07199 
0.384017 1.12886 
0.337333 1.18958 
0.824033 0.722737 
0.911864 0.555454 
0.555024 1.0415 
1.11105 0.352886 
1.01812 0.520184 
0.454324 1.07051 
0.999125 0.502657 
0.973528 0.52994 
0.326522 1.16825 
1.15769 0.150243 
0.445698 1.08326 
0.61651 1.02891 
0.658415 0.92787 
0.409159 1.11439 
1.09033 0.28597 
0.204886 1.11538 
0.954583 0.510273 
0.776677 0.799532 
1.00984 0.498922 
0.316311 1.13883 
0.386558 1.10014 
0.436593 1.14768 
0.766272 0.757551 
0.885569 0.698604 
1.15237 0.18438 
0.535406 1.04748 
0.550202 1.07388 
0.768172 0.815198 
0.314024 1.15644 
0.9214 0.528984 
0.268029 1.14315 
0.729413 0.870004 
0.801819 0.748781 
0.188284 1.17971 
0.956183 0.544416 
0.548168 1.02411 
0.985263 0.515323 
0.761853 0.799098 
0.314467 1.14334 
0.837908 0.722036 
0.567646 1.01923 
0.381089 1.11319 
0.392334 1.09875 
0.46301 1.09027 
0.701301 0.858076 
0.925941 0.586724 
0.874349 0.697532 
0.0242726 1.02856 
1.02427 0.0285636 
0.989323 0.0922606 
0.818509 0.394894 
0.683251 0.592381 
0.495839 0.802265 
0.851767 0.34191 
0.997867 0.0755098 
0.862384 0.327511 
0.694598 0.579989 
0.596975 0.705714 
0.794016 0.43581 
0.424818 0.872133 
0.322684 0.935999 
0.655627 0.625787 
0.829162 0.375731 
0.948468 0.179033 
0.921399 0.232208 
0.778163 0.465035 
0.786745 0.449962 
0.95686 0.160391 
0.802535 0.42178 
0.980056 0.112825 
0.563108 0.743194 
0.810119 0.409347 
0.843341 0.355015 
0.0980214 1.02423 
0.704796 0.568504 
0.930178 0.215689 
0.509485 0.791073 
0.184884 1.00187 
0.485183 0.813399 
0.623094 0.671051 
0.886003 0.292376 
0.672402 0.605815 
0.60865 0.691126 
0.338694 0.927576 
0.736764 0.527654 
0.646765 0.639024 
0.275517 0.967349 
0.631431 0.658943 
0.871191 0.314964 
0.247713 0.981246 
0.313178 0.943302 
0.914262 0.245016 
0.664461 0.614587 
0.263507 0.973841 
0.728099 0.539484 
0.298092 0.952733 
0.518215 0.783159 
0.962619 0.147258 
0.436553 0.862038 
0.907129 0.257484 
0.894102 0.279406 
0.412155 0.882328 
0.878465 0.304186 
1.00574 0.0620003 
0.770235 0.477903 
0.57337 0.732598 
0.162424 1.0066 
0.941975 0.192583 
0.528992 0.774574 
1.01827 0.0383284 
0.372959 0.908778 
1.01173 0.0506773 
0.28974 0.958495 
0.639018 0.649444 
0.23384 0.987025 
0.552748 0.753386 
0.349947 0.921187 
0.744597 0.516854 
0.588056 0.716253 
0.205265 0.996868 
0.968999 0.13492 
0.713462 0.55803 
0.121062 1.01937 
0.835127 0.367304 
0.361268 0.915303 
0.900455 0.269139 
0.460881 0.83756 
0.615148 0.682528 
0.936118 0.204244 
0.720106 0.549747 
0.40334 0.888745 
0.444836 0.854453 
0.75125 0.507157 
0.453402 0.84592 
0.476562 0.822401 
0.150532 1.01018 
0.763843 0.488042 
0.392768 0.896203 
0.580955 0.724237 
0.135378 1.01548 
0.757835 0.497386 
0.384308 0.901843 
0.469075 0.829775 
0.97471 0.124217 
0.537733 0.767289 
0.545292 0.760424 
0.219437 0.992286 
