1.8925 1.94549 4.5875 
2.06692 2.69642 4.08981 
2.37364 3.13314 3.31887 
1.34902 1.01887 6.3844 
0.886645 1.69655 6.73305 
1.8114 2.13585 5.5172 
2.14901 1.88672 4.89043 
0.979202 1.0194 6.72612 
1.48391 1.24191 6.33198 
2.41844 2.12572 3.80189 
0.836673 0.902008 6.71728 
2.08631 3.20772 4.14491 
1.64636 3.68134 2.39144 
2.49066 1.76264 3.67716 
0.698714 0.902809 6.68408 
2.14879 3.55582 3.04775 
1.23631 4.21285 4.00236 
1.73004 2.22591 5.30385 
1.31979 2.10371 5.54291 
0.743624 1.34834 6.5044 
1.23033 2.7916 5.68389 
1.40621 3.69066 3.68522 
2.22542 2.82121 4.11148 
1.43111 3.46932 5.03303 
1.37721 3.9909 3.08644 
2.37058 2.18053 1.66178 
2.46227 3.16262 1.637 
1.96108 3.57725 3.20297 
0.872846 1.04562 6.83384 
2.04436 3.97787 1.60825 
2.62661 1.89598 3.0973 
0.79179 0.994505 6.77033 
2.04211 2.11973 5.02039 
2.01358 3.59002 2.54163 
1.33003 4.55399 2.51962 
1.98568 3.04225 3.46782 
1.61261 0.866739 5.82781 
2.35546 1.99044 2.09143 
1.79107 2.69004 4.57656 
2.49221 2.32395 3.64181 
0.898823 4.053 2.68562 
1.32745 1.48757 6.56448 
1.99227 2.4587 5.07826 
1.37155 1.10821 6.41937 
0.832194 1.05016 6.8169 
0.975201 1.22712 6.72477 
1.61054 2.00605 5.70162 
0.728217 0.743574 6.5078 
1.69459 4.45022 1.58221 
1.39678 3.64459 3.89807 
1.41156 3.3302 4.67446 
1.2222 2.0376 5.73855 
2.14195 2.56467 3.41096 
2.16973 1.35773 4.15147 
1.82152 2.43783 4.90827 
1.21121 2.76005 5.63779 
1.26281 3.75188 4.56762 
1.38943 3.76369 2.12822 
2.75722 1.43986 1.68297 
1.43522 2.35076 5.39148 
1.17018 4.63345 1.50142 
0.497586 0.738118 6.40527 
1.52727 3.58195 3.85896 
2.49316 2.15455 3.3708 
1.04338 3.47307 5.26663 
1.4227 1.43557 6.46247 
1.82633 2.0415 5.66 
0.914359 4.12491 3.85204 
0.475361 3.55833 4.05084 
2.71149 1.03307 1.00648 
1.4644 2.23213 4.72063 
1.25123 2.49999 5.67526 
1.44616 4.28715 3.57414 
1.23772 1.37007 6.30935 
1.00939 1.97716 6.49808 
1.96511 2.43996 5.20393 
1.24318 1.71971 6.55075 
2.189 1.53336 4.33616 
1.53206 1.39163 5.75249 
2.37615 1.73799 4.63448 
0.746695 0.996018 6.6885 
1.79597 3.86045 3.32467 
0.963631 4.59068 3.01296 
0.848662 1.43692 6.63806 
1.1475 1.4612 6.58023 
0.900373 1.10663 6.76318 
1.68351 3.08326 3.9734 
2.18957 3.59504 2.6311 
1.94891 0.957228 5.09879 
2.5904 2.17772 1.25757 
1.76003 3.09048 4.46709 
1.6069 3.117 4.0322 
1.3834 2.76342 5.11342 
2.52726 2.3739 1.21749 
1.87098 3.62495 3.53492 
2.15081 2.28243 3.36925 
2.30351 3.05554 3.21943 
1.13192 1.08724 6.63387 
1.31814 3.71763 3.91468 
0.992329 4.27758 4.1152 
