0.93113 1.33645 
1.03685 1.0596 
1.37824 1.04521 
0.773111 1.32703 
1.6968 1.28105 
0.937966 1.58348 
0.724059 1.14263 
1.70377 0.828857 
1.27777 1.25063 
2.08924 0.920401 
1.26954 0.924436 
2.51777 1.10537 
0.984229 1.07231 
1.71356 0.486437 
1.34373 1.34254 
2.28388 1.2313 
0.80058 1.28823 
1.36896 1.41264 
0.357642 1.45094 
0.833382 1.19746 
1.264 1.17803 
1.05972 0.97853 
0.685763 1.52216 
0.892385 1.05129 
0.704244 1.3009 
1.71463 0.712982 
0.891939 1.12714 
0.979573 0.851305 
0.957417 1.48657 
0.812719 1.30372 
1.25227 0.916102 
0.781533 1.08113 
0.930928 0.982787 
1.36301 1.12016 
2.33876 1.40598 
1.13181 1.32952 
0.701079 1.24113 
1.49802 1.31211 
0.47113 1.11375 
2.1182 0.619376 
1.13528 1.11264 
0.986534 1.2799 
0.975337 1.20443 
1.01727 1.45799 
1.02973 1.16067 
1.84909 1.00151 
0.906946 1.43026 
0.971053 1.55533 
1.33487 0.937862 
1.76646 0.815629 
1.605 0.866642 
1.49713 0.977786 
1.79599 1.38339 
0.727055 1.53779 
1.10953 0.997584 
1.51823 1.41349 
1.50214 1.07146 
0.846883 1.29524 
1.03993 1.09459 
0.941993 1.52287 
0.666187 1.41272 
1.27776 0.939902 
1.5568 0.652023 
2.26823 1.40208 
0.895716 1.04405 
0.632022 1.39705 
0.511471 1.68264 
1.2492 1.6113 
1.60724 1.24031 
1.47005 0.940412 
1.80171 0.968517 
1.60828 0.923627 
0.480205 1.28395 
1.14675 1.0733 
0.596299 1.11602 
0.971293 1.30104 
0.946584 1.06643 
1.48613 1.25354 
1.05888 1.25194 
1.48406 1.23305 
0.93396 1.49376 
1.98299 1.30274 
0.968881 1.43991 
1.99337 0.754052 
2.49737 0.677548 
0.855158 1.38363 
0.928191 1.2491 
1.24848 1.33295 
0.914298 1.0875 
1.02378 1.19654 
0.831003 1.42512 
1.17307 0.72371 
0.764009 1.39963 
1.36835 1.24773 
0.541614 1.56735 
1.37629 0.864183 
1.19557 0.844695 
0.725903 1.66594 
2.14812 0.874808 
1.74767 1.13857 
0.940841 0.0468609 
1.86623e-09 0.999999 
0.781346 0.116081 
0.750211 0.133865 
0.820871 0.0939853 
0.802557 0.104145 
0.843427 0.0816175 
0.905856 0.0483632 
0.859853 0.0727188 
0.729598 0.145836 
0.881217 0.0612709 
0.71421 0.154891 
0.698639 0.164154 
0.628612 0.20715 
0.670857 0.180944 
0.655632 0.19029 
0.614149 0.216323 
0.684246 0.172811 
0.642735 0.198302 
0.601213 0.224621 
0.393483 0.372721 
0.58873 0.232717 
0.404166 0.364267 
0.513954 0.283095 
0.382392 0.381627 
0.503105 0.290702 
0.525212 0.275285 
0.47162 0.313254 
0.894862 0.0540299 
0.482166 0.305618 
0.492466 0.298241 
0.414601 0.356109 
0.556778 0.253824 
0.546024 0.261066 
0.461214 0.320875 
0.577664 0.239966 
0.372929 0.389326 
0.535672 0.268104 
0.363344 0.39722 
0.567396 0.246743 
0.0280835 0.832473 
0.0330414 0.818261 
0.0234141 0.847026 
0.34508 0.412565 
0.354244 0.404816 
0.213013 0.538467 
0.336049 0.420303 
0.220967 0.529929 
0.301445 0.45096 
0.451467 0.328088 
0.229036 0.521423 
0.310047 0.443183 
0.204981 0.547251 
0.0381086 0.804822 
0.175291 0.581324 
0.31876 0.435412 
0.424158 0.348726 
0.327233 0.427957 
0.0189721 0.8623 
0.244881 0.505146 
0.292726 0.458959 
0.237013 0.513161 
0.182831 0.572413 
0.442107 0.335089 
0.146866 0.616769 
0.139958 0.625891 
0.253037 0.496972 
0.153834 0.607783 
0.197552 0.555532 
0.126511 0.644317 
0.000993149 0.968489 
0.133162 0.635087 
0.190073 0.564026 
0.168035 0.590079 
0.119862 0.65379 
0.27672 0.473959 
0.268633 0.481703 
0.433066 0.341923 
0.284675 0.466451 
0.260796 0.48932 
0.0430287 0.792631 
0.0151248 0.877034 
0.00298876 0.945336 
0.113522 0.663075 
0.0479274 0.781141 
0.00551085 0.92577 
0.0529355 0.769966 
0.011606 0.892274 
0.00843736 0.908152 
0.0682178 0.738816 
0.107483 0.672155 
0.101517 0.681383 
0.0957299 0.690598 
0.0735596 0.728782 
0.090007 0.699988 
0.0844543 0.70939 
0.0789222 0.719069 
0.0628729 0.749258 
0.0579564 0.759289 
0.160875 0.598908 
