0.500224 2.42178 6.36691 
1.4988 0.766047 3.20479 
1.0644 0.893122 6.51003 
0.592509 0.849804 6.09733 
0.523353 0.936465 4.62917 
0.656666 1.04531 6.17378 
0.742244 2.38116 2.00291 
0.598829 0.796324 5.3871 
0.435603 0.805645 4.83008 
0.540101 1.59944 4.48105 
0.875322 0.493492 3.02116 
0.575955 0.643725 6.37231 
0.580122 1.11823 4.37611 
0.887349 0.541875 5.73135 
0.622739 0.669579 4.36445 
0.605255 1.18093 4.40422 
0.713274 1.20699 5.08529 
0.496446 0.563077 5.28292 
0.834487 1.51657 3.85446 
0.509284 0.569817 5.64521 
0.549275 0.623613 5.54467 
0.887587 2.03975 4.58979 
1.42574 0.830242 4.27383 
0.719564 1.82522 1.84065 
1.10229 0.647569 6.62569 
0.520559 0.579567 6.24572 
0.776867 0.73185 5.30687 
0.942162 0.8159 6.0807 
0.739342 0.980304 6.58508 
0.747044 1.7785 6.24522 
0.554349 2.23508 6.31349 
1.2682 0.783482 6.52602 
0.558282 0.596607 5.53857 
0.833471 2.11821 6.12578 
0.664775 0.623295 6.22187 
0.835104 0.973303 4.10417 
0.78413 1.17978 3.36942 
0.695183 0.901349 5.28649 
0.719091 0.961327 3.9048 
1.39069 0.743088 4.77457 
0.554488 0.747468 4.41798 
0.981558 0.602456 4.16061 
0.696442 1.07375 2.98734 
0.783808 0.993052 3.03013 
0.760885 0.731973 6.58986 
0.689258 0.794197 4.30744 
0.823803 0.840331 6.56199 
1.0975 0.802566 3.88374 
0.633772 0.63314 6.47588 
0.747351 1.11742 5.61439 
0.770119 1.19539 4.75813 
0.633891 0.613678 5.98192 
0.902537 1.41611 5.93496 
0.64283 0.815016 5.94274 
0.739477 1.23714 3.29348 
0.72156 0.951762 4.23243 
0.770317 1.62263 5.67777 
0.688013 0.668974 5.76414 
1.03852 1.23323 6.52431 
0.578898 0.987398 4.81016 
0.562564 1.02863 4.6815 
0.73596 0.530874 5.0198 
0.938182 0.552831 6.50985 
1.08444 0.712365 5.72466 
1.18164 0.690889 6.27862 
0.723922 1.74459 3.49338 
0.686443 1.04338 6.0453 
0.69336 1.18442 3.67527 
0.528112 0.542555 6.46527 
0.843439 0.820489 6.58287 
1.17564 1.57125 4.66381 
0.752385 1.14083 3.46 
0.752984 1.1032 4.97067 
0.790852 0.781755 6.51223 
0.853914 0.6184 4.65514 
0.597064 0.624712 6.56449 
0.647108 1.14886 3.03698 
2.03997 0.713283 6.03219 
0.552572 0.716604 6.15765 
1.27547 0.508412 6.17108 
0.915751 1.38152 2.18095 
0.579022 1.58171 6.0335 
0.825292 1.13993 3.80449 
0.557867 0.527395 5.91018 
0.615455 0.865666 4.68122 
0.45751 1.15143 5.98646 
0.615722 0.845388 5.88259 
0.654839 1.71107 5.16865 
0.823477 0.836009 4.2661 
0.83965 0.676513 6.43803 
0.635946 1.31623 5.79877 
0.701451 0.71498 6.30565 
0.813938 0.735456 4.21058 
0.61708 1.65492 4.30564 
1.67647 0.740424 3.67048 
1.08008 0.604499 4.1221 
0.587425 0.739401 4.24625 
0.566355 2.88577 5.73347 
1.1669 0.669866 3.62654 
0.760637 1.2309 6.67373 
