5.12648 7.66369 4.6676 
3.29641 2.92176 2.80136 
2.67082 1.61684 2.86699 
4.25826 5.2321 6.4884 
2.79214 10.3001 6.22021 
6.57065 3.11979 4.60356 
5.37097 3.71003 3.42913 
1.66834 2.32683 3.6187 
5.71056 3.38015 3.90601 
6.42483 4.54419 3.36269 
6.79243 3.49139 3.92773 
4.29339 4.51201 8.50892 
3.02344 3.68431 4.32971 
4.20399 1.31403 3.66156 
8.32733 4.66578 5.69855 
3.57946 2.72067 3.70963 
1.89267 2.83119 3.63867 
7.75447 5.12905 3.22412 
1.76253 4.33209 5.53589 
9.06316 9.82384 5.47157 
2.36859 3.13012 2.29091 
5.12599 5.45128 3.43822 
3.42955 4.50317 5.11225 
5.35611 7.01567 4.09083 
5.03794 6.32485 5.47074 
1.93685 3.76995 3.04405 
5.39937 4.16717 4.55675 
7.04649 5.23265 5.09612 
4.17621 2.54756 3.34021 
3.22294 3.96721 3.0168 
6.34785 5.77014 5.5661 
10.0093 14.6678 6.28941 
2.71661 1.58805 3.41082 
1.96104 2.16616 4.55084 
4.31559 5.10929 4.95119 
3.93336 2.83354 6.7121 
6.44679 3.08058 5.17615 
6.06891 7.07683 4.65385 
5.5054 9.02304 1.13835 
8.87514 6.60376 6.50572 
5.02209 2.8227 4.56837 
3.88382 6.86192 3.11737 
3.16402 3.93684 4.18467 
2.41003 2.95699 3.54938 
4.09575 5.70501 4.68836 
3.73219 4.16024 6.52451 
3.03986 3.61639 3.74966 
3.12638 3.79338 5.10672 
3.43861 5.13965 5.9836 
4.13239 4.23983 2.96961 
4.62336 4.02369 3.92904 
1.2924 2.69385 5.01391 
4.53774 3.92413 2.28524 
3.9604 2.28854 3.54222 
3.71774 2.96886 3.28193 
3.71046 7.04338 5.01901 
7.16963 4.29375 7.94243 
2.13372 3.17846 4.6505 
2.97301 4.35094 3.77761 
3.9883 3.50202 3.38937 
2.74011 1.84516 4.48325 
5.23775 5.10603 4.30974 
4.61394 2.38346 6.94635 
6.25807 0.942876 4.52007 
4.25689 3.45533 6.79442 
3.4836 1.99194 4.89619 
4.3028 6.24609 3.26376 
5.47936 5.16436 2.97962 
2.51333 1.216 4.4024 
4.21949 7.7036 4.7147 
3.97374 6.48759 7.85801 
7.27807 8.64743 6.84897 
7.74878 4.17086 5.29089 
5.00523 1.90596 5.14271 
3.22371 2.91429 4.64033 
5.54079 8.19544 3.83932 
6.59636 4.3467 4.82653 
3.31926 4.91256 3.23226 
2.46631 5.00311 6.5044 
2.5605 4.78943 4.6432 
3.73134 2.43338 3.84997 
9.05011 8.07871 10.0044 
5.38831 3.41078 5.37589 
2.84281 2.58308 3.53707 
3.89278 1.96072 2.59113 
5.39339 2.63028 3.91395 
3.86723 4.46021 3.18671 
3.67203 1.89926 3.81347 
3.00734 1.54325 10.5664 
2.77876 4.40786 7.53396 
3.79151 4.2243 7.35343 
3.15513 8.48755 6.71868 
6.61331 4.75471 3.88526 
3.36706 5.23224 6.00376 
4.83818 0.821464 5.38822 
3.41455 7.09048 3.96033 
4.61741 3.49558 2.88948 
3.63737 6.26872 5.32472 
3.29995 2.92615 3.12829 
3.0294 5.20446 3.85561 
5.15552e-08 9.7565e-08 1 
1 1.17746e-08 6.60138e-08 
0.750003 0.249997 4.32253e-07 
0.146731 0.0489106 0.80436 
0.156159 0.0520543 0.79179 
0.137348 0.0457826 0.816871 
0.0668011 0.022267 0.910933 
0.057583 0.0191934 0.923224 
0.165349 0.0551294 0.779537 
0.128275 0.0427582 0.828967 
0.0759647 0.0253212 0.898717 
0.0485031 0.0161661 0.935331 
0.174298 0.0580993 0.767605 
0.119355 0.0397851 0.840861 
0.0847692 0.0282577 0.886975 
0.110657 0.0368866 0.852458 
0.0397286 0.0132451 0.94703 
0.183116 0.061038 0.755848 
0.101965 0.0339882 0.864048 
0.340761 0.113585 0.545657 
0.0933562 0.0311189 0.875526 
0.33221 0.110738 0.557055 
0.323561 0.107855 0.568587 
0.315031 0.10501 0.579961 
0.191627 0.063876 0.744499 
0.200075 0.0666956 0.733234 
0.0311688 0.0103904 0.958444 
0.208481 0.0694932 0.722027 
0.216834 0.0722869 0.710891 
0.225152 0.075051 0.6998 
0.306478 0.102159 0.591365 
0.233496 0.0778322 0.688673 
0.26614 0.0887246 0.645148 
0.25794 0.0859797 0.656081 
0.274391 0.0914631 0.634147 
0.249747 0.083249 0.667006 
0.402809 0.134268 0.462925 
0.241639 0.0805457 0.677816 
0.508922 0.169639 0.32144 
0.28245 0.0941493 0.623401 
0.500796 0.16693 0.332275 
0.298419 0.0994727 0.60211 
0.0229638 0.0076553 0.969386 
0.290453 0.0968164 0.612731 
0.394701 0.131567 0.473736 
0.41098 0.136995 0.45203 
0.349438 0.116481 0.534084 
0.517018 0.172337 0.310646 
0.492871 0.164289 0.342841 
0.386857 0.128974 0.484197 
0.742194 0.247398 0.0104121 
0.562428 0.187475 0.250099 
0.418758 0.139608 0.441659 
0.356754 0.119049 0.524359 
0.554774 0.184927 0.260306 
0.570131 0.190043 0.23983 
0.0151977 0.00508775 0.979744 
0.485162 0.161718 0.353121 
0.52477 0.174923 0.30031 
0.00770695 0.00256964 0.98973 
0.795411 2.69995e-05 0.20468 
0.547118 0.182371 0.270514 
0.734533 0.244843 0.0206254 
0.379188 0.126402 0.494444 
0.712063 0.237358 0.0505869 
0.364801 0.121757 0.5136 
0.682156 0.227383 0.0904628 
0.426328 0.142108 0.431565 
0.689685 0.229897 0.0804238 
0.704567 0.234853 0.0605813 
0.47761 0.159199 0.363193 
0.727081 0.24236 0.030562 
0.462809 0.154404 0.382924 
0.697131 0.232374 0.0704952 
0.532273 0.177422 0.290306 
0.539614 0.179868 0.280519 
0.674687 0.224894 0.100425 
0.47024 0.156746 0.373017 
0.577716 0.192568 0.229717 
0.433731 0.144577 0.421695 
0.455348 0.151781 0.392871 
0.667315 0.222434 0.110252 
0.441062 0.147019 0.41192 
0.584911 0.194967 0.220123 
0.371799 0.12397 0.504287 
0.448197 0.149399 0.402407 
0.660176 0.220056 0.119769 
0.592103 0.197364 0.210534 
0.65306 0.217683 0.129259 
0.646005 0.21533 0.138665 
0.407963 2.72468e-05 0.592217 
0.599138 0.19971 0.201153 
0.63907 0.213022 0.147911 
0.606005 0.202 0.191996 
0.6324 0.210797 0.156804 
0.625667 0.208552 0.165781 
0.612615 0.204208 0.183184 
0.619148 0.206384 0.174474 
0.595096 0.0367961 0.368288 
0.719615 0.239869 0.0405186 
