0.164627 0.0586943 2.30453 
2.28025 1.14277 0.680482 
1.26913 0.791446 1.07566 
0.613378 0.698947 1.50891 
1.69491 1.01145 0.833414 
0.685118 0.540843 1.05581 
0.220744 0.464545 1.93412 
0.992711 0.970448 0.889715 
0.758621 0.383614 1.66529 
0.395399 0.453514 1.55298 
1.2275 0.880307 0.237738 
1.26258 1.28449 1.24854 
1.0001 1.02992 0.988136 
0.441762 0.479221 1.37325 
0.895139 1.50741 0.951888 
1.48276 1.09606 0.514372 
0.968248 1.36149 0.564857 
0.399963 0.302792 1.37641 
1.00941 1.03086 1.24971 
1.01071 0.69129 0.747622 
0.51903 0.473145 1.56306 
0.802158 0.987317 1.12669 
0.392374 0.278259 1.48952 
0.197284 0.164107 1.43649 
1.22455 0.760179 0.846543 
0.462481 0.269216 1.4376 
0.194146 0.203066 1.74641 
1.52452 1.05746 0.246774 
1.0695 1.11979 0.365064 
1.03167 0.664027 1.37014 
0.430933 0.901208 1.54058 
0.727006 0.77879 1.71914 
1.00008 1.34405 1.214 
0.789017 1.48542 0.13078 
1.06206 1.04278 0.000645739 
0.763942 1.45429 0.699779 
1.195 0.628284 1.11759 
0.879054 0.974287 0.694155 
0.777858 1.77902 0.539257 
0.821493 2.11327 0.278028 
0.265399 0.28333 1.75865 
0.320094 0.286789 1.92355 
0.0224036 0.0451981 2.03811 
0.960848 1.4562 0.926026 
0.603383 0.484048 1.79622 
1.01497 0.707931 1.19818 
0.553134 0.625453 1.56615 
0.94091 1.15849 1.20474 
0.751676 1.05094 0.774297 
1.33856 0.579912 1.49244 
0.74352 0.689311 1.64016 
0.790886 1.25688 0.663388 
0.9666 1.41903 0.569886 
1.43189 0.935462 0.457774 
0.643044 0.862736 1.09704 
1.0063 0.679693 0.951361 
0.49212 0.855699 1.62938 
0.73026 1.04881 0.650937 
0.640425 0.717607 1.84892 
0.661093 0.365447 1.81331 
1.25864 0.805598 0.690144 
0.201938 0.389072 1.64313 
1.1295 1.09387 0.114172 
1.22248 1.13271 1.30144 
1.0228 1.39033 0.981986 
0.326516 0.297887 1.66944 
1.42831 0.775523 0.442441 
0.891637 0.619587 1.50476 
0.0826468 0.0741876 1.65224 
0.703344 1.46483 0.949169 
0.258079 0.174772 1.51314 
1.43327 1.25569 0.360222 
0.611718 0.718143 1.81631 
0.888688 0.648967 1.26332 
0.766674 1.64676 0.884031 
0.477744 0.47698 1.17614 
0.739168 0.93492 0.680687 
0.641392 0.574596 1.726 
0.236841 0.17884 1.23336 
0.0636281 0.077367 1.66923 
0.509886 0.648792 1.33041 
0.0786133 0.0829888 1.81358 
0.882582 1.63672 0.117478 
0.726634 0.388059 1.71316 
0.411857 0.184266 2.3192 
0.167297 0.0741894 1.97254 
0.571373 1.02241 1.67119 
0.620096 0.690363 1.76559 
0.693283 0.412582 1.28335 
1.20694 0.985398 0.604976 
1.14848 1.64364 0.144187 
0.489025 0.248145 1.60979 
0.655192 0.539955 1.12446 
0.100841 0.0755124 1.79182 
0.452681 0.624957 1.63216 
0.90122 0.95111 0.0177017 
0.105965 0.0909842 1.78569 
1.47337 0.822725 0.963887 
0.588901 1.01609 1.6651 
1.82886 0.99515 0.667794 
4.32978e-17 4.32978e-17 1 
0.707107 0.707107 8.71967e-17 
0.55631 0.55631 0.617282 
0.55089 0.55089 0.62693 
0.545403 0.545403 0.636452 
0.561662 0.561662 0.607512 
0.566942 0.566942 0.597623 
0.539847 0.539847 0.645856 
0.572158 0.572158 0.587597 
0.534227 0.534227 0.655135 
0.577301 0.577301 0.577448 
0.58238 0.58238 0.567158 
0.528537 0.528537 0.664302 
0.587385 0.587385 0.556739 
0.522785 0.522785 0.673344 
0.516964 0.516964 0.682273 
0.592318 0.592318 0.546185 
0.597186 0.597186 0.53548 
0.511072 0.511072 0.691094 
0.601983 0.601983 0.524625 
0.505113 0.505113 0.699802 
0.606711 0.606711 0.513618 
0.611368 0.611368 0.502451 
0.499085 0.499085 0.708399 
0.615955 0.615955 0.491121 
0.492989 0.492989 0.716885 
0.620472 0.620472 0.479614 
0.624919 0.624919 0.467925 
0.675854 0.675854 0.294011 
0.672424 0.672424 0.30934 
0.679188 0.679188 0.278221 
0.629291 0.629291 0.456056 
0.682423 0.682423 0.261912 
0.653992 0.653992 0.380248 
0.633591 0.633591 0.443987 
0.650061 0.650061 0.3935 
0.637819 0.637819 0.431709 
0.661614 0.661614 0.352892 
0.641974 0.641974 0.419211 
0.657844 0.657844 0.36672 
0.685554 0.685554 0.245015 
0.665304 0.665304 0.338733 
0.646055 0.646055 0.406478 
0.668907 0.668907 0.324233 
0.688573 0.688573 0.227451 
0.480585 0.480585 0.733536 
0.691477 0.691477 0.209091 
0.474279 0.474279 0.7417 
0.694254 0.694254 0.189798 
0.467905 0.467905 0.749754 
0.696892 0.696892 0.169362 
0.461452 0.461452 0.75771 
0.454927 0.454927 0.76556 
0.699377 0.699377 0.147458 
0.448331 0.448331 0.773304 
0.441655 0.441655 0.780949 
0.434904 0.434904 0.788491 
0.428079 0.428079 0.795925 
0.701686 0.701686 0.123582 
0.42117 0.42117 0.803263 
0.41418 0.41418 0.8105 
0.407102 0.407102 0.817641 
0.399939 0.399939 0.82468 
0.392679 0.392679 0.831629 
0.385341 0.385341 0.838465 
0.377895 0.377895 0.845217 
0.370359 0.370359 0.851862 
0.703789 0.703789 0.0967622 
0.362722 0.362722 0.858409 
0.354985 0.354985 0.864854 
0.34714 0.34714 0.871199 
0.339172 0.339172 0.877453 
0.331097 0.331097 0.8836 
0.314592 0.314592 0.89558 
0.322913 0.322913 0.889637 
0.306128 0.306128 0.901427 
0.297529 0.297529 0.907167 
0.288787 0.288787 0.9128 
0.279893 0.279893 0.918325 
0.270842 0.270842 0.923737 
0.261608 0.261608 0.929044 
0.252195 0.252195 0.934235 
0.242591 0.242591 0.939308 
0.232758 0.232758 0.944271 
0.212385 0.212385 0.953827 
0.222708 0.222708 0.949106 
0.201776 0.201776 0.958422 
0.705633 0.705633 0.0645279 
0.190865 0.190865 0.962882 
0.179606 0.179606 0.967204 
0.167955 0.167955 0.971382 
0.155856 0.155856 0.975407 
0.143237 0.143237 0.979268 
0.129984 0.129984 0.982959 
0.115956 0.115956 0.986463 
0.100929 0.100929 0.989761 
0.0845713 0.0845713 0.992822 
0.0661984 0.0661984 0.995608 
0.044139 0.044139 0.99805 
0.486819 0.486819 0.725269 
