1.39827 0.45021 0.168193 
0.446037 0.581071 1.75787 
1.95371 0.806185 0.783143 
0.0798269 0.050061 1.44257 
1.10565 0.384952 1.0843 
1.64313 0.156484 0.359446 
1.56408 0.276198 1.20967 
0.101052 0.173602 2.03973 
0.274248 0.222666 1.67723 
0.716561 0.0681117 1.32559 
0.181523 0.619929 1.70195 
0.552178 1.98682 0.65172 
0.0284946 0.0144423 1.47201 
1.12805 1.12138 1.16537 
0.0914181 0.779041 1.67072 
0.788655 0.75632 1.45881 
1.85744 0.431459 0.612127 
2.03319 0.607043 0.646501 
0.675144 1.12133 1.18005 
0.219631 0.0430241 1.62696 
1.88568 0.565224 0.360886 
0.058055 0.000299357 1.5098 
0.659937 0.604933 1.78898 
0.21506 1.27248 1.72358 
1.51929 0.522614 1.41944 
0.201964 2.28036 0.0459383 
0.392424 0.465511 1.82132 
0.0649456 1.00055 1.8662 
1.29399 0.193439 1.76472 
0.655861 0.109394 2.03982 
0.27054 1.87294 0.72776 
1.32683 0.684385 1.15689 
1.01082 0.16767 1.85707 
0.603329 0.00128094 1.45086 
0.155747 0.746635 1.80944 
0.0102436 0.0115862 1.4528 
0.0379518 0.389446 1.55774 
1.00338 0.861639 1.38332 
1.20927 1.04317 0.642958 
0.877335 0.562656 1.80116 
1.45362 1.2764 0.272358 
1.1372 0.522493 1.25642 
0.0138935 1.41062 0.953893 
1.57522 0.847006 1.21754 
0.553665 0.0648403 1.52925 
0.0494382 0.182312 2.03176 
0.835054 1.17384 0.953174 
0.728181 1.78766 0.144644 
0.060528 0.42299 1.7504 
1.84895 0.352168 0.15656 
0.715332 1.35873 0.183842 
1.42424 1.24187 1.30655 
1.30581 0.854404 0.855565 
0.330354 0.170519 2.07985 
1.07609 0.0628207 1.11855 
0.0245071 1.27947 0.674761 
0.857863 0.0706248 1.43081 
0.145897 0.0828144 1.4448 
0.0601636 1.7493 0.663387 
0.0695231 1.48874 1.19675 
1.50612 0.333976 1.03644 
1.74157 0.911017 0.404373 
1.22287 1.35569 0.456779 
0.172146 0.0668136 1.62201 
1.54187 0.944012 0.29935 
0.640612 0.727644 0.947538 
1.43325 0.860238 0.499115 
0.836725 1.42268 0.898459 
0.816539 1.13671 0.992534 
0.504369 1.32768 1.47986 
1.274e-06 0.000898539 1.61182 
0.673253 1.19445 1.24121 
0.484028 1.1603 0.707204 
0.028025 0.010506 1.7468 
0.0661259 0.453342 1.79852 
1.28635 0.680869 1.61619 
1.73804 0.268451 0.926664 
0.0259353 1.20177 1.38319 
0.31288 1.19599 0.92872 
0.88758 0.450768 1.37317 
1.15361 0.379109 1.42386 
0.525104 0.386554 1.5174 
0.129088 0.707768 1.71945 
1.52645 1.00393 0.169227 
0.435771 0.0400089 1.65793 
0.0959507 1.29329 1.10586 
0.995401 0.391851 1.22425 
1.29413 1.67651 0.452846 
0.9634 0.645927 1.01213 
0.34716 1.43895 0.842473 
0.589819 0.224421 1.5294 
1.15893 0.87014 1.30893 
1.3901 0.998595 0.500379 
0.283285 1.99665 0.162335 
0.196045 1.73178 1.01784 
1.58425 0.319542 0.863081 
0.0484984 0.334254 1.78656 
0.116475 0.150107 1.54198 
0.750838 0.661318 1.57152 
0.494219 1.22596 1.18157 
