2.26909 2.51721e-12 0.000645895 
1.41596 5.30127e-62 6.94886e-110 
1.75579 1.6151e-108 1.0174e-18 
1.53454 1.42616e-14 2.91362e-15 
1.87329 3.60044e-70 2.28204e-11 
2.15217 1.70048e-34 9.35369e-34 
1.75259 2.56353e-60 1.64861e-40 
1.31089 6.75432e-80 5.02305e-68 
1.86584 1.67338e-66 4.12656e-89 
1.91057 0.0105046 8.45481e-85 
1.86761 2.48525e-11 1.10146e-40 
1.77152 1.97886e-06 2.06309e-68 
2.01926 0.0133991 1.63809e-15 
1.97338 1.00129e-28 5.28797e-67 
1.76805 1.15201e-81 2.4111e-10 
1.64457 5.53883e-47 2.84458e-31 
2.07723 5.54363e-84 4.07689e-17 
2.205 5.74788e-27 2.90762e-20 
1.86772 1.542e-63 7.74028e-16 
1.94341 0.000941309 0.203991 
2.09463 4.83613e-49 7.15128e-18 
1.65889 2.51778e-112 1.14472e-66 
1.84966 6.75754e-20 1.27453e-73 
1.32769 5.41407e-58 1.01022e-14 
2.12867 0.138194 3.98497e-05 
1.95136 7.35045e-11 6.28973e-79 
2.17123 1.50519e-67 2.13589e-68 
1.87442 1.20629e-40 1.84339e-06 
1.4471 2.75572e-08 5.48772e-24 
1.65522 4.91405e-09 5.36812e-83 
1.57863 2.43609e-18 1.05075e-07 
1.7431 4.5989e-22 1.34968e-170 
1.92257 4.34491e-130 4.57726e-25 
1.99337 0.199822 1.31413e-06 
1.89417 1.14437e-32 4.91577e-43 
1.75202 4.57073e-16 4.61591e-06 
1.67059 6.47488e-19 1.96238e-06 
2.37992 2.32796e-36 1.66163e-66 
1.45156 4.22482e-87 0.00380112 
1.85961 3.4718e-27 7.33364e-15 
2.15281 8.98065e-17 3.23825e-56 
1.87001 1.29506e-52 9.05507e-127 
1.38851 5.07121e-20 1.72286e-44 
1.99418 4.16646e-126 4.35249e-14 
2.00698 3.20844e-21 3.56845e-33 
1.5407 5.8843e-31 3.42778e-34 
1.414 5.82382e-36 2.61169e-46 
1.59897 6.31982e-73 0.075553 
2.35878 0.00590813 1.31804e-39 
1.79517 2.77465e-09 1.47592e-05 
1.84757 3.32977e-10 1.93964e-13 
2.18475 4.254e-120 3.04802e-26 
2.14457 2.71887e-09 1.04419e-50 
1.4629 8.95539e-148 1.02814e-25 
1.76841 8.5725e-27 6.41433e-139 
1.87242 0.00881463 1.2629e-66 
1.63391 3.36017e-28 2.13318e-114 
1.76632 2.02173e-24 0.00362619 
1.89068 1.39846e-66 9.3351e-16 
1.90801 5.92069e-07 4.00725e-19 
2.15851 3.07332e-25 3.14276e-23 
1.94632 0.000224267 1.62136e-35 
1.6535 1.16946e-08 7.49282e-79 
1.76522 1.8509e-07 5.77142e-44 
1.88953 2.1296e-29 8.82943e-232 
1.89941 9.53797e-10 9.6619e-37 
1.91534 4.96974e-08 7.55646e-100 
1.67557 4.23985e-12 5.06499e-33 
1.55088 4.08838e-24 1.20991e-33 
1.9379 3.70168e-15 1.10607e-58 
1.60031 8.23688e-15 3.84615e-17 
1.6832 2.7325e-10 8.26813e-06 
1.83043 2.51788e-11 2.65168e-45 
2.04248 0.00323225 2.55191e-15 
1.97285 1.1671e-44 3.36072e-221 
1.75207 3.92008e-16 3.61349e-05 
2.20145 2.15692e-57 1.64666e-98 
1.51008 8.3084e-15 6.05772e-85 
1.90471 1.17872e-12 5.1506e-44 
1.85051 4.62156e-07 8.77005e-16 
1.65614 4.71297e-39 1.0209e-05 
1.78832 8.41665e-05 0.00150735 
2.23281 1.29094e-145 4.2831e-87 
2.25662 1.51481e-26 5.02324e-53 
1.89754 6.58224e-42 2.64444e-67 
2.24874 6.30583e-56 1.59294e-23 
1.47309 7.73475e-72 4.40051e-47 
1.9751 7.16208e-249 9.98639e-58 
1.87598 6.11078e-11 4.95236e-20 
1.81184 1.35853e-41 1.56739e-113 
2.07515 6.82045e-29 5.59614e-77 
1.73422 7.30085e-10 1.02478e-44 
2.17895 8.78124e-62 1.87016e-76 
1.77319 4.94611e-89 7.86839e-97 
2.03252 4.01305e-56 5.38258e-117 
1.71172 0.0299174 1.25457e-55 
1.84596 2.1986e-65 6.97479e-33 
1.67455 2.53342e-06 0.00946324 
1.57241 6.79288e-31 3.42275e-07 
1.60472 1.59257e-61 8.50779e-33 
6.12323e-17 0 1 
1 0 0 
0.529345 0 0.848406 
0.518133 0 0.8553 
0.506747 0 0.862095 
0.540405 0 0.841405 
0.562006 0 0.827133 
0.551281 0 0.83432 
0.495192 0 0.868784 
0.572582 0 0.819848 
0.483477 0 0.875357 
0.471584 0 0.881821 
0.459504 0 0.888175 
0.447214 0 0.894427 
0.434716 0 0.900567 
0.582988 0 0.812481 
0.422004 0 0.906594 
0.409063 0 0.912506 
0.603265 0 0.797541 
0.368671 0 0.92956 
0.613226 0 0.789907 
0.354628 0 0.935008 
0.593194 0 0.80506 
0.340255 0 0.940333 
0.325544 0 0.945527 
0.310431 0 0.950596 
0.623026 0 0.782201 
0.2949 0 0.955528 
0.278947 0 0.960306 
0.63266 0 0.77443 
0.262491 0 0.964935 
0.245445 0 0.969411 
0.642145 0 0.766583 
0.227719 0 0.973727 
0.651521 0 0.75863 
0.209217 0 0.977869 
0.660716 0 0.750636 
0.18982 0 0.981819 
0.669803 0 0.742539 
0.169316 0 0.985562 
0.14735 0 0.989084 
0.678733 0 0.734385 
0.687527 0 0.726159 
0.696205 0 0.717843 
0.704787 0 0.709419 
0.12343 0 0.992353 
0.713216 0 0.700944 
0.721518 0 0.692395 
0.0966243 0 0.995321 
0.729692 0 0.683776 
0.737745 0 0.67508 
0.745673 0 0.666312 
0.978615 0 0.2057 
0.974654 0 0.223719 
0.753478 0 0.657473 
0.982404 0 0.18677 
0.989398 0 0.145232 
0.970538 0 0.240946 
0.986003 0 0.166728 
0.76119 0 0.648529 
0.966284 0 0.25748 
0.96189 0 0.273437 
0.992565 0 0.121712 
0.957368 0 0.288871 
0.768782 0 0.639511 
0.952731 0 0.303814 
0.776256 0 0.630418 
0.947975 0 0.318345 
0.783648 0 0.621205 
0.943112 0 0.332474 
0.064422 0 0.997923 
0.790932 0 0.611904 
0.938144 0 0.346244 
0.995447 0 0.0953182 
0.933074 0 0.359684 
0.798124 0 0.602493 
0.927897 0 0.372837 
0.922631 0 0.385684 
0.805206 0 0.592996 
0.845771 0 0.533546 
0.839219 0 0.543793 
0.852235 0 0.523159 
0.91727 0 0.398265 
0.832587 0 0.553894 
0.858604 0 0.512639 
0.82587 0 0.563861 
0.864887 0 0.501966 
0.819067 0 0.573698 
0.81218 0 0.583406 
0.911816 0 0.410599 
0.871076 0 0.491148 
0.87717 0 0.480181 
0.883178 0 0.469038 
0.906272 0 0.422695 
0.395874 0 0.918305 
0.889091 0 0.457731 
0.900636 0 0.434574 
0.89491 0 0.446247 
0.997976 0 0.0635883 
0.382416 0 0.92399 
