1.06474 0.534846 3.68577 
0.591134 1.71814 3.28527 
0.6046 0.997463 4.5422 
1.24051 0.661322 3.14305 
0.702766 0.73758 6.27225 
0.701876 1.78351 4.76324 
0.513593 0.775182 5.68721 
0.659252 0.536679 5.57856 
0.673816 0.693711 5.69429 
0.981069 0.885927 3.1207 
0.959825 1.17411 3.1162 
0.842662 1.25852 5.59886 
0.830003 0.618989 5.21194 
0.647332 0.69284 6.27167 
0.670758 1.23401 4.53336 
0.557994 0.610002 5.80187 
0.641176 0.483564 4.25269 
0.481814 1.02883 4.37632 
0.461919 1.19888 4.3799 
0.645722 1.0766 5.76515 
0.471237 0.615212 5.67672 
0.822318 2.06818 3.39584 
0.551645 1.8461 4.14128 
0.573683 0.576877 6.41709 
0.562065 1.32144 5.97905 
0.745768 1.0178 3.18529 
0.741335 0.906881 4.38319 
1.19542 0.617071 3.17604 
0.730619 0.693708 5.56638 
0.704229 0.687364 6.5186 
1.60958 0.823984 4.61594 
0.666341 1.61638 3.45103 
0.59279 2.69149 6.48709 
0.430075 0.435906 6.4175 
0.755655 1.48946 6.31245 
0.79085 0.580768 6.19961 
0.943818 0.762543 4.24606 
0.645182 0.700378 6.4995 
0.577869 0.658379 6.26843 
0.812561 1.53238 2.4011 
0.732657 1.75156 6.08844 
1.19731 0.699773 4.63709 
0.704085 0.695504 6.61172 
0.563102 0.59051 6.24846 
0.528942 0.523877 6.40317 
0.831413 1.05683 3.00769 
0.875461 1.08997 5.85108 
0.77406 1.54054 5.60136 
0.669843 2.23998 2.11245 
0.53184 0.611064 5.28569 
1.68032 0.690421 4.24799 
0.585376 0.587631 6.44172 
0.63725 2.16963 6.51827 
0.570038 0.603352 5.60036 
1.10939 0.563164 4.96572 
0.880898 1.53672 2.75355 
0.667326 0.729682 5.53663 
0.65114 0.536288 4.06317 
0.636944 1.49693 3.03589 
0.474311 0.50214 6.41623 
0.512373 2.14588 3.58001 
0.894719 0.546007 4.62624 
0.605337 0.63221 4.12395 
1.19012 1.12189 2.91451 
0.549916 0.625092 5.31343 
0.639902 0.658306 5.90981 
0.668284 0.715555 5.44601 
0.511511 0.639123 5.32742 
0.694371 0.507716 4.04421 
0.490961 0.511828 5.3193 
0.613496 0.78764 6.54844 
0.534059 0.527204 6.51395 
0.786293 0.866249 6.37362 
1.24686 0.84997 6.535 
0.736031 0.651395 6.06679 
0.821308 1.01344 3.04006 
0.726604 0.825599 4.77289 
0.735972 1.51423 4.27741 
0.842125 0.796745 5.9889 
0.623322 0.627467 6.60774 
0.882877 1.56192 2.04503 
0.69534 0.667017 6.03432 
0.975459 0.673225 6.51823 
1.08411 0.827481 4.44651 
0.462748 0.500861 5.20749 
0.765438 0.607987 6.48636 
0.83656 0.909595 4.19653 
0.654474 0.750445 6.34447 
0.479233 0.576134 5.40466 
0.691185 0.722538 5.57998 
0.627834 1.61604 3.03741 
0.739304 0.895752 2.94917 
0.603788 1.12833 5.94125 
0.524161 0.690438 5.37763 
0.501473 1.22344 5.95716 
1.00606 1.03972 6.55576 
0.500388 0.485111 6.47737 
0.864857 1.05613 6.4787 
0.744759 1.04157 4.1906 
0.624036 0.71362 6.54562 
1.38959 9.30012e-05 1.19251 
9.30011e-05 9.30011e-05 6.00009 
9.30014e-05 2.77906 1.19251 
0.00014769 0.753658 3.59619 
0.386253 9.86125e-05 3.58732 
0.823282 0.000182802 2.39019 
0.000103916 1.65525 2.39018 
0.100926 0.00028725 4.77222 
9.61289e-05 0.209902 4.77179 
0.262927 0.0425251 3.58549 
0.352573 0.304178 2.39016 
0.15135 0.707122 2.3902 
0.242334 0.485814 2.39326 
0.0429644 1.13506 2.39058 
0.297762 0.0111607 3.74847 
0.0372888 0.436495 3.5975 
0.567698 0.0857668 2.39057 
0.460139 0.713306 1.19251 
0.0916735 0.893841 2.39981 
0.074054 1.88406 1.19252 
0.0166575 0.495224 3.81631 
0.751427 0.30948 1.19276 
0.18976 0.581055 2.45012 
0.114274 0.182568 3.88114 
0.289825 0.380655 2.45027 
0.0035414 2.52383 1.31873 
0.00511279 1.4609 2.40962 
0.507667 0.10241 2.68153 
0.261472 1.15575 1.19258 
0.101657 0.254236 3.58571 
0.406955 0.217526 2.44498 
0.482908 0.147986 2.40119 
0.728071 0.0106228 2.41049 
0.00776941 0.625415 3.58551 
0.142284 1.55116 1.19314 
0.910876 0.170018 1.19253 
0.365234 0.895996 1.19517 
0.0126488 2.3995 1.19432 
0.318011 0.989147 1.2279 
0.153576 0.151534 3.60109 
0.0144407 1.31362 2.47322 
0.157843 0.62242 2.73772 
0.206971 0.504271 2.74187 
0.0499444 0.01344 4.97443 
0.251511 0.415069 2.7421 
0.31038 0.316858 2.73851 
0.40603 0.788774 1.26519 
0.361512 0.246042 2.73374 
1.27635 0.00766962 1.209 
0.655525 0.0291717 2.47571 
0.00881485 0.11879 4.78735 
0.10124 1.71076 1.23121 
0.432181 0.166603 2.72016 
0.218367 1.25172 1.26112 
0.0197679 2.23634 1.42346 
0.57347 0.479314 1.54873 
0.985857 0.110815 1.23562 
0.0338604 2.152 1.20643 
0.331336 0.911703 1.55696 
0.0528981 1.03114 2.52458 
0.025483 1.17931 2.66442 
0.616914 0.46648 1.19383 
0.080204 1.76796 1.50745 
0.50069 0.617995 1.26759 
0.10444 0.808408 2.54887 
0.18353 1.38577 1.20346 
0.0739302 0.288381 3.71566 
0.026374 0.0572003 4.83286 
1.08913 0.0647028 1.19364 
0.829284 0.224214 1.23168 
0.178314 0.102821 3.70623 
0.589045 0.0510832 2.66793 
0.159285 1.42265 1.43672 
0.211061 0.0578871 3.87392 
0.0684004 0.927076 2.72197 
0.625182 0.410486 1.55407 
0.0475929 0.346193 3.8951 
0.669733 0.38554 1.24097 
0.558666 0.539951 1.21127 
0.855471 0.181119 1.51984 
0.371372 0.823411 1.56694 
0.423584 0.720182 1.56776 
0.123287 0.720721 2.74814 
0.232459 1.16665 1.56065 
0.191266 1.29573 1.55539 
0.926382 0.1313 1.50572 
0.113163 1.61177 1.44289 
1.02213 0.0778412 1.47764 
0.463197 0.648575 1.57331 
0.0438945 2.03311 1.31779 
0.519259 0.557136 1.57188 
0.782382 0.247768 1.43724 
0.692077 0.337858 1.45977 
0.0561686 1.91336 1.50893 
1.18797 0.0194313 1.40689 
0.268376 1.08575 1.38959 
0.288493 1.01135 1.59108 
0.132451 1.50081 1.6739 
0.730028 0.284935 1.67488 
1.1291 0.040696 1.28275 
