0.582926 0.0950151 0.808781 
0.994703 0.0996497 0.0638858 
0.77896 0.216304 0.624271 
1.1235 0.102233 0.000297188 
0.199898 0.321878 0.980813 
1.01432 0.0899855 0.178229 
0.994549 0.107895 9.23688e-08 
1.03456 0.0890285 0.288169 
0.231338 0.0338534 0.972748 
0.977909 0.102786 0.18293 
0.505372 0.0776756 0.859776 
0.991617 0.105847 0.0752861 
0.958721 0.103389 0.265629 
0.982993 0.172037 0.151056 
0.964746 0.104296 0.242346 
0.972885 0.107538 0.207469 
0.489294 0.129474 0.869205 
1.06241e-05 0.000536105 1.24798 
0.290874 0.0431839 0.956159 
0.796768 0.0859003 0.598718 
0.310554 0.10329 0.949653 
0.335244 0.0498278 0.941265 
0.355693 0.0530842 0.933468 
0.949492 0.101673 0.297051 
0.954209 0.10273 0.28179 
0.968867 0.103312 0.225513 
0.211609 0.0550028 0.977465 
0.819589 0.0914263 0.566368 
0.457999 0.0690022 0.886504 
0.255559 0.0376658 0.967479 
0.879126 0.103068 0.467311 
0.279179 0.0411061 0.959599 
0.322956 0.0476036 0.946192 
0.864544 0.20514 0.494119 
0.373338 0.0565653 0.926289 
0.470211 0.0713803 0.879964 
0.98821 0.110101 0.111474 
0.928667 0.099742 0.357495 
0.838218 0.0907434 0.538034 
0.570408 0.165262 0.817524 
0.414583 0.0627218 0.907999 
0.447388 0.0666712 0.891954 
0.392966 0.0590086 0.917854 
0.534781 0.0778906 0.841522 
0.803671 0.0946308 0.588951 
0.543783 0.0791388 0.835569 
0.853709 0.0914218 0.512809 
0.825265 0.0935434 0.55812 
0.426723 0.0684704 0.902149 
0.787982 0.09332 0.610455 
0.553611 0.134956 0.829024 
0.264593 0.0445895 0.963754 
0.863781 0.0643451 0.511359 
0.94468 0.102244 0.312265 
0.40396 0.061968 0.912864 
0.517546 0.0755942 0.852375 
0.436216 0.176102 0.897506 
0.923004 0.15667 0.371863 
0.479645 0.0708812 0.874739 
0.859231 0.0953112 0.503321 
0.562096 0.0808761 0.823172 
0.884813 0.0950032 0.456679 
0.932919 0.101114 0.345969 
0.355164 0.0316322 0.978548 
0.98604 0.112008 0.129548 
0.380942 0.0575686 0.922866 
0.995933 0.0694455 0.492366 
0.910738 0.102062 0.401451 
0.905741 0.166185 0.412634 
1.14975e-05 7.92705e-05 1 
0.889364 0.0951912 0.447346 
0.524608 0.0782371 0.848034 
0.914797 0.098442 0.391921 
0.937116 0.101605 0.334471 
0.940906 0.101565 0.323418 
1.00978 0.0918182 0.172989 
0.919372 0.0987602 0.380889 
0.347717 0.0587692 0.93626 
0.897353 0.0972734 0.4309 
0.901721 0.109776 0.421654 
1.44431 0.0718133 0.48813 
0.000191937 1.74981e-05 1 
0.871457 0.134467 0.482243 
0.809671 0.143345 0.580581 
0.894151 0.0889811 0.439976 
0.845952 0.147905 0.526634 
1.19445 0.059801 0.519899 
1.11289 0.059751 0.524832 
0.783552 0.0866681 0.616773 
0.847962 0.14896 0.523321 
0.873745 0.111857 0.478855 
1.40988 0.0821895 0.479807 
0.812769 0.144299 0.578178 
0.833327 0.0906533 0.54579 
0.901882 0.0798253 0.482475 
0.0875371 9.77989e-06 1.70314 
0.994385 0.106006 1.60248e-06 
0.580999 0.0891614 0.811006 
0.832029 0.0914553 0.548685 
0.780419 0.155796 0.621005 
