1.00005 1.42023e-08 
1.25686e-08 1 
0.297029 0.455023 
0.607105 0.220832 
0.274507 0.476071 
0.938742 0.0311144 
0.630096 0.206223 
0.916726 0.0425473 
0.583723 0.235989 
0.314651 0.439069 
0.260842 0.489274 
0.444868 0.333016 
0.962475 0.0190174 
0.643932 0.197547 
0.899682 0.0514845 
0.731731 0.144588 
0.860302 0.0724766 
0.430235 0.344078 
0.675517 0.178102 
0.816082 0.0966285 
0.760342 0.12803 
0.74819 0.135021 
0.248631 0.501371 
0.40643 0.362482 
0.802974 0.103912 
0.419167 0.35257 
0.832426 0.0876265 
0.134625 0.633087 
0.8441 0.0812528 
0.7773 0.11838 
0.974154 0.013017 
0.458121 0.323154 
0.571993 0.2437 
0.496463 0.295401 
0.142863 0.622029 
0.395036 0.371482 
0.0860294 0.706693 
0.787931 0.112346 
0.549426 0.258768 
0.0346811 0.813833 
0.68824 0.170398 
0.559437 0.252063 
0.325305 0.429645 
0.536337 0.267651 
0.093192 0.694729 
0.125465 0.645795 
0.509576 0.286157 
0.151407 0.610925 
0.384783 0.379694 
0.718417 0.152429 
0.0292206 0.82906 
0.884445 0.0595517 
0.0787066 0.719455 
0.990918 0.00455284 
0.874733 0.064729 
0.0509134 0.77436 
0.0403177 0.799208 
0.00567897 0.924642 
0.468226 0.31573 
0.0244737 0.84356 
0.158631 0.601715 
0.106109 0.674256 
0.00898108 0.905232 
0.0728037 0.730179 
0.0453564 0.787041 
0.100074 0.683656 
0.166243 0.592272 
0.216965 0.534205 
0.194033 0.559509 
0.224606 0.526075 
0.239229 0.51089 
0.00287188 0.946411 
0.113508 0.663091 
0.342401 0.41485 
0.334154 0.421942 
0.0200201 0.858509 
0.351378 0.407231 
0.202143 0.550398 
0.0125124 0.88815 
0.486228 0.302701 
0.066698 0.741745 
0.187031 0.567529 
0.0568083 0.761657 
0.209062 0.542769 
0.699214 0.16381 
0.000942226 0.969306 
0.0161917 0.872755 
0.477829 0.308748 
0.375166 0.387499 
0.527064 0.274008 
0.359705 0.400246 
0.179539 0.57628 
0.232591 0.517733 
0.708238 0.158432 
0.173258 0.583757 
0.518308 0.280064 
0.119257 0.654664 
0.0616116 0.751785 
0.36773 0.393593 
0.66005 0.187566 
