2.00017 0.000174959 
0.000174959 4.00017 
0.0207943 3.95894 
0.041426 3.91767 
0.0620426 3.87644 
0.082663 3.8352 
0.103275 3.79397 
0.123858 3.75281 
0.14445 3.71163 
0.165031 3.67046 
0.206185 3.58816 
0.185606 3.62931 
0.32959 3.34134 
0.30902 3.38248 
0.226761 3.547 
0.350159 3.30021 
0.288451 3.42362 
0.370726 3.25907 
0.391293 3.21794 
0.267885 3.46475 
0.247321 3.50588 
0.411857 3.17681 
0.432403 3.13572 
0.452931 3.09466 
0.49397 3.01259 
0.473452 3.05362 
0.514491 2.97154 
0.534999 2.93053 
0.555494 2.88954 
0.575977 2.84857 
0.596464 2.8076 
0.63734 2.72584 
0.616901 2.76672 
0.657781 2.68496 
0.678196 2.64413 
0.698603 2.60332 
0.719001 2.56252 
0.739378 2.52177 
0.759732 2.48106 
0.780079 2.44037 
0.80042 2.39968 
0.820747 2.35903 
0.841063 2.3184 
0.861365 2.2778 
0.881652 2.23722 
0.901936 2.19665 
0.922206 2.15611 
0.942459 2.11561 
0.962716 2.07509 
0.982959 2.03461 
1.00319 1.99415 
1.0234 1.95372 
1.0436 1.91332 
1.1041 1.79233 
1.06377 1.87299 
1.08394 1.83265 
1.12427 1.75198 
1.18467 1.63118 
1.20477 1.59098 
1.22487 1.55078 
1.24496 1.51061 
1.26501 1.4705 
1.28507 1.43039 
1.30511 1.39031 
1.32513 1.35026 
1.34513 1.31026 
1.36515 1.27023 
1.38514 1.23024 
1.40513 1.19026 
1.4251 1.15032 
1.44507 1.11038 
1.46503 1.07046 
1.48498 1.03057 
1.50492 0.990686 
1.52484 0.950847 
1.54475 0.91102 
1.56463 0.871259 
1.58452 0.831478 
1.60438 0.791755 
1.62423 0.752066 
1.64407 0.712392 
1.6639 0.672719 
1.68372 0.633086 
1.70353 0.593455 
1.72334 0.553839 
1.74314 0.514238 
1.82226 0.356012 
1.80248 0.395573 
1.84204 0.316451 
1.7827 0.435132 
1.76292 0.474685 
1.86181 0.276898 
1.88158 0.237356 
1.90136 0.197812 
1.92112 0.15828 
1.94089 0.118748 
1.96065 0.0792202 
1.98041 0.039695 
1.14442 1.71168 
1.16455 1.67142 
