1 2.00034 0.000112355 
0.000112355 0.000112355 6.00011 
2.99995 1.00002 0.999977 
0.0106391 0.0211611 5.93696 
0.0211662 0.0422106 5.8738 
0.031692 0.0632575 5.81066 
0.0422172 0.0843031 5.74751 
0.0632624 0.126384 5.62125 
0.0527381 0.10534 5.68439 
0.0737867 0.147428 5.55812 
0.0843029 0.168456 5.49503 
0.0948191 0.189483 5.43194 
0.105332 0.210504 5.36887 
0.115846 0.231527 5.30579 
0.126355 0.252541 5.24274 
0.136861 0.273549 5.17971 
0.147368 0.294557 5.11668 
0.157873 0.315563 5.05366 
0.168372 0.336556 4.99067 
0.178875 0.357557 4.92766 
0.189374 0.37855 4.86467 
0.199867 0.399533 4.80172 
0.210361 0.420515 4.73876 
0.22085 0.441489 4.67583 
0.231332 0.462448 4.61295 
0.252285 0.504343 4.48725 
0.241807 0.483394 4.55011 
0.262762 0.525293 4.42439 
0.430287 0.860269 3.41935 
0.419803 0.839305 3.48225 
0.440773 0.881235 3.35645 
0.451257 0.902199 3.29355 
0.273234 0.546232 4.36157 
0.40932 0.818343 3.54514 
0.283706 0.567173 4.29874 
0.461742 0.923164 3.23065 
0.377884 0.755486 3.73374 
0.388362 0.776437 3.67088 
0.398841 0.79739 3.60801 
0.472224 0.944124 3.16776 
0.482708 0.965086 3.10487 
0.49319 0.986045 3.04198 
0.367407 0.734536 3.79659 
0.294178 0.588111 4.23592 
0.356941 0.713609 3.85938 
0.346475 0.692682 3.92217 
0.304637 0.609025 4.17317 
0.336013 0.671763 3.98494 
0.315095 0.629937 4.11043 
0.325554 0.650849 4.04768 
1.69734 1.65133 0.348672 
1.78453 1.60773 0.392266 
2.04563 1.47718 0.522816 
2.13266 1.43367 0.566329 
1.43582 1.78209 0.21791 
2.39327 1.30337 0.696634 
1.95863 1.52069 0.479314 
1.87159 1.5642 0.435797 
1.61018 1.69491 0.305092 
1.34852 1.82574 0.174259 
2.48012 1.25994 0.740062 
1.52302 1.73849 0.261511 
2.21957 1.39022 0.609783 
2.30643 1.34679 0.653215 
2.7402 1.1299 0.870099 
2.82687 1.08656 0.913436 
1.0867 1.95665 0.0433503 
2.56686 1.21657 0.783428 
2.65354 1.17323 0.826768 
1.26126 1.86937 0.130632 
1.174 1.913 0.0870019 
2.91344 1.04328 0.956719 
0.94662 1.89355 0.32043 
0.964403 1.92913 0.213717 
0.928858 1.85802 0.427013 
0.982198 1.96473 0.106933 
0.875735 1.75175 0.745786 
0.911124 1.82255 0.533425 
0.893426 1.78714 0.639627 
0.85807 1.71641 0.851787 
0.840426 1.68112 0.957665 
0.822809 1.64587 1.06338 
0.787687 1.57562 1.27413 
0.805244 1.61074 1.16878 
0.770161 1.54056 1.3793 
0.752652 1.50553 1.48437 
0.700342 1.40089 1.79826 
0.682947 1.36609 1.90264 
0.66556 1.33131 2.00698 
0.735178 1.47057 1.58922 
0.717774 1.43576 1.69366 
0.648202 1.29658 2.11114 
0.596325 1.19281 2.42243 
0.579067 1.15828 2.52599 
0.510248 1.02061 2.93895 
0.527434 1.05499 2.83583 
0.561832 1.1238 2.62942 
0.544628 1.08939 2.73265 
0.613606 1.22738 2.31874 
0.630895 1.26196 2.21499 
