2 1.34541e-10 1.34541e-10 
1.34541e-10 4 1.34541e-10 
2.247e-10 1.34606e-10 6 
1.34541e-10 2.58282 4.58152 
1.34541e-10 2.7762 4.31957 
1.34541e-10 2.37692 4.82577 
1.34541e-10 2.95732 4.04005 
1.34541e-10 2.1558 5.05402 
1.00528 3.45798 1.34541e-10 
1.6181 1.34541e-10 3.52646 
1.11741 3.31746 1.34541e-10 
1.34541e-10 3.40031 3.15995 
1.69041 1.34541e-10 3.20667 
0.883653 3.5884 1.34541e-10 
1.34541e-10 3.11032 3.77271 
1.34541e-10 3.25443 3.48848 
0.8979 1.34541e-10 5.36134 
0.768924 1.34541e-10 5.53884 
0.624537 1.34541e-10 5.69996 
1.73749 1.98104 1.34541e-10 
1.79968 1.74487 1.34541e-10 
1.34541e-10 1.43492 5.60065 
0.453346 1.34541e-10 5.84383 
1.10987 1.34541e-10 4.99136 
1.00776 1.34541e-10 5.18265 
1.38708 2.88167 1.34541e-10 
1.34541e-10 3.53599 2.80494 
1.54518 1.34541e-10 3.80942 
1.46779 1.34541e-10 4.07558 
1.34541e-10 1.93585 5.25054 
1.86806 1.34541e-10 2.14317 
1.34541e-10 1.69742 5.43298 
0.75828 3.70136 1.34541e-10 
1.34541e-10 1.14335 5.74967 
1.73813 1.34122 2.18236 
0.61821 3.80411 1.34541e-10 
1.5514 2.12627 2.04111 
1.20759 1.34541e-10 4.78284 
0.447448 3.89861 1.34541e-10 
1.3025 3.03546 1.34541e-10 
1.21279 3.18065 1.34541e-10 
1.91878 1.34541e-10 1.69254 
1.85481 1.49623 1.34541e-10 
1.75783 1.34541e-10 2.86189 
1.6081 2.37824 1.34541e-10 
1.90495 1.21844 1.34541e-10 
1.8118 1.34541e-10 2.54096 
1.67058 2.19924 1.34541e-10 
1.30552 2.69454 2.07952 
1.95034 0.885858 1.34541e-10 
1.46491 2.72326 1.34541e-10 
1.53854 2.5557 1.34541e-10 
0.708099 2.83271 3.66508 
0.82321 1.33444 5.08864 
1.34541e-10 3.64748 2.46287 
0.670259 3.46784 2.21325 
1.34541e-10 3.75013 2.0874 
1.46974 1.90586 2.89586 
1.53816 1.3551 3.25192 
1.02953 3.13508 2.08469 
1.2999 1.33926 4.09349 
1.00261 1.27223 4.82816 
1.34541e-10 3.843 1.66452 
0.989368 2.11994 4.13262 
1.20959 2.51508 2.93245 
0.60793 1.16202 5.44386 
0.903838 1.81668 4.60673 
1.20475 1.89538 3.8541 
0.728845 2.33417 4.35434 
0.992968 2.67593 3.31885 
1.10597 2.32062 3.58813 
0.668343 1.90139 4.88319 
0.899831 2.96996 2.97762 
1.60733 1.66836 2.54668 
0.873408 2.50415 3.87624 
1.38501 2.31455 2.58499 
1.29724 2.1319 3.26009 
1.34541e-10 0.76462 5.88936 
1.68242 1.82362 1.74433 
1.11085 2.83226 2.61636 
0.630008 3.07591 3.33768 
1.37799 1.69766 3.525 
0.912136 3.36915 1.72391 
1.82714 1.13669 1.74558 
0.591144 3.63363 1.77414 
1.44832 2.47898 1.81502 
0.808689 3.22456 2.59214 
0.572507 1.62747 5.20487 
1.9641 1.34541e-10 1.13171 
1.44453 1.18904 3.74686 
0.576864 2.65719 4.13746 
1.10274 1.6664 4.33678 
1.19371 2.97384 1.81028 
1.65558 1.13624 2.90286 
1.18005 1.17757 4.51081 
1.34541e-10 3.93059 1.11288 
0.549685 3.31743 2.91865 
0.567315 2.2231 4.68866 
1.29936 1.34541e-10 4.56124 
1.38577 1.34541e-10 4.32629 
