1.93049 3.38888 
1.81999 3.65178 
1.59366 4.03368 
1.57001 3.85261 
2.21659 2.46337 
2.02247 3.36053 
2.29839 2.32453 
2.10677 3.1074 
2.07094 3.26639 
1.38525 4.17161 
1.9486 3.2216 
1.09012 4.26746 
1.02584 4.37791 
1.67448 3.69739 
1.69858 3.55702 
2.20587 3.08664 
2.27602 2.93167 
1.96251 3.21491 
2.2241 2.54387 
2.36316 2.13195 
1.53059 3.81177 
1.68024 3.96925 
1.64476 3.87161 
1.76068 3.43864 
1.81797 3.66309 
2.31072 2.2474 
2.2375 2.73164 
1.57874 3.75699 
2.26964 2.73236 
1.98948 3.0495 
2.115 3.23107 
2.12052 2.77206 
2.12815 2.67026 
2.22885 2.7764 
1.81127 3.81426 
2.03399 3.35433 
2.51471 1.90165 
2.17959 3.0791 
1.89077 3.04563 
2.36487 2.05969 
1.78044 3.85122 
1.97235 3.08645 
2.14675 3.4554 
1.3201 4.00757 
1.5062 4.12023 
1.77322 3.64451 
1.28142 4.2028 
2.20812 3.32061 
1.93045 3.45577 
2.10912 2.49427 
1.95348 3.43187 
2.31164 2.81431 
1.94463 3.52557 
1.6135 3.74162 
2.42933 1.24726 
2.35123 2.03752 
2.26219 2.7606 
2.28043 2.55826 
2.28249 2.65514 
1.62392 4.01981 
1.92943 3.38942 
1.63963 3.93577 
2.40848 2.07676 
2.00147 3.11858 
2.3727 2.41852 
1.96266 3.36109 
1.86001 3.41245 
1.96214 3.32394 
2.37932 2.21068 
1.2905 4.1308 
1.82432 3.74342 
1.93539 3.40952 
1.80757 3.86926 
2.00946 3.10386 
2.07591 3.22501 
2.05181 3.2264 
2.22056 2.56119 
2.14016 2.81048 
1.01879 4.42128 
2.02903 3.20269 
2.083 3.06131 
1.64205 3.87835 
2.2772 2.72481 
1.86889 3.54752 
2.3966 2.17598 
1.82691 3.5217 
1.93339 3.3438 
2.11411 2.9568 
1.85351 3.66578 
1.96443 3.0813 
2.0613 3.01735 
2.34683 1.96449 
1.89015 3.24721 
2.12049 2.97396 
1.99993 3.30483 
2.08759 2.93256 
1.57502 3.8261 
1.71908 3.71577 
2.32664 2.15525 
2.19204 2.31567 
2.05 0.0500001 
0.0500019 4.05 
0.580694 3.90661 
0.510922 3.94233 
0.54651 3.92478 
0.613718 3.88782 
0.473759 3.95918 
0.676618 3.8486 
0.434689 3.97531 
0.645637 3.86849 
0.706756 3.82819 
0.393256 3.99065 
0.736082 3.80728 
0.764633 3.78593 
0.348879 4.00508 
0.792541 3.7641 
0.846396 3.7192 
0.819753 3.74187 
0.872541 3.69605 
0.300487 4.0185 
0.898104 3.67255 
0.923206 3.64862 
0.947833 3.62429 
0.972011 3.59959 
0.995797 3.57447 
1.01912 3.54903 
1.0421 3.52317 
0.24614 4.03072 
1.08692 3.47041 
1.06468 3.49699 
1.10884 3.44345 
1.13038 3.41617 
1.15163 3.38851 
1.17257 3.36049 
1.19323 3.33209 
1.21358 3.30336 
1.23363 3.27429 
1.25341 3.24488 
1.27293 3.21509 
1.29214 3.18502 
1.31112 3.15456 
1.32981 3.12381 
1.34828 3.09268 
1.36651 3.06117 
1.38451 3.02933 
1.40227 2.99711 
1.41978 2.96459 
1.43708 2.93166 
1.45415 2.89842 
1.47101 2.86478 
1.48766 2.83074 
0.180797 4.04144 
1.50411 2.79632 
1.55219 2.69077 
1.56782 2.65479 
1.58326 2.61836 
1.59849 2.58154 
1.61354 2.54426 
1.62839 2.50658 
1.64303 2.46847 
1.6575 2.42986 
1.67177 2.39083 
1.68585 2.35131 
1.69974 2.31129 
1.71345 2.27075 
1.72696 2.22972 
1.7403 2.18812 
1.75344 2.146 
1.76639 2.10329 
1.77916 2.05999 
1.79174 2.01605 
1.80414 1.97147 
1.82834 1.8803 
1.81633 1.92625 
1.84017 1.8336 
1.85179 1.78614 
1.86322 1.73787 
1.87445 1.68875 
1.88548 1.63874 
1.8963 1.58777 
1.90691 1.53577 
1.91731 1.48269 
1.92749 1.42844 
1.93745 1.37293 
1.94717 1.31607 
1.95666 1.25771 
1.9659 1.19772 
1.97489 1.13592 
1.9836 1.07211 
1.99204 1.00601 
2.00017 0.937316 
2.00799 0.865576 
2.01546 0.790226 
2.02255 0.710434 
2.02923 0.624987 
2.03543 0.531866 
1.52033 2.76155 
2.04108 0.427257 
2.04604 0.301582 
1.53636 2.72637 
