1.47785 4.03637 2.23752 
0.933518 1.06427 6.57767 
2.37399 2.25276 2.52339 
2.16815 2.65032 3.68493 
1.48517 2.73011 5.06499 
0.757612 1.54825 6.3437 
1.34606 2.63214 5.53771 
2.01854 2.75984 4.14915 
1.50497 3.65608 2.81196 
1.99219 1.97321 4.86983 
1.89961 3.12735 3.75256 
2.38561 2.75814 1.53131 
2.28745 2.30517 3.43185 
1.99927 2.59961 2.82478 
2.30247 1.89563 3.09069 
1.63303 1.78607 5.34041 
1.50428 1.37303 5.76045 
1.52943 2.06807 5.31725 
2.01919 1.49128 4.88976 
1.25774 3.18208 5.15935 
2.29843 2.44656 3.36866 
1.95846 1.16899 5.2576 
2.06636 2.38753 3.83595 
1.03581 3.90508 3.50411 
2.40233 3.04739 1.81217 
1.30721 2.89508 4.84504 
1.8645 1.51495 5.15067 
2.15209 2.15477 4.4627 
0.880818 2.02432 6.15305 
2.04451 1.46877 4.83857 
1.50424 3.52443 4.14672 
1.03526 3.51453 4.74992 
1.51468 3.85794 2.9478 
1.93526 2.51538 4.11559 
2.15424 2.52142 3.71556 
1.93453 1.97259 4.54254 
1.09797 2.33025 5.47347 
2.40111 2.56921 2.79837 
1.03649 3.91549 3.84639 
1.43022 1.45158 5.86624 
0.92637 3.82444 4.17498 
1.84472 1.66341 5.46955 
1.71154 2.86139 4.06169 
1.02885 4.44014 2.24984 
1.22385 4.2478 2.01192 
1.3042 3.71057 3.97033 
2.37041 2.61761 2.09539 
1.56766 3.01421 4.53169 
2.14261 2.80128 2.86852 
1.05252 3.92432 3.59254 
2.05213 1.50476 4.90077 
1.09069 3.84987 3.72621 
1.059 1.14511 6.41223 
2.20315 1.76045 3.66314 
0.946494 2.10431 5.97834 
1.53973 3.17529 4.81264 
1.66138 3.17525 4.35636 
1.38175 3.06554 4.67274 
1.73573 3.45214 3.74706 
2.47718 1.93353 2.74557 
2.1456 2.41415 3.68312 
2.13681 2.56208 2.41447 
1.33323 1.09146 6.23356 
1.70826 1.82107 5.59056 
1.54238 2.53256 5.56705 
1.63595 2.52448 5.06943 
1.83308 2.51192 4.58762 
1.98981 2.2566 4.26645 
1.0698 2.28352 6.13248 
2.15742 2.6569 3.37617 
1.69351 2.93088 3.54191 
2.11825 2.53833 3.35842 
2.25799 2.38062 2.87844 
2.19994 1.59799 3.75637 
1.93432 3.14499 3.08248 
1.95341 2.06107 5.03843 
1.44399 3.22787 4.82751 
1.31425 1.55322 6.25554 
0.977055 4.17462 3.72392 
1.28357 1.43559 6.26334 
1.3652 3.78756 3.66473 
0.75327 1.93516 6.35914 
1.32682 4.12019 2.99418 
1.32525 0.940403 6.13423 
1.39135 3.88656 3.16548 
2.0219 3.88051 1.40853 
1.1696 3.89834 3.99274 
2.33604 1.7087 4.06235 
0.806414 3.21965 5.15271 
2.07247 2.58625 3.89101 
1.26425 4.33043 2.39555 
0.922487 2.32512 6.18518 
1.64091 2.35215 4.62814 
1.09478 0.827026 6.36051 
1.10001 1.0003 6.22723 
1.93152 3.57933 1.88629 
1.92144 2.67552 4.3534 
1.9228 1.58696 4.91779 
1.45175 2.66379 5.38195 
1.33176 1.14658 6.15303 
