2.59768 2.6061 
2.14392 3.37122 
1.36044 4.19684 
2.45596 3.2027 
1.81275 3.5945 
2.63853 2.84418 
2.78301 1.96855 
2.57679 2.8882 
2.56264 2.49478 
1.20896 4.16855 
2.14827 3.22186 
2.00915 3.20411 
1.39755 4.18861 
2.24018 2.46794 
1.66159 3.87776 
1.83985 3.84585 
2.14352 3.29375 
1.57639 4.00142 
2.20114 3.32647 
2.05705 3.28095 
2.15818 3.0984 
1.90756 3.63084 
2.25373 3.26027 
2.29176 3.26235 
1.80171 3.5862 
2.03425 3.32902 
1.63025 4.12267 
1.9778 3.58641 
1.80737 4.06392 
1.95913 3.52191 
1.92328 3.686 
2.05453 3.1998 
2.61172 2.90516 
1.83015 3.64567 
2.19961 3.4522 
2.86681 1.90763 
1.79339 3.76715 
1.68646 3.75442 
2.28474 2.93087 
1.46034 3.91406 
2.23426 3.26504 
2.43286 2.99881 
2.26459 3.01954 
1.55153 4.41059 
1.61684 3.75042 
2.46691 2.55308 
1.29147 4.07872 
2.27332 3.42448 
2.20386 3.19299 
2.43545 3.20846 
1.78239 3.64924 
1.56171 3.784 
2.45534 2.82514 
2.12934 3.12487 
1.41193 4.1018 
1.67195 3.90732 
1.93173 3.65315 
1.80806 3.67075 
1.47714 3.87233 
1.89134 4.12785 
2.42623 3.28958 
2.3476 2.91671 
1.65118 3.65987 
1.59251 3.74544 
1.92633 3.58184 
2.13055 3.05557 
1.31409 3.89604 
1.54517 3.79305 
2.29105 3.21112 
2.39735 3.18448 
1.69186 3.80678 
2.23341 2.44462 
2.16156 3.51121 
2.55762 2.97055 
2.09566 3.27613 
2.05136 3.59798 
2.01778 3.47856 
2.34809 3.36986 
1.41701 3.91224 
2.22915 3.5257 
1.30653 4.20326 
1.52481 3.79796 
1.89291 3.77662 
1.5384 4.26495 
1.77171 3.56169 
1.08018 4.31519 
2.21063 3.2433 
2.47304 2.97648 
2.58131 2.5559 
2.30359 2.55327 
2.35351 3.10798 
2.32717 3.01287 
2.67941 2.56665 
2.18178 3.52942 
1.75019 3.84792 
2.28744 2.95009 
2.00132 3.4017 
1.96323 3.359 
2.3724 3.25253 
2.63165 2.44491 
2.20004 0.200039 
0.137219 4.13722 
1.41478 2.82791 
1.95534 1.59389 
2.11583 0.886677 
2.04968 1.39367 
2.03354 1.4649 
2.06325 1.31483 
1.72188 2.24595 
1.37419 2.90674 
2.01419 1.51986 
2.07435 1.23978 
1.98839 1.56331 
2.08508 1.16096 
0.939281 3.63287 
0.84153 3.7483 
0.868122 3.7186 
0.815632 3.77589 
0.96385 3.60443 
2.17968 0.715081 
0.7891 3.8028 
0.709718 3.87549 
1.76425 2.2219 
0.988222 3.57551 
0.915625 3.66277 
0.465757 4.03261 
1.01111 3.5466 
2.09461 1.08496 
0.892641 3.69071 
2.18988 0.602009 
1.03361 3.5171 
0.31296 4.09994 
1.69967 2.31179 
1.93331 1.69947 
1.39912 2.86711 
0.623253 3.94245 
1.90961 1.80338 
0.264439 4.11426 
1.55515 2.68386 
1.68535 2.35301 
1.89742 1.85425 
0.356877 4.08409 
0.762507 3.82844 
1.88497 1.90442 
1.05505 3.48757 
1.92177 1.75076 
2.1955 0.469219 
1.17296 3.30357 
1.22736 3.20333 
1.79178 2.18896 
1.15401 3.33588 
1.07565 3.45822 
1.13493 3.36731 
0.395389 4.06788 
1.24475 3.16931 
1.19158 3.27071 
1.53807 2.72133 
0.20724 4.12693 
0.738115 3.85136 
0.432045 4.05043 
1.33651 2.97832 
1.20956 3.23788 
1.11532 3.39849 
1.09593 3.42822 
1.8724 1.95327 
1.35896 2.94049 
1.57152 2.64618 
1.94546 1.64188 
2.16738 0.782862 
1.52058 2.75585 
0.593353 3.96321 
1.26214 3.13431 
1.58674 2.61009 
0.682037 3.89934 
1.60171 2.57371 
1.30789 3.03697 
1.83681 2.08212 
2.10308 1.01146 
1.67002 2.39582 
1.4996 2.78734 
0.563671 3.98163 
0.532518 3.99912 
1.61641 2.53711 
1.86021 1.99929 
0.502292 4.01576 
1.29137 3.07367 
1.63051 2.50117 
2.15279 0.827913 
1.64406 2.46582 
1.84864 2.04149 
1.32243 3.00434 
1.65736 2.43032 
1.4707 2.81243 
2.1359 0.860786 
1.82137 2.12708 
1.27758 3.10357 
1.80991 2.15468 
2.11031 0.943539 
1.71488 2.26657 
0.653028 3.92099 
