2.20002 0.200021 
0.133315 4.13331 
1.42424 2.80835 
1.95519 1.59473 
2.11581 0.886664 
1.72184 2.24568 
1.93971 1.66956 
1.33172 2.98454 
1.66239 2.41668 
1.67964 2.36894 
1.61114 2.55065 
1.87325 1.95008 
1.88731 1.89517 
1.64449 2.46487 
1.76508 2.22 
1.92671 1.72899 
2.0261 1.48975 
1.85897 2.0038 
2.00643 1.53619 
1.90082 1.84031 
1.62859 2.50613 
1.91382 1.78543 
1.7937 2.18555 
2.10673 0.978007 
1.84502 2.05451 
1.30933 3.02391 
1.59302 2.59526 
1.83002 2.10229 
1.69618 2.32173 
1.37042 2.91366 
0.778596 3.8072 
2.04184 1.43563 
0.804138 3.78152 
0.34405 4.0836 
1.81416 2.14591 
1.52723 2.73705 
1.12145 3.38131 
0.421287 4.04946 
0.75261 3.83205 
0.383988 4.06705 
2.09812 1.0556 
1.215 3.21823 
1.10136 3.41283 
2.17895 0.720619 
1.19669 3.25236 
0.828675 3.75567 
0.726421 3.85584 
1.35435 2.94713 
0.299349 4.09937 
1.14122 3.34912 
1.17843 3.28531 
1.23272 3.18408 
0.492396 4.01674 
0.526605 3.99863 
0.699744 3.8788 
1.15973 3.31791 
0.851937 3.73007 
1.08148 3.44291 
2.08081 1.19362 
0.874667 3.70401 
0.917781 3.65288 
1.98072 1.57258 
2.16654 0.786246 
1.57768 2.63164 
0.672786 3.90072 
0.558994 3.97987 
2.07163 1.25913 
1.25014 3.14944 
0.456509 4.0339 
1.06143 3.47215 
0.896634 3.67783 
0.645631 3.92154 
1.56202 2.66826 
0.617471 3.94183 
1.40319 2.85322 
0.940627 3.62725 
0.588783 3.96117 
1.04178 3.49979 
0.252774 4.11275 
2.05351 1.37798 
2.06261 1.32003 
1.54673 2.70316 
1.0219 3.52675 
1.50458 2.76902 
1.26628 3.11638 
0.961738 3.60258 
1.00203 3.55273 
0.982281 3.57763 
1.7099 2.28143 
0.200973 4.12407 
1.38947 2.87897 
2.15118 0.831764 
1.28163 3.08404 
1.47885 2.79173 
1.29577 3.05348 
2.18814 0.635861 
2.1929 0.537732 
2.13486 0.862353 
2.19697 0.424026 
2.08955 1.12643 
