2.3157 1.72057 4.47532 
2.01668 3.39268 4.03032 
2.58634 1.9763 2.32213 
1.80807 3.43075 3.63853 
2.52308 1.98782 2.04439 
0.786874 3.38672 5.10163 
1.69901 1.88868 5.23838 
2.25894 2.40207 3.73885 
2.09648 2.22375 4.45824 
0.988606 0.921328 6.77589 
1.57402 1.44232 6.33093 
2.48325 1.58299 4.17966 
0.85426 1.79501 5.93556 
2.64446 1.599 3.16167 
2.43934 1.77099 2.7009 
1.08184 4.48007 3.00073 
1.13897 1.89693 6.55815 
1.76061 2.35025 5.23014 
1.38698 3.60242 4.30018 
0.923598 0.770301 6.33994 
2.10724 2.27744 4.62715 
0.954889 4.13115 4.3254 
1.04055 2.98887 5.70996 
2.24706 2.86555 2.96769 
2.21031 1.67212 4.40205 
1.03021 1.59256 6.63959 
1.90613 2.65302 3.06814 
2.39625 2.96459 2.72895 
1.48284 1.72016 5.38961 
1.52461 2.74356 4.28266 
1.21887 2.4315 6.12282 
1.46017 1.21063 6.47407 
0.966993 2.04849 6.56481 
2.04803 2.82926 4.84972 
0.564207 0.581517 6.46608 
1.0533 3.8367 4.556 
2.15749 2.36519 3.87493 
1.14374 0.996309 6.80599 
1.1941 3.78946 4.23234 
0.660499 0.716074 6.56301 
0.814545 2.10732 6.40128 
0.836863 3.56964 4.78187 
2.50485 1.99062 2.76613 
2.01645 2.0434 4.91065 
1.08881 1.38008 6.58237 
1.07395 4.52445 1.06214 
1.79197 3.17788 4.14885 
2.02951 2.2865 5.28456 
1.14801 4.03749 4.2969 
1.0287 1.27899 6.84754 
2.45178 1.28786 2.84167 
1.24507 1.00637 6.5774 
1.52085 3.03173 4.7571 
1.00211 1.40708 6.77972 
1.73331 4.22887 2.351 
1.13043 1.34829 6.14974 
1.57018 1.78228 6.40614 
2.33491 1.97475 3.13269 
0.963044 2.8431 6.08743 
2.25189 2.96762 2.17811 
1.54764 1.19586 6.62576 
1.00522 2.92555 5.85959 
2.07532 3.44085 2.59883 
1.64904 2.58425 5.67921 
2.19954 2.57635 4.55506 
0.86081 1.02596 6.81928 
1.18445 1.55148 6.49249 
1.48658 2.74177 5.10679 
0.956379 1.56304 6.81037 
1.55341 1.00254 6.39658 
0.788816 1.2744 6.69357 
0.973875 1.69336 6.69487 
1.79533 2.67241 4.2215 
1.03408 0.941135 6.81116 
1.48222 3.40904 5.00081 
0.582672 0.938207 6.50876 
1.55361 1.78486 6.35105 
1.92483 2.7102 5.43106 
1.38697 1.44728 6.60584 
1.6137 1.56168 6.18313 
1.33923 1.37834 6.55682 
1.89452 1.88046 5.92988 
2.27039 2.17814 3.39947 
0.671867 0.875501 6.65816 
2.15872 2.66858 4.71334 
0.881485 1.07093 6.85617 
0.831761 1.03503 6.81773 
1.12596 2.32016 6.29077 
0.847641 2.53386 6.20873 
1.45364 1.80928 5.78217 
2.05877 1.81367 4.81586 
0.89229 1.39342 6.81346 
0.786193 0.98298 6.76664 
2.56063 2.4356 3.31421 
0.709289 0.634854 6.5974 
0.848376 3.07188 5.66988 
1.81259 2.29651 4.38154 
1.37036 2.07917 6.10872 
2.1856 2.88446 3.92761 
2.1933 2.8044 3.49744 
