0.0953193 0.0954751 6.09525 
0.199926 4.08977 0.0959151 
1.12556 3.52364 0.0953005 
2.09415 0.229081 0.0957373 
2.09445 0.199963 0.162508 
2.09454 0.202387 0.0988551 
1.72175 2.42292 0.095352 
0.717063 3.89701 0.0954447 
1.46725 3.00571 0.0984853 
1.30898 3.27453 0.0958126 
1.17232 0.151649 5.15014 
0.855836 0.135074 5.6441 
0.942047 0.139589 5.53048 
1.24226 0.155312 5.0096 
1.02297 0.143827 5.41018 
1.37235 0.162125 4.71162 
1.30871 0.158792 4.86371 
1.0992 0.147819 5.28392 
0.762498 0.130186 5.75122 
1.43255 0.165278 4.55543 
1.49104 0.168341 4.391 
0.659668 0.1248 5.85118 
1.5471 0.171277 4.22029 
1.6069 2.71436 0.0960821 
0.541768 0.118626 5.94368 
1.60068 0.174083 4.04353 
0.951181 3.71047 0.0954225 
1.74725 0.181759 3.47473 
1.65212 0.176777 3.85958 
1.79242 0.184125 3.26674 
1.70025 0.179297 3.67289 
1.83531 0.186371 3.05001 
0.396785 0.111033 6.0266 
1.87651 0.188529 2.81996 
1.91542 0.190566 2.57759 
1.95185 0.192474 2.32137 
2.01774 0.195925 1.74243 
1.98593 0.194259 2.04598 
2.04666 0.197439 1.40071 
2.07347 0.198844 0.964288 
1.82945 2.08785 0.0956991 
0.186411 3.57451 3.04282 
0.175479 3.15733 3.94819 
0.177834 3.2472 3.78105 
0.180103 3.33379 3.6076 
0.182291 3.41729 3.42703 
0.127052 1.30923 5.81143 
0.184393 3.49752 3.23906 
0.143342 1.93093 5.42414 
0.14687 2.06553 5.31457 
0.139638 1.78956 5.52876 
0.162516 2.66263 4.6918 
0.135731 1.64048 5.62812 
0.165295 2.76869 4.55331 
0.131586 1.48229 5.7219 
0.122016 1.11707 5.89561 
0.167978 2.87107 4.40983 
0.150256 2.19477 5.19962 
0.159621 2.55214 4.82608 
0.156618 2.43755 4.95545 
0.1535 2.31856 5.07995 
0.188341 3.6482 2.83734 
0.190184 3.71851 2.62123 
0.191934 3.78529 2.39279 
0.193586 3.84833 2.14953 
0.116263 0.897528 5.97298 
0.195142 3.90772 1.88589 
0.19658 3.9626 1.59706 
1.92255 1.7214 0.0969943 
0.173073 3.06551 4.10708 
0.197883 4.01233 1.27087 
0.109265 0.630474 6.04113 
0.19902 4.05573 0.876686 
0.927077 2.85055 3.65768 
0.84539 1.59463 5.18219 
0.952876 3.38045 2.35285 
1.98748 1.39067 0.110848 
1.56748 1.7616 3.29601 
1.35516 2.83257 2.29843 
2.05233 0.919596 0.0956379 
1.23101 2.62613 3.25404 
1.27574 1.70577 4.29307 
0.85588 2.56372 4.22836 
1.13437 2.351 3.94659 
1.45322 2.36739 2.88577 
1.63398 2.16192 2.34923 
1.11015 3.01466 2.84349 
1.35949 2.11523 3.62147 
1.21884 3.18145 1.8861 
1.7152 1.56752 2.83467 
0.835577 3.20102 3.15529 
0.821004 3.62062 1.91063 
1.11015 1.51327 4.8075 
1.85657 1.45482 2.07527 
1.53852 2.58901 1.90084 
0.806 2.15317 4.7776 
1.03701 2.03054 4.52136 
1.45933 1.53282 3.91667 
1.77352 1.93548 1.83614 
0.170569 2.96995 4.26118 
