10226347.417915 
10077219.1004238
9917730.34808416
9960967.62463868
10349728.5098181
10516052.0824499
9922181.94600411
10128407.6370064
10451222.8305658
10008248.6219801
10282545.2228943
10007940.6344391
10055386.1505122
9758162.66422329
9910619.58050287
9802430.76905382
10200797.1818785
9903323.23212423
10114968.5648728
10190571.8002962
10053038.4761028
10081703.8357065
10372091.790827 
10087941.2312089
10017826.9746875
10026186.285457 
10187939.2829529
10261890.3229755
10082755.0238894
9802105.17944039
