7.815810856594  
7.858650567219  
7.829089775539  
7.773885697853  
7.902502363464  
7.8242904161    
7.942084491808  
7.8229731016    
7.879812347844  
7.770027766843  
7.927036996011  
7.83300616928   
7.76708894358   
7.871392237698  
7.85900434746   
7.838421273668  
7.73258624141   
7.925333354726  
7.86160272639   
7.790135414518  
7.78117900717   
7.858699628772  
7.9228872107    
7.886722807101  
7.982372183148  
7.809395993797  
7.773949163865  
7.82383704931   
7.81563287774   
7.93104619521   
