0.0725756 0.198304 23.3318 
0.26035 0.450546 17.7204 
0.343937 0.545155 19.8229 
0.203221 0.239282 20.1043 
0.00149413 0.849327 16.4622 
0.466609 0.655346 21.8661 
0.194875 0.827426 17.8842 
0.277666 0.942432 17.6935 
0.0503278 0.543866 18.5953 
0.888505 0.126432 17.5309 
0.254982 0.814609 16.5773 
0.858213 0.962619 18.963 
0.704618 0.472333 19.6099 
0.936801 0.706889 12.9833 
0.923376 0.452924 20.1235 
0.587702 0.970037 16.5601 
0.236338 0.990271 15.8496 
0.0122945 0.546821 18.271 
0.749115 0.00135162 18.6276 
0.751179 0.642781 20.9506 
0.705582 0.0989316 16.9811 
0.881757 0.588266 15.0097 
0.090232 0.0996229 20.3847 
0.363756 0.303087 19.7953 
0.777466 0.0742172 19.2087 
0.320984 0.730842 17.6622 
0.16709 0.187907 18.5195 
0.88063 0.66433 17.0402 
0.0505842 0.681787 17.4195 
0.605233 0.484178 18.7442 
0.308907 0.987808 18.6935 
0.577679 0.15999 18.7087 
0.887641 0.114198 19.1355 
0.420556 0.776132 15.546 
0.55624 0.830355 17.2502 
0.165142 0.558043 17.0142 
0.184721 0.344136 20.8958 
0.127649 0.228493 20.1409 
0.186895 0.524274 19.0258 
0.149939 0.00535006 19.782 
0.0809438 0.0992237 20.5339 
0.727412 0.635401 17.0518 
0.544533 0.986263 19.5906 
0.566473 0.256002 20.8602 
0.0657597 0.0463346 23.9888 
0.0869573 0.771346 17.9705 
0.837278 0.250627 17.9816 
0.1508 0.84532 17.0064 
0.456755 0.376006 18.5631 
0.274481 0.317699 17.7482 
0.366329 0.855772 18.7824 
0.520116 0.367967 20.318 
0.809025 0.608245 17.4354 
0.609336 0.261263 18.5125 
0.464368 0.756048 22.045 
0.0939577 0.00446922 17.9569 
0.842129 0.831922 16.3239 
0.254556 0.110148 17.22 
0.213617 0.0357996 18.2758 
0.130458 0.458523 22.527 
0.599822 0.455462 19.485 
0.201827 0.0906569 15.7781 
0.135002 0.376466 17.4581 
0.529143 0.639045 18.3933 
0.241279 0.599495 20.2315 
0.507082 0.671453 20.1703 
0.430323 0.953213 19.5046 
0.350399 0.366861 18.0897 
0.539283 0.906931 19.4426 
0.0562917 0.0531182 18.5543 
0.333411 0.290261 19.8091 
0.615234 0.483006 17.4356 
0.796185 0.287319 16.3997 
0.113478 0.778911 15.6171 
0.674062 0.224857 17.9012 
0.413389 0.191246 22.0903 
0.536769 0.494164 19.4735 
0.428621 0.815324 15.9173 
0.510885 0.517209 22.6255 
0.199501 0.17893 19.9266 
0.759405 0.972368 19.8058 
0.488301 0.652316 21.5943 
0.312682 0.462939 18.4085 
0.02747 0.0158315 17.266 
0.931118 0.707472 16.6525 
0.880973 0.862514 15.006 
0.965784 0.339185 18.36 
0.217386 0.028736 17.9825 
0.180655 0.583265 18.2494 
0.946008 0.0876954 19.4316 
0.315862 0.305613 21.7477 
0.287344 0.662286 17.3495 
0.29595 0.703922 15.8697 
0.230728 0.136355 20.3561 
0.547744 0.102949 21.4863 
0.165042 0.924306 18.6378 
0.749931 0.688936 17.3838 
0.406994 0.883836 17.666 
0.673035 0.217516 18.3817 
0.747757 0.0802616 19.0549 
0 0 6 
0.859401 0.859403 2.61401 
0.00478852 0.945795 4.58677 
0.927033 9.83967e-05 4.48443 
0.597765 0.000458847 5.76324 
0.318088 0.766482 4.25057 
0.746643 0.59398 4.5242 
0.736291 0.362165 4.54954 
0.643408 0.899025 3.86533 
0.808339 0.329956 4.06519 
0.116623 0.625734 5.38921 
0.879283 0.737665 3.12736 
0.305647 0.748607 4.34454 
0.892301 0.720132 3.28185 
0.290224 0.733775 4.42753 
0.713711 0.344214 4.67113 
0.728243 0.848109 3.18445 
0.262845 0.689389 4.7392 
0.828801 0.277349 3.92616 
0.751712 0.858396 3.01529 
0.664606 0.845869 3.66246 
0.902312 0.131857 4.12275 
0.0991432 0.278682 5.40516 
0.0182236 0.942721 4.55138 
0.285772 0.653311 5.01909 
0.790669 0.848838 2.7931 
0.685534 0.307282 4.81123 
0.668388 0.800615 3.7573 
0.83054 0.172194 3.99505 
0.0326679 0.801164 4.39164 
0.0902293 0.666298 5.17798 
0.237452 0.183301 5.21165 
0.633206 0.669462 4.87609 
0.839911 0.817897 2.69464 
0.0220936 0.0916905 5.81191 
0.175747 0.107278 5.45096 
0.768833 0.712503 3.58926 
0.165936 0.0691122 5.55712 
0.160325 0.157917 5.36434 
0.728243 0.673652 4.15448 
0.796996 0.699769 3.53773 
0.647359 0.831992 3.80588 
0.780487 0.829428 2.87555 
0.736291 0.791213 3.2936 
0.636238 0.243275 5.11789 
0.838579 0.766482 2.93807 
0.0403858 0.249788 5.51784 
0.774751 0.692675 3.70485 
0.615226 0.00014855 5.67135 
0.202706 0.0506492 5.53225 
0.24687 0.122709 5.33846 
0.644581 0.294973 5.08931 
0.845267 0.699769 3.40025 
0.679579 0.636143 4.78227 
0.849585 0.849597 2.62154 
0.211505 0.164372 5.26689 
6.86933e-06 0.35859 5.72596 
0.255341 0.872268 3.88695 
0.126268 0.21118 5.35246 
0.695342 0.695713 4.23522 
0.672707 0.657785 4.68623 
0.0240812 0.714653 4.94354 
0.617291 0.000328771 5.65938 
0.0718589 0.676269 5.14572 
0.0485124 0.714653 4.90311 
0.81994 0.221492 3.95258 
0.790669 0.304311 4.09521 
0.107051 0.111453 5.5942 
0.143311 0.19593 5.33238 
0.844323 0.781098 2.84644 
0.824182 0.831992 2.69078 
0.0631374 0.0942527 5.73408 
0.312273 0.826249 3.97549 
0.751316 0.891029 3.05733 
0.044235 0.0397986 5.88347 
0.135835 0.233169 5.312 
0.654708 0.07879 5.28686 
0.878323 0.786751 2.82225 
0.0613182 0.0267153 5.87181 
0.66041 0.338392 5.05625 
0.233142 0.203047 5.18372 
0.762369 0.333135 4.30575 
0.216665 0.724979 4.48663 
0.149901 0.294973 5.30276 
0.256266 0.68474 4.77272 
0.281685 0.00569616 5.58055 
0.85834 0.678522 3.55287 
0.243913 0.677303 4.82892 
0.7601 0.733775 3.48623 
0.818544 0.234178 3.94832 
0.194994 0.00622753 5.61033 
0.706665 0.666298 4.36922 
0.0110532 0.647376 5.45747 
0.118345 0.00456592 5.77061 
0.228646 0.134508 5.31774 
0.774751 0.672146 3.85878 
0.237452 0.0595514 5.48476 
0.207474 0.815045 3.9822 
0.767482 0.865498 2.91663 
0.0472465 0.0182751 5.911 
