6.12323e-17 1 
1 0 
0.775906 0.635935 
0.813191 0.584299 
0.0651896 0.998146 
0.999949 0.0319047 
0.751997 0.66168 
0.991391 0.134148 
0.232976 0.972797 
0.998074 0.0708669 
0.254882 0.968113 
0.395899 0.918999 
0.376826 0.931435 
0.957643 0.301294 
0.0989378 0.995756 
0.826765 0.565573 
0.995264 0.104515 
0.703902 0.712709 
0.974404 0.232418 
0.99972 0.0535815 
0.904408 0.429143 
0.714814 0.702823 
0.96104 0.277356 
0.801504 0.598425 
0.619792 0.785538 
0.673437 0.746371 
0.420285 0.909017 
0.566164 0.825028 
0.465547 0.886048 
0.984143 0.17914 
0.0476781 0.99926 
0.876636 0.484301 
0.996149 0.0967467 
0.95087 0.312267 
0.7889 0.616346 
0.363511 0.932378 
0.869236 0.496898 
0.186895 0.984814 
0.406607 0.914833 
0.970606 0.25013 
0.200791 0.980359 
0.98972 0.151079 
0.986749 0.163337 
0.693403 0.722581 
0.171865 0.98621 
0.98128 0.194836 
0.921561 0.393177 
0.687104 0.729437 
0.584072 0.813391 
0.270985 0.964153 
0.941491 0.341847 
0.724445 0.692907 
0.913098 0.411289 
0.8633 0.505931 
0.67623 0.737564 
0.796704 0.60576 
0.53192 0.848339 
0.0228586 0.999923 
0.892119 0.455109 
0.136206 0.991514 
0.595844 0.804743 
0.542574 0.841241 
0.631197 0.776987 
0.899737 0.442861 
0.936498 0.353323 
0.884392 0.467819 
0.310515 0.951865 
0.328677 0.944725 
0.656964 0.755918 
0.348267 0.937851 
0.91122 0.413581 
0.967597 0.259824 
0.279259 0.960862 
0.929663 0.372256 
0.296247 0.956149 
0.43215 0.903005 
0.0298165 0.999656 
0.857771 0.516152 
0.549361 0.836851 
0.49246 0.870985 
0.317424 0.949783 
0.151704 0.990003 
0.451389 0.893421 
0.646482 0.765446 
0.881656 0.472517 
0.215666 0.977596 
0.965313 0.270998 
0.977012 0.215558 
0.946099 0.325737 
0.157068 0.987921 
0.509965 0.864977 
0.922443 0.38731 
0.854291 0.522392 
0.729103 0.685724 
0.841695 0.540954 
0.483212 0.877583 
0.523729 0.852695 
0.850289 0.531865 
0.933217 0.362314 
0.740077 0.675196 
