0 0 6 
0.859533 0.860319 2.61404 
0.928301 0.728435 3.41075 
0.0015752 0.957857 4.73197 
0.438842 0 5.93951 
0.765494 0.446499 4.6073 
0.62388 0.81935 4.07618 
0.752923 0.597998 4.51153 
0.774828 0.392853 4.44063 
0.343604 0.739894 4.52537 
0.780889 0.325296 4.25175 
0.855175 0.921633 2.7727 
0.656681 0.873274 3.73718 
0.323708 0.714099 4.64695 
0.876494 0.850455 2.66161 
0.279861 0.829555 3.94461 
0.173306 0.664024 5.05831 
0.847271 0.043166 4.33578 
0.0154155 0.0904174 5.87996 
0.265844 0.633058 5.17218 
0.678363 0.860319 3.58118 
0.0271228 0.700874 5.10519 
0.234545 0.686359 4.79935 
0.215146 0.758799 4.30126 
0.0677753 0.243584 5.4981 
0.814579 0.236549 4.03981 
0.186091 0.224629 5.23012 
0.682891 0.202743 4.8573 
0.6482 0.680829 4.73249 
0.101737 0.0321915 5.8155 
0.890264 0.752449 3.08699 
0.90224 0.810736 2.80965 
0.912367 0.143433 4.17484 
0.658461 0.229431 4.98588 
0.108203 0.25947 5.38503 
0.629791 0.161838 5.2887 
0.837132 0.771927 2.95346 
0.11681 0.910739 4.22823 
0.674002 0.25471 4.90222 
0.701709 0.312035 4.72242 
0.751201 0.787727 3.27616 
0.795883 0.62703 4.11559 
0.824619 0.268245 3.97931 
0.828739 0.754823 3.04025 
0.0273455 0.275324 5.61912 
0.0912543 0.289927 5.47171 
0.245169 0.116432 5.42639 
0.21052 0.0235906 5.65289 
0.180565 0.31604 5.33594 
0.758624 0.708792 3.75337 
0.0512424 0.127978 5.74525 
0.0843762 0.137497 5.67079 
0.0425264 0.764912 4.58619 
0.740977 0.746831 3.57014 
0.665737 0.78819 3.88505 
0.297562 0.77742 4.20626 
0.868531 0.697383 3.50226 
0.6482 0.878205 3.81921 
0.133005 0.764912 4.40655 
0.911048 0.0184418 4.4971 
0.195135 0.193533 5.27908 
0.713766 0.891575 3.36399 
0.0114708 0.0491053 5.9725 
0.0724595 0.0996969 5.79605 
0.265844 0.724218 4.53035 
0.859533 0.781562 2.85116 
0.873516 0.645902 3.86903 
0.076493 0.0132988 5.89947 
0.774791 0.784332 3.08768 
0.338445 0.184321 5.36455 
0.796785 0.718461 3.47551 
0.665737 0.250903 4.93861 
0.0571854 0.2114 5.58507 
0.309285 0.772248 4.21837 
0.0380876 0.240168 5.57177 
0.239591 0.666202 4.96759 
0.727886 0.901008 3.30156 
0.873516 0.655749 3.8506 
0.148248 0.175038 5.46835 
0.763237 0.891575 2.99168 
0.252776 0.696726 4.72839 
0.162387 0.301087 5.3461 
0.721829 0.734472 3.80416 
0.801293 0.825418 2.88547 
0.754751 0.820252 3.16293 
0.783387 0.077844 4.42728 
0.192842 0.198272 5.29461 
0.150207 0.0627815 5.63174 
0.868537 0.193533 4.01182 
0.125185 0.801662 4.24155 
0.0374586 0.15139 5.72906 
0.139689 0.208919 5.42614 
0.161984 0.0511121 5.71734 
0.716138 0.857482 3.32984 
0.689069 0.224629 4.76719 
0.790656 0.73154 3.38301 
0.0590054 0.861046 4.27133 
0.795883 0.615769 4.17938 
0.78565 0.834867 2.927 
0.720118 0.107284 4.78869 
