4.32978e-17 4.32978e-17 1 
0.707107 0.707107 0 
0.707107 0.707107 0 
0.464519 0.464519 0.753953 
0.593301 0.593301 0.544047 
0.701365 0.701365 0.127177 
0.527142 0.527142 0.666515 
0.338772 0.338772 0.877763 
0.281794 0.281794 0.917161 
0.705558 0.705558 0.0661567 
0.609774 0.609774 0.506311 
0.682596 0.682596 0.261007 
0.14165 0.14165 0.97973 
0.120752 0.120752 0.985311 
0.0904069 0.0904069 0.991793 
0.0667625 0.0667625 0.995533 
0.081975 0.081975 0.993257 
0.707105 0.707105 0.00205595 
0.23379 0.23379 0.943761 
0.431314 0.431314 0.792424 
0.677271 0.677271 0.287414 
0.448948 0.448948 0.772587 
0.253593 0.253593 0.933478 
0.69745 0.69745 0.164706 
0.622056 0.622056 0.475491 
0.244191 0.244191 0.938478 
0.299303 0.299303 0.906 
0.155531 0.155531 0.97551 
0.549865 0.549865 0.628727 
0.364996 0.364996 0.856479 
0.704022 0.704022 0.0933122 
0.499598 0.499598 0.707675 
0.193648 0.193648 0.96177 
0.29317 0.29317 0.910001 
0.476279 0.476279 0.739132 
0.670345 0.670345 0.318236 
0.393544 0.393544 0.830811 
0.654266 0.654266 0.379305 
0.410074 0.410074 0.814665 
0.489685 0.489685 0.7214 
0.539415 0.539415 0.646577 
0.326278 0.326278 0.887179 
0.222996 0.222996 0.948971 
0.269102 0.269102 0.924753 
0.630095 0.630095 0.453828 
0.353135 0.353135 0.866367 
0.507522 0.507522 0.696307 
0.0283293 0.0283293 0.999197 
0.35009 0.35009 0.868835 
0.322908 0.322908 0.889641 
0.176919 0.176919 0.968194 
0.0426012 0.0426012 0.998183 
0.561564 0.561564 0.607694 
0.647496 0.647496 0.401868 
0.673449 0.673449 0.304849 
0.422696 0.422696 0.801658 
0.664859 0.664859 0.340477 
0.637946 0.637946 0.431335 
0.663243 0.663243 0.346724 
0.105485 0.105485 0.98881 
0.69357 0.69357 0.194735 
0.540205 0.540205 0.645257 
0.628243 0.628243 0.458935 
0.643924 0.643924 0.413187 
0.311847 0.311847 0.897498 
0.474968 0.474968 0.740817 
0.601554 0.601554 0.52561 
0.105485 0.105485 0.98881 
0.517382 0.517382 0.681639 
0.601418 0.601418 0.52592 
0.49027 0.49027 0.720604 
0.037101 0.037101 0.998623 
0.657642 0.657642 0.367444 
0.695721 0.695721 0.178733 
0.26431 0.26431 0.927513 
0.217035 0.217035 0.951731 
0.166917 0.166917 0.971739 
0.132059 0.132059 0.982406 
0.687133 0.687133 0.236001 
0.400821 0.400821 0.823824 
0.377945 0.377945 0.845172 
0.686556 0.686556 0.239334 
0.581271 0.581271 0.569428 
0.440585 0.440585 0.782157 
0.0188353 0.0188353 0.999645 
0.0581903 0.0581903 0.996608 
0.69099 0.69099 0.212284 
0.519126 0.519126 0.678982 
0.015702 0.015702 0.999753 
0.128746 0.128746 0.983285 
0.0545145 0.0545145 0.997024 
0.18292 0.18292 0.965961 
0.00654484 0.00654484 0.999957 
0.505049 0.505049 0.699893 
0.615962 0.615962 0.491102 
0.447431 0.447431 0.774346 
0.615962 0.615962 0.491102 
0.416099 0.416099 0.808531 
0.38408 0.38408 0.839622 
0.571825 0.571825 0.588245 
