1 0 
1 0 
6.12323e-17 1 
0.956811 0.292315 
0.968076 0.251706 
0.909294 0.416563 
0.980173 0.199022 
0.456848 0.890003 
0.991693 0.129348 
0.996615 0.0835848 
0.971959 0.236034 
0.709715 0.704832 
0.350889 0.936769 
0.939493 0.343968 
0.43215 0.902246 
0.947045 0.321677 
0.850098 0.526904 
0.532067 0.84685 
0.868413 0.495996 
0.278194 0.960766 
0.879987 0.475317 
0.732013 0.681975 
0.895712 0.445543 
0.258907 0.966231 
0.744577 0.668208 
0.549078 0.83605 
0.644518 0.764712 
0.695961 0.718554 
0.502396 0.864711 
0.785123 0.619825 
0.838696 0.544969 
0.813111 0.582283 
0.143006 0.989995 
0.423555 0.906481 
0.803784 0.595219 
0.0664227 0.998115 
0.952216 0.307562 
0.118534 0.993216 
0.559275 0.829332 
0.571457 0.82107 
0.312781 0.949988 
0.666945 0.745496 
0.925166 0.379899 
0.0441123 0.999406 
0.206077 0.978718 
0.933518 0.358948 
0.169865 0.985576 
0.986719 0.163482 
0.2429 0.970289 
0.857471 0.515175 
0.330836 0.944124 
0.581125 0.81407 
0.679711 0.733953 
0.999764 0.0253394 
0.821009 0.571032 
0.777175 0.62952 
0.999603 0.0330164 
0.231497 0.973184 
0.918751 0.394924 
0.0175397 0.999884 
0.519649 0.8545 
0.684356 0.729405 
0.827306 0.563264 
0.915707 0.40315 
0.21641 0.976855 
0.622836 0.783219 
0.382009 0.92462 
0.863102 0.505623 
0.484807 0.874892 
0.404436 0.914857 
0.392292 0.920365 
0.83377 0.552288 
0.656542 0.754845 
0.929595 0.369503 
0.753828 0.657315 
0.998875 0.0575344 
0.468349 0.883669 
0.100298 0.99522 
0.599341 0.800758 
0.134541 0.991005 
0.367923 0.930127 
0.706484 0.707899 
0.512201 0.859083 
0.984515 0.176245 
0.982606 0.186646 
0.032219 0.999573 
0.758326 0.652686 
0.7666 0.643222 
0.732587 0.680863 
0.29529 0.955559 
0.590814 0.806908 
0.612209 0.791308 
0.632507 0.774677 
0.795874 0.605802 
0.998289 0.0608678 
0.186621 0.982617 
0.885143 0.465819 
0.996848 0.080676 
0.770249 0.638145 
0.325765 0.945562 
