1.36046 2.22797 1.73581 
1.1661 1.51377 3.83574 
0.858947 1.68371 4.06616 
0.798709 0.978168 5.25333 
1.09617 1.80783 1.99816 
0.868901 1.21159 4.17708 
1.13116 2.21981 2.18016 
0.87036 1.63532 3.87325 
1.07014 1.18355 4.06661 
0.821451 1.43525 4.93996 
1.09827 1.05656 4.42097 
1.16912 1.66955 2.26813 
0.82696 1.19333 5.01485 
0.818079 1.09793 4.0843 
0.771166 1.52036 4.36092 
0.633973 0.703204 6.28239 
0.686556 0.908852 5.37145 
1.43815 1.87714 2.48157 
0.870876 1.5612 3.54879 
0.740417 0.849113 5.89322 
0.853975 1.57971 4.06378 
1.01384 1.2191 4.7076 
1.17385 1.7857 3.25011 
0.976984 1.83792 3.65159 
0.921819 2.18065 2.8739 
0.697914 0.855003 5.50857 
1.25478 1.7204 2.9022 
1.11326 1.58927 3.32842 
1.18055 1.82044 3.62537 
0.549416 0.582484 5.91762 
0.821868 1.55791 4.0866 
1.11157 0.943575 4.76725 
1.03684 1.40674 3.7118 
1.34345 2.1211 2.43337 
0.887503 0.848215 5.31982 
1.80528 1.86339 1.74796 
1.23037 1.72172 3.22587 
1.03222 1.80851 3.52021 
1.01137 2.13578 2.82738 
1.11904 1.25905 4.39727 
1.69494 1.4349 2.01405 
0.85753 1.09133 4.93398 
1.03403 1.09692 4.0128 
0.961107 2.22465 2.95773 
0.77111 1.74152 4.1343 
1.10787 2.02867 3.14513 
0.976553 2.47594 2.3183 
1.33612 2.23399 1.96436 
1.07662 1.35376 4.04709 
1.19608 2.09143 2.79078 
0.720299 0.997522 5.01501 
1.51891 2.56537 0.91582 
1.25241 1.44009 3.37436 
1.37052 1.71608 2.55335 
0.679248 0.930836 4.87053 
1.56182 1.77209 1.57819 
1.22147 2.18395 1.74551 
1.15908 1.24365 3.84506 
0.62274 0.699313 6.12856 
1.31141 1.82554 2.65629 
0.85758 1.27336 4.89922 
1.62453 1.45336 2.50719 
0.904239 1.38884 4.352 
1.51616 1.96839 1.79808 
0.897178 1.53443 3.67822 
1.29848 2.43629 1.93971 
1.03696 1.4461 4.17221 
0.953545 2.09994 3.17551 
0.587146 0.967744 5.24578 
1.21263 1.69553 3.18471 
1.43023 1.53521 3.07259 
0.914163 0.938439 4.5421 
0.596283 0.835431 5.65903 
0.969885 1.43222 3.90385 
1.09437 2.2023 2.50265 
1.01022 1.33195 3.43514 
0.825174 1.39436 4.41492 
1.21187 1.08313 3.54827 
0.952873 1.60155 3.38778 
1.14021 1.24752 3.2588 
1.29904 2.2867 1.91419 
1.13821 1.35469 3.95514 
1.19345 1.32634 3.5438 
0.828188 1.15793 4.59593 
1.10477 2.40935 2.17248 
0.914366 2.28025 2.14684 
1.16327 1.78544 2.84846 
1.048 1.54878 3.24682 
1.35794 2.12464 2.33719 
0.811364 1.00762 5.0392 
0.83231 0.842638 5.36521 
0.974177 1.12002 4.38337 
0.924817 0.913135 5.58098 
0.509219 0.565772 5.64139 
1.16993 1.49967 3.1195 
1.56103 2.00892 1.6669 
1.17189 2.18676 2.16619 
1.02116 1.66082 3.57509 
0.631529 0.633838 5.76583 
0.964468 1.96973 2.94846 
2.99944 1.00028 0.99972 
1.00333 1.99837 0.00167566 
0.00133777 0.00133986 6.00132 
0.988611 2.30366 0.194124 
2.54731 1.16019 1.16695 
0.50229 0.897578 3.36469 
2.47869 1.26611 0.741162 
0.478069 0.85118 3.50398 
2.2934 1.1674 1.80788 
2.70791 1.13354 0.925916 
0.209877 0.370468 4.98203 
1.23148 1.43915 1.52261 
0.0725619 0.127948 5.6674 
0.448714 0.829796 3.55022 
1.70659 1.60703 0.492328 
2.19263 1.15562 2.01769 
1.33311 1.84281 0.169678 
1.56972 1.22747 2.17068 
0.106508 0.183071 5.53329 
0.0608983 0.0991633 5.77822 
0.352217 0.654684 4.08246 
1.00044 2.15807 0.054645 
0.723157 1.36569 2.22705 
0.17151 0.32946 5.03734 
0.29509 0.537066 4.45174 
1.19769 1.90339 0.0995932 
0.256485 0.468544 4.65657 
0.137103 0.239789 5.3715 
2.07071 1.2092 1.71651 
1.64339 1.68348 0.361178 
0.338553 0.624557 4.17744 
0.405562 0.731721 3.86468 
0.318445 0.599273 4.24083 
0.111177 0.205951 5.42322 
0.903156 2.08402 0.864599 
0.118652 0.17478 5.65495 
0.0424461 0.070105 5.84179 
0.520837 0.925321 3.27519 
0.243431 0.415458 4.93432 
1.37694 1.38834 1.60264 
0.543218 0.967409 3.14847 
0.284964 0.511479 4.55229 
2.24122 1.19066 1.57964 
0.241961 0.448436 4.79821 
0.422046 0.791089 3.6625 
0.644224 1.17513 2.59661 
0.930033 2.20662 0.611597 
2.4153 1.18521 1.30716 
1.78389 1.35808 1.35522 
0.140723 0.261064 5.26137 
0.92209 1.11577 2.77605 
2.00686 1.53312 0.515613 
0.223896 0.416308 4.80224 
0.999291 2.26943 0.0965444 
0.496096 0.935869 3.21726 
0.558725 0.989168 3.08343 
2.86388 1.02518 1.25527 
0.984221 1.94404 0.25813 
0.0325281 0.0481798 5.91821 
0.273519 0.490165 4.61497 
0.681234 1.07236 2.87163 
0.019283 0.0276945 5.95896 
0.333435 0.588284 4.34281 
2.13968 1.0967 2.36136 
2.92875 1.0668 0.974767 
0.293765 0.558969 4.36239 
0.64776 1.1455 2.58909 
0.58493 1.02549 2.98036 
1.55789 1.7116 0.309186 
0.370741 0.702354 3.92767 
1.52347 1.75999 0.268979 
1.43706 1.62895 0.82477 
0.176409 0.309267 5.16179 
2.05268 1.3008 1.27215 
1.12546 1.49035 1.38905 
0.950601 1.86006 0.584734 
0.734786 1.67299 1.91261 
1.0449 1.2009 2.45711 
2.38694 1.30653 0.693469 
1.61764 1.42425 1.26645 
0.876793 1.99994 0.924088 
2.78409 1.11077 0.892984 
2.37309 1.2249 1.15767 
0.790999 1.35137 1.95232 
1.03616 1.63603 1.05651 
1.87416 1.25475 1.75591 
0.425902 0.753072 3.81433 
1.22835 1.88841 0.115038 
0.791579 1.80425 1.50741 
0.163546 0.283029 5.24396 
1.47851 1.78601 0.247676 
0.919853 2.21896 0.739028 
2.12674 1.43663 0.56337 
2.01968 1.31443 1.25469 
0.887585 2.03087 0.906079 
0.178064 0.305278 5.21489 
2.98675 1.00663 0.993373 
0.817775 1.57576 1.26675 
1.94539 1.13699 2.35227 
0.944531 2.0597 0.421969 
