1.60243 2.17977 4.66449 
1.327 3.42077 3.44836 
1.35958 1.52092 5.92298 
2.19584 2.07211 4.80504 
1.58552 2.9812 4.55866 
0.942577 3.38225 4.22585 
1.96092 1.16497 5.40584 
2.00988 3.47301 2.76032 
2.19033 3.25016 2.88044 
1.55154 4.35749 2.28724 
2.48248 1.62984 3.97245 
0.771393 3.81915 4.13327 
0.740926 2.3225 6.00044 
1.56895 3.71757 3.81991 
1.91414 2.64462 3.66857 
1.76704 1.79749 5.01569 
1.84333 2.74428 5.06511 
2.09844 1.13947 5.43103 
0.821721 1.1819 6.48023 
1.88709 2.89637 3.39571 
1.46767 2.97057 4.74347 
1.90006 2.1771 4.76972 
1.0774 1.49843 6.14667 
0.853373 3.25748 4.35934 
1.49508 2.56639 5.98876 
0.929964 2.06404 5.78114 
1.49741 3.41326 4.63669 
1.30139 1.64795 5.6519 
2.53044 3.28184 1.26211 
1.61098 1.57772 5.37143 
1.95423 3.54281 3.21448 
0.895497 1.4355 6.15779 
1.46087 2.59004 4.7884 
2.4802 2.76182 2.10026 
0.918318 1.50506 5.73291 
0.941031 1.31128 6.03286 
2.16408 3.273 1.15732 
1.89128 1.27371 5.33216 
1.38435 1.25084 5.94145 
0.741903 2.65846 5.48922 
1.10159 2.29 5.47274 
0.799383 0.961066 6.54504 
0.986173 2.83313 5.15749 
2.58782 1.45307 3.82645 
0.797719 3.21423 4.75037 
1.5097 2.132 6.10045 
2.37483 3.26072 2.3052 
1.84993 1.80718 4.85901 
1.95385 2.49935 4.23802 
1.65189 1.28903 6.26272 
1.38734 2.47514 5.02319 
2.38957 3.60849 2.11267 
2.52514 1.86901 4.1982 
1.43419 2.78254 5.2143 
2.11115 1.42285 5.26289 
1.79893 1.61492 5.8942 
2.2842 1.69139 4.6159 
2.58353 2.50435 1.92184 
1.67603 2.59554 4.20626 
1.62848 1.88394 5.39044 
0.83767 3.58332 4.37203 
2.45594 1.69537 3.92639 
1.93649 2.42934 5.15398 
2.55065 1.95223 3.15107 
1.3203 3.36978 3.63333 
1.86022 1.61482 5.17966 
1.49138 3.66371 2.36924 
0.868609 4.03793 2.77354 
1.21061 3.71639 3.98635 
1.3394 3.99192 3.84217 
1.52042 2.79918 4.64337 
0.784012 3.20317 4.68501 
1.42256 2.27606 5.58451 
1.49418 1.88866 5.07427 
0.775884 2.24427 5.68345 
1.32112 3.85755 3.39945 
1.02804 1.58443 6.31521 
1.05101 3.43146 4.50409 
2.29539 2.48191 2.14777 
1.04129 1.58801 6.11018 
1.41408 2.28335 4.77705 
1.61788 2.85743 5.10871 
1.32553 2.04716 5.27242 
0.733728 0.760049 6.27488 
1.3404 1.1226 6.26411 
1.96133 2.2269 5.08306 
0.844564 1.14349 6.3299 
1.48992 2.55201 4.8648 
2.29504 2.18523 4.5113 
2.17824 2.78848 3.45169 
1.83273 2.083 5.21391 
1.11309 1.62666 6.31878 
1.70105 2.16665 5.42151 
2.13565 3.75333 2.3407 
2.66303 2.19915 2.0922 
1.81212 1.87143 5.22112 
0.908721 3.79399 4.12547 
1.54878 4.07984 2.98272 
0.743264 3.80784 4.08484 
1.5913 3.90197 2.32172 
2.2033 0.203304 0.203304 
0.0085938 0.00857118 6.00857 
0.0236423 4.00686 0.00700244 
0.0143651 4.01433 0.0143346 
0.0117955 0.00600378 6.00598 
1.88455 3.07298 0.397709 
1.2637 2.9503 3.0223 
0.91104 0.851611 5.69853 
0.363627 3.33007 3.65393 
2.09658 1.71543 0.238003 
2.16585 1.41925 1.87388 
1.22402 1.7748 4.56329 
0.459563 2.46576 5.12987 
1.65515 1.10237 4.31915 
1.28267 2.55103 3.94601 
0.0698538 3.99925 1.03642 
0.938291 0.65629 5.8219 
1.54295 2.31054 3.37108 
0.321039 1.92001 5.53421 
1.19592 0.765301 5.47339 
1.64212 1.1703 4.18849 
0.729296 3.88976 0.784823 
1.12278 2.1267 4.45362 
2.08647 1.46259 1.77466 
1.38777 3.22437 2.20663 
0.865177 2.11142 4.89905 
1.5261 1.85589 4.14746 
0.517629 0.518393 5.96475 
1.84642 1.53147 3.0077 
0.761212 0.582631 5.83398 
0.631981 0.112514 5.9066 
1.02517 0.369538 5.60128 
0.212392 2.69515 4.86407 
0.658634 1.07267 5.8527 
2.04928 1.33518 2.57887 
2.10592 0.323578 2.9408 
0.644894 2.6244 4.69996 
1.37032 1.99257 4.22759 
1.0059 2.63475 3.79515 
1.7072 2.89183 0.704834 
0.0935211 3.90497 1.82053 
2.00586 2.17754 0.960675 
0.924547 1.89765 5.01696 
0.399844 1.58283 5.77378 
1.33657 3.46427 1.15631 
1.98171 2.38699 0.572109 
1.73263 0.895394 4.07537 
1.92821 2.59168 1.05949 
0.872055 3.85761 0.137311 
1.58702 0.172787 4.41538 
1.48868 2.75496 2.8142 
1.61581 3.29553 1.06249 
0.583719 3.83605 1.47574 
1.48967 3.33066 1.22848 
1.78374 2.44991 2.04137 
1.68392 0.230963 4.3541 
1.96441 0.938847 3.28103 
1.51165 2.93825 2.12516 
0.946206 1.25391 5.38717 
1.9623 0.972956 3.45036 
1.58812 2.82808 2.08561 
0.6872 3.75717 1.6557 
0.429065 2.3369 5.33105 
1.10231 3.64276 2.26921 
1.34244 2.8039 2.84451 
1.98171 2.04132 1.3739 
2.17472 1.29133 1.60402 
0.116644 3.95625 1.69726 
0.964706 1.63131 5.18943 
1.22969 3.17273 2.4221 
0.892356 2.25219 4.78116 
0.542677 3.48514 3.26791 
0.982707 3.7831 0.835636 
1.82872 0.557956 4.01005 
1.11867 3.71345 0.41854 
1.76192 2.5276 2.01179 
0.938103 3.83009 1.33906 
0.827841 4.00442 0.70599 
0.297246 2.52288 5.0725 
0.694779 3.39148 3.48809 
1.95635 1.67066 2.89388 
1.53719 0.184299 4.60325 
0.120835 3.80333 2.39247 
1.06067 3.51499 2.34879 
2.17345 0.761332 1.62653 
1.3237 1.02135 5.28132 
0.793733 1.62382 5.39623 
1.69551 2.86883 1.97028 
1.31412 3.11229 2.65593 
0.483775 1.37497 5.92717 
0.242724 2.27835 5.39152 
0.2802 2.72025 4.79689 
1.69498 1.34991 3.77283 
1.08306 3.6709 1.57538 
0.845058 2.04586 5.07574 
1.15289 1.38678 5.29787 
0.18073 3.88447 2.32905 
0.49883 2.42996 5.04859 
1.45088 3.25993 1.70462 
0.782674 3.38843 3.16202 
