2.05779 2.74897 
2.24876 2.81202 
1.54349 2.31163 
2.22329 2.30007 
1.67708 1.67605 
0.97822 2.87839 
2.38608 1.69186 
1.20802 2.55531 
2.66549 1.45903 
0.693137 2.24345 
0.869802 1.72611 
3.22063 1.78551 
2.74564 2.80377 
2.33148 1.35178 
2.27095 0.751811 
2.01404 1.77421 
1.35492 2.77322 
0.97559 2.11619 
3.02526 1.71043 
2.23815 1.31406 
2.32919 2.70977 
3.06965 1.15197 
1.51164 1.16696 
2.21011 2.17817 
2.15974 1.76607 
2.48826 2.08813 
1.66845 3.27743 
2.31076 1.53715 
1.62319 3.23439 
2.08889 1.97794 
2.04617 2.34767 
2.04479 1.73721 
2.3567 1.66721 
2.18349 2.15071 
1.66353 1.98362 
1.72047 2.49573 
1.69541 2.49715 
1.89283 1.85371 
1.99707 1.53667 
1.86673 2.57177 
2.215 2.44241 
2.11008 1.59444 
3.51107 1.97761 
1.38647 2.66375 
1.83366 2.38296 
2.53893 1.82315 
2.20174 1.91567 
2.4098 1.35879 
1.73919 1.86889 
2.59578 2.10732 
3.04736 1.74822 
1.60312 2.69542 
1.64388 2.43099 
1.3852 1.12218 
3.36383 2.02193 
3.20201 1.90176 
2.11499 1.22751 
2.29281 2.56544 
1.60558 1.46636 
2.05585 2.26657 
3.00847 0.898219 
2.0262 2.40644 
1.97639 1.34883 
1.3733 2.57365 
2.64685 1.54412 
1.78605 2.13525 
1.48331 2.57151 
2.33273 1.67764 
2.31014 2.29915 
2.65502 2.14146 
1.97583 2.21911 
2.43884 2.33098 
1.86816 2.3121 
1.05966 2.49016 
1.39206 2.54071 
1.45291 2.48803 
1.3768 1.31379 
2.269 2.07755 
2.01842 1.67464 
2.26011 2.64019 
2.57049 1.56989 
2.09069 0.967611 
2.16428 1.81443 
2.67019 1.29972 
2.84525 1.74716 
1.98648 1.02416 
1.05035 3.65033 
2.68855 2.07123 
1.44639 1.29242 
2.38564 2.47849 
2.15999 1.35657 
1.35791 2.43834 
3.08115 1.57536 
3.14894 1.8746 
1.04582 2.42561 
1.96214 2.22408 
2.70236 2.07929 
2.22729 1.78135 
1.80094 3.13566 
1.70827 2.09736 
1.01983 2.07721e-07 
1.20321e-06 1.02958 
0.12891 0.654693 
0.668091 0.193131 
0.148346 0.636217 
0.337903 0.428192 
0.116465 0.671677 
0.691903 0.179374 
0.0641304 0.757993 
0.523167 0.284751 
0.391687 0.381223 
0.0787567 0.741099 
0.547611 0.275477 
0.609022 0.229472 
0.6214 0.217437 
0.853719 0.0846708 
0.591639 0.236537 
0.192769 0.579502 
0.103904 0.685719 
0.204618 0.564016 
0.576579 0.245537 
0.649855 0.199762 
0.870668 0.0761674 
0.642431 0.21413 
0.308232 0.453529 
0.0438931 0.802747 
0.451204 0.33879 
0.885619 0.0700059 
0.899653 0.0601559 
0.742433 0.145999 
0.298776 0.469148 
0.0399406 0.822023 
0.466323 0.33036 
0.0958062 0.699024 
0.839598 0.0936789 
0.000469118 1.00536 
0.564845 0.256691 
0.492785 0.313735 
0.0523122 0.788523 
0.810161 0.107346 
0.828546 0.103606 
0.475783 0.319119 
0.757958 0.138264 
0.277256 0.487562 
0.728705 0.153796 
0.800223 0.118565 
0.782365 0.122136 
0.0567229 0.772144 
0.354237 0.415627 
0.428421 0.356283 
0.499747 0.299744 
0.16061 0.62803 
0.026249 0.868742 
0.380801 0.395223 
0.0135074 0.915141 
0.776075 0.136696 
0.0889019 0.714964 
0.255934 0.503828 
0.925083 0.0474331 
0.438018 0.347476 
0.0200818 0.883135 
0.00903805 0.932591 
0.28717 0.477004 
0.0336385 0.837068 
0.969811 0.0293618 
0.0313974 0.853118 
0.220225 0.540957 
0.210239 0.549811 
0.98294 0.0203442 
0.0152426 0.898073 
0.51565 0.294814 
0.912547 0.0520535 
0.406672 0.370395 
0.00580382 0.967153 
0.00597452 0.947957 
0.263274 0.49593 
0.24801 0.521154 
0.227502 0.528294 
0.0841404 0.727902 
0.553203 0.265758 
0.416511 0.368056 
0.955835 0.0322742 
0.173789 0.59248 
0.325061 0.444219 
0.703344 0.174787 
0.373822 0.404269 
0.18091 0.588616 
0.361368 0.409533 
0.991272 0.0122704 
0.941046 0.040229 
0.720127 0.166397 
0.241524 0.525986 
1.00449 0.011155 
0.162738 0.604738 
1.0102 0.00381675 
0.319891 0.444432 
0.162601 0.608642 
0.715516 0.168851 
0.00283657 0.988601 
0.00556823 0.985449 
