1.67225 1.16049 0.296683 
0.825132 1.51925 0.0537254 
0.980442 1.61104 1.06958 
0.322139 0.289265 1.72685 
1.03208 0.720955 0.523767 
0.896104 1.38953 0.59842 
1.34697 1.04224 0.362408 
1.24311 1.48025 0.420791 
0.5605 1.10647 1.57696 
0.899583 1.17361 0.127289 
0.179258 0.141458 1.53574 
0.797064 0.856113 1.64934 
0.955358 1.41544 0.353144 
0.0379265 0.0273014 1.63005 
1.5003 0.740898 1.05727 
1.27764 1.41863 0.364414 
0.872488 0.52754 1.56758 
1.3072 1.62103 0.334343 
0.524651 0.920355 1.64725 
1.40175 1.03472 0.217362 
1.15298 0.981775 0.4029 
0.919202 1.80658 1.20968 
1.15137 1.4764 0.0427008 
1.37475 1.34618 1.32807 
0.716459 1.48115 1.29553 
1.14355 0.791402 0.0350334 
0.953813 0.60208 1.47299 
0.0503098 0.0941122 1.83721 
0.290563 0.611124 1.92755 
2.06487 0.927274 0.532271 
0.586404 0.744381 1.21942 
0.481656 0.53513 1.7969 
2.16354 0.914207 0.117488 
1.40681 0.847186 0.511038 
0.912299 1.40035 0.658648 
0.766034 1.02524 1.95262 
1.63563 0.794367 0.900838 
0.934644 1.67511 1.11476 
0.493349 0.414333 1.64763 
1.15216 1.04193 0.640932 
0.100353 0.142509 1.81795 
0.843075 1.5512 1.15668 
0.884977 0.969856 0.764156 
1.14524 1.23127 0.21093 
0.816452 1.38672 0.572785 
1.51462 0.692498 0.958817 
0.0482799 0.055456 1.67375 
0.782381 0.904947 1.36294 
0.846559 1.15914 1.09926 
0.861739 0.873008 1.32196 
0.789321 1.34376 0.855713 
0.500787 0.735265 1.84578 
0.778903 0.517503 1.9861 
0.871822 1.3206 0.745388 
0.178356 0.14076 1.99583 
0.781483 0.718928 1.66581 
0.909442 1.41179 1.29577 
1.41852 0.954321 1.00577 
0.456726 0.573259 1.84455 
1.38868 0.805811 1.0527 
0.673035 0.736998 1.73889 
0.911939 0.502618 2.29622 
1.03709 1.37111 0.873009 
1.44569 1.09483 1.17966 
0.343945 0.460162 1.20409 
1.52263 0.672641 1.56931 
1.08302 1.30413 0.619575 
1.02386 0.673361 0.980365 
0.944112 1.29828 0.638173 
1.47716 0.848588 0.870771 
0.932083 0.640566 1.63821 
0.930086 0.613459 1.32486 
1.16302 1.1041 0.252111 
0.919014 1.23358 0.443284 
1.45263 1.13996 0.0498115 
0.768887 0.549849 1.66226 
1.61161 0.707222 0.882677 
0.166869 0.0828714 1.79269 
0.126165 0.124256 1.59439 
1.22188 0.765185 1.2988 
0.414694 0.819503 1.65076 
0.484107 0.766884 1.51576 
0.419575 0.279303 1.8899 
1.14442 1.03972 1.54821 
1.24018 1.02602 0.187863 
0.890983 0.64787 1.7261 
1.84227 0.915846 0.0174165 
0.190985 0.279844 1.71261 
1.00107 1.10041 0.266163 
0.710184 0.943725 1.7403 
1.1414 0.899732 0.988907 
0.878958 0.392558 2.00951 
1.65473 1.07802 0.476793 
0.0456285 0.0408423 1.41799 
0.107659 0.107763 2.22032 
1.18248 1.11908 0.433506 
0.456668 0.805388 1.43537 
1.43237 1.31946 1.41737 
0.215911 0.367757 1.76708 
1.49918 1.36257 0.0406427 
4.32978e-17 4.32978e-17 1 
4.32978e-17 4.32978e-17 1 
0.707107 0.707107 0 
0.710324 0.704563 0.0973836 
0.704553 0.710251 0.0973779 
0.471774 0.471141 0.747195 
0.48681 0.486634 0.726284 
0.186159 0.186147 0.966781 
0.443475 0.443416 0.781214 
0.675574 0.67489 0.299024 
0.0154468 0.0154466 0.999768 
0.460346 0.46293 0.767347 
0.430108 0.430102 0.795274 
0.701266 0.699388 0.150015 
0.594044 0.593003 0.548994 
0.632213 0.63066 0.456924 
0.683547 0.683102 0.262117 
0.0559409 0.0559833 0.997348 
0.529155 0.527587 0.667411 
0.0397111 0.0397127 0.998883 
0.235824 0.235732 0.943258 
0.153051 0.153365 0.977819 
0.0788707 0.0788873 0.994762 
0.451956 0.451168 0.77103 
0.703657 0.703424 0.114879 
0.375398 0.375285 0.848106 
0.222753 0.22342 0.951136 
0.542264 0.540862 0.64574 
0.62446 0.625815 0.47059 
0.102615 0.102562 0.990277 
0.114439 0.114334 0.987435 
0.342342 0.342422 0.87636 
0.663872 0.662155 0.358679 
0.638907 0.638026 0.43489 
0.301662 0.301398 0.905978 
0.123172 0.122988 0.985752 
0.170532 0.171437 0.974726 
0.580926 0.579891 0.573173 
0.283932 0.283301 0.917584 
0.169651 0.169703 0.976141 
0.326406 0.326226 0.888217 
0.207255 0.20753 0.95735 
0.656685 0.657543 0.373704 
0.667648 0.665498 0.339821 
0.369193 0.368716 0.854441 
0.217909 0.217019 0.955157 
0.693178 0.695975 0.200907 
0.618597 0.617537 0.488841 
0.569771 0.569133 0.594524 
0.0282765 0.0282722 0.999343 
0.387174 0.387553 0.842755 
0.551892 0.55305 0.626585 
0.561657 0.563104 0.610514 
0.089946 0.0896772 0.994576 
0.41907 0.418619 0.806543 
0.423962 0.422915 0.802911 
0.0670358 0.0670316 0.995537 
0.708378 0.706114 0.0619576 
0.595116 0.598311 0.542963 
0.291458 0.291639 0.913109 
0.27556 0.276544 0.923864 
0.196559 0.196914 0.962347 
0.354441 0.352409 0.872095 
0.0936696 0.0936602 0.991831 
0.565585 0.561599 0.611832 
0.511186 0.51189 0.69334 
0.312661 0.312767 0.899207 
0.135781 0.135714 0.982102 
0.521126 0.52046 0.677627 
0.133253 0.133696 0.984241 
0.707097 0.709648 0.0338352 
0.49531 0.496189 0.715184 
0.652085 0.65118 0.390673 
0.503338 0.502929 0.704014 
0.258816 0.257045 0.936144 
0.513358 0.512608 0.690836 
0.494332 0.492535 0.721095 
0.409412 0.409276 0.81866 
0.573616 0.572835 0.587599 
0.361465 0.361335 0.85979 
0.707172 0.706812 0.0312148 
0.611034 0.610116 0.507865 
0.296046 0.296672 0.910918 
0.502319 0.503386 0.708232 
0.246729 0.246363 0.938638 
0.146632 0.146332 0.980945 
0.672912 0.673153 0.313815 
0.60269 0.600685 0.529355 
0.519806 0.521798 0.680743 
0.697531 0.698355 0.174623 
0.537427 0.537844 0.652748 
0.6979 0.697279 0.174534 
0.0643085 0.0642696 0.996571 
0.031703 0.031701 0.999035 
0.686951 0.684822 0.251159 
0.360086 0.358847 0.863695 
0.64714 0.64668 0.404872 
0.653186 0.653397 0.383185 
0.690307 0.688126 0.234082 
0.399735 0.399599 0.825648 
