2.22582 2.19815 1.93202 
0.574825 1.60659 6.07921 
0.718975 1.45328 5.9241 
0.915906 3.69646 3.10366 
0.778314 3.09196 4.53367 
0.706633 2.15935 5.63329 
0.47664 0.932048 6.22265 
0.803385 1.50325 6.00336 
0.859297 2.25298 5.26757 
0.422245 0.928799 6.25558 
0.577269 1.43187 5.96641 
0.469555 2.18167 5.55116 
0.506026 1.64886 5.98009 
0.630005 2.9641 4.93752 
0.526512 1.84556 5.89497 
1.06463 3.14003 4.04096 
1.08332 0.731715 5.896 
1.05989 2.89754 4.21647 
1.08531 1.71585 5.35444 
1.2756 3.27496 4.06932 
1.04887 1.87772 5.57843 
1.47805 3.46854 2.72676 
1.07751 1.38515 5.78182 
0.799405 1.3581 5.99563 
1.06103 1.85544 5.41308 
0.738229 0.742965 6.13113 
0.897998 2.24755 5.33301 
0.855452 1.86545 5.4526 
1.01578 2.50742 4.87167 
0.89238 1.42135 5.94931 
0.533646 2.24069 5.59592 
1.14732 2.49327 4.87486 
0.669274 1.26932 6.22827 
1.4211 1.99289 4.5268 
0.624475 2.92584 4.92421 
0.857925 2.84444 4.56532 
1.01036 1.09309 5.83059 
1.34153 1.87983 4.64635 
0.585985 1.70875 5.86179 
0.845307 3.38214 3.71559 
0.482605 1.66836 5.93142 
1.77812 2.25367 3.44472 
1.44302 2.68372 4.49688 
1.20834 1.94524 5.40392 
0.545987 3.24267 4.16372 
1.32171 3.12616 3.78847 
0.517681 1.16858 6.171 
0.825918 2.41011 5.19624 
0.969434 2.27849 5.29046 
1.01133 2.2402 5.49903 
0.671604 3.69229 3.56407 
1.10384 2.87587 4.28125 
1.49243 2.39247 3.95729 
1.56023 1.43394 4.73016 
0.979861 0.843646 6.09608 
0.871531 2.90236 4.83061 
0.71917 2.29683 5.61202 
0.552415 2.10901 5.85731 
0.880264 2.3634 5.22685 
0.79533 3.15895 4.66016 
1.27172 2.35295 5.11737 
0.874796 1.49617 5.90418 
1.21205 2.61382 4.65866 
1.24193 0.972266 5.89603 
0.87377 3.20673 4.46481 
1.58408 2.41187 3.98879 
0.680529 2.26626 5.638 
0.725362 1.20186 6.28869 
0.684496 2.77492 5.02125 
0.345099 2.60793 5.19391 
1.48874 3.1373 2.79406 
0.439907 1.78483 6.03634 
0.991966 3.50799 3.76498 
0.701748 1.2677 5.99778 
0.592388 1.75548 5.89282 
0.456418 2.89837 5.05628 
0.896653 1.46969 6.06713 
0.848278 2.13956 5.51041 
1.02177 1.36944 5.58583 
0.600019 0.808549 6.43721 
0.620933 1.08554 6.17883 
1.38981 3.50255 2.20794 
0.573949 1.02982 6.2948 
1.14145 2.54793 4.82993 
0.56611 1.51305 6.03153 
0.611417 1.0559 6.31848 
0.509675 2.14326 5.86704 
0.876011 3.14192 4.49646 
1.13996 1.70149 5.46017 
0.722402 1.18341 6.15317 
0.572931 2.55772 5.24246 
0.670919 2.23077 5.57996 
0.988469 1.64328 5.71207 
0.838025 0.990131 6.21006 
0.496502 1.10144 6.23593 
1.04828 3.34967 4.15602 
0.564772 3.75756 3.25773 
1.50624 3.23822 2.6408 
1.10205 2.63899 4.57227 
0.602664 1.09886 6.1846 
2.00203 0.00203487 0.00203375 
0.0024947 0.582953 5.93868 
0.00321837 4.00152 0.00152331 
0.506185 0.00183099 5.80792 
0.0197805 0.0162617 6.01477 
1.52125 2.70646 1.14491 
0.107689 3.86974 1.62557 
0.182401 3.85518 1.99964 
1.64691 2.50404 1.36931 
1.18278 0.111863 5.17923 
1.71233 1.8213 2.55445 
0.570931 3.46548 3.1439 
1.02312 0.264224 5.37037 
0.837221 3.77087 0.954158 
1.55783 2.82106 0.206831 
1.86522 1.33495 2.13366 
0.0744149 0.286031 6.00561 
0.482975 2.18949 5.08046 
1.32899 3.30226 0.830077 
1.46841 2.27566 3.00299 
0.876665 0.980043 5.51264 
0.906187 3.57628 1.83636 
0.682715 3.94079 0.503929 
0.977898 1.88742 4.65419 
0.541162 2.34623 4.91921 
1.59374 0.737778 3.84861 
1.22667 3.05474 2.46193 
1.40732 1.775 3.75623 
0.437301 0.329798 5.96752 
0.99585 0.466753 5.44317 
0.947265 1.45998 5.18153 
0.258467 1.31207 5.77619 
1.26888 0.920271 4.81874 
1.58822 2.36847 1.87929 
0.679726 2.8847 4.04128 
1.4198 0.664036 4.39812 
1.66526 2.44936 1.25938 
1.57242 2.06845 3.02371 
1.99244 1.39481 0.101872 
0.402852 0.645439 5.81691 
1.96244 0.434424 2.00503 
0.327073 3.6233 2.86081 
1.03498 2.95222 3.25714 
0.631905 1.06248 5.69989 
0.872863 3.7152 0.929859 
0.635424 3.90675 1.00693 
1.90998 1.23707 2.39882 
0.386073 1.59369 5.57326 
1.58167 0.0991471 4.12644 
1.09603 2.9935 2.92448 
0.713259 3.67647 2.19209 
0.768284 3.48378 2.72053 
1.12784 3.50135 0.718247 
1.16313 3.48853 0.337939 
1.83752 1.6498 2.27566 
1.88703 1.28381 2.39392 
1.97574 0.516886 0.883183 
1.81197 0.578829 3.33257 
1.14177 0.401234 5.30211 
0.970663 0.961869 5.33142 
0.294118 0.827145 5.91671 
0.0276811 0.324547 6.01099 
1.7464 0.421078 3.59139 
0.478719 3.02578 4.08718 
0.367139 1.11516 5.88829 
0.567001 2.76528 4.37396 
1.25019 2.23302 3.88673 
1.34636 1.54093 4.2459 
1.67771 2.61383 0.589081 
1.43807 3.12332 0.445748 
0.207141 2.56943 4.77833 
1.76886 1.68798 2.3348 
1.76123 1.13562 3.19605 
0.302035 1.53593 5.61891 
1.94962 1.57377 0.722052 
1.65732 1.17218 3.62513 
0.731802 3.12489 3.62159 
1.38025 1.87769 4.01621 
0.522244 1.98702 5.23496 
0.357156 2.10675 5.27333 
0.808194 3.06551 3.52383 
1.31141 1.79733 4.17235 
0.625736 3.37498 3.24996 
1.34101 1.71206 4.43908 
1.11625 3.18109 2.33003 
1.53404 0.359586 4.17084 
1.88039 1.61895 1.67101 
0.806805 0.551136 5.75481 
1.4016 0.588962 4.76566 
1.74971 2.31103 0.360617 
1.54922 2.47766 2.24959 
0.613403 3.60806 2.6771 
1.16468 3.11356 1.78803 
1.30151 3.23362 1.70561 
1.01893 3.22932 2.80747 
0.546591 3.23586 3.77498 
0.415533 3.08919 4.03398 
1.07373 0.773528 5.26231 
0.895111 3.28388 2.8972 
1.63143 2.15265 2.33062 
