5.89216 6.93515 
4.10243 8.60723 
2.43388 9.54044 
2.20026 8.92126 
8.86268 3.42515 
9.40442 1.23554 
6.60749 6.88621 
4.29863 7.96186 
5.92876 7.30422 
9.56929 0.92714 
9.10538 2.35843 
1.3743 9.23585 
0.967353 9.26934 
9.23997 2.93385 
8.00403 5.51751 
9.70829 0.0667333 
0.154073 9.58756 
4.50566 7.95216 
3.42786 8.63922 
4.7874 8.25423 
0.851201 9.26336 
3.37636 9.02689 
4.2496 8.19156 
7.91643 5.34249 
9.0933 3.90241 
1.00322 9.2729 
3.37782 8.37626 
2.2267 9.13942 
2.28448 9.19662 
7.12336 6.06322 
2.58863 8.92112 
4.80071 8.40136 
9.03578 2.37671 
8.43225 4.58754 
9.18893 2.85928 
5.30776 7.97697 
9.28326 0.190107 
5.05175 8.11532 
8.92551 3.30913 
1.13112 9.61345 
3.41343 8.87231 
9.3427 1.46213 
9.7689 0.00222052 
2.21259 9.25901 
1.19772 9.28761 
9.22508 2.65086 
5.66996 6.90913 
0.139419 9.35009 
2.66311 9.32837 
8.91313 3.96151 
7.19822 6.204 
7.59725 5.99178 
6.34129 7.41693 
9.28539 1.09906 
2.36644 9.59897 
1.78887 8.86862 
4.70709 8.42588 
0.285213 9.40256 
8.06034 5.22195 
2.68628 9.36635 
1.39816 9.05959 
3.54736 9.09494 
9.66186 1.5868 
9.006 1.4113 
7.7385 6.14291 
3.0195 8.31488 
6.75573 6.84204 
9.19674 0.37971 
3.95993 8.50306 
4.12945 8.95157 
6.51081 6.64423 
4.29874 8.49746 
0.490489 9.88693 
0.0349534 9.68485 
3.07339 9.04727 
6.07078 7.79924 
3.76024 8.776 
8.19495 5.32834 
9.25542 1.27301 
2.14626 9.03412 
1.85111 9.80585 
4.12665 8.4774 
0.00181367 9.75697 
3.61737 8.98081 
9.26931 1.2558 
4.24325 8.6209 
0.685614 9.65134 
2.33139 9.65778 
5.98168 6.81512 
4.51739 8.04613 
6.28265 7.06771 
7.91525 5.13974 
9.0028 1.7718 
8.36285 4.98352 
5.68623 7.96559 
9.33541 0.181913 
9.71227 0.292161 
9.58457 0.0232754 
3.94444 8.69822 
9.75846 1.74688 
6.12323e-17 1 
1 0 
1 0 
0.299871 0.95398 
0.782812 0.622258 
0.984424 0.175809 
0.593529 0.804813 
0.266716 0.963775 
0.39146 0.920195 
0.413552 0.910481 
0.897347 0.441326 
0.858285 0.513174 
0.992498 0.122263 
0.374045 0.927411 
0.885407 0.464817 
0.79596 0.605349 
0.336512 0.941679 
0.868514 0.495665 
0.318268 0.948001 
0.967763 0.251861 
0.760547 0.649283 
0.952776 0.303673 
0.135831 0.990732 
0.999053 0.0435011 
0.637788 0.770212 
0.961972 0.273147 
0.928753 0.370698 
0.938866 0.344282 
0.658837 0.752286 
0.514931 0.857231 
0.987806 0.155687 
0.6099 0.792479 
0.997736 0.0672586 
0.57683 0.816864 
0.640887 0.767635 
0.989982 0.14119 
0.713452 0.700704 
0.945236 0.326388 
0.692071 0.721829 
0.119011 0.992893 
0.442855 0.896593 
0.74454 0.667578 
0.978605 0.205748 
0.999886 0.0150996 
0.974699 0.223524 
0.972021 0.234892 
0.919206 0.393776 
0.679486 0.733688 
0.817828 0.575463 
0.80484 0.593492 
0.158824 0.987307 
0.0800836 0.996788 
0.232311 0.972641 
0.182121 0.983276 
0.848125 0.529796 
0.835501 0.549488 
0.52789 0.849313 
0.876339 0.481695 
0.219018 0.975721 
0.206168 0.978517 
0.481829 0.876265 
0.461317 0.887235 
0.810519 0.585712 
0.705973 0.708238 
0.0681607 0.997674 
0.995501 0.0947498 
0.995501 0.0947498 
0.192775 0.981243 
0.502492 0.864582 
0.0396414 0.999214 
0.454647 0.890672 
0.165381 0.98623 
0.828063 0.560636 
0.932388 0.361459 
0.915394 0.402559 
0.616315 0.7875 
0.879981 0.475009 
0.354924 0.934895 
0.766685 0.642024 
0.354924 0.934895 
0.0988728 0.9951 
0.255706 0.966755 
0.998317 0.0580002 
0.824685 0.565593 
0.430033 0.902813 
0.848985 0.528417 
0.956733 0.290966 
0.73468 0.678413 
0.616315 0.7875 
0.49552 0.868596 
0.766685 0.642024 
0.958443 0.285284 
0.0187865 0.999824 
0.903079 0.429475 
0.103467 0.994633 
0.724355 0.689427 
0.978605 0.205748 
0.0226221 0.999744 
0.481829 0.876265 
0.724407 0.689372 
