2.07631 1.30521 4.25354 
1.38324 2.17538 5.55939 
1.42414 1.84917 5.48688 
1.37169 3.37167 3.44395 
0.820685 2.07627 6.00179 
2.13183 1.61679 3.71502 
1.68134 3.70635 2.29322 
1.63432 2.24572 4.40495 
1.10035 1.45689 6.37528 
1.41448 0.844352 5.84408 
2.12186 1.75337 3.27882 
1.43314 3.41782 3.43542 
1.28552 2.07441 5.71538 
1.77797 1.5048 4.78171 
1.21596 2.92921 4.47987 
1.94042 2.66045 4.39452 
1.27391 0.825835 5.9221 
2.21919 2.36232 3.22263 
1.33627 2.23109 5.30167 
0.768222 0.678838 6.17944 
1.60299 3.63446 2.64798 
1.7285 3.3105 2.42563 
1.80957 2.65494 3.74372 
2.31913 1.18284 2.68425 
1.11337 3.8752 3.05781 
1.45845 2.4322 5.21043 
2.3066 1.99866 0.870804 
1.21317 1.74147 5.80552 
1.78758 2.62214 4.13389 
1.61631 3.0504 3.2863 
1.23045 2.94352 4.76352 
1.47488 4.17156 1.94821 
1.6896 3.03433 3.70836 
1.37217 3.06099 4.7293 
2.06794 1.236 4.67477 
1.53563 2.80419 4.58921 
1.00958 1.67198 5.99333 
1.95808 1.91664 3.6103 
0.996992 1.61076 5.952 
2.09274 1.74477 4.25798 
1.45882 3.03066 4.27925 
2.00378 2.28144 3.23742 
1.16329 1.29568 6.10562 
1.58181 3.12098 3.55323 
0.79549 2.24561 5.86276 
1.29891 3.35566 3.3201 
0.856446 1.22184 6.34638 
1.8547 3.50081 1.28229 
1.76595 1.40574 4.51563 
1.65405 3.81408 1.90929 
1.35203 3.88159 3.06092 
1.59856 2.55299 4.40542 
1.33348 2.81193 4.98303 
1.70631 3.40918 2.76897 
0.774329 3.09407 5.08799 
2.02558 2.48368 2.84259 
1.47397 1.57026 5.57715 
1.22781 2.66916 4.86217 
1.67584 1.68536 5.25667 
1.80916 2.32728 4.45245 
1.96618 2.05589 4.04333 
2.03422 3.19892 1.33383 
1.66425 3.50136 2.51262 
1.25354 3.73671 3.10945 
1.84855 1.55087 4.76243 
0.85869 1.74773 6.23923 
1.31432 2.35145 5.72385 
0.678614 1.19149 6.52642 
2.48461 1.1978 1.51939 
1.00666 3.70186 4.0299 
1.01282 4.02597 3.24524 
1.32561 1.45721 5.99 
1.23256 1.95801 5.59114 
1.5686 2.82618 3.78371 
1.53651 1.59805 5.33396 
2.05717 1.91577 3.28526 
1.65409 2.01827 4.6532 
1.00953 1.97804 5.89087 
1.28663 3.51981 4.03119 
1.87133 2.31555 4.28912 
1.93536 1.74298 4.19814 
2.14759 1.57136 3.73911 
0.952717 2.03125 6.11361 
1.70039 2.55715 4.33871 
1.42234 2.10303 5.35284 
1.1876 3.44145 3.97737 
1.21911 1.63721 6.02466 
0.803235 4.21398 3.06537 
1.51721 2.95592 4.49651 
1.57602 3.02987 3.71713 
1.06866 1.62658 5.92186 
1.83906 2.85148 3.26134 
1.48662 2.08289 4.63416 
1.21583 1.2775 6.17055 
2.08517 1.58375 4.06999 
0.934414 1.44009 6.15277 
1.91761 2.06899 4.58129 
1.55407 1.22645 5.73042 
1.10583 4.18332 2.273 
1.15088 1.93111 5.84544 
0.0501632 0.054148 6.05 
0.0561008 0.0500027 6.04997 
2.05 0.0558054 0.0500198 
0.131649 4.04667 0.0500198 
2.05 0.0506957 0.0500334 
0.0531594 0.0512224 6.05108 
2.00133 0.251412 1.49754 
1.8687 0.38689 2.5883 
0.740354 0.522285 5.66893 
0.619713 1.60099 5.32146 
0.455524 0.491732 5.9019 
0.947776 3.62061 0.919833 
1.27288 1.95316 3.87502 
0.367919 0.699935 5.9361 
0.161642 2.79518 4.41102 
1.98409 1.18941 0.326679 
1.68752 2.3662 0.103611 
1.84605 1.8109 0.524938 
0.876269 0.786505 5.42659 
0.779695 1.55822 5.18802 
0.264927 0.574463 5.98344 
0.336367 3.93216 1.26309 
0.0947582 2.10909 5.19764 
1.64133 1.43939 3.10159 
0.867095 3.68173 0.95245 
0.647459 1.8699 5.10572 
1.34365 1.97747 3.70494 
1.95988 1.22415 0.671022 
0.516927 3.45973 2.89026 
1.50381 0.202631 4.21322 
1.61275 2.35231 1.66143 
0.870974 2.93312 3.45524 
0.699063 0.905593 5.59377 
0.311753 3.98526 0.852976 
1.32898 2.81357 2.24997 
1.88046 0.183392 2.52075 
1.46434 2.4622 2.32995 
1.1692 3.39024 0.197415 
1.94142 1.04457 1.44362 
0.587171 3.81653 1.57741 
0.433948 3.31552 3.37819 
1.75997 1.32029 2.65618 
1.14197 2.70542 3.12197 
1.4417 1.79666 3.52046 
1.02608 2.66753 3.57477 
1.52146 1.99889 2.90533 
1.91996 1.40666 1.06535 
1.3875 2.43515 2.82434 
1.68385 0.856125 3.36032 
0.82856 3.38696 2.52181 
2.01366 0.456229 1.34088 
0.643955 1.73401 5.21999 
0.97782 2.52934 3.9925 
0.323883 3.98926 0.761559 
1.84011 1.84454 0.638608 
1.76925 0.766846 3.0464 
1.08305 3.01841 2.72037 
0.836772 2.02455 4.75015 
1.49006 2.60631 1.87337 
0.900384 2.28486 4.35104 
1.89007 1.26558 1.63814 
0.889061 0.115027 5.51537 
0.547323 0.685274 5.79143 
0.771072 0.62186 5.5953 
0.723387 3.61735 1.97605 
1.22717 2.16151 3.78878 
1.19888 3.24655 1.16217 
1.0112 3.21311 2.4044 
1.48553 2.86295 0.451273 
1.16842 3.13347 1.94668 
1.20451 2.54065 3.27433 
1.91754 1.2511 1.26827 
1.25676 1.36593 4.44068 
0.281461 0.238708 6.01165 
0.41851 3.68647 2.35217 
0.597252 3.79729 1.43205 
1.18859 2.11234 4.03767 
1.41155 2.26925 3.02 
1.59327 2.18287 2.38904 
1.0456 3.46253 1.19877 
0.492707 3.72886 2.09822 
1.67191 1.3203 3.07094 
1.06309 2.73485 3.39891 
2.0324 0.678612 0.0567423 
1.39839 2.88561 1.34113 
0.960325 1.47527 4.99296 
1.37011 1.46903 4.10501 
1.22342 1.5233 4.39771 
1.53923 2.67239 1.61835 
1.10972 3.1537 2.20124 
0.276429 3.86822 1.79559 
0.191747 2.07842 5.21551 
0.197219 3.54726 2.97 
0.899317 0.112061 5.49176 
0.691254 0.95846 5.62054 
1.73565 0.6393 3.20969 
1.29682 2.30491 3.32983 
1.88363 0.999978 2.1316 
1.31186 0.953705 4.55586 
0.206327 3.90566 1.61287 
