2.9311 0.997109 
2.89314 0.991259 
2.95059 0.98457 
2.84671 1.02906 
2.90166 0.984814 
2.95544 0.985754 
2.89647 0.990991 
2.96198 0.982848 
2.93879 0.981531 
2.95707 0.982748 
2.88881 0.990669 
2.95361 0.982805 
2.89846 0.98382 
2.9503 0.980067 
2.95165 0.979068 
2.93374 0.981698 
2.91488 0.989346 
2.9389 0.980708 
2.92985 0.984793 
2.92887 0.979295 
2.88905 0.999494 
2.93249 0.987676 
2.94654 0.990768 
2.934 0.983552 
2.92592 0.986613 
2.93487 0.986829 
2.91102 0.991904 
2.88088 1.0042 
2.87273 1.00067 
2.94078 0.98011 
2.91217 0.994124 
2.94686 0.979383 
2.80522 1.07493 
2.93158 0.983843 
2.93685 0.978181 
2.88135 1.00253 
2.94644 0.977386 
2.91093 0.990476 
2.93636 0.983858 
2.95997 0.987357 
2.93122 0.985803 
2.93224 0.979186 
2.95634 0.985417 
2.91408 0.990047 
2.91646 0.981563 
2.94199 0.987515 
2.90282 0.988833 
2.89998 0.995366 
2.90043 0.98052 
2.95562 0.982865 
2.93355 0.987208 
2.86655 1.01779 
2.91025 0.986867 
2.91314 0.990149 
2.89588 1.00768 
2.87656 0.999841 
2.94733 0.983242 
2.90522 1.00063 
2.93019 0.990368 
2.92962 0.971731 
2.92687 0.989855 
2.92237 0.989157 
2.94473 0.986196 
2.92515 0.990528 
2.91085 0.99737 
2.89773 0.999241 
2.92585 0.98214 
2.84114 1.03993 
2.94224 0.989074 
2.84185 1.03952 
2.93368 0.986762 
2.94534 0.988202 
2.87393 1.00638 
2.92249 0.984354 
2.95519 0.983272 
2.96402 0.982078 
2.92685 0.986302 
2.91606 0.977871 
2.92423 0.993172 
2.9621 0.976226 
2.88669 1.00068 
2.94229 0.97864 
2.96246 0.98714 
2.95772 0.988903 
2.94004 0.989258 
2.9359 0.989104 
2.95714 0.976026 
2.871 1.01008 
2.93925 0.983319 
2.93825 0.984689 
2.93239 0.977632 
2.95449 0.984902 
2.92966 0.983539 
2.94381 0.983526 
2.95337 0.986434 
2.90363 0.967103 
2.95 0.982588 
2.93274 0.981196 
2.92603 0.989889 
2.87071 1.01487 
0.069464 4.06946 
2.06946 0.069464 
2.06946 0.069464 
0.069464 4.06946 
1.20087 1.15931 
0.638044 2.1315 
0.576853 2.33065 
0.545593 2.42576 
1.7783 0.413777 
0.101567 3.55758 
0.610045 2.22927 
1.74772 0.492339 
0.129529 3.31905 
0.0940871 3.66947 
1.64956 0.720928 
0.363318 2.54427 
0.237638 3.13467 
1.48638 0.868427 
1.43082 0.869681 
0.0826357 3.87228 
0.114358 3.41519 
0.65762 2.06094 
0.671206 2.01256 
0.435601 2.46989 
1.88721 0.178608 
0.727203 1.83631 
0.947273 1.6637 
0.297041 2.81641 
0.109212 3.46507 
0.595521 2.27621 
1.52383 0.860526 
1.00395 1.64221 
0.270373 2.96591 
2.0238 0.0806062 
0.30811 2.75791 
0.515845 2.44571 
0.150711 3.27319 
1.32215 0.91972 
1.23266 1.0782 
1.61346 0.781744 
1.16806 1.25069 
1.26845 1.05034 
0.0862272 3.80612 
0.0902958 3.73341 
0.714345 1.87214 
1.30229 0.944662 
1.14214 1.32469 
1.9236 0.145572 
0.893893 1.66946 
1.05907 1.53522 
0.690874 1.94532 
1.07825 1.49316 
1.04272 1.56673 
0.760607 1.75996 
1.11665 1.39573 
1.73021 0.53717 
1.71827 0.567207 
0.319985 2.69985 
0.396473 2.48781 
1.39192 0.874643 
1.99638 0.0879665 
0.752968 1.77519 
1.02336 1.59843 
0.218497 3.20706 
0.0767489 3.97819 
0.697403 1.92407 
0.285412 2.88093 
0.792881 1.71038 
0.193258 3.2593 
1.70051 0.610567 
0.281249 2.90443 
0.834666 1.70238 
1.69189 0.630866 
0.932262 1.66728 
1.67409 0.670879 
1.09175 1.46068 
0.0767489 3.97819 
1.79942 0.360944 
1.10173 1.43534 
0.216488 3.21309 
0.334455 2.63739 
2.06918 0.069464 
1.96716 0.0910537 
1.35581 0.890489 
0.484657 2.4659 
1.154 1.29086 
1.952 0.101616 
1.93125 0.120492 
1.23631 1.06956 
1.66557 0.688978 
0.184119 3.26649 
1.55719 0.842688 
1.60544 0.792978 
0.397886 2.48642 
0.861111 1.6709 
0.32773 2.66519 
1.27922 0.981139 
1.82872 0.291995 
0.348395 2.58702 
0.250136 3.0751 
