0.63736 1.18821 1.22325 
0.0841598 0.118489 1.9626 
1.26757 1.02279 0.572242 
0.840297 1.39678 0.354243 
0.910973 1.30789 0.254408 
0.825686 0.329049 2.17009 
0.534242 0.64956 1.53418 
1.23984 0.850132 0.962876 
1.49273 1.09828 0.700954 
0.0646732 0.0945552 1.56591 
0.700491 0.410365 1.57505 
1.21565 0.968992 0.183731 
0.878138 1.29378 1.27866 
0.00647792 0.00520225 2.09119 
1.38917 1.17857 0.434421 
0.408252 0.820276 1.46593 
1.26586 1.0653 0.930678 
0.65114 0.943395 1.45024 
0.311819 0.518373 1.82488 
1.49097 1.33645 0.669824 
1.36267 1.19417 0.280877 
1.02948 1.00643 0.660807 
1.08779 1.53037 0.0160134 
0.384017 0.655965 1.86947 
0.520647 0.337249 1.72625 
1.04193 0.964506 0.832012 
0.822956 0.938541 0.600253 
1.2789 1.68074 0.329837 
0.384327 0.444385 1.15403 
0.764723 0.846849 1.01631 
0.857516 1.1307 0.519671 
0.0287019 0.0533316 1.95941 
0.889708 0.828553 1.3705 
1.27343 0.59927 1.12209 
0.538342 1.0981 1.23998 
0.920105 0.727274 1.37024 
0.496993 0.757477 1.54855 
1.23489 0.870439 0.0668961 
1.06736 1.4941 0.424023 
0.327947 0.340245 1.76685 
1.17697 1.43741 0.0828278 
0.914445 0.828504 0.649556 
1.22501 0.980776 1.26167 
0.661876 1.22776 0.890113 
1.53395 1.11138 0.150215 
0.731768 1.28127 0.864749 
1.32049 1.22172 0.26577 
0.711348 0.85734 1.11865 
1.1884 0.979985 0.976657 
0.693856 0.600471 1.72158 
1.24107 1.50318 0.414808 
0.0532397 0.105848 1.79728 
0.405425 0.442536 1.3275 
0.692589 0.418869 1.7797 
0.750068 1.26635 1.6601 
0.400753 0.757957 2.22272 
0.287365 0.374179 1.79161 
0.845821 0.755582 1.80686 
1.50368 0.940058 1.65414 
1.01634 0.634441 0.992136 
0.580764 0.354384 1.78979 
0.873167 0.814346 0.915765 
0.111656 0.155688 1.90993 
0.777601 0.696858 1.32763 
1.03344 0.840751 0.316 
1.3543 1.19314 0.750121 
0.908432 0.42247 1.52359 
1.72672 0.629251 1.33805 
0.768783 1.53198 0.466766 
0.86473 0.969124 0.773821 
1.01922 1.35178 0.191074 
1.14547 1.28809 0.706732 
0.95398 1.26985 0.460475 
1.00031 0.678697 0.822749 
1.46875 1.39507 0.577064 
0.720008 1.14769 0.659396 
0.342517 0.262539 2.04572 
1.16197 1.45957 0.600414 
1.33595 0.844354 0.497035 
0.433663 0.542836 1.67012 
0.807995 0.584252 1.0622 
1.74311 0.74099 0.66747 
0.246078 0.190065 1.68088 
1.17621 1.48232 0.259551 
0.860171 1.47727 1.02817 
1.01317 0.562211 1.08259 
1.30358 0.784575 0.589068 
1.00384 0.749233 1.25974 
0.831304 0.984169 1.09747 
1.02835 0.712948 1.23962 
0.213789 0.262071 1.45833 
1.72153 0.990193 0.383442 
0.323568 0.64988 1.72362 
0.290095 0.236415 1.74872 
1.3857 1.26712 0.39203 
0.819912 1.10097 0.872142 
0.423223 0.727462 1.52022 
1.92489 0.863637 1.41104 
0.517031 0.465036 1.36581 
0.183097 0.245123 1.58768 
4.32978e-17 4.32978e-17 1 
4.32978e-17 4.32978e-17 1 
0.707107 0.707107 0 
0.710552 0.706649 0.0530369 
0.706796 0.71028 0.0530322 
0.375224 0.375331 0.847852 
0.351437 0.351981 0.86897 
0.25114 0.25089 0.937524 
0.0235734 0.023589 0.999866 
0.232163 0.232308 0.945522 
0.320856 0.320122 0.893026 
0.054662 0.0546382 0.997335 
0.701399 0.701099 0.130557 
0.705618 0.704468 0.0889668 
0.430968 0.430883 0.793666 
0.159799 0.159892 0.974494 
0.0104433 0.0104433 0.999892 
0.0957065 0.0954816 0.992389 
0.423214 0.42371 0.806835 
0.645289 0.64477 0.410984 
0.440434 0.440468 0.783533 
0.172589 0.172468 0.970265 
0.571604 0.571918 0.590546 
0.662807 0.661352 0.356017 
0.0400937 0.0400706 0.998945 
0.131468 0.131524 0.982955 
0.549297 0.548401 0.632381 
0.291734 0.292217 0.911928 
0.265518 0.265692 0.928424 
0.685449 0.684549 0.25145 
0.487461 0.48823 0.727033 
0.385986 0.38566 0.839201 
0.62826 0.628041 0.464745 
0.560875 0.56051 0.611347 
0.328608 0.328338 0.88615 
0.641901 0.64204 0.426252 
0.674759 0.674196 0.303409 
0.454163 0.453898 0.769638 
0.44816 0.448359 0.777551 
0.555374 0.554997 0.620003 
0.218656 0.218357 0.952182 
0.606469 0.60619 0.515087 
0.288574 0.288213 0.91552 
0.503088 0.503457 0.704211 
0.0707214 0.0707707 0.996029 
0.698576 0.697541 0.165848 
0.257362 0.257359 0.931746 
0.113271 0.113254 0.987783 
0.695346 0.694433 0.189552 
0.335937 0.33539 0.881419 
0.306036 0.30668 0.904381 
0.602782 0.601196 0.527807 
0.622861 0.622838 0.475301 
0.707619 0.706723 0.0378494 
0.493595 0.492914 0.717748 
0.593732 0.592902 0.548633 
0.523109 0.523469 0.673211 
0.694524 0.694314 0.204672 
0.413857 0.416132 0.813987 
0.54025 0.541132 0.646057 
0.18328 0.183269 0.966415 
0.691546 0.690037 0.224273 
0.598365 0.596642 0.538351 
0.27708 0.276962 0.921446 
0.465701 0.466248 0.754449 
0.15103 0.150729 0.978276 
0.65464 0.651335 0.392144 
0.150968 0.15076 0.977874 
0.194277 0.194079 0.962242 
0.505051 0.506378 0.701323 
0.0833577 0.0832825 0.993656 
0.410576 0.410077 0.815905 
0.0451791 0.0451684 0.998567 
0.207157 0.207252 0.956543 
0.612025 0.611487 0.503616 
0.706073 0.705849 0.0708171 
0.516804 0.516961 0.684131 
0.679931 0.680404 0.276974 
0.197084 0.196902 0.961023 
0.39699 0.396724 0.828889 
0.478009 0.477788 0.737997 
0.680516 0.678522 0.2833 
0.655471 0.655379 0.378015 
0.342067 0.342025 0.875308 
0.537565 0.536734 0.651854 
0.403174 0.402794 0.82309 
0.635856 0.633056 0.451394 
0.180415 0.180042 0.968337 
0.081178 0.081013 0.994806 
0.205513 0.205236 0.957817 
0.530596 0.531643 0.662196 
0.529058 0.527195 0.669439 
0.306574 0.306211 0.902118 
0.583311 0.580762 0.575177 
0.619303 0.618226 0.486303 
0.6736 0.671519 0.3173 
0.66901 0.668477 0.335585 
0.105538 0.105415 0.990038 
0.634851 0.636372 0.44315 
0.58981 0.587438 0.56018 
