1.11081 3.91614 2.20677 
1.45758 2.41742 4.2801 
0.769258 3.65195 3.46683 
0.546865 1.76514 5.85594 
1.07348 1.98144 5.47105 
0.663875 2.71865 5.05876 
1.05321 1.64968 5.81134 
0.867243 1.82703 5.95167 
0.521917 1.66515 5.98315 
0.450127 1.04479 6.24523 
0.614368 2.16108 5.7155 
0.564515 3.0862 4.49291 
0.532806 1.80041 5.88783 
1.43939 2.26372 4.42277 
0.820429 2.26818 5.65277 
0.891874 1.73994 5.57601 
0.815907 1.61598 5.9291 
0.606395 1.63706 5.93485 
1.13022 0.974525 6.02013 
0.808801 1.16439 5.98098 
1.1654 2.21327 5.14692 
1.18872 1.57907 5.49469 
0.627946 2.45498 5.38728 
0.859145 2.07092 5.43555 
0.676109 0.762543 6.34649 
1.45491 2.61188 4.2857 
0.43949 1.78263 5.9346 
0.781973 2.02405 5.65325 
0.86403 3.17327 4.33865 
0.959464 2.764 4.48843 
1.83207 2.63385 3.34584 
1.11852 1.8791 5.42503 
0.524281 2.47186 5.41359 
0.662723 2.55561 5.3956 
1.23173 1.88138 5.42164 
1.30243 3.38533 2.56789 
0.480595 3.41302 3.88897 
0.887571 1.22726 6.10088 
0.325253 2.60653 5.13042 
0.64604 1.72896 6.06828 
1.27871 1.55224 5.42292 
0.699202 1.52196 5.95573 
0.634416 1.66381 5.93418 
1.17996 2.3808 5.26791 
0.819292 0.791617 6.12882 
0.632168 0.978381 6.13324 
0.745282 3.73241 3.3146 
0.535281 1.49881 6.06326 
1.39496 2.74896 4.29936 
1.41042 2.33574 4.59391 
1.12934 3.26709 3.85072 
0.881518 2.78091 4.97461 
0.766942 2.96132 4.33607 
0.889575 2.58025 4.90367 
1.14319 1.76502 5.62217 
1.16594 1.65667 5.53038 
0.645801 2.05702 5.64628 
0.462375 1.54902 6.07941 
1.06444 2.26379 4.98077 
1.00156 1.9318 5.45978 
0.801933 1.77826 5.81947 
0.982355 1.49731 5.74336 
0.957951 2.02236 5.40796 
1.41253 1.21692 5.35033 
0.745815 2.69134 4.8589 
0.74993 3.98255 2.94104 
1.65019 2.73525 3.44474 
0.43624 1.08319 6.31664 
0.936781 1.3464 5.8369 
0.793743 2.76954 4.77204 
0.584797 1.36324 6.22714 
1.0934 2.70352 4.80465 
1.24464 2.15736 5.07421 
0.628548 3.01462 4.95436 
0.585577 1.8448 5.86982 
0.790301 2.06738 5.75328 
0.399521 2.59637 5.15895 
0.860565 0.996205 6.01825 
0.860239 1.01423 6.15199 
0.494839 3.78598 3.44073 
1.70345 1.37724 4.72925 
0.890596 3.47535 4.16055 
1.25563 2.71483 4.72905 
0.804024 0.662499 6.1993 
0.703819 3.15807 4.30369 
0.424667 0.987562 6.26421 
1.02164 2.05727 5.43924 
0.784849 2.91009 4.78375 
0.624295 0.827542 6.13404 
1.32903 2.87202 3.86367 
0.480731 2.90635 5.02041 
1.32414 1.2143 5.35541 
1.20644 1.6868 5.47521 
1.49441 2.2736 4.98624 
0.974952 1.95082 5.4951 
1.15549 2.70669 4.65704 
1.20925 1.38863 5.5266 
0.775423 2.35679 5.55961 
0.874241 0.942737 6.14831 
0.879763 2.60614 5.04333 
0.00745722 4.00362 0.0036279 
0.00231859 0.00621727 6.00229 
1.70693 0.00197111 3.13853 
2.00202 0.00202124 0.00202117 
1.98323 0.546423 0.00185142 
0.00647573 0.00451269 6.00451 
1.7356 2.16594 1.228 
1.33252 0.429702 4.7774 
1.08549 2.91636 3.35915 
1.53539 2.48212 2.36268 
0.570182 1.67161 5.44659 
1.57886 2.76954 0.53851 
1.43598 0.250923 4.67216 
1.61496 2.70886 0.811194 
0.640165 0.946294 5.67121 
0.0700917 3.21852 3.70639 
1.88205 1.46743 1.92059 
0.672015 3.37913 3.0801 
1.02736 0.392256 5.3408 
0.133655 2.25656 5.15583 
0.240669 0.992824 5.90938 
0.0764508 1.05758 5.87878 
0.991005 1.98385 4.36401 
0.738107 3.89739 1.01545 
0.936261 2.29667 4.54521 
1.5074 2.88762 0.940556 
1.31032 3.27867 0.0978772 
1.19137 3.48418 0.682736 
0.351434 3.77781 2.05892 
0.0406977 1.38966 5.67474 
0.198651 1.26303 5.84684 
1.38014 3.14271 0.487891 
1.88324 1.7874 0.313844 
0.453533 0.731229 5.95397 
1.46744 2.34156 2.84096 
1.96713 0.81093 1.51466 
1.82069 2.16985 0.406611 
0.177985 4.00068 1.42597 
0.999469 3.63353 0.584343 
0.16845 1.63218 5.62706 
0.293533 3.49249 3.25618 
0.865883 1.84836 4.96166 
0.408594 2.08477 5.23338 
0.888388 2.62174 4.1829 
1.03536 2.82365 3.64292 
0.421711 3.96566 1.25172 
1.39922 2.44825 2.95901 
1.27836 2.40664 3.44566 
1.12457 0.114239 5.25867 
1.24719 2.56761 3.23351 
1.68271 0.696845 3.48133 
1.47891 1.14672 3.92401 
0.810779 1.53806 5.39391 
0.474701 0.4741 5.96406 
1.15372 1.76946 4.29106 
1.19036 2.98004 2.69463 
0.558231 3.56664 2.78957 
1.29882 1.30092 4.58307 
0.689339 3.72575 2.17116 
1.93353 1.91562 0.176297 
1.62805 2.58636 1.0546 
0.897701 3.5987 1.83454 
0.77613 3.78464 1.70798 
0.787662 3.80946 0.969966 
0.258865 1.18797 5.86283 
1.79377 1.56867 2.40144 
1.05069 3.56681 1.34895 
0.665403 3.21319 3.59536 
0.381262 0.878193 5.94105 
1.6358 2.68322 0.829371 
1.7662 2.31383 0.659175 
0.368333 2.27435 5.01842 
0.977745 2.19977 4.41767 
0.830446 2.67576 4.137 
0.842319 3.10618 3.49277 
1.84708 0.653379 2.63938 
1.39273 2.06384 3.46997 
0.419741 3.03245 4.00162 
1.7184 1.73938 2.41373 
0.744785 2.32912 4.84792 
1.13973 2.75456 3.50476 
1.0605 2.62502 3.81225 
1.48743 1.95339 2.99618 
0.499485 3.12402 3.88443 
0.310213 3.36262 3.4023 
1.43488 1.659 4.05889 
1.93812 0.0814571 2.31201 
1.69186 1.81456 2.57709 
1.21646 2.53867 3.49034 
1.21013 0.506569 5.06769 
1.9185 1.40873 1.79296 
1.84288 1.02045 2.54278 
1.63222 0.793198 3.81664 
1.08253 3.31591 2.2259 
1.47384 0.181714 4.48395 
0.296768 1.36085 5.78398 
0.723546 0.265316 5.74291 
1.776 0.59896 2.83511 
1.99691 0.28935 2.13635 
0.540672 2.97861 4.03564 
