0.995249 0.761791 0.434851 
0.34036 0.167115 2.17505 
0.986637 1.21117 0.96232 
1.26305 1.51485 0.390589 
1.62199 0.914605 0.248395 
0.12613 0.0995948 1.57243 
0.578424 1.10915 1.35239 
1.49617 0.959344 0.684009 
1.4388 0.73584 1.15003 
0.654605 0.823296 1.02721 
0.340494 0.425905 1.43404 
1.07455 1.40012 0.438656 
0.946076 0.730276 1.15283 
1.38546 0.716376 0.739313 
1.07335 0.42812 1.83384 
0.500408 0.406718 1.72831 
0.410206 0.740649 1.40485 
0.228708 0.321461 1.3181 
0.844081 0.916056 1.50624 
0.501523 0.476628 1.06545 
0.751637 1.34037 0.1913 
0.879999 1.43387 0.96884 
0.798068 0.79188 1.37652 
0.798087 0.570812 1.35602 
0.301366 0.67991 2.18342 
0.870915 0.572801 1.66439 
0.421087 0.401936 1.33665 
0.355583 0.229845 1.74613 
0.230199 0.301343 1.25993 
1.03533 1.5756 0.439677 
0.847753 1.33928 0.662448 
0.717132 0.950321 0.934676 
1.007 1.6301 0.225887 
0.745934 0.986321 1.24031 
0.754914 0.453549 1.47641 
0.0462906 0.051576 1.83289 
0.280364 0.374404 1.3372 
0.0641272 0.142274 2.37547 
0.999279 0.979489 1.18085 
0.390627 0.470568 1.54484 
0.307489 0.679558 1.76509 
0.15201 0.286076 1.71846 
1.09595 1.22566 0.142531 
0.964788 1.34669 0.676552 
0.200609 0.154032 1.39576 
0.758663 1.10755 0.886803 
0.117674 0.159857 1.84199 
0.0460193 0.0979353 2.06469 
0.611074 0.791035 1.80811 
0.999225 0.792612 1.05679 
0.30263 0.225238 1.65992 
0.636251 1.29826 1.43293 
0.213695 0.18326 1.40221 
0.718768 0.792006 1.36107 
1.30668 0.762542 1.17428 
0.206516 0.339259 1.96472 
0.361181 0.631238 2.10502 
1.41282 0.734618 1.00861 
1.18324 1.279 1.45924 
0.177513 0.313729 1.96069 
0.841397 0.784611 1.59289 
1.29031 1.7734 0.0695258 
0.337116 0.383279 1.84554 
1.07342 1.50593 0.629306 
0.822349 1.32511 0.639486 
0.391942 0.778379 1.63153 
1.62291 0.837261 0.854802 
0.176536 0.315874 1.61508 
0.44706 0.469896 2.05205 
0.296121 0.618933 1.83976 
1.50064 0.804928 0.868908 
1.41328 0.965085 1.00916 
1.28872 0.617222 1.26613 
0.330323 0.39873 1.47625 
0.636154 0.411482 1.26149 
0.86075 0.778501 0.98171 
1.06061 1.50314 0.252154 
0.944797 1.06908 0.803687 
0.877543 1.37702 0.590318 
1.42512 0.817716 0.651948 
0.93079 1.58485 0.477114 
0.889472 0.509563 1.59419 
1.12581 0.895301 0.659767 
1.25626 0.752483 0.663892 
0.913686 1.94966 0.194422 
0.163682 0.149816 1.53434 
0.966592 1.32811 0.535331 
1.18971 0.856123 0.727148 
0.139832 0.164478 1.90414 
0.92474 1.68268 0.475685 
0.75293 0.631408 1.81995 
1.113 0.928891 0.767511 
1.55731 1.09299 0.945936 
0.624112 0.588245 1.08144 
0.778948 0.71663 1.6465 
0.0256773 0.0397488 1.87164 
1.3869 1.50132 0.357244 
0.57197 1.13247 1.38841 
0.555546 1.03142 1.12992 
0.923574 1.94016 0.106578 
4.32978e-17 4.32978e-17 1 
0.707107 0.707107 0 
4.32978e-17 4.32978e-17 1 
0.705102 0.708936 0.0860238 
0.708471 0.706625 0.0516883 
0.420979 0.420159 0.807782 
0.325386 0.325387 0.891301 
0.471985 0.472222 0.745247 
0.40154 0.401049 0.824322 
0.699752 0.699196 0.151975 
0.166745 0.16686 0.972489 
0.233298 0.233233 0.944712 
0.684959 0.684189 0.25765 
0.590748 0.590653 0.550611 
0.693575 0.698957 0.201489 
0.0344562 0.0344443 0.999069 
0.365037 0.364974 0.856598 
0.308584 0.309064 0.90071 
0.377254 0.377427 0.847961 
0.26794 0.267802 0.928336 
0.106681 0.106945 0.990909 
0.123327 0.123177 0.985768 
0.602963 0.602936 0.52419 
0.0202002 0.0201949 0.999785 
0.596632 0.596424 0.538065 
0.216364 0.216499 0.952607 
0.557043 0.557326 0.616423 
0.58479 0.581457 0.572423 
0.431394 0.430933 0.793603 
0.673925 0.671686 0.315281 
0.481897 0.480342 0.73618 
0.0441899 0.0441673 0.99842 
0.0128211 0.0128192 0.99993 
0.0724241 0.0723822 0.995222 
0.346251 0.346652 0.872788 
0.540065 0.539241 0.648013 
0.0621351 0.0621442 0.996279 
0.282128 0.281575 0.91864 
0.525632 0.524134 0.673465 
0.387105 0.386313 0.839061 
0.0543185 0.0542937 0.997387 
0.15109 0.151021 0.978525 
0.0949671 0.0950154 0.991457 
0.502087 0.500053 0.710814 
0.115858 0.115764 0.987022 
0.653639 0.652621 0.387359 
0.617084 0.613685 0.509764 
0.628539 0.628292 0.4609 
0.609276 0.608892 0.510841 
0.279696 0.279354 0.919406 
0.533605 0.529446 0.668982 
0.633465 0.631829 0.452684 
0.679211 0.677404 0.301115 
0.398215 0.398382 0.831811 
0.247399 0.247758 0.938693 
0.576507 0.575685 0.58158 
0.494846 0.494421 0.717579 
0.632714 0.625185 0.475683 
0.708133 0.706994 0.0280964 
0.703984 0.703872 0.0993821 
0.513243 0.513086 0.689413 
0.704699 0.702375 0.119528 
0.665237 0.664241 0.348898 
0.564522 0.562636 0.608464 
0.569543 0.567095 0.60052 
0.62052 0.618285 0.487476 
0.660912 0.66047 0.357729 
0.537027 0.536546 0.658254 
0.548491 0.547637 0.635813 
0.689308 0.68799 0.232407 
0.647156 0.64325 0.420169 
0.239924 0.239445 0.942171 
0.640697 0.637627 0.434911 
0.460542 0.46026 0.760758 
0.187193 0.186929 0.965784 
0.650819 0.647738 0.404775 
0.136701 0.136481 0.982383 
0.333884 0.333774 0.882583 
0.296399 0.295229 0.911078 
0.707177 0.706322 0.0724766 
0.349117 0.349785 0.871258 
0.550429 0.549479 0.630396 
0.136528 0.13652 0.981899 
0.149112 0.148793 0.980549 
0.334047 0.33367 0.882661 
0.70436 0.701846 0.140353 
0.359049 0.35905 0.865977 
0.690886 0.690782 0.214959 
0.0817054 0.081659 0.994745 
0.26113 0.26079 0.932273 
0.488168 0.488488 0.724673 
0.443653 0.442428 0.781882 
0.448797 0.447945 0.77513 
0.383919 0.383702 0.843805 
0.303833 0.302002 0.907904 
0.461024 0.459963 0.760911 
0.205832 0.206257 0.958093 
0.180251 0.180123 0.969182 
0.678737 0.668602 0.334732 
0.638756 0.638069 0.431568 
