2.21995 3.07249 
1.47831 3.95378 
2.53941 2.78873 
2.39436 3.13403 
2.33776 2.89754 
1.39157 4.36064 
1.63027 3.94172 
2.23881 2.61165 
2.24003 2.8055 
2.16302 3.44062 
2.57357 2.84803 
1.57547 3.63998 
1.50189 4.3464 
1.50322 3.99209 
2.50186 2.92309 
1.89712 3.30673 
1.53844 3.98522 
2.14368 3.64653 
1.76391 3.50922 
2.19858 2.82969 
2.25756 3.05589 
2.52424 2.37729 
1.11843 4.17885 
2.1698 3.22426 
2.03739 2.93794 
1.61945 3.6746 
1.45286 4.00901 
2.28921 3.77407 
1.51489 3.7594 
2.26134 2.59355 
2.02596 3.29601 
2.56845 2.58528 
1.86555 3.54936 
2.65079 2.70679 
1.9483 3.47933 
1.23222 4.06113 
1.83778 3.79697 
2.01963 3.54137 
1.99318 3.67943 
1.43001 4.21278 
2.16513 3.40162 
2.20558 3.09448 
2.50845 2.24968 
1.97045 3.4018 
2.63984 2.31919 
1.99888 3.30036 
2.16095 3.39633 
1.67487 3.92333 
1.67964 4.11095 
2.2524 2.73175 
2.06602 3.54651 
1.58663 3.89909 
1.47937 4.02935 
2.28641 3.35896 
2.16386 2.85889 
2.54773 2.32327 
1.65802 3.91137 
1.45187 4.47917 
1.26474 4.16215 
1.18964 3.92509 
1.56198 3.96202 
1.51211 3.86285 
1.49625 3.76781 
1.0124 4.37329 
2.01815 3.85479 
2.09876 3.25314 
2.23062 2.99598 
1.77637 3.66527 
2.35989 3.40559 
2.60932 2.83636 
2.06 3.33014 
1.96342 4.00199 
2.22672 3.47808 
1.30329 4.14815 
1.27948 4.12559 
1.7156 3.67316 
2.12032 3.4556 
1.92269 3.65893 
1.8933 3.19907 
2.02227 2.81387 
1.93201 3.43686 
2.11569 2.75175 
2.21156 3.54287 
2.4688 2.67129 
1.57322 4.28683 
1.76322 3.60997 
2.50245 3.11563 
2.26849 2.93344 
1.47141 3.92017 
2.02727 3.37858 
1.30861 4.27635 
1.81943 3.51875 
1.8125 3.3029 
1.25792 4.13966 
2.40043 3.15042 
2.45543 3.16234 
2.17888 3.45124 
1.72148 3.97712 
2.17305 3.04511 
2.46823 3.19413 
0.0912797 4.09122 
2.20198 0.202022 
0.956476 3.5544 
1.29512 3.07502 
0.262059 4.06198 
1.01163 3.52057 
0.650197 3.87387 
0.302113 4.0496 
1.65108 2.49529 
2.2016 0.294965 
1.56799 2.72393 
0.202822 4.08374 
0.589821 3.92512 
2.08011 1.31459 
1.22377 3.21688 
2.05655 1.45393 
2.06815 1.38177 
2.18076 0.855302 
2.11284 1.02062 
1.74685 2.26731 
2.20152 0.39084 
1.77349 2.2294 
0.854799 3.71789 
1.99142 1.58605 
1.26239 3.14743 
2.19226 0.651675 
1.6374 2.56255 
1.34693 3.00842 
1.36922 2.95567 
2.08804 1.23237 
1.39428 2.92502 
1.67351 2.43885 
1.09214 3.44403 
1.87454 2.01732 
1.54531 2.78783 
1.41834 2.87782 
2.03532 1.57511 
0.620062 3.89765 
1.32206 3.03998 
2.12085 0.953355 
0.810786 3.72827 
2.19944 0.467673 
2.05568 1.54181 
0.739211 3.79668 
1.95791 1.6678 
1.0972 3.37211 
1.69302 2.40438 
1.20326 3.26315 
2.09593 1.1752 
1.90201 1.91669 
0.363818 4.04166 
0.130152 4.08946 
1.15373 3.32428 
0.885037 3.63585 
1.58998 2.68126 
1.94925 1.74779 
0.407682 4.01141 
1.1703 3.27542 
0.702761 3.83696 
1.12483 3.34655 
1.88661 1.96375 
1.80717 2.20245 
1.73738 2.34194 
0.540966 3.9393 
1.46714 2.82638 
1.71087 2.35023 
1.0514 3.45377 
1.97088 1.62944 
0.5006 3.9719 
2.18517 0.748814 
1.91658 1.86248 
2.13275 0.895322 
1.43211 2.83108 
1.25949 3.18178 
1.03715 3.48686 
0.17398 4.08823 
0.878915 3.67792 
1.61143 2.59355 
0.464078 3.98353 
0.439672 3.99452 
0.764892 3.77361 
0.785122 3.75077 
2.15692 0.878017 
1.59836 2.62576 
1.87183 2.10229 
1.85597 2.10849 
1.83829 2.16419 
0.922081 3.60318 
1.49867 2.80874 
1.92659 1.81974 
2.19579 0.568955 
1.93786 1.78478 
0.924332 3.58534 
0.370494 4.01983 
2.18941 0.728628 
2.19661 0.542855 
0.707287 3.82683 
0.532774 3.96714 
1.51835 2.79786 
2.10942 1.11159 
