0.84186 0.0517289 14.0674 
0.51674 0.232262 17.3861 
0.37051 0.263322 16.4852 
0.359906 0.752578 19.9431 
0.716556 0.0946702 18.8405 
0.691164 0.328013 16.5002 
0.452429 0.611533 18.694 
0.89518 0.188489 16.861 
0.34732 0.140505 17.5291 
0.746653 0.654612 21.0109 
0.873151 0.896459 18.169 
0.596839 0.696861 18.199 
0.915175 0.012599 21.4961 
0.144466 0.296871 23.7658 
0.154118 0.323066 18.5294 
0.972371 0.689673 20.1213 
0.273254 0.19723 18.8289 
0.542907 0.532391 20.2812 
0.443901 0.286301 16.3254 
0.690613 0.249976 20.6631 
0.606765 0.849441 18.0855 
0.695244 0.45547 21.6463 
0.930428 0.564476 20.8009 
0.0451943 0.895648 18.8408 
0.708852 0.205069 19.2355 
0.606468 0.39428 18.0477 
0.850365 0.429387 17.6009 
0.366772 0.866917 19.3006 
0.696518 0.800412 16.966 
0.239572 0.0439247 22.1781 
0.824568 0.230522 15.4329 
0.199489 0.130097 18.0313 
0.877906 0.663416 14.6233 
0.113521 0.128073 17.0055 
0.0169098 0.95591 19.7551 
0.390328 0.450194 20.6882 
0.432714 0.747883 15.2126 
0.842842 0.17469 15.8804 
0.309492 0.768021 17.062 
0.578082 0.477164 17.7397 
0.262759 0.581818 18.5811 
0.255527 0.877447 12.8104 
0.684716 0.00426474 19.4082 
0.612392 0.0657246 17.549 
0.437708 0.0379261 15.1921 
0.297768 0.00424466 20.8117 
0.239445 0.577011 15.6831 
0.0320962 0.134447 22.5121 
0.854564 0.0233994 13.1964 
0.663473 0.680696 16.2995 
0.719661 0.307138 16.2962 
0.001811 0.757286 18.3377 
0.364881 0.361424 19.1855 
0.828881 0.86944 14.3519 
0.940547 0.887416 18.3421 
0.157896 0.444126 18.615 
0.683771 0.635022 17.2931 
0.721889 0.50165 18.7873 
0.0907203 0.86638 18.334 
0.367684 0.220867 22.5583 
0.408329 0.659785 18.2133 
0.91022 0.975842 15.3441 
0.304405 0.888971 16.6394 
0.914226 0.827969 19.2903 
0.839007 0.755155 15.3179 
0.217634 0.590484 19.1046 
0.0282226 0.0451555 23.6546 
0.414681 0.729355 17.6688 
0.152661 0.517068 20.2103 
0.766932 0.123479 17.2535 
0.10146 0.388772 19.6239 
0.0935079 0.546472 19.2833 
0.802634 0.811445 17.7145 
0.444273 0.19275 18.9679 
0.569218 0.416383 18.9294 
0.773541 0.247425 16.6058 
0.132254 0.841878 19.1735 
0.207508 0.35869 20.7431 
0.77167 0.767755 15.8274 
0.035011 0.808041 17.3478 
0.0775682 0.122395 18.3495 
0.570219 0.883577 15.84 
0.2709 0.204788 22.105 
0.402086 0.469519 22.407 
0.24264 0.326353 20.5423 
0.427741 0.642117 18.8444 
0.384893 0.489246 18.3487 
0.621813 0.160654 18.3648 
0.959855 0.149464 15.0954 
0.208166 0.973716 16.6317 
0.0780743 0.121443 18.2654 
0.843949 0.798617 14.9193 
0.0729794 0.761471 16.9245 
0.195698 0.801487 20.542 
0.398714 0.827735 17.2198 
0.968574 0.468033 18.9569 
0.630047 0.524343 15.1364 
0.279194 0.232072 18.1633 
0.986413 0.862739 15.8434 
0.854331 0.0294049 16.0365 
0 0 6 
0.860158 0.860179 2.61406 
0.913258 0.710589 3.47507 
0 0.976813 4.8279 
0.680461 0.324638 4.94122 
0.757515 0.625431 4.3178 
0.375055 0.731365 4.6729 
0.62669 0.690178 4.81697 
0.740409 0.919652 3.27362 
0.345675 0.677657 4.98799 
0.723605 0.903949 3.34662 
0.892919 0.688133 3.55065 
0.783496 0.895446 3.00857 
0.657477 0.903949 3.7992 
0.689447 0.215009 4.77342 
0.254177 0.225345 5.20858 
0.737292 0.287755 4.47333 
0.324798 0.799995 4.18372 
0.777936 0.733215 3.41236 
0.645009 0.639307 5.02878 
0.714646 0.241598 4.59115 
0.858988 0.724901 3.23282 
0.299639 0.107499 5.45045 
0.866331 0.662178 3.72769 
0.869558 0.739954 3.12553 
0.66014 0.101908 5.28716 
0.761603 0.86788 3.05465 
0.800421 0.8569 2.79479 
0.157417 0.913796 4.23553 
0.312687 0.688623 4.85987 
0.805671 0.653137 3.87797 
0.179169 0.800757 4.09825 
0.673967 0.865881 3.61396 
0.233814 0.813619 4.02655 
0.887078 0.779129 2.93442 
0.82789 0.303608 3.98229 
0.0561779 0.087763 5.78966 
0.701574 0.254704 4.70834 
0.27947 0.183055 5.24621 
0.819701 0.75301 3.18276 
0.283994 0.0693032 5.5296 
0.0739553 0.174635 5.56204 
0.231475 0.257902 5.18706 
0.220282 0.139051 5.37366 
0.032011 0.142385 5.7057 
0.0853997 0.164825 5.59073 
0.668157 0.69803 4.49099 
0.881036 0.0100276 4.41424 
0.109931 0.116747 5.61431 
0.118277 0.760156 4.54287 
0.810586 0.85058 2.72255 
0.757515 0.049057 4.65453 
0.322531 0 5.66463 
0.718699 0.200647 4.63165 
0.133019 0.0612637 5.73741 
0.283994 0.120813 5.38118 
0.637805 0.268097 5.15791 
0.136927 0.195906 5.41706 
0.148608 0.768063 4.36732 
0.0410639 0.880443 4.30217 
0.692416 0.837375 3.49359 
0.849788 0.0848868 4.26698 
0.703224 0.745435 3.84909 
0.254177 0.841122 3.95108 
0.746687 0.757587 3.46283 
0.706389 0.00309189 5.14002 
0.14209 0.685902 4.96644 
0.169672 0.677657 5.09705 
0.00441459 0.791166 4.53837 
0.842467 0.835153 2.70228 
0.0995267 0.162037 5.54752 
0.791484 0.883414 2.84088 
0.195927 0.139886 5.43181 
0.0916969 0.0542786 5.78624 
0.864317 0.820471 2.74152 
0.0250242 0.662178 5.3451 
0.871235 0.672896 3.66915 
0.830688 0.153262 4.06839 
0.216115 0.209445 5.21948 
0.08764 0.0641536 5.83871 
0.260103 0.662178 5.00476 
0.0171518 0.887862 4.40992 
0.199964 0.86788 3.97895 
0.063609 0.0233514 5.92934 
0.703224 0.0262131 5.06959 
0.00677244 0.703722 5.08748 
0.0242248 0.035851 5.97368 
0.673967 0.734326 4.13655 
0.157417 0.148292 5.47048 
0.862917 0.248233 3.90086 
0.834361 0.860179 2.66018 
0.0281259 0.0861716 5.85572 
0.822297 0.035851 4.40525 
0.680461 0.158279 5.03112 
0.819701 0.763194 3.06 
0.701574 0.775274 3.67022 
0.841638 0.279275 4.02572 
0.881291 0.0195657 4.3291 
0.818312 0.285393 4.00685 
0.791484 0.809155 2.92026 
