1.47785 4.03637 2.23752 
0.933518 1.06427 6.57767 
2.37399 2.25276 2.52339 
2.16815 2.65032 3.68493 
1.48517 2.73011 5.06499 
0.757612 1.54825 6.3437 
1.34606 2.63214 5.53771 
2.01854 2.75984 4.14915 
1.50497 3.65608 2.81196 
1.99219 1.97321 4.86983 
1.89961 3.12735 3.75256 
2.38561 2.75814 1.53131 
2.28745 2.30517 3.43185 
1.99927 2.59961 2.82478 
2.30247 1.89563 3.09069 
1.63303 1.78607 5.34041 
1.50428 1.37303 5.76045 
1.52943 2.06807 5.31725 
2.01919 1.49128 4.88976 
1.25774 3.18208 5.15935 
2.29843 2.44656 3.36866 
1.95846 1.16899 5.2576 
2.06636 2.38753 3.83595 
1.03581 3.90508 3.50411 
2.40233 3.04739 1.81217 
1.30721 2.89508 4.84504 
1.8645 1.51495 5.15067 
2.15209 2.15477 4.4627 
0.880818 2.02432 6.15305 
2.04451 1.46877 4.83857 
1.50424 3.52443 4.14672 
1.03526 3.51453 4.74992 
1.51468 3.85794 2.9478 
1.93526 2.51538 4.11559 
2.15424 2.52142 3.71556 
1.93453 1.97259 4.54254 
1.09797 2.33025 5.47347 
2.40111 2.56921 2.79837 
1.03649 3.91549 3.84639 
1.43022 1.45158 5.86624 
0.92637 3.82444 4.17498 
1.84472 1.66341 5.46955 
1.71154 2.86139 4.06169 
1.02885 4.44014 2.24984 
1.22385 4.2478 2.01192 
1.3042 3.71057 3.97033 
2.37041 2.61761 2.09539 
1.56766 3.01421 4.53169 
2.14261 2.80128 2.86852 
1.05252 3.92432 3.59254 
2.05213 1.50476 4.90077 
1.09069 3.84987 3.72621 
1.059 1.14511 6.41223 
2.20315 1.76045 3.66314 
0.946494 2.10431 5.97834 
1.53973 3.17529 4.81264 
1.66138 3.17525 4.35636 
1.38175 3.06554 4.67274 
1.73573 3.45214 3.74706 
2.47718 1.93353 2.74557 
2.1456 2.41415 3.68312 
2.13681 2.56208 2.41447 
1.33323 1.09146 6.23356 
1.70826 1.82107 5.59056 
1.54238 2.53256 5.56705 
1.63595 2.52448 5.06943 
1.83308 2.51192 4.58762 
1.98981 2.2566 4.26645 
1.0698 2.28352 6.13248 
2.15742 2.6569 3.37617 
1.69351 2.93088 3.54191 
2.11825 2.53833 3.35842 
2.25799 2.38062 2.87844 
2.19994 1.59799 3.75637 
1.93432 3.14499 3.08248 
1.95341 2.06107 5.03843 
1.44399 3.22787 4.82751 
1.31425 1.55322 6.25554 
0.977055 4.17462 3.72392 
1.28357 1.43559 6.26334 
1.3652 3.78756 3.66473 
0.75327 1.93516 6.35914 
1.32682 4.12019 2.99418 
1.32525 0.940403 6.13423 
1.39135 3.88656 3.16548 
2.0219 3.88051 1.40853 
1.1696 3.89834 3.99274 
2.33604 1.7087 4.06235 
0.806414 3.21965 5.15271 
2.07247 2.58625 3.89101 
1.26425 4.33043 2.39555 
0.922487 2.32512 6.18518 
1.64091 2.35215 4.62814 
1.09478 0.827026 6.36051 
1.10001 1.0003 6.22723 
1.93152 3.57933 1.88629 
1.92144 2.67552 4.3534 
1.9228 1.58696 4.91779 
1.45175 2.66379 5.38195 
1.33176 1.14658 6.15303 
0.00944531 4.00945 0.00944587 
0.00933151 0.00933255 6.00933 
2.00944 0.00944164 0.00944236 
0.71929 3.74889 0.00936783 
1.35006 3.25264 0.151787 
1.87103 0.500966 2.86995 
1.96123 0.0531742 1.85146 
0.975792 3.6054 1.55031 
1.55115 3.0274 0.509658 
0.10798 1.12905 5.88851 
1.77564 1.46343 3.17203 
1.8527 1.91358 2.04416 
1.89782 0.391946 2.63214 
1.4374 1.57447 4.30258 
0.260116 3.59021 3.16251 
0.358896 2.93519 4.37928 
0.398097 3.91696 1.71776 
1.9893 1.70118 1.1707 
1.39949 0.595308 4.6186 
0.583666 3.71437 2.72112 
1.09718 3.637 0.370474 
0.455697 2.19469 5.14522 
0.494112 3.79973 2.26439 
0.756398 2.83796 4.01348 
1.45317 2.82001 2.18581 
1.59695 0.984921 4.05832 
1.26358 3.55133 0.454154 
1.49058 0.276948 4.49097 
1.23421 0.794023 5.12084 
0.609673 3.18954 3.85496 
1.6918 0.452156 3.76212 
1.32614 1.27075 4.65047 
0.681842 0.206024 5.94469 
0.779729 1.18345 5.47918 
1.69649 2.47186 0.964928 
0.0588674 3.21993 3.73545 
1.52656 0.350845 4.33776 
0.869791 3.67082 1.89123 
1.63481 2.73581 0.493747 
0.864166 1.61629 5.27497 
1.92516 0.0337749 1.98417 
0.589352 3.63114 3.04539 
0.314575 2.30203 5.38222 
0.525629 0.560005 5.98313 
1.6033 2.41638 2.36037 
0.189828 3.83938 2.39409 
0.166468 3.31834 3.72032 
1.58127 2.8726 0.606341 
0.545422 3.79936 2.46876 
1.30381 3.1249 2.51929 
0.932651 0.124305 5.57368 
1.94709 1.40384 1.24596 
0.918785 2.5261 4.43365 
1.37565 1.07732 4.76522 
1.47579 2.88053 1.67557 
0.338423 2.3624 5.07652 
0.651542 3.95877 0.952646 
0.904547 2.03725 4.90027 
0.0328957 2.72987 4.46395 
0.711738 3.13899 3.59901 
1.27636 3.39524 0.708577 
1.33395 3.14111 0.643816 
1.01269 0.911047 5.29095 
1.03353 1.83962 4.77225 
1.21821 2.15446 3.84159 
1.65954 2.64354 0.769494 
1.43559 3.08381 1.36263 
1.17232 2.61485 3.37813 
0.677251 3.86483 1.48213 
1.52175 3.04665 0.804918 
1.81144 0.307683 3.29221 
0.376302 2.25988 5.1707 
1.82079 0.156398 3.21984 
1.48177 1.08557 4.21198 
0.927898 2.23947 4.80977 
1.7473 1.95145 2.28855 
0.130744 3.49984 3.2801 
0.0563287 1.81739 5.40353 
0.717857 2.56086 4.57058 
0.726481 2.15038 4.93854 
1.66368 2.33887 2.79895 
1.94162 1.88108 0.263512 
0.624701 3.76463 1.92963 
0.744522 3.4196 3.1216 
1.80239 2.10978 0.838335 
0.240012 3.73614 2.59618 
1.20527 3.4776 1.04039 
1.61794 2.36148 3.37788 
1.83556 1.97662 1.90335 
1.55968 2.83593 1.15502 
1.06259 3.46409 1.40513 
0.440389 3.92164 1.29699 
0.376308 2.67969 4.67381 
1.07898 0.232882 5.51405 
0.658642 0.746156 5.84755 
1.12407 3.63678 0.887852 
0.844978 2.02325 5.09705 
1.07529 1.65702 4.72382 
1.8111 1.74458 2.55682 
0.787771 1.37764 5.4387 
