1.88371 1.16434 6.01688 
0.959314 2.0725 5.29194 
0.790391 1.15794 6.63728 
1.00918 0.965897 6.90028 
2.26202 1.65359 3.64063 
2.06757 2.95256 4.2319 
1.52373 3.1908 5.35881 
0.860764 1.5236 6.73243 
0.885772 0.916958 6.77668 
1.23607 1.41407 6.31024 
2.5047 2.87481 2.34797 
1.59511 3.52988 3.43105 
0.974036 1.36183 6.54466 
1.93084 2.25228 5.43508 
0.778164 1.00933 6.50339 
1.76509 0.988173 6.17908 
0.879585 2.81071 6.03102 
1.98299 2.08159 5.12097 
0.855717 1.17391 6.75373 
0.958457 1.33443 6.36841 
0.902168 1.84231 6.521 
1.27199 1.97739 6.45398 
1.56913 2.17255 6.28842 
0.962985 4.49488 2.81166 
1.97194 3.27544 2.62302 
1.95438 1.29409 5.04582 
1.50004 2.29919 5.9742 
1.09801 4.30992 3.60086 
1.80315 3.23607 4.20146 
1.18661 1.75283 6.47045 
1.2722 3.69584 4.17344 
1.99841 2.20184 5.11603 
1.7882 0.88687 5.50527 
2.42238 1.84791 3.55157 
1.69915 2.40738 5.43913 
2.01583 1.57009 4.60587 
2.42572 1.96808 3.99233 
2.19246 3.44072 2.99642 
1.66703 1.89791 5.44505 
2.2297 3.40142 2.19887 
1.04739 4.89682 1.8064 
2.49081 1.91142 3.75478 
1.60064 3.5191 4.58824 
1.81723 3.7724 3.32798 
1.11592 3.77392 4.96409 
1.01315 1.35899 6.68753 
1.61973 3.24104 4.43086 
0.904356 1.02079 6.83783 
2.14322 1.70663 3.97997 
1.8358 2.11959 5.68512 
0.807387 0.920968 6.733 
1.88578 3.09802 4.10392 
0.915394 1.30527 6.66209 
0.800059 1.02436 6.78287 
1.89327 1.28879 5.88609 
2.21563 2.55821 3.16218 
2.07011 2.23782 4.04603 
1.8687 1.86145 4.3118 
0.420904 0.624425 6.39927 
2.10185 1.65665 5.03918 
2.26731 1.61154 3.77181 
1.46315 2.44878 4.89268 
1.98091 2.05535 4.41983 
1.71175 1.23349 5.99197 
1.09333 3.63488 4.85656 
1.53178 3.74962 3.11443 
1.55436 2.51729 6.07457 
1.71144 1.69636 5.42471 
1.27339 1.1967 6.3906 
0.991489 2.14251 6.36494 
2.05206 2.36846 3.82648 
0.852079 0.996588 6.79602 
1.63681 2.37323 5.84809 
1.44926 2.98312 5.82234 
0.836995 1.04181 6.82315 
0.891617 0.996646 6.79332 
1.5374 1.015 5.92345 
1.04375 1.47168 6.60788 
1.01933 4.1109 3.37144 
0.799501 0.8375 6.70626 
2.11005 2.05966 4.88509 
2.16548 2.20696 4.48266 
1.01883 1.26449 6.58732 
0.867783 2.4761 6.24406 
1.8985 4.23797 1.7494 
0.90031 4.6879 2.16498 
2.34065 2.44163 3.4117 
2.20933 2.23335 4.94307 
1.53689 3.11572 5.41396 
1.29488 3.60478 5.02908 
1.25707 1.29159 6.58442 
1.06024 4.60753 2.02585 
1.69412 2.599 5.44116 
1.54439 2.9692 4.5506 
2.30015 1.29241 2.91976 
0.843728 1.62771 6.53935 
2.06779 2.39255 4.26379 
1.37899 1.16633 6.39535 
1.20031 1.16416 6.60418 
1.97111 2.74955 2.80912 
0.204519 4.09274 0.257049 
2.09636 0.202645 0.254857 
0.200038 0.100892 6.08717 
1.62916 2.67928 0.123768 
0.100741 0.30432 6.08704 
0.149079 0.284457 6.09135 
1.13397 2.62095 3.7295 
1.83962 1.82998 1.96353 
0.935696 3.37869 2.68271 
0.863083 3.83354 1.04411 
1.6775 0.671413 3.81843 
1.15055 3.16841 2.7837 
0.460821 3.98292 1.51779 
1.55916 1.53643 3.65174 
2.08705 0.387826 0.54144 
1.87822 1.6505 1.77109 
1.96587 1.50512 1.14031 
0.361087 2.76418 4.57251 
1.66127 1.57978 3.32223 
0.55467 1.74237 5.46764 
1.70952 2.32646 1.8191 
1.3114 0.466086 4.99592 
0.404777 3.29636 4.2494 
0.134161 0.614443 6.07325 
1.97508 1.3083 1.22108 
0.43468 1.35991 5.85368 
1.35364 3.01357 1.93668 
0.595213 3.67654 2.52701 
0.492886 3.89548 1.55962 
0.952892 2.41251 4.35474 
1.37384 2.46048 3.12371 
0.229204 3.89476 2.13829 
0.660599 2.39288 4.87051 
0.535847 1.02928 6.01929 
2.05672 0.951182 0.537392 
1.19008 3.48685 0.329515 
1.51569 1.83187 3.48151 
1.57732 1.2203 3.88556 
0.73321 1.24859 5.597 
1.80455 1.51865 2.48407 
1.20577 2.85317 2.96699 
0.77732 2.56291 4.6752 
0.622622 3.06589 3.97673 
1.91617 1.95808 0.411865 
1.24334 2.79716 3.26826 
0.961936 2.94074 3.93804 
1.03518 2.15088 4.72774 
2.02303 1.24952 0.820611 
1.82067 0.240255 3.28026 
1.94916 0.740233 2.23327 
0.481071 2.26508 5.19374 
0.977546 3.55356 1.67234 
0.379912 3.80834 2.38925 
1.4329 2.39282 3.46977 
0.686552 3.72034 2.24388 
0.762531 3.74655 2.20568 
2.01369 1.45612 0.865955 
1.39963 2.82991 2.29555 
0.26591 4.02964 1.30698 
1.58439 2.13636 3.36371 
1.60476 0.545469 4.15032 
2.05363 0.334461 1.42925 
1.32409 3.11298 1.69568 
0.708218 1.69689 5.4677 
0.223545 3.65826 2.94013 
0.176131 1.07701 5.93288 
0.325044 2.17237 5.52143 
1.08209 3.01668 3.04936 
1.08062 0.536218 5.35677 
1.76175 2.23295 1.38441 
1.15963 1.97581 4.72204 
0.890701 3.33312 2.86026 
1.94096 1.6881 0.630858 
1.80511 1.06267 3.17629 
0.163782 2.3146 5.10494 
1.85508 1.88277 1.5291 
0.286401 0.725316 6.03437 
0.17696 1.57528 5.72422 
0.913626 3.79022 0.719679 
0.329585 3.43025 3.60715 
0.894612 3.87704 0.934084 
0.331338 3.59503 3.50662 
1.23176 2.01701 4.24408 
1.50061 1.34169 4.10495 
1.27504 2.88033 2.73892 
0.896357 0.181004 5.66231 
0.586968 2.17041 5.05418 
1.05872 0.833848 5.32254 
0.443701 2.67938 4.58898 
1.99561 0.47274 2.35432 
1.08307 2.80205 3.46644 
1.22545 3.30409 1.62651 
1.27434 2.47488 3.62445 
1.9012 1.17884 2.33198 
1.05586 2.08475 4.62273 
0.385447 4.0123 1.4347 
0.99481 2.46214 4.19488 
0.74728 1.11631 5.65477 
1.77223 1.33439 2.95182 
1.72594 0.58568 3.52384 
