0.174776 0.000815741 2.30453 
2.4589 0.677687 0.680482 
1.43444 0.423623 1.07566 
0.552353 0.748107 1.50891 
1.87263 0.623726 0.833414 
0.81948 0.300584 1.05581 
0.0525009 0.511638 1.93412 
1.00952 0.952953 0.889715 
0.845554 0.0877734 1.66529 
0.346815 0.491665 1.55298 
1.43685 0.465998 0.237738 
1.25327 1.29357 1.24854 
0.97954 1.0495 0.988136 
0.402994 0.512252 1.37325 
0.493014 1.6824 0.951888 
1.6408 0.841255 0.514372 
0.649349 1.53932 0.564857 
0.470806 0.173192 1.37641 
0.997411 1.04247 1.24971 
1.2062 0.210925 0.747622 
0.548563 0.438562 1.56306 
0.648417 1.09444 1.12669 
0.456805 0.150712 1.48952 
0.225875 0.121788 1.43649 
1.40865 0.305112 0.846543 
0.534624 0.0232946 1.4376 
0.188134 0.208648 1.74641 
1.70807 0.724469 0.246774 
1.02519 1.16049 0.365064 
1.16559 0.382992 1.37014 
0.0400891 0.998134 1.54058 
0.700418 0.802787 1.71914 
0.808165 1.46748 1.214 
0.0938217 1.67935 0.13078 
1.08143 1.02268 0.000645739 
0.163367 1.63459 0.699779 
1.34538 0.112803 1.11759 
0.771084 1.06179 0.694155 
0.0864718 1.93971 0.539257 
0.108561 2.26473 0.278028 
0.253627 0.293915 1.75865 
0.335768 0.268269 1.92355 
0.00739358 0.0499012 2.03811 
0.640577 1.62278 0.926026 
0.65468 0.412028 1.79622 
1.15598 0.441642 1.19818 
0.501987 0.667202 1.56615 
0.804916 1.25679 1.20474 
0.376852 1.23591 0.774297 
1.45595 0.090942 1.49244 
0.770977 0.658457 1.64016 
0.30153 1.45407 0.663388 
0.614992 1.60304 0.569886 
1.62861 0.522507 0.457774 
0.389666 1.00298 1.09704 
1.17912 0.290331 0.951361 
0.225808 0.960945 1.62938 
0.254138 1.25248 0.650937 
0.601986 0.750145 1.84892 
0.738114 0.160571 1.81331 
1.45333 0.347862 0.690144 
0.0179942 0.437987 1.64313 
1.15946 1.06206 0.114172 
1.26048 1.09026 1.30144 
0.798476 1.53023 0.981986 
0.34463 0.27673 1.66944 
1.6205 0.124489 0.442441 
1.00044 0.42193 1.50476 
0.0884554 0.067156 1.65224 
0.104959 1.62154 0.949169 
0.302281 0.0760033 1.51314 
1.51783 1.15205 0.360222 
0.555201 0.762679 1.81631 
1.0128 0.4303 1.26332 
0.168621 1.80864 0.884031 
0.478813 0.475907 1.17614 
0.415959 1.11688 0.680687 
0.674199 0.535724 1.726 
0.294254 0.0386314 1.23336 
0.0518245 0.0857228 1.66923 
0.362716 0.741183 1.33041 
0.0758217 0.0855469 1.81358 
0.291854 1.83647 0.117478 
0.812818 0.133845 1.71316 
0.445924 0.068789 2.3192 
0.182845 0.00773577 1.97254 
0.283663 1.13636 1.67119 
0.582031 0.722744 1.76559 
0.805545 0.0443056 1.28335 
1.34064 0.793978 0.604976 
0.847085 1.81741 0.144187 
0.548284 0.0103084 1.60979 
0.76292 0.372533 1.12446 
0.112683 0.0563346 1.79182 
0.321724 0.701417 1.63216 
0.815423 1.02562 0.0177017 
0.114196 0.0804125 1.78569 
1.64809 0.362609 0.963887 
0.31841 1.13043 1.6651 
2.01402 0.528007 0.667794 
3.7494e-33 6.12323e-17 1 
6.12323e-17 1 0 
6.12323e-17 0 1 
1 0 0 
1 0 0 
4.91467e-17 4.10407e-17 1.04568 
0.144784 0.805306 0.644269 
0.335822 0.145098 0.938675 
0.911351 0.0374676 0.481299 
0.558354 0.278226 0.826213 
0.170891 0.163175 0.991229 
0.212061 0.449954 0.933364 
0.50778 0.824685 0.276962 
0.980516 0.0621705 0.246198 
0.0320923 0.941528 0.362366 
0.540069 0.812102 0.329085 
0.621578 0.788595 0.066931 
0.680831 0.714117 0.22811 
0.283858 0.973948 0.0826841 
0.664141 0.739082 0.19962 
0.60536 0.578028 0.575859 
0.988275 0.0986685 0.133645 
0.449293 0.223881 0.881924 
0.614601 0.611277 0.541388 
0.960728 0.110705 0.269696 
0.26219 0.174005 0.971368 
0.390663 0.690301 0.640563 
0.647773 0.0136222 0.801194 
0.253619 0.745708 0.674714 
0.480311 0.780073 0.471403 
0.313989 0.0804928 0.978822 
0.428669 0.897051 0.21235 
0.0672599 0.517646 0.864279 
0.879152 0.445442 0.334957 
0.790485 0.506077 0.417291 
0.355894 0.724851 0.627335 
0.699029 0.0777151 0.738426 
0.50025 0.218631 0.889456 
0.869631 0.122751 0.519759 
0.714406 0.213462 0.699215 
0.84003 0.396951 0.412599 
0.468203 0.887452 0.0962912 
0.892475 0.228791 0.462928 
0.696321 0.753628 0.144736 
0.945664 0.313625 0.168076 
0.131391 0.729185 0.732379 
0.734489 0.701327 0.02925 
0.371085 0.00802654 0.952388 
0.262039 0.253917 0.963826 
0.413975 0.1987 0.92203 
0.248101 0.76091 0.685575 
0.0423116 0.916888 0.459057 
0.462872 0.75175 0.522465 
2.33196e-17 5.71844e-17 1.00856 
0.77101 0.370959 0.55214 
0.202682 0.244171 0.978702 
0.858177 0.370791 0.428478 
0.802535 0.62753 0.118619 
0.405542 0.879125 0.327781 
0.638276 0.511842 0.605538 
0.0828689 0.637776 0.77968 
0.174293 0.702725 0.718953 
0.195773 0.604299 0.813827 
0.232117 0.998732 0.0234959 
0.00531083 0.855738 0.550298 
0.434319 0.187655 0.908861 
0.437216 0.480434 0.799151 
0.0227128 0.666349 0.76854 
0.551892 0.472796 0.71392 
0.816313 0.589919 0.159884 
0.903114 0.345427 0.42788 
0.0928413 0.623653 0.791536 
0.0221058 0.648542 0.770948 
0.478608 0.463774 0.785015 
0.774536 0.668622 0.052305 
0.629864 0.3299 0.746504 
0.189877 0.928292 0.376632 
0.0116989 0.322362 0.958737 
0.755411 0.361088 0.627301 
0.546665 0.866763 0.117511 
0.57052 0.296078 0.779236 
0.116731 0.990847 0.281112 
0.823709 0.584674 0.160354 
0.184141 0.572612 0.840894 
0.675476 0.713021 0.307463 
0.276915 0.958711 0.190654 
0.3252 0.301124 0.901924 
0.139041 0.983383 0.260252 
0.573688 0.601735 0.582522 
0.749733 0.503878 0.498396 
0.920116 0.423426 0.0161181 
0.976189 0.206577 0.213118 
0.108706 0.866097 0.513732 
0.0578724 0.954172 0.316318 
0.583164 0.846981 0.0377741 
0.815461 0.114531 0.592874 
0.100214 0.673179 0.760033 
0.589987 0.0574231 0.828708 
0.758935 0.362773 0.589104 
0.945814 0 0.346528 
