7.62779 9.08833 
7.38555 7.41694 
9.09637 6.11153 
8.88636 7.06906 
7.58135 5.91554 
9.64103 7.90738 
10.8287 8.25664 
6.57262 6.33367 
6.48805 5.41176 
6.54882 6.28329 
5.90321 6.82738 
9.85128 8.12846 
7.30024 8.61951 
7.07734 5.91881 
8.65509 9.41117 
5.48301 6.75692 
8.0502 5.57058 
7.86066 6.06925 
9.98876 6.32428 
12.5104 12.8692 
8.26773 9.63821 
8.58281 6.66366 
6.29925 6.83072 
7.0397 6.60009 
9.51643 7.79462 
5.45636 6.45206 
4.61733 7.83979 
6.6925 8.13404 
7.61038 8.81212 
6.22883 9.5168 
8.05005 6.55724 
7.43728 6.32948 
7.63043 8.16961 
6.40374 9.16465 
8.85283 8.63465 
8.55294 7.07724 
9.22398 7.36965 
6.10926 7.87037 
5.83611 8.35648 
10.1829 8.87419 
6.22196 6.27876 
5.90039 6.72221 
5.54452 5.91075 
10.7121 10.753 
10.7339 5.65029 
7.06275 4.38281 
6.02729 7.45489 
9.18324 8.10335 
8.22187 6.09471 
8.73957 6.42332 
5.34604 10.0668 
6.63463 8.68063 
10.3405 9.15356 
9.44126 6.92459 
7.95789 5.61361 
10.6966 5.76848 
6.64429 8.25621 
6.62735 10.3741 
7.39662 9.50664 
7.96931 8.63148 
8.73551 7.39042 
7.372 8.53114 
8.40932 8.32257 
8.04096 5.83045 
9.35576 7.3482 
5.10596 10.1745 
8.73446 6.65995 
8.03574 10.5074 
6.25664 8.44716 
8.33418 8.5198 
6.05241 5.63515 
7.00168 7.00086 
10.5523 3.9681 
8.42094 8.13162 
8.80471 9.1771 
6.92179 7.49144 
5.01448 7.35151 
8.79516 5.64359 
8.29467 7.79515 
7.54161 10.8304 
7.07311 7.21425 
9.92573 11.8567 
3.36188 7.75564 
8.50162 11.1225 
10.1985 7.55446 
5.72769 7.43675 
7.51602 7.44916 
9.22846 10.1994 
10.2563 5.27848 
4.93593 10.0223 
4.04732 8.23758 
3.94711 8.62466 
8.7172 8.54522 
9.36114 9.68662 
12.4887 9.16599 
8.95661 8.96962 
8.47483 7.50648 
8.65092 8.10876 
10.9725 9.98206 
6.71745 7.97674 
1.00004 4.09746e-14 
7.37684e-09 1.01905 
0.867272 0.515246 
3.62458e-05 1 
0.867368 0.478956 
0.8698 0.298778 
0.867739 0.427192 
0.942268 0.0731898 
0.868758 0.36577 
0.922369 0.0802909 
0.867702 0.444913 
0.872346 0.185743 
0.87331 0.172962 
0.873645 0.153465 
0.870603 0.251115 
0.871549 0.203096 
0.87073 0.234796 
0.869791 0.315675 
0.869211 0.341914 
0.877433 0.138312 
0.886028 0.132522 
0.869906 0.281218 
0.869126 0.355346 
0.867959 0.413702 
0.870756 0.229433 
0.867504 0.470646 
0.870112 0.266905 
0.870081 0.278959 
0.871201 0.217722 
0.872481 0.176363 
0.871497 0.207216 
0.870568 0.257698 
0.869454 0.32518 
0.968975 0.0333189 
7.37684e-09 1.0042 
0.874092 0.150244 
0.998774 0.00438787 
0.948637 0.054212 
0.908239 0.0950262 
0.869264 0.334382 
0.871204 0.215638 
0.868959 0.36014 
0.922013 0.0861997 
0.892427 0.117408 
0.894654 0.114305 
0.957656 0.0502692 
0.886175 0.126925 
0.978829 0.0247773 
0.959404 0.0469738 
0.907036 0.0985511 
0.869736 0.319895 
0.913206 0.0939578 
0.967847 0.0379463 
0.898781 0.113763 
0.945856 0.0559212 
0.870117 0.262706 
0.945131 0.060333 
0.960532 0.0433259 
0.980843 0.0212701 
0.869351 0.331237 
0.977447 0.0277118 
0.875081 0.143311 
0.972715 0.0311811 
0.918488 0.0883165 
0.995712 0.00709753 
0.989238 0.0138547 
7.37684e-09 1.01168 
0.986366 0.0161919 
0.963835 0.0419602 
0.94378 0.0665718 
0.899904 0.109928 
0.86744 0.47694 
0.906383 0.10299 
0.974692 0.0299334 
0.943605 0.0717255 
0.887253 0.123842 
0.953616 0.0525357 
0.964078 0.0380896 
0.889924 0.119998 
0.944509 0.0641118 
0.914108 0.0911791 
0.875215 0.14211 
7.37684e-09 1.01307 
0.915766 0.088987 
0.98331 0.0199062 
0.901614 0.108166 
0.984455 0.0178424 
0.902195 0.105189 
0.99223 0.0131751 
0.994136 0.00880207 
0.889764 0.12243 
0.905028 0.104893 
0.954425 0.0519899 
0.993522 0.0115259 
0.868027 0.389545 
0.867546 0.447484 
0.868002 0.401326 
0.0138886 1.12772 
4.81861 0.0178424 
0.980949 0.0304162 
