0.598521 12.088 
0.518823 11.7719 
0.189813 11.1441 
0.288963 14.9729 
0.0585513 13.153 
0.119024 13.544 
0.363399 13.5682 
0.418019 12.4288 
0.350433 13.2956 
0.0249805 12.6109 
0.750915 10.8519 
0.0989961 14.5584 
0.531537 13.245 
0.0208567 11.9294 
0.916281 10.1397 
0.364496 11.6986 
0.395643 14.416 
0.35352 11.5434 
0.210165 13.1151 
0.0375857 14.0604 
0.968938 11.7862 
0.332606 12.0127 
0.411505 13.9281 
0.0357222 10.921 
0.434064 12.0429 
0.963883 12.0531 
0.254032 11.7406 
0.176091 15.2515 
0.905682 8.59243 
0.241072 12.0578 
0.539163 11.448 
0.577953 12.217 
0.171958 13.9203 
0.103743 12.1752 
0.254511 12.7375 
0.523846 12.4972 
0.0838787 12.3505 
0.117772 14.4161 
0.772194 11.9679 
0.884051 10.982 
0.140592 11.604 
0.276522 13.7143 
0.261012 11.1574 
0.266174 12.6868 
0.197184 11.8417 
0.0933725 12.9634 
0.0316346 14.4545 
0.639039 11.9713 
0.843799 10.933 
0.335119 11.216 
0.0667319 14.8661 
0.73453 13.1936 
0.407636 14.022 
0.327558 12.3797 
0.39667 14.5461 
0.108155 12.0991 
0.487818 13.1761 
0.506998 14.1906 
0.686431 10.6983 
0.533388 10.5062 
0.376608 11.3518 
0.587281 12.0795 
0.064747 11.6915 
0.0530735 12.9139 
0.192164 12.4103 
0.902985 11.5461 
0.316738 13.5813 
0.478609 12.3993 
0.820651 12.1344 
0.517665 13.0408 
0.648898 13.293 
0.744405 10.47 
0.242055 12.1292 
0.0962872 13.7103 
0.224031 12.5166 
0.854838 14.6 
0.0410064 12.6992 
0.615034 12.6891 
0.780935 12.4264 
0.793359 12.1035 
0.575355 11.0544 
0.685666 12.6589 
0.918441 11.7971 
0.942506 12.334 
0.573861 13.1432 
0.251497 11.907 
0.446232 13.3102 
0.947287 12.638 
0.517212 11.1827 
0.163387 14.1554 
0.533513 11.6578 
0.771916 12.263 
0.921439 12.272 
0.603835 12.9702 
0.878255 12.0732 
0.37777 13.4709 
0.538923 14.7926 
0.799566 12.2972 
0.720641 10.6041 
0.00149139 11.554 
0 4 
0.859397 2.307 
0.859397 2.307 
0.631627 3.57319 
0.251412 3.57319 
0.173285 3.65397 
0.71266 2.988 
0.699227 3.08974 
0.188537 3.62695 
0.773624 2.57205 
0.843444 2.31706 
0.71782 2.94937 
0.694737 3.12363 
0.793299 2.46952 
0.753195 2.69854 
0.73747 2.80615 
0.0275901 3.96696 
0.709771 3.00976 
0.653719 3.42586 
0.749027 2.72654 
0.756584 2.67634 
0.67507 3.27153 
0.762248 2.65607 
0.702244 3.06667 
0.678598 3.24526 
0.0593199 3.90956 
0.763752 2.63093 
0.730005 2.85969 
0.100289 3.81842 
0.727008 2.88157 
0.649653 3.45475 
0.811297 2.40332 
0.779649 2.53839 
0.66144 3.37127 
0.638234 3.53097 
0.158308 3.68529 
0.723928 2.90424 
0.746193 2.74562 
0.0398579 3.94552 
0.0796562 3.86788 
0.133874 3.7386 
0.767499 2.60812 
0.129154 3.74969 
0.0890148 3.84488 
0.121699 3.76743 
0.110198 3.79952 
0.05237 3.92282 
0.141799 3.72049 
0.786753 2.50111 
0.684892 3.19805 
0.0707831 3.88566 
0.222731 3.58491 
0.149932 3.70549 
0.672458 3.29304 
0.0960002 3.82856 
0.77044 2.5907 
0.0215555 3.9741 
0.815593 2.38039 
0.658685 3.39082 
0.781463 2.53176 
0.656821 3.40713 
0.645327 3.48359 
0.796949 2.45253 
0.825816 2.35096 
0.83535 2.32946 
0.167707 3.66529 
0.01291 3.98557 
0.0839339 3.85732 
0.70685 3.04028 
0.785853 2.50573 
0.231424 3.57896 
0.743361 2.7701 
0.831566 2.33718 
0.664899 3.34775 
0.213515 3.59345 
0.0483897 3.94003 
0.16254 3.6753 
0.692013 3.14427 
0.733551 2.83407 
0.800191 2.43872 
0.209358 3.59827 
0.647555 3.47007 
0.721145 2.92492 
0.74069 2.78348 
0.668717 3.31836 
0.666504 3.34101 
0.201732 3.60777 
0.705428 3.04258 
0.809629 2.42478 
0.641849 3.50693 
0.821645 2.36178 
0.690825 3.15394 
0.688045 3.17437 
0.192352 3.62102 
0.681273 3.22539 
0.670632 3.31206 
0.733308 2.83581 
0.198263 3.61232 
0.0670435 3.89341 
0.634551 3.55475 
