25.2025 13.4832 23.471 
24.734 16.3809 10.5163 
14.4624 9.64785 9.58728 
15.279 20.8377 18.811 
17.2247 25.9645 14.5024 
12.0621 20.0177 19.2126 
11.7082 15.2725 16.2336 
17.0979 15.6045 14.0609 
13.348 9.55719 15.8428 
12.5452 14.4674 11.6255 
8.78193 21.7232 15.2335 
11.3373 14.023 12.8632 
15.7711 13.0709 8.9277 
13.53 19.8523 15.8719 
28.1281 37.4443 17.1016 
23.6449 17.2442 10.7919 
16.7852 14.7521 21.3231 
13.6175 12.1116 9.8172 
11.4609 20.2551 27.9003 
16.2124 18.418 27.6141 
20.5868 18.2691 12.7345 
23.2389 27.642 22.242 
7.54478 13.3377 17.312 
22.0108 20.1545 24.773 
12.069 14.1048 13.5592 
11.5136 7.39964 13.3716 
15.7732 13.7673 18.4726 
46.232 18.7237 19.8322 
17.5948 11.7069 23.5837 
15.6953 6.31279 15.4324 
15.6588 15.0579 13.5138 
22.0192 22.4788 34.5403 
17.8336 10.284 27.6706 
8.38786 34.9219 29.3185 
26.5422 14.8065 17.8117 
10.9926 10.678 8.26968 
35.8468 31.0844 41.4607 
29.5586 21.4228 13.0116 
18.4254 21.0669 15.9103 
18.254 15.7658 14.6279 
25.8837 10.2965 22.393 
11.8807 7.22262 20.5055 
17.0254 11.7344 18.6572 
7.37073 29.4721 39.1851 
12.9309 22.9179 23.6959 
25.2825 29.6908 14.8455 
22.6134 17.1886 12.2895 
9.44146 12.5447 12.8869 
15.2856 15.1714 19.1118 
15.5641 25.3401 18.6361 
10.2779 13.5323 16.016 
15.0936 10.495 10.9833 
30.2829 6.06195 23.5436 
13.7841 18.8612 18.453 
13.7877 14.1934 15.0689 
30.032 22.0991 26.998 
18.9929 10.0646 19.0859 
28.9952 26.1919 30.121 
17.5332 13.297 15.5731 
16.3183 15.0781 7.55262 
22.2614 37.6966 15.2586 
10.398 11.2601 15.6812 
10.0733 17.1778 23.9611 
14.9514 20.9217 21.8242 
13.0992 16.1553 10.814 
18.4768 10.8506 8.87308 
21.6928 16.8729 18.6125 
12.4231 13.6463 10.7559 
24.3372 18.0895 12.9757 
12.5404 18.824 14.653 
15.8007 8.6675 14.5647 
14.5613 23.5838 22.1691 
15.7361 14.6942 14.3772 
17.8445 31.5883 15.0975 
21.247 12.0968 8.82044 
13.4223 13.1092 14.5117 
26.9812 23.8634 16.3909 
16.5506 21.169 11.1981 
13.6443 26.071 21.2966 
14.6164 21.8801 32.2013 
10.4357 9.97017 12.7563 
16.5041 13.132 12.6669 
15.7742 15.4568 14.2567 
17.7371 12.9001 9.3452 
22.1074 13.1787 14.9902 
18.437 15.9124 10.1578 
29.7307 25.7128 16.8067 
21.846 10.8045 22.1291 
14.1754 13.3438 12.9353 
12.2545 22.7307 14.1533 
12.6075 11.0758 17.4412 
14.2981 10.7708 18.8835 
22.4415 15.0027 15.4779 
20.8591 27.8983 20.1599 
9.44991 10.1388 15.9757 
15.4816 14.2293 8.10847 
17.3278 12.0006 12.3605 
10.9061 12.4505 12.9887 
7.70316 18.1379 14.9686 
15.5847 16.7966 15.2219 
2.22264e-05 2.28929e-13 2.14724 
5.6815e-11 7.21135e-05 1.93899 
5.54508 1.17941 1.0032e-06 
11.243 0.365926 0.00853384 
0.0515541 10.1554 0.0119215 
0.37549 6.28983 0.00455233 
9.61787 0.0573529 0.0664233 
7.03839 0.0573332 0.104949 
0.00141454 7.31749 0.272061 
0.0923534 8.09352 0.133925 
0.193633 2.28929e-13 1.75642 
0.0519637 9.22534 0.0146086 
0.0626914 8.99809 0.0150979 
0.109528 1.05198e-07 1.96585 
4.22171 0.000938859 0.326307 
5.74077 0.000678807 0.607362 
0.00141735 7.6278 0.229378 
2.08713 5.39626 0.000805875 
2.22264e-05 1.16885 1.92599 
4.94546 0.000714584 0.651823 
6.23391 0.976363 0.0238955 
4.89279 0.734238 0.0393489 
5.3332 1.46582 0.000717797 
2.89271 0.15839 0.55841 
0.24687 1.19949 1.6114 
1.87561 1.32963 0.397364 
0.237894 2.398 0.889063 
0.00141454 5.69634 0.487265 
0.00118827 4.86146 0.930543 
3.09765 1.36084e-06 1.50433 
0.980556 1.16392 1.02738 
0.813019 1.05198e-07 1.67495 
3.55599 0.000713909 0.988229 
0.687359 1.71427 0.861383 
0.267504 3.52958 0.741787 
0.0222401 4.47253 0.499857 
0.423388 4.56242 0.208247 
6.6393 0.000642904 0.112254 
1.71451 0.78357 0.801172 
1.09503 1.88748 0.709239 
1.20718 3.97719 0.0342953 
3.68771 0.000216715 1.15998 
0.0599002 3.0408 1.3981 
2.26785 0.497702 0.418877 
2.22631 1.40882 0.314769 
0.573429 4.23783 0.202825 
1.0756 0.277803 1.21458 
0.387964 1.90969 1.3416 
0.576266 3.66021 0.159731 
0.922588 4.18903 0.0733097 
3.17429 0.000712689 1.07242 
2.34713 0.0946851 1.25004 
0.271593 2.75889 0.531679 
1.72069 0.540466 0.466056 
0.530861 2.13048 0.350641 
0.965876 0.914791 1.31294 
2.46655 1.3708 0.370593 
3.86496 1.20907 0.0309324 
0.162347 5.04144 0.237359 
2.40721 3.83705 0.00844207 
1.43475 0.418385 0.934994 
2.2889 0.377744 1.14597 
2.73523 0.0563112 1.28244 
2.7736 0.883521 0.177942 
3.68296 0.630513 0.0486605 
0.00118827 3.11152 1.2201 
3.04155 0.738413 0.250041 
1.60812 3.95234 0.0289291 
0.00485717 3.27224 0.813904 
6.51247 0.243313 0.0201676 
0.387959 1.90969 1.44282 
0.0917065 2.6878 0.848989 
0.375565 5.11752 0.00593662 
0.30815 1.96101 0.46928 
3.98124 0.851998 0.0305177 
2.53956 0.0809934 1.0998 
0.427683 2.85155 0.350641 
1.46427 0.523558 0.83522 
0.750291 1.84492e-05 1.4895 
0.174863 5.67948 0.017088 
3.21743 0.816393 0.128537 
1.11001 3.33152 0.0390411 
5.41516 0.427854 0.115825 
1.35904 0.42045 1.09625 
3.38887 0.0014028 0.144765 
0.00485717 2.34965 1.421 
0.273358 3.01287 0.347729 
0.0290325 3.59911 0.281966 
0.769672 2.16535 0.146501 
2.71335 1.74486 0.276663 
0.0722029 1.51815e-05 1.64592 
5.64547 0.570056 0.0416005 
6.32117 0.243313 0.0195063 
0.632553 0.351985 1.42098 
2.57868 0.275514 0.48065 
3.4713 1.85415 1.0032e-06 
0.0011953 3.49433 0.848148 
7.73529 0.0573529 0.089205 
7.08462 0.0594191 0.0242151 
0.423388 3.83639 0.209918 
