0.017527 1.11244e-09 2.82234 
3.80249e-06 0.546453 1.93079 
6.0743 1.38329 5.00805e-06 
20.3786 0.200146 0.374787 
3.18044e-05 0.0212984 7.63896 
0.442625 19.3928 0.0117462 
17.1725 0.200146 0.387328 
13.2854 0.0910148 0.568182 
3.60109e-05 0.0235244 5.89707 
8.00199e-05 0.0153708 6.8289 
3.18044e-05 0.186611 4.73716 
0.23001 17.7913 0.0765757 
0.00397616 0.00528268 6.36601 
0.137041 16.4506 0.089916 
4.08513e-05 0.0235141 4.43197 
0.124784 10.9179 1.22335 
2.32938 9.60372 0.00218736 
0.0338636 11.9647 1.33294 
0.23001 18.4773 0.0508687 
0.00804257 0.0144032 5.30476 
11.1214 0.219366 0.381835 
0.00899079 0.00297926 5.28552 
5.22429 3.05376 0.165093 
0.110895 12.7736 0.779033 
3.80249e-06 0.201973 3.65475 
0.000134023 0.0154668 4.01727 
0.481072 15.9722 0.0264478 
4.55219 1.57791 0.44771 
12.1258 0.155519 0.488467 
0.114868 11.3291 1.28601 
0.155727 15.3102 0.3319 
1.00658 3.32441 1.70468 
9.08976 0.100046 1.36204 
0.00391031 0.0068336 6.70683 
7.756 0.0363648 2.05574 
3.86995 1.13168 1.19304 
0.0102413 0.482084 3.01865 
0.274176 9.25903 0.985529 
0.707943 4.04369 1.70584 
0.403742 19.2908 0.0145414 
10.6485 0.0910148 1.01958 
0.0999345 13.1549 0.944802 
0.0968265 14.9098 0.643093 
2.46539 6.50673 0.206477 
3.20446 1.82939 0.836703 
8.32064 0.310582 0.477908 
0.592463 4.71177 0.808766 
0.461545 8.06413 0.217109 
1.07459 0.138418 2.38351 
4.30232 2.10262 0.297553 
0.0870721 1.11244e-09 2.61972 
1.36507 8.33442 0.108211 
10.0481 0.0870429 1.84027 
1.04161 8.54485 0.00439067 
12.6148 0.100961 0.496579 
9.51154 0.199417 0.389703 
3.5204 7.42413 0.002091 
0.000134023 0.183393 3.93094 
1.42082 0.00160591 2.12504 
0.0327194 13.5776 1.77777 
0.00408694 0.39355 3.20406 
0.00408694 0.291331 3.4312 
0.746617 4.32705 1.51492 
5.69269 0.897308 0.401788 
2.98065 6.10402 0.0411575 
1.48275 5.12776 0.458914 
8.74243 0.0910148 1.91872 
6.21547 0.54106 1.12263 
7.27626 0.133963 1.60304 
6.75099 0.318075 0.708017 
7.70968 0.649256 0.324262 
0.202709 14.3182 0.634533 
0.519623 13.757 0.00455843 
10.3715 0.0878703 1.52637 
1.79269 3.27271 0.893401 
2.77345 7.52734 0.002091 
2.82408 2.75613 0.873925 
6.58139 0.866833 0.505248 
2.61247 6.8669 0.00218743 
0.173744 14.318 0.653059 
0.269706 7.20394 0.986038 
0.666357 0.00160591 2.45073 
2.08093 2.58659 1.20326 
7.13792 0.366841 0.505434 
5.58483 2.35179 5.00805e-06 
12.335 0.0989507 0.579156 
1.66344 1.71138 1.30089 
0.00408694 0.328836 3.33293 
3.00875 5.72699 0.0407082 
1.5195 4.13482 0.547531 
0.03383 9.50844 1.6322 
0.583581 5.46519 0.277907 
2.10945 3.0392 0.296657 
4.02072 0.000334979 2.39684 
0.53173 5.39786 0.762784 
2.56083 2.25761 1.22847 
2.63742 1.48388 1.883 
2.39721 2.45977 1.1392 
0.322359 5.83962 0.772205 
2.78668 0.600341 1.51264 
