2.32142 2.21682 
1.70751 1.95765 
3.36913 2.65618 
1.0828 1.85486 
2.27108 1.83456 
2.04975 2.10843 
2.36688 2.44596 
2.1128 2.3293 
1.35332 1.80145 
2.15631 2.08155 
2.39174 1.28021 
2.1844 0.796377 
1.47482 1.23885 
1.27555 3.09774 
2.74474 1.95984 
0.967661 2.82307 
2.60622 2.6403 
2.29948 1.06969 
1.12634 2.85214 
2.51792 2.96445 
1.6594 2.24795 
1.43723 1.48926 
1.91413 1.19179 
2.17938 2.53829 
2.21155 2.34284 
1.48843 2.89087 
2.45999 1.18214 
2.79069 1.81518 
1.91523 2.02463 
1.89752 1.18443 
1.43624 2.01043 
1.81208 2.8098 
2.39427 2.28968 
2.58757 1.67077 
2.65145 2.54775 
1.9555 1.8955 
1.43408 2.12278 
2.076 2.71557 
1.913 1.23007 
2.83543 1.32367 
2.2992 2.67004 
1.78657 1.97721 
2.54872 1.95899 
2.57308 1.33382 
1.92841 1.73674 
1.84331 2.82966 
1.21812 1.81419 
2.29358 2.05429 
1.22235 2.10827 
2.83736 0.964175 
1.5311 2.54587 
2.62814 2.23033 
2.9351 1.79235 
2.74673 1.377 
2.15093 1.5668 
1.79047 1.82871 
1.20627 1.51403 
2.39385 1.72363 
2.63684 1.58026 
2.4092 2.24554 
2.27235 1.60714 
1.9395 2.36296 
1.44711 1.78704 
1.67793 2.02698 
1.50925 1.9009 
2.15672 2.49032 
2.33135 1.25811 
1.89766 1.44965 
1.50809 1.28065 
0.965458 2.16214 
1.90196 1.83043 
2.43921 1.81207 
1.3591 2.18347 
2.60627 2.72372 
3.50663 2.32543 
2.68015 2.11646 
1.68755 3.07962 
2.59617 1.21835 
2.4369 2.46005 
2.79589 2.41426 
2.01597 2.54029 
1.35116 2.27843 
1.59217 1.31108 
1.60334 1.71967 
2.02698 1.47335 
1.81016 2.57404 
2.18306 1.82846 
1.79094 3.19077 
3.23187 2.19082 
2.85692 1.67073 
2.41163 1.49926 
1.63292 1.4612 
2.19237 1.45254 
2.17935 2.51023 
1.7944 2.27636 
3.27522 1.93679 
1.56667 1.27374 
2.0345 3.08452 
2.41371 1.54076 
2.33552 1.29597 
1.00523 1.13872e-06 
7.15873e-07 1.02448 
0.684217 0.179417 
0.709825 0.168995 
0.381424 0.391306 
0.0208009 0.881261 
0.364396 0.40085 
0.28493 0.471752 
0.274002 0.486464 
0.602617 0.229693 
0.0323984 0.8316 
0.556447 0.265182 
0.247872 0.507409 
0.261555 0.49653 
0.617816 0.2179 
0.49813 0.299455 
0.298948 0.46232 
0.397019 0.382579 
0.538624 0.270463 
0.513692 0.290984 
0.00186565 1.0012 
0.596374 0.244537 
0.310138 0.450143 
0.524863 0.279962 
0.241052 0.523341 
0.0172076 0.898955 
0.943382 0.0344326 
0.857999 0.0840045 
0.779365 0.123824 
0.766097 0.133042 
0.355306 0.414346 
0.754731 0.143793 
0.210454 0.558524 
0.174027 0.600848 
0.004151 0.968293 
0.0717953 0.737224 
0.672447 0.190238 
0.228732 0.533742 
0.225482 0.550959 
0.106319 0.69198 
0.4869 0.311063 
0.163626 0.611172 
0.0642437 0.752224 
0.465685 0.328754 
0.179542 0.583447 
0.796069 0.118512 
0.997718 0.0138317 
0.00587754 0.940053 
0.0138444 0.919825 
0.119194 0.664157 
0.341631 0.422449 
0.111773 0.676931 
0.1296 0.653974 
0.149456 0.61874 
0.322899 0.440783 
0.927402 0.0447543 
0.0547756 0.793693 
0.0947414 0.702922 
0.0802378 0.724757 
0.635172 0.21547 
0.0440762 0.820256 
0.847699 0.0946331 
0.980652 0.0164226 
0.872851 0.0751413 
0.477658 0.321586 
0.819489 0.103707 
0.806682 0.110154 
0.405323 0.36865 
0.830837 0.096047 
0.453927 0.339842 
0.0479614 0.807724 
0.330515 0.430161 
0.197824 0.566949 
0.908376 0.0587337 
0.894222 0.0621114 
0.971389 0.0267159 
0.136118 0.640469 
0.579418 0.252579 
0.0879375 0.713614 
0.0284612 0.859668 
0.957589 0.0300193 
0.568657 0.252923 
0.434671 0.352607 
0.722776 0.161026 
0.643994 0.204787 
0.736607 0.147284 
0.14818 0.636207 
0.00192003 0.979845 
0.194573 0.579703 
0.880182 0.0672141 
0.916988 0.0480741 
0.449338 0.349569 
0.029543 0.853889 
0.0635158 0.7714 
0.0578837 0.777339 
0.422299 0.357883 
0.00973825 0.93263 
0.418489 0.36607 
0.733984 0.157994 
0.657422 0.195725 
