1.27522 4.58525e-07 
8.17641e-08 2.06959 
1.27573e-07 1.09627 
1.12304 5.02566e-07 
1.0346 5.04595e-07 
0.300131 0.462271 
0.273907 0.484716 
0.205463 0.559353 
0.184273 0.580838 
0.661557 0.193346 
0.597761 0.239072 
0.775361 0.132989 
0.7529 0.141734 
0.707992 0.170435 
0.578972 0.248597 
1.87421e-07 1.04524 
0.828932 0.105349 
0.967667 0.0267328 
0.0817894 0.742545 
0.889473 0.0643611 
0.457176 0.333192 
1.00397 0.000610663 
0.0691732 0.756713 
0.472256 0.322231 
0.949233 0.0303695 
0.628093 0.221249 
0.612321 0.229336 
0.230548 0.533641 
0.873626 0.071176 
0.113267 0.683407 
0.933865 0.0391155 
0.216727 0.544753 
0.171905 0.592799 
0.98409 0.0162819 
0.550007 0.26522 
0.314011 0.450204 
0.909223 0.0596403 
0.242919 0.520243 
0.564563 0.256642 
0.509301 0.293126 
0.00984783 0.951176 
0.487876 0.315666 
0.444433 0.346229 
0.918784 0.047423 
0.526809 0.285935 
0.387011 0.390665 
0.100855 0.695049 
0.536597 0.277149 
0.688572 0.184925 
0.374294 0.398758 
0.366715 0.415167 
0.499087 0.304412 
0.010216 0.920126 
0.0210374 0.887719 
0.126741 0.670544 
0.254766 0.508473 
0.858105 0.080234 
0.0258019 0.862557 
0.4358 0.359517 
0.00418032 0.97284 
5.15055e-07 1.01374 
0.261849 0.494166 
0.720835 0.164958 
0.642158 0.210679 
0.037365 0.830963 
0.149329 0.626226 
0.0610531 0.776713 
0.0949004 0.72845 
0.328343 0.443103 
1.87419e-07 1.08461 
0.839715 0.0891791 
0.032983 0.850964 
1.03441 9.66594e-07 
0.0171348 0.905735 
0.335126 0.433087 
0.651556 0.205251 
1.00045 0.0137716 
0.00162865 0.992906 
0.044668 0.816499 
0.733378 0.157194 
0.739853 0.148504 
0.0491763 0.802749 
0.0573066 0.790097 
0.404803 0.388557 
0.793781 0.124087 
0.096402 0.714573 
0.807891 0.108295 
0.422485 0.365832 
0.352611 0.421006 
0.130311 0.654124 
0.345549 0.421607 
0.145475 0.640334 
0.688572 0.184925 
0.792685 0.132979 
0.849984 0.0891072 
0.807364 0.11303 
0.414165 0.366513 
0.141301 0.653398 
0.163662 0.613792 
0.408174 0.381038 
