1.01384 5.32522e-07 
3.08649e-07 1.09471 
3.08649e-07 1.03546 
0.777463 0.12868 
0.800383 0.110433 
0.541022 0.272094 
0.0075488 0.926735 
0.65828 0.211211 
0.63425 0.212002 
0.0148278 0.905532 
0.087537 0.716525 
0.00446057 0.950604 
0.0968833 0.699268 
0.500751 0.301512 
0.00378734 0.97457 
0.127024 0.661664 
0.520366 0.289908 
0.616118 0.218982 
0.079612 0.732672 
0.893297 0.06757 
0.904729 0.0546977 
0.000629661 0.996427 
0.153715 0.620656 
0.880006 0.076253 
0.964252 0.0258518 
0.107208 0.686061 
0.451641 0.338021 
0.483086 0.309874 
0.399079 0.377398 
0.0297514 0.851902 
0.953678 0.0392232 
0.207823 0.551769 
0.919901 0.0481114 
0.0701631 0.74619 
0.11612 0.672543 
0.0347791 0.835694 
0.0277816 0.875296 
0.0402925 0.817511 
0.937299 0.0436784 
0.238534 0.521467 
0.321548 0.444961 
0.604471 0.228475 
0.289737 0.471416 
0.36498 0.40743 
0.161853 0.607466 
0.0231671 0.890464 
0.595132 0.241013 
0.0646748 0.762662 
0.33631 0.434499 
0.684306 0.183568 
0.135299 0.643393 
0.174732 0.598879 
0.279902 0.482526 
0.997278 0.00696164 
0.391318 0.393248 
0.380118 0.400024 
0.14276 0.634824 
0.302755 0.462515 
0.249849 0.511277 
0.463622 0.32866 
0.737693 0.153022 
0.201407 0.566208 
0.269579 0.493278 
0.181216 0.584556 
0.0573752 0.77648 
0.864464 0.0840811 
0.22626 0.546504 
0.352678 0.415032 
0.814937 0.106169 
0.194901 0.579468 
0.0469001 0.80342 
0.47512 0.321266 
3.08649e-07 1.01847 
0.26134 0.503865 
0.839835 0.0947981 
0.750696 0.144453 
0.227861 0.532725 
0.827663 0.0997318 
0.0546488 0.792986 
0.715035 0.164235 
0.574234 0.256134 
0.439046 0.349554 
0.314472 0.455613 
0.582843 0.249276 
0.854734 0.09004 
0.342664 0.423679 
0.437632 0.360783 
0.978761 0.0188039 
0.730004 0.16385 
0.702854 0.172515 
0.417168 0.362781 
0.41214 0.368338 
0.512921 0.290694 
0.990178 0.0176825 
0.561447 0.264144 
0.696125 0.179472 
0.553564 0.265403 
0.667954 0.193051 
0.77095 0.144124 
0.667897 0.194885 
