0.271551 1.10355 
0.524111 0.998904 
0.41072 1.1239 
0.202236 1.16508 
1.08364 0.349045 
0.357245 1.12102 
0.34469 1.17325 
0.335591 1.09598 
0.347382 1.16021 
0.251491 1.17015 
0.210034 1.13501 
0.89579 0.594122 
0.757078 0.829021 
1.15534 0.166779 
0.770129 0.796195 
0.285636 1.17171 
1.08983 0.304512 
1.06111 0.40609 
0.519619 1.08131 
0.233343 1.15383 
0.449479 1.04264 
1.13627 0.230487 
0.790413 0.73795 
1.14429 0.186067 
0.858687 0.718669 
1.08664 0.322368 
0.633456 0.90789 
0.505881 1.02394 
0.780328 0.779676 
0.377256 1.13011 
0.843736 0.680235 
0.939327 0.587771 
0.85966 0.716143 
0.367024 1.09844 
0.820506 0.771867 
0.680642 0.924248 
0.571745 0.985826 
0.725357 0.835753 
0.290609 1.11161 
0.223237 1.12407 
0.252058 1.1698 
1.11104 0.324476 
0.760434 0.851876 
0.553019 1.01894 
0.564198 1.00406 
0.562072 0.9885 
0.905566 0.557263 
0.797204 0.746905 
0.375118 1.07144 
0.422415 1.13585 
0.851075 0.706352 
0.282014 1.12638 
0.172156 1.15609 
0.418796 1.09923 
1.04943 0.341829 
0.983642 0.518922 
0.805004 0.780273 
0.827042 0.69666 
0.896328 0.559927 
0.597138 0.987353 
0.212338 1.17058 
1.09798 0.308346 
0.192663 1.17352 
0.525424 1.04034 
1.02045 0.382453 
0.280365 1.17272 
0.939695 0.60058 
0.88606 0.678644 
0.871193 0.674398 
0.216052 1.15743 
0.713649 0.857216 
0.433995 1.08376 
1.13136 0.285753 
0.921851 0.599221 
0.580258 0.978292 
1.09656 0.336119 
0.494462 1.08217 
1.00058 0.486416 
0.454164 1.07752 
0.27865 1.18972 
0.267015 1.15387 
0.835502 0.751721 
1.15203 0.204519 
0.305234 1.16029 
1.03271 0.355713 
0.755067 0.833617 
1.00307 0.467623 
1.05641 0.390664 
0.982117 0.512393 
1.00626 0.457676 
1.14464 0.209284 
0.840219 0.707357 
0.558015 1.03569 
1.01213 0.453639 
0.460499 1.08475 
0.935722 0.575566 
0.768695 0.783784 
0.9414 0.536968 
0.624669 0.928692 
1.16597 0.212808 
0.00774224 1.01238 
1.05656 0.0078142 
0.124512 1.00658 
0.0486271 1.00781 
0.230227 0.976863 
0.632001 0.632419 
0.186945 0.983489 
0.742461 0.505535 
0.817161 0.38118 
0.272922 0.949181 
0.563407 0.721339 
0.726327 0.526337 
0.711384 0.547681 
1.00002 0.0376174 
1.00774 0.0101418 
0.68839 0.563541 
0.910749 0.230038 
0.88316 0.277558 
0.251836 0.96193 
0.87273 0.301932 
0.776677 0.432913 
0.749811 0.484939 
0.648258 0.613135 
0.841397 0.336081 
0.800094 0.395575 
0.757328 0.471591 
0.932724 0.175362 
0.445862 0.830379 
0.922317 0.20005 
0.34173 0.899045 
0.791464 0.415222 
0.82547 0.363744 
0.457858 0.816467 
0.981666 0.0964293 
0.831622 0.350701 
0.334952 0.914911 
0.467216 0.806892 
0.160547 0.995103 
0.915385 0.204636 
0.486327 0.80181 
0.770658 0.45897 
0.674426 0.585451 
0.971473 0.110568 
0.619367 0.649988 
0.604316 0.668997 
0.508086 0.772107 
0.998433 0.0556864 
0.392207 0.880775 
0.538046 0.75782 
0.9591 0.115306 
0.439599 0.844889 
0.295484 0.947735 
0.995052 0.0717899 
0.549823 0.744217 
0.893156 0.271174 
0.981708 0.0773706 
0.944805 0.150919 
0.60182 0.683694 
0.410963 0.877679 
0.181062 0.994117 
0.953884 0.132245 
0.901324 0.24321 
0.937395 0.168579 
0.587172 0.689616 
0.55554 0.736895 
0.8958 0.252114 
0.714758 0.533938 
0.249665 0.976839 
0.674426 0.565504 
0.845908 0.317255 
0.363604 0.897036 
1.0262 0.00832721 
0.612277 0.653733 
0.497922 0.783748 
0.656814 0.608053 
0.771468 0.444355 
0.380435 0.887233 
0.416581 0.867114 
0.140222 0.996246 
0.0342948 1.00845 
0.305778 0.932608 
1.04032 0.00781422 
0.0184543 1.0094 
0.49406 0.791597 
0.518437 0.763638 
0.866543 0.310084 
0.43166 0.854884 
0.791631 0.402767 
0.948655 0.141951 
0.858302 0.317197 
0.429642 0.863889 
0.375906 0.89697 
0.316248 0.922483 
0.320538 0.920821 
0.129968 0.996524 
0.29673 0.93407 
0.529459 0.763483 
0.581543 0.705898 
0.58159 0.700306 
0.666116 0.596031 
