6.66231e-06 1.08759 
1.05223 1.44563e-06 
9.52082e-06 1.00664 
1.00718 1.4767e-06 
0.711973 0.323627 
0.183999 0.82582 
0.606566 0.413929 
0.115071 0.890733 
0.145013 0.866037 
0.0975193 0.911129 
0.16797 0.84273 
0.849777 0.161217 
0.719716 0.295897 
0.127927 0.883254 
0.22881 0.78098 
0.776627 0.248665 
0.620655 0.391661 
0.989709 0.0282229 
0.752992 0.257311 
0.212379 0.793643 
0.975038 0.0389143 
0.438304 0.572303 
0.599956 0.43108 
0.966027 0.0538902 
0.672793 0.348742 
0.784423 0.236671 
0.471031 0.538393 
0.0815436 0.936862 
0.835395 0.178118 
0.15462 0.852482 
0.950558 0.0616659 
0.941006 0.0749829 
0.806875 0.20001 
0.999978 0.0122425 
0.641574 0.373576 
0.487281 0.530521 
0.886449 0.129393 
0.450522 0.562069 
0.876438 0.149565 
0.465954 0.5557 
0.360728 0.652049 
0.918529 0.103832 
0.294494 0.716282 
0.916963 0.119778 
0.581546 0.436601 
0.283383 0.72744 
0.305176 0.706025 
0.530394 0.492084 
0.512309 0.497695 
0.0895391 0.921831 
0.0664835 0.945205 
0.401726 0.612466 
0.891592 0.119812 
0.0270212 0.98109 
0.408002 0.598446 
0.495393 0.518113 
0.333867 0.684109 
0.240229 0.768812 
0.630322 0.385977 
0.750298 0.273805 
0.562533 0.45599 
0.690063 0.336361 
0.652609 0.363069 
0.870845 0.158147 
0.2475 0.760533 
0.196786 0.811683 
0.570969 0.444823 
0.343339 0.672401 
0.350187 0.662123 
0.506132 0.509567 
0.426515 0.585891 
0.542937 0.48669 
0.820456 0.193725 
0.271567 0.736065 
0.696677 0.333923 
0.660379 0.353704 
0.387373 0.630531 
0.259458 0.74952 
0.202778 0.806122 
0.744306 0.287971 
0.799298 0.224542 
0.732366 0.288714 
0.0170339 0.992326 
0.316815 0.696109 
0.556458 0.469453 
0.390221 0.621259 
0.804747 0.224309 
0.0139083 1.00078 
0.424134 0.594995 
0.545542 0.471429 
0.829428 0.187308 
0.0520766 0.958974 
0.324756 0.693174 
0.0382696 0.973634 
0.0421976 0.967645 
0.0602115 0.956395 
0.926837 0.0860072 
0.371696 0.640363 
0.373687 0.63899 
0.26448 0.743856 
