1.00178 1.4777e-06 
9.72389e-06 1.03307 
0.113823 0.898441 
0.685816 0.337132 
0.770457 0.245791 
0.703426 0.315752 
0.852954 0.163686 
0.0907415 0.916732 
0.666292 0.343925 
0.922578 0.0852896 
0.380557 0.631276 
0.758288 0.275603 
0.228145 0.777793 
0.395437 0.616835 
0.870527 0.154575 
0.246482 0.763716 
0.366218 0.645227 
0.883868 0.141561 
0.889679 0.121821 
0.635728 0.380498 
0.483708 0.529745 
0.568127 0.445418 
0.944469 0.0740777 
0.553714 0.455107 
0.124725 0.881527 
0.712185 0.301847 
0.779624 0.233106 
0.451717 0.565948 
0.796102 0.224564 
0.962196 0.0495687 
0.529983 0.494031 
0.47024 0.542548 
0.907292 0.114186 
0.910353 0.0983583 
0.350241 0.668625 
0.0212388 0.991063 
0.51701 0.50582 
0.953138 0.0666246 
0.627973 0.396213 
0.548448 0.473661 
0.466487 0.557802 
0.200406 0.806732 
0.972446 0.0397118 
0.17479 0.835655 
0.65571 0.367078 
0.836651 0.18124 
0.803795 0.210956 
0.493894 0.516609 
0.160918 0.845741 
0.0587886 0.95426 
0.407483 0.604718 
0.353801 0.657263 
0.581463 0.433399 
0.133923 0.870995 
0.0831946 0.92791 
0.536026 0.47939 
0.329107 0.676412 
0.189308 0.814601 
0.820089 0.193078 
0.59909 0.418582 
0.255604 0.752112 
0.722465 0.287213 
0.271452 0.737326 
0.147272 0.865167 
0.745557 0.278537 
0.180534 0.824659 
0.213975 0.79781 
0.412558 0.594556 
0.30134 0.707101 
0.423662 0.58572 
1.0014 0.0132303 
0.312849 0.697278 
0.990747 0.0239827 
0.814069 0.202588 
0.217502 0.788626 
0.501765 0.507943 
0.987309 0.0338655 
0.653495 0.371733 
0.280703 0.724225 
0.437517 0.575007 
0.156096 0.856768 
0.071865 0.936796 
0.616427 0.417311 
0.625148 0.412203 
0.59022 0.428371 
0.726777 0.279354 
0.264702 0.744826 
1.04954e-05 1.01029 
0.0641491 0.941658 
0.0392514 0.979823 
0.0333015 0.983061 
0.834504 0.185478 
0.317744 0.688788 
0.294046 0.713462 
0.00917808 1.00279 
0.436386 0.583655 
0.0451521 0.962036 
0.287913 0.720581 
0.325169 0.681695 
0.043296 0.962822 
