1.07318e-07 1.7663e-05 1.02564 
1.2238 0.0117714 4.99829e-08 
0.0296427 9.17613e-14 1.39876 
0.0190309 7.16577 0.00275256 
0.0127823 1.10782e-07 2.80059 
3.33093 1.40432e-07 0.0557479 
0.0241039 2.94309e-08 2.17664 
2.52877 1.40432e-07 0.0532522 
0.0127823 1.10782e-07 1.8108 
0.0244029 5.6302 0.00207881 
0.0054146 4.98898 0.22108 
0.00378296 1.37965e-07 1.5405 
2.19577 1.73906e-07 0.0486236 
2.50129 1.38628e-07 0.0591101 
0.00598376 4.36625 0.00353785 
0.00613505 4.05073 0.0618212 
0.0283013 5.37702 0.00253869 
0.998392 0.18176 0.484351 
1.50185 1.33445e-08 0.188022 
1.36463 1.19228e-08 0.201139 
0.880065 0.755023 0.640359 
0.302712 2.29175 0.000467639 
0.607295 0.610024 0.887309 
0.00694969 2.49903 0.79047 
0.230002 2.61611 0.00187144 
0.205257 2.0333 0.011685 
0.0512307 5.10692 0.00257463 
1.2875 1.22049e-07 0.366393 
0.0111147 2.72153 0.00746555 
0.377658 1.26074 0.0670557 
0.725215 0.342563 0.723372 
0.562551 0.69987 0.813361 
0.786389 0.00328122 0.688026 
1.79265 5.23156e-09 0.737649 
0.0843286 3.84581 0.00248824 
0.0456609 4.44575e-08 1.0872 
0.704902 0.964982 0.549026 
0.0181441 3.71415 0.00288453 
0.0513436 1.83995 0.351211 
0.060465 1.37447 0.355703 
0.0974246 3.50119 0.000893852 
0.687959 0.981913 0.594748 
0.0266653 9.05312e-10 1.49052 
0.667608 1.01652 0.322492 
2.01011 1.2147e-08 0.190487 
0.533585 0.130809 0.97288 
1.23793 7.00811e-08 0.835531 
2.10159 1.00063e-07 0.0711903 
0.0363266 9.05312e-10 1.30788 
0.0026443 1.73991e-05 1.15348 
0.0342751 2.9795 0.00663732 
0.00598376 4.29202 0.0112319 
0.466819 0.507864 0.913247 
0.963487 0.29598 0.424502 
1.85756 3.00833e-08 0.0768946 
0.848634 0.232386 0.659125 
0.0789535 1.16666 0.559727 
0.582694 0.153275 0.940901 
1.03007 0.102147 0.455081 
0.633173 1.07595 0.303126 
0.477644 0.274683 0.919203 
1.01941 0.404639 0.118327 
0.0772649 5.73641e-09 1.24368 
0.352974 0.056909 1.00175 
0.928722 0.837765 0.163692 
0.0255091 5.55464 0.00169882 
1.65539 2.07073e-08 0.130859 
0.0975176 3.28405 0.00204069 
0.42163 0.3276 0.978208 
1.69782 3.6831e-07 0.0465044 
1.96219 3.14132e-07 0.0288066 
0.139729 4.35068 0.000646389 
0.0174358 4.47845e-08 1.36357 
0.0224675 8.60626e-06 1.20655 
0.906543 0.594089 0.254976 
1.91223 4.58609e-07 0.0238508 
0.00509613 3.01345 0.279931 
0.0250487 6.92098e-09 1.41163 
0.0879414 3.38092 0.00204069 
1.18687 0.334917 0.0377774 
0.814899 0.000127383 0.785594 
1.76432 5.88018e-08 0.074289 
1.33983 1.08311e-07 0.303453 
0.0387903 3.17881 0.00351202 
2.15134 0.00219443 0.0148449 
0.0714126 3.09167 0.00484988 
1.54533 1.28533e-08 0.171186 
0.826424 0.901545 0.104809 
0.442412 1.57183 0.00803905 
1.04497 0.846136 0.0873454 
1.08597 0.0393144 0.0429895 
1.07349 0.0394313 0.23404 
1.61059 3.72293e-07 0.0931762 
0.126728 2.041 0.00284909 
0.9104 0.55274 0.657278 
0.610524 0.432479 0.904072 
0.0487329 1.85978 0.898948 
0.0522317 1.51221 0.0121938 
1.14097 0.00670419 0.361253 
0.0229914 8.60679e-06 1.1916 
