5.06343e-09 0.852998 0.579329 
1.50058 1.16335 5.46103e-08 
6.066e-05 0.0802691 2.87458 
0.00111483 9.62475e-08 1.96572 
9.87639 0.810321 0.025688 
0.103933 5.59521 0.00337418 
0.000187933 0.0146719 2.75109 
0.00701129 5.28529 0.066081 
3.3137e-05 0.108117 2.31752 
0.0113806 4.51414 0.0590316 
0.00617033 4.06076 0.06735 
0.632354 3.93742 0.00151875 
0.000107301 0.219999 2.17141 
6.01871 0.370659 0.644919 
0.77126 2.0166 0.0304743 
8.83498 0.900819 0.0197218 
0.262316 0.429108 1.27073 
0.0184138 4.48527 0.00576641 
8.34591 0.730892 0.12137 
9.51118 0.729336 0.117508 
0.000464593 0.0334828 1.87506 
1.02791 0.0718487 1.74497 
0.00618434 3.70909 0.0692865 
6.93563 0.790661 0.101952 
0.00551227 3.19196 0.139967 
0.000109118 0.229103 1.96775 
5.63468 0.814054 0.06423 
5.36017 0.41984 0.606509 
4.15147 1.11646 0.233547 
0.00493944 3.39834 0.371719 
7.2432 0.74257 0.0918405 
0.0319549 2.84919 0.126808 
0.844823 0.777464 0.990453 
1.10723 1.2952 0.128352 
1.28456 2.28067 0.00404968 
0.014184 0.113856 1.58927 
3.23938 0.154201 0.946915 
0.00519656 2.65551 0.304108 
1.99934 0.31752 0.811842 
3.96806 0.141755 0.920287 
2.46284 0.385645 0.709774 
0.055663 0.581426 1.51517 
0.0192288 3.51622 0.00813399 
6.61541 0.677774 0.185232 
2.75684 0.369314 0.742225 
1.81197 0.165252 1.16269 
0.00063374 0.278653 1.69191 
0.827063 1.80989 0.0151378 
0.0383228 2.545 0.119938 
4.35194 0.356935 0.756458 
0.0937753 5.44352 0.00353685 
2.15356 0.0973729 1.17583 
0.150074 2.16337 0.0120876 
3.86718 0.961893 0.258313 
4.59184 0.692593 0.303739 
0.045203 2.99852 0.0439385 
6.37044 0.57135 0.387514 
7.49275 0.736408 0.12137 
0.429861 0.240096 1.44761 
0.0908256 1.50153 0.462461 
1.41897 0.367596 0.870031 
2.9344 0.370659 0.656542 
8.06144 0.924872 0.0160767 
9.1759 0.947989 0.0158441 
7.73536 0.802819 0.0563925 
0.0707321 0.617216 1.35509 
3.04965 0.0326313 1.72862 
0.000137186 0.0280882 2.21202 
5.14798 1.06032 0.110696 
0.42048 1.36308 0.0351235 
2.30599 0.0415357 1.12724 
3.64582 0.500885 0.627109 
0.110344 1.63271 0.0906423 
4.82384 0.114545 1.06114 
0.0304731 1.7421 0.400089 
7.92327 0.668074 0.203966 
0.325241 1.48813 0.378178 
4.46512 0.939 0.327872 
0.000130584 0.075196 2.82272 
9.05431 0.831137 0.0197218 
6.60043 0.654239 0.351132 
3.72349 0.455975 0.621997 
1.71569 1.01968 0.499235 
1.64973 0.534385 0.786444 
0.168033 0.245508 1.36856 
5.0081 1.13798 0.19761 
4.30386e-05 0.29327 2.30646 
3.45046 0.534932 0.558501 
3.39108 0.54734 0.534791 
4.7437 0.306363 0.728908 
5.08923 0.535579 0.431466 
0.0947475 2.35625 0.0906494 
0.0311266 3.09624 0.0716039 
1.71795 0.230531 1.04871 
0.179906 0.0949478 1.44974 
2.17064 0.099692 1.09772 
1.54863 0.8002 0.706351 
6.42355 0.971941 0.0150941 
1.05295 0.559283 0.8411 
2.26248 0.665004 0.518968 
