2.81844 0.968334 0.959738 
2.79966 0.991564 1.09824 
2.78842 0.986045 0.985677 
2.82153 0.981345 1.00836 
2.87692 0.97 0.968645 
2.87757 0.976695 0.982017 
2.88357 0.977689 0.975017 
2.85639 0.985493 0.98571 
2.8926 0.98371 0.994768 
2.76942 0.992051 1.01271 
2.90724 0.979138 0.985632 
2.92201 0.972114 0.971908 
2.81355 0.986447 1.01048 
2.75173 0.967827 1.10938 
2.79967 0.988515 0.992603 
2.69288 0.985793 1.31609 
2.81796 0.98357 1.02595 
2.92286 0.989675 0.990453 
2.7982 0.971533 1.00643 
2.80832 0.98582 1.05988 
2.81588 0.986917 1.00411 
2.75533 0.984778 1.13907 
2.89253 0.976089 0.975973 
2.84831 0.98269 0.984453 
2.80284 1.00004 0.988467 
2.79261 0.981808 1.03242 
2.91713 0.983936 0.984046 
2.90923 0.985049 0.985778 
2.80376 0.985347 0.995722 
2.80684 0.982593 1.09405 
2.80162 0.988782 0.99877 
2.91206 0.991002 1.00283 
2.899 0.986435 0.988139 
2.8254 0.984834 0.978779 
2.84106 0.975344 1.03178 
2.95461 0.988323 0.988156 
2.91102 0.982337 0.982735 
2.79488 0.991992 0.986303 
2.86864 0.982983 0.979986 
2.89713 0.982501 0.988035 
2.95588 0.979503 0.979536 
2.85754 0.980166 0.997752 
2.89696 0.973301 0.980599 
2.84236 0.98271 0.977846 
2.73918 0.995977 0.99723 
2.85413 0.980576 0.985512 
2.79891 0.979367 0.969855 
2.8149 0.994638 0.982865 
2.88485 0.982004 0.9904 
2.88489 0.982128 0.981225 
2.71182 1.00159 1.01622 
2.87335 0.991599 0.985622 
2.914 0.987017 0.989117 
2.90909 0.986231 0.987927 
2.80171 0.983477 0.998734 
2.93816 0.970234 0.970098 
2.90234 0.97721 0.975521 
2.90495 0.979158 0.984442 
2.74695 0.980447 1.11203 
2.9195 0.986861 0.986335 
2.74686 0.977492 0.999773 
2.94135 0.978556 0.978994 
2.86207 0.976299 0.981353 
2.93506 0.990624 0.989724 
2.87071 0.982293 0.982848 
2.8405 0.990523 0.983589 
2.84288 0.979358 0.994218 
2.82177 0.991007 0.985761 
2.76202 0.991842 1.01067 
2.90483 0.982774 0.982733 
2.91825 0.987692 0.990668 
2.89837 0.978545 0.987947 
2.74555 0.984091 1.035 
2.82002 0.985072 1.01443 
2.87313 0.97441 0.97238 
2.8718 0.977684 0.989131 
2.84495 0.984794 0.990954 
2.90793 0.974481 0.981569 
2.85018 0.984506 0.989633 
2.93213 0.98333 0.984723 
2.89053 0.982839 0.981001 
2.867 0.987241 1.00103 
2.92083 0.981754 0.983606 
2.85422 0.982502 0.996526 
2.88526 0.984827 0.981701 
2.83708 0.983569 0.976322 
2.91238 0.986471 0.986284 
2.88319 0.989207 0.990904 
2.89802 0.976241 0.97499 
2.85281 0.988752 1.00589 
2.84395 0.980804 1.03235 
2.86124 0.97315 0.989952 
2.86076 0.98359 1.01582 
2.82118 0.978084 1.05007 
2.91534 0.975937 0.976638 
2.93408 0.980483 0.980083 
2.84138 0.983273 0.97653 
2.88072 0.981284 0.982645 
2.83037 0.975391 1.04799 
2.85804 0.982594 0.97923 
0.130336 0.130336 6.13034 
2.13033 0.130336 0.130336 
0.130336 4.13033 0.130336 
2.13033 0.130336 0.130336 
0.20325 0.152272 5.07981 
0.170513 0.148068 5.56454 
0.19564 2.04215 1.43273 
0.285846 0.158415 4.92202 
0.190944 1.81447 1.91788 
0.206656 2.51631 1.19739 
1.12427 0.166643 2.15088 
0.279591 0.577669 3.31809 
0.169616 3.08008 0.821495 
0.168376 3.26895 0.606815 
0.20575 0.862934 3.14702 
1.27218 0.343064 0.86837 
0.149016 0.137809 5.8942 
1.08929 0.157292 2.47953 
0.473493 1.30204 1.31092 
0.401567 0.486176 2.69669 
0.202088 0.316059 4.4662 
0.350946 2.3339 0.167883 
0.170513 0.148068 5.56454 
0.338752 2.25398 0.274905 
0.240706 0.220353 4.63637 
0.21038 2.62551 0.947369 
0.1828 1.42212 2.5565 
0.838663 0.946434 0.341217 
0.329014 2.41308 0.17246 
0.432012 1.09827 1.44843 
0.710814 0.382321 2.24739 
0.17148 3.42503 0.254585 
0.318836 2.07905 0.789326 
1.73659 0.173929 0.574855 
0.167118 2.16593 1.76164 
0.160208 3.72118 0.42584 
1.04965 0.221498 1.67271 
0.158236 3.90935 0.215102 
1.42444 0.157524 1.38589 
1.47011 0.250876 0.696576 
1.21181 0.142531 2.00849 
0.463613 1.47661 1.06733 
0.216486 2.90256 0.288254 
0.682836 0.371573 2.41827 
0.172961 3.51877 0.171479 
0.205414 2.79461 0.624517 
0.974928 0.800672 0.245963 
0.139019 1.53978 2.64986 
2.07618 0.131802 0.130336 
1.36327 0.279586 0.908596 
0.296642 0.632815 2.94243 
0.274867 0.243725 4.05783 
0.657166 0.158799 3.46779 
1.78381 0.162637 0.747415 
0.465371 1.36769 1.28126 
0.425322 0.157956 3.99495 
1.69624 0.164003 0.965997 
0.333157 1.23539 1.71795 
0.143623 0.160737 5.94561 
0.209932 2.70383 0.770825 
0.843209 0.951699 0.311756 
1.50299 0.338653 0.169797 
0.750429 0.435098 1.79116 
1.21909 0.157455 1.74939 
0.600529 0.16071 3.65852 
1.95932 0.163511 0.206806 
0.15872 4.07069 0.161409 
0.159528 3.64639 0.548015 
0.205209 0.721016 3.61869 
0.243155 0.212716 4.63442 
0.782305 0.159086 2.83072 
0.158505 3.7868 0.330981 
0.289259 0.610034 3.08442 
0.130336 0.130336 6.13034 
0.513721 1.50075 0.648093 
1.30831 0.160028 1.59958 
0.427119 0.363502 3.04031 
0.158521 3.58485 0.658529 
0.39181 1.04518 1.7735 
1.18774 0.164681 1.83543 
0.584127 1.63381 0.160746 
0.396304 0.157898 4.18182 
1.15699 0.16442 1.97348 
1.39028 0.15874 1.43412 
0.728787 0.167904 2.83058 
0.391723 1.20724 1.44865 
0.522153 1.80742 0.15991 
0.697924 0.378513 2.3471 
1.83422 0.170047 0.307391 
0.211343 2.75209 0.659816 
0.376961 0.159047 4.31226 
0.886699 0.234407 2.3245 
2.03346 0.162471 0.161383 
0.907771 0.73383 0.750035 
1.00362 0.264371 1.56858 
0.878764 0.662103 1.14029 
0.15944 3.7763 0.346323 
0.264074 1.71314 1.37969 
0.863713 0.833774 0.585828 
0.630865 0.547448 1.90648 
