2.88106 0.988953 0.98556 
2.89978 0.984011 0.997838 
2.90421 0.989508 0.994745 
2.91936 0.982707 0.982619 
2.87095 0.984183 0.999021 
2.85527 0.984853 1.00814 
2.815 0.994979 0.985847 
2.88022 0.982623 0.997194 
2.87858 0.980514 0.987505 
2.89033 0.984284 0.981288 
2.76698 0.981763 0.992673 
2.84881 0.979339 1.02683 
2.80354 0.980685 0.986226 
2.85301 0.987935 0.986718 
2.90912 0.979476 0.978704 
2.90363 0.980538 0.982385 
2.71536 1.0024 0.981343 
2.90818 0.975287 0.974062 
2.92764 0.979018 0.978671 
2.86167 0.985197 0.98756 
2.80017 0.973623 0.993221 
2.87565 0.985451 0.990901 
2.76214 0.983289 1.02004 
2.85902 0.974019 0.990527 
2.81453 0.987755 0.989904 
2.64239 1.01557 0.983993 
2.90887 0.982519 0.982281 
2.95959 0.990264 0.990604 
2.9315 0.985856 0.98552 
2.84885 0.985845 0.995316 
2.88755 0.973759 0.986922 
2.86754 0.98365 0.979099 
2.86064 0.982007 1.0079 
2.75109 0.986928 1.22425 
2.91677 0.974468 0.976005 
2.88626 0.979883 0.989252 
2.90122 0.979285 0.982475 
2.82931 0.983918 0.989715 
2.87197 0.991022 0.992009 
2.84313 0.978689 1.02202 
2.81693 0.986682 1.00208 
2.87773 0.984919 0.987814 
2.8689 0.981196 0.978855 
2.84228 0.977083 1.03375 
2.87558 0.97606 0.975519 
2.90814 0.97791 0.976851 
2.92207 0.971418 0.970636 
2.81587 0.980413 0.990105 
2.90437 0.990814 0.988359 
2.86801 0.985699 0.986089 
2.79752 0.987384 0.993046 
2.94614 0.986033 0.986392 
2.89664 0.987248 0.989202 
2.82816 0.988819 0.986996 
2.84934 0.984768 1.03819 
2.87654 0.984321 0.983212 
2.78719 0.986619 1.01377 
2.93004 0.988683 0.990455 
2.8848 0.97704 0.976792 
2.80042 0.981899 1.00692 
2.86992 0.989282 0.987062 
2.83397 0.99099 1.00309 
2.93988 0.986621 0.98571 
2.89839 0.985122 0.991415 
2.9081 0.983012 0.985298 
2.83225 0.984458 0.994474 
2.90326 0.984356 0.986175 
2.78364 0.99157 0.987615 
2.77707 0.987514 1.01471 
2.91671 0.990003 0.995875 
2.84242 0.983608 0.981208 
2.84604 0.976651 1.03704 
2.96195 0.980005 0.980014 
2.87594 0.979589 0.989862 
2.866 0.989838 0.98677 
2.89757 0.986481 0.989748 
2.60045 0.98157 1.68825 
2.71993 0.988386 1.00533 
2.79138 0.984111 1.02223 
2.90801 0.981254 0.982655 
2.77012 0.991821 1.01659 
2.85007 0.982057 0.995986 
2.8729 0.984096 0.995534 
2.92576 0.985418 0.983876 
2.85927 0.980431 0.978318 
2.87276 0.981229 0.986531 
2.84047 0.97727 1.00293 
2.88596 0.979344 0.978849 
2.86976 0.988162 0.986522 
2.94658 0.976769 0.976575 
2.89497 0.982949 0.990561 
2.82305 0.98221 1.03034 
2.89638 0.985131 0.991055 
2.89386 0.976837 0.976141 
2.7827 0.985695 1.01922 
2.93621 0.981718 0.98197 
2.91976 0.980093 0.97985 
2.85312 0.981758 0.995908 
2.87852 0.977406 1.0006 
2.92168 0.983678 0.983571 
0.131252 3.98957 0.142295 
0.131252 0.131252 6.13125 
0.131252 4.13125 0.131252 
2.13124 0.131252 0.131252 
2.13125 0.131252 0.131252 
0.35144 0.401999 3.08336 
0.158643 0.161373 5.49371 
2.08216 0.132457 0.131252 
0.328872 0.144625 4.60683 
0.281172 0.339213 3.75375 
0.183651 0.154036 5.22354 
0.139235 0.140004 5.95302 
0.788265 0.349632 2.00877 
0.152754 1.45022 2.84015 
0.218987 0.198098 4.85219 
1.11428 0.211815 1.49604 
0.165476 1.10895 2.98727 
0.268552 0.200569 4.40674 
1.97359 0.145927 0.162093 
0.458621 1.30032 1.33108 
1.20521 0.164933 1.6452 
1.56032 0.223621 0.537082 
0.149619 3.74159 0.369908 
0.491018 0.795208 1.83337 
0.192165 1.95827 1.55066 
0.152986 3.83225 0.268725 
0.187837 2.27391 1.35419 
0.149228 3.49688 0.800638 
1.49363 0.233222 0.687568 
0.153306 3.15052 1.30026 
1.38719 0.246094 1.0301 
0.218175 3.06537 0.160338 
0.986286 0.694153 0.410061 
0.545242 1.22596 1.14318 
0.152038 3.3629 1.05153 
0.154311 3.62143 0.57832 
0.374971 0.922248 2.2379 
0.435695 0.15035 3.8857 
0.441975 1.36445 1.31981 
1.31771 0.255015 1.18817 
0.202665 0.324507 4.27286 
0.800284 0.16188 2.62171 
0.250705 0.172903 4.60257 
0.65928 0.156588 3.34397 
1.21249 0.156651 1.88113 
0.17701 1.64427 2.31055 
0.135265 3.56142 0.63559 
1.06198 0.462618 1.09484 
0.196903 2.0849 1.37277 
0.152436 2.19749 2.23834 
1.41196 0.236866 0.957218 
1.78447 0.16505 0.510489 
0.222154 2.78651 0.341821 
1.45847 0.262919 0.578691 
1.03125 0.54497 0.876809 
0.15524 1.86215 2.55381 
0.578049 1.5316 0.215487 
0.133121 1.15913 3.50153 
0.391968 0.15496 4.07631 
0.534879 1.78016 0.153221 
0.151968 3.43977 0.916801 
0.21457 2.48653 1.06292 
0.917867 0.194014 2.43079 
0.966985 0.816627 0.207856 
0.19253 0.134695 5.01882 
0.154649 0.13764 5.73008 
1.29167 0.481982 0.180934 
0.241285 0.26898 4.12825 
0.196539 2.94226 0.392946 
0.153932 0.137687 5.73008 
0.177602 0.154204 5.07178 
0.207008 2.58271 1.00615 
0.615361 1.03151 1.24573 
0.53509 0.642045 2.11036 
1.73153 0.227397 0.152962 
0.156158 2.68986 1.41022 
0.154223 2.40563 1.81218 
1.90073 0.156672 0.310271 
0.153326 2.094 2.407 
0.761038 0.405884 1.71041 
0.186461 1.68996 2.24015 
0.262289 0.22968 4.22273 
0.70528 0.874671 1.2283 
0.518837 0.185125 3.63822 
0.501972 1.48392 0.749242 
0.494783 1.43705 0.918704 
1.81045 0.154656 0.679896 
0.135268 1.16922 3.4865 
1.69745 0.150319 1.21181 
1.64976 0.222948 0.247642 
1.24291 0.331547 1.03067 
1.01621 0.67187 0.381475 
0.624766 0.154153 3.63663 
0.212191 2.75249 0.465054 
1.07904 0.209574 1.62463 
0.968149 0.15917 2.54428 
0.1533 3.94921 0.185447 
0.156715 3.25281 1.21614 
1.30784 0.27716 1.08543 
0.172463 1.93851 1.71051 
