0.00115681 0.00115681 6.00116 
0.00115681 0.00115681 6.00116 
2.99957 1.00022 0.999784 
1.00165 1.99918 0.00082479 
0.949234 2.52046 0.869573 
0.97557 2.33637 0.428363 
0.997051 2.10372 0.0880589 
1.2744 1.87033 0.139712 
1.13571 1.94172 0.071046 
0.462707 0.877709 3.39083 
1.06657 1.97141 0.03485 
0.926617 2.32698 0.947306 
1.35424 1.34402 2.06518 
0.437671 0.828879 3.56269 
0.386416 0.701927 3.95163 
1.19344 1.80137 0.390911 
2.06622 1.48215 0.545889 
0.984224 2.199 0.290126 
0.368678 0.728445 3.86934 
0.0179574 0.0304963 5.92875 
0.129026 0.2512 5.27165 
0.320938 0.591404 4.30406 
0.532846 0.948524 3.20297 
1.40387 1.4386 1.5707 
0.352236 0.672762 4.05394 
0.14047 0.276941 5.18304 
0.978385 2.23009 0.316129 
2.58406 1.06147 1.69841 
0.292536 0.555792 4.37604 
0.122935 0.223629 5.38468 
2.96056 1.03636 0.985828 
0.263567 0.506777 4.5611 
0.177277 0.349708 4.96701 
0.414039 0.798144 3.65596 
1.53427 1.73286 0.267137 
1.68185 1.43728 1.1418 
1.46204 1.77407 0.240558 
2.36981 1.11432 1.79381 
0.0738555 0.139609 5.60732 
1.74134 1.36266 1.38229 
0.0653956 0.118587 5.68418 
2.3358 1.01602 2.83231 
0.509861 1.01345 3.00695 
0.476902 0.909917 3.29824 
2.68647 1.16092 0.844622 
0.0569572 0.0952794 5.77929 
1.31292 1.84354 0.15646 
0.81771 1.57244 1.28714 
0.104721 0.17468 5.57912 
0.16036 0.306812 5.11531 
1.83661 1.37452 1.22405 
0.596064 0.967835 3.18161 
1.65112 1.27156 1.87986 
1.17503 1.8269 0.349477 
2.16004 1.23135 1.46092 
0.164516 0.322445 5.04491 
0.229838 0.457472 4.63064 
0.240063 0.451646 4.68563 
0.564528 1.05443 2.88775 
1.59204 1.70398 0.296018 
2.46779 1.26611 0.733895 
0.780378 1.21068 2.42819 
1.44571 1.20219 2.35227 
1.56645 1.29465 1.93031 
0.890854 1.47504 1.61475 
0.402842 0.765666 3.73901 
2.74624 1.12948 0.873986 
0.27791 0.538045 4.45103 
2.63919 1.1403 1.04909 
1.98834 1.07852 2.75072 
2.26252 1.37629 0.633778 
2.88451 1.06901 0.946013 
1.94528 1.51763 0.659636 
0.0418805 0.0653039 5.87067 
0.405312 0.759986 3.79155 
1.80206 1.59101 0.536317 
0.313275 0.618333 4.19304 
0.208046 0.409178 4.8 
0.227438 0.386619 4.95645 
0.724241 1.31311 2.20535 
0.847441 1.20451 2.47084 
0.336813 0.643509 4.10029 
2.53646 1.17733 1.05946 
1.87497 1.11739 2.61197 
1.5487 1.18722 2.52059 
2.51634 1.26268 0.765117 
0.10943 0.193565 5.50001 
0.717947 1.35637 2.0706 
1.4704 1.25487 2.18954 
1.90766 1.54324 0.59079 
0.208628 0.395918 4.8736 
1.49513 1.12866 2.71219 
0.456117 0.901294 3.30129 
1.63967 1.68046 0.319932 
2.39221 1.17614 1.42089 
1.01868 1.41538 1.68929 
0.513729 0.982889 3.09077 
0.42524 0.821496 3.58365 
0.26568 0.518909 4.4949 
2.22909 1.29472 1.02728 
