2.0016 0.00160227 0.00160131 
1.15317 0.00145603 4.90675 
0.00973228 4.00416 0.00417513 
0.00307076 0.00581504 6.00299 
0.00418951 0.0050361 6.00314 
1.14201 3.57051 0.534974 
0.500332 2.77777 4.63234 
1.48521 0.351896 4.542 
1.59971 2.84989 1.35711 
1.95291 0.463761 2.08678 
0.910155 3.72867 0.366412 
1.90114 1.90152 0.171878 
1.26566 3.31538 1.17061 
0.767798 1.59736 5.40662 
0.15709 2.34941 5.1119 
0.385477 3.64827 2.89523 
1.74273 0.829535 3.42596 
0.044208 0.700355 5.94738 
0.184415 1.31266 5.84645 
1.52381 2.39305 3.00829 
0.0900151 2.9697 4.24409 
0.589699 3.14829 3.79356 
1.34013 3.3044 0.871996 
0.531891 3.21736 3.62213 
1.84829 0.0510124 2.68315 
1.97829 1.08616 1.71645 
1.8308 0.515524 3.33191 
1.23793 3.26788 1.51363 
1.79399 2.26811 0.452216 
1.87247 2.16267 0.9783 
0.993857 3.50777 2.22049 
1.16599 3.35527 1.29599 
0.121368 2.50925 4.83731 
1.62869 0.605261 3.98146 
1.09773 1.94607 4.29149 
1.55292 2.64395 2.33782 
0.436126 3.93072 1.55958 
1.98291 1.20849 1.56039 
1.93152 0.111519 2.59916 
0.382396 3.76828 2.50061 
1.86518 1.25998 2.45974 
0.649789 3.85968 1.81846 
0.301701 1.69707 5.56283 
0.329497 1.01435 5.94611 
0.704933 3.6993 1.85184 
1.9462 1.72881 0.704169 
1.36973 2.11562 3.56381 
0.646183 2.67703 4.4839 
0.822171 1.95242 5.00267 
1.37817 1.4108 4.35101 
0.864795 0.182557 5.67614 
0.826428 3.84967 0.610298 
0.471844 1.63472 5.60533 
1.68943 2.04715 2.17687 
1.77264 0.910768 3.3017 
0.369504 3.0469 4.18461 
0.707394 0.798546 5.8036 
0.275803 3.96644 1.55456 
0.669613 0.22525 5.86812 
1.70634 0.252566 3.7096 
1.80156 1.52106 2.38609 
1.18269 3.48135 0.800671 
1.00767 0.117061 5.48934 
0.206201 2.02266 5.30775 
1.91302 1.44093 1.65874 
1.50674 0.0396643 4.11756 
0.396303 2.90112 4.34862 
0.916667 2.15463 4.77336 
1.22188 3.20789 1.96881 
1.45949 2.05624 3.48022 
0.200353 1.84418 5.46176 
0.22416 1.13502 5.90768 
1.70727 1.83983 2.75951 
1.5724 2.31543 2.82214 
1.46232 3.08621 0.12034 
1.28234 3.16837 1.66277 
0.447072 3.40692 3.38989 
0.803449 3.45635 3.09798 
1.31247 2.9276 2.57044 
1.80116 2.20629 0.100689 
1.40988 2.94987 1.96028 
0.841025 2.29888 4.80961 
1.54691 1.56052 3.70141 
1.21469 2.96526 3.20794 
1.63798 2.00682 2.74338 
0.977341 2.49575 4.06856 
0.803018 0.903602 5.74735 
1.43356 1.23154 4.39713 
0.574395 2.15088 5.20527 
0.257929 3.12363 3.91025 
1.42892 2.73641 2.18383 
1.90937 0.746477 2.36638 
0.322224 3.49301 3.2592 
0.89682 0.649144 5.57905 
0.693542 0.663219 5.83893 
1.25905 3.23851 1.30166 
1.38968 2.44842 3.14648 
1.30017 2.44202 3.8977 
0.937071 1.81024 4.97519 
0.867743 2.5491 4.21826 
