2 6.89906e-07 
0.000114208 4.00001 
1.19697 3.21098 
1.15201 3.27135 
1.99965 0.0908687 
1.99781 0.222989 
0.815632 3.65448 
1.71587 2.1075 
1.94314 0.950383 
0.529811 3.8591 
1.6167 2.35845 
0.209122 3.97826 
0.877183 3.5971 
1.76774 1.88088 
1.98938 0.453393 
1.9821 0.547727 
1.93035 1.04962 
0.291734 3.959 
0.763499 3.71397 
0.254144 3.96955 
0.3367 3.94995 
0.834303 3.63571 
1.22597 3.16706 
1.75018 1.9452 
1.04718 3.40935 
0.162872 3.98689 
1.96153 0.800399 
1.83915 1.57914 
1.99445 0.304995 
0.45488 3.902 
0.0752294 3.99736 
1.99229 0.375076 
1.51062 2.64163 
1.52525 2.59866 
1.72196 2.03532 
0.0339755 3.99961 
0.907135 3.58239 
1.68771 2.17498 
1.97655 0.615803 
0.570742 3.83882 
1.78331 1.81489 
1.08498 3.37535 
1.73619 1.99461 
0.418071 3.91235 
1.96848 0.72897 
1.92433 1.0979 
1.85202 1.51317 
0.370074 3.93176 
1.64512 2.29346 
0.985113 3.48761 
1.24571 3.13141 
1.00863 3.45893 
1.38716 2.88604 
1.97171 0.678415 
1.03078 3.44338 
1.60248 2.41022 
0.729521 3.72902 
0.935832 3.56199 
1.36696 2.92162 
1.49176 2.6886 
1.91435 1.15891 
1.54213 2.54912 
1.55475 2.53662 
1.35508 2.94392 
1.43677 2.79178 
0.97124 3.52284 
1.46296 2.7763 
1.89962 1.27376 
1.8299 1.64157 
0.490654 3.88188 
0.396064 3.92875 
1.80679 1.72081 
0.111404 3.99466 
0.128327 3.99242 
0.640272 3.80835 
1.86709 1.49482 
0.710372 3.75152 
1.33924 2.98515 
1.29505 3.07739 
1.87289 1.40689 
1.95366 0.872299 
1.88239 1.35572 
1.1237 3.31287 
1.65891 2.24063 
1.90799 1.21694 
1.40604 2.86534 
1.26386 3.10542 
0.691803 3.76313 
1.57044 2.48664 
0.625741 3.81027 
1.86874 1.43591 
1.95107 0.886885 
1.66759 2.21462 
0.665938 3.77998 
1.1039 3.33773 
1.33822 3.01947 
0.485961 3.88699 
0.599493 3.82752 
1.81936 1.70096 
1.27565 3.08809 
