0.200116 4.08862 0.252697 
2.09414 0.202265 0.252614 
0.100729 0.304308 6.08703 
0.199902 0.10076 6.08704 
0.147854 0.293652 6.09555 
1.79217 2.30144 0.904267 
1.87081 1.47314 2.15066 
2.01231 1.34398 0.44952 
1.96361 0.796917 2.12104 
0.386366 4.07868 0.347432 
0.885459 1.52296 5.27734 
1.66052 0.968163 3.8881 
1.26469 2.59515 3.20761 
0.403207 3.47095 3.305 
1.83702 0.436128 3.28723 
0.455082 1.9112 5.35675 
1.05868 1.66691 4.87755 
0.363037 1.72044 5.52912 
1.14598 2.62922 3.96531 
2.08506 0.327249 0.652405 
0.153565 0.784881 6.02543 
1.82115 1.35272 2.6207 
1.51595 2.86771 1.10279 
1.36058 2.37197 3.3574 
0.692837 3.72932 2.03487 
0.95545 1.56002 5.06653 
1.626 1.76477 3.42175 
1.76901 1.14429 3.00047 
1.23335 2.00248 4.3708 
1.62076 2.28375 2.25774 
1.18506 2.94255 2.77843 
0.486604 3.6188 2.82059 
0.729416 0.585974 5.84525 
1.90809 1.41251 2.20752 
1.09611 1.27833 5.03622 
1.32393 3.04911 1.86696 
0.238392 2.67273 4.68617 
1.67475 1.94291 2.99582 
0.276418 3.24819 3.84571 
0.828501 3.69265 1.78524 
1.9274 0.846376 2.45865 
1.34967 1.18664 4.49272 
0.599969 3.81664 1.81706 
1.02172 2.44068 4.1082 
1.58806 2.1183 2.84523 
1.16736 2.23607 4.47264 
0.939301 3.17542 3.03518 
1.01157 3.40761 2.36628 
0.54007 3.28042 3.57925 
1.49705 0.249719 4.41884 
2.0685 0.559788 0.986659 
0.512603 3.97777 0.867904 
0.873276 3.8169 0.485458 
1.94595 0.71131 2.46143 
1.08075 0.931629 5.1858 
1.4296 0.503041 4.55377 
1.30797 2.19831 3.77012 
1.56999 2.78089 1.0267 
0.269982 1.62684 5.63928 
0.766607 2.81966 4.12857 
0.19672 3.54154 3.16959 
1.72282 2.16851 1.93641 
2.06285 0.705876 1.07208 
0.664854 0.913189 5.71803 
0.280371 2.02764 5.35017 
0.175649 3.08437 4.07869 
0.903728 3.77201 0.777675 
1.52652 0.639617 4.22863 
1.48312 1.25435 4.26949 
1.12073 3.12909 2.90849 
0.583528 3.9039 1.24776 
0.700876 3.53022 2.68805 
1.14401 3.39121 1.65299 
1.73357 2.38964 0.457843 
0.794317 1.01148 5.57711 
0.721946 0.874862 5.73524 
0.34439 2.52838 4.93686 
1.16525 1.42744 4.77034 
0.313284 2.94897 4.27785 
2.04793 0.478744 1.39555 
1.20775 2.18487 4.60491 
0.505269 3.93534 1.60299 
0.214347 3.64158 2.96002 
0.854501 2.70378 4.05972 
1.89459 1.53513 1.72679 
1.60787 1.62846 3.55523 
1.30644 3.19987 1.53067 
0.62669 3.41185 3.10631 
0.904162 2.98186 3.53477 
0.959699 0.388719 5.55035 
1.89917 1.7888 1.18319 
0.212292 3.75879 2.54567 
1.54687 2.74297 1.3805 
1.13328 0.924463 5.15184 
0.574157 0.536485 5.92796 
0.970129 1.99959 4.73795 
1.45621 0.615297 4.48026 
1.21707 2.52189 3.687 
0.585094 0.530038 5.91995 
1.33496 3.03883 1.77098 
