1.77952 3.03674 3.35628 
1.82132 1.93563 5.49346 
1.99486 2.40029 4.51348 
1.72721 3.46887 4.15292 
1.57493 3.46812 4.62238 
2.73505 1.73115 2.19961 
1.06864 1.12666 6.49224 
1.50052 1.0712 5.92722 
2.19194 3.65459 2.32851 
0.861451 3.89578 4.51061 
1.07735 1.13805 6.61057 
0.898489 4.26077 3.59147 
1.99383 3.25264 3.73389 
0.955199 2.35498 6.51095 
1.5714 4.22105 2.72124 
1.86357 2.7485 4.8292 
1.13027 3.69334 4.42814 
1.41694 1.5137 6.55418 
0.850152 0.948107 6.75914 
1.78431 2.94816 4.56445 
2.15069 2.94282 2.85905 
1.6892 2.26203 6.09313 
2.52958 2.26209 2.87733 
2.10966 1.66456 4.30994 
0.661242 1.45663 6.47353 
1.80484 2.55574 4.40623 
0.938877 4.40527 3.10881 
2.16455 1.79538 3.74078 
1.62569 2.88112 5.28005 
2.34193 1.62434 3.95227 
1.71651 2.96299 4.95291 
1.3343 4.34077 3.27129 
2.02222 2.84146 4.70474 
1.52743 2.93893 5.5229 
2.02512 2.69974 3.5402 
0.571664 0.498379 6.4099 
1.17853 1.1385 6.43739 
1.68822 3.95748 3.30869 
1.93689 1.43018 5.90554 
1.77556 2.96463 4.89839 
1.54915 1.91255 5.46559 
0.839698 1.80976 6.34847 
0.764145 2.36259 6.08396 
1.23623 1.67454 6.37916 
2.48939 1.43525 3.91509 
0.859909 0.685508 6.61953 
1.03903 4.57961 2.85636 
1.22359 1.85876 6.45573 
0.661427 0.872432 6.53432 
0.841224 0.92876 6.67638 
2.01569 3.34352 2.23427 
2.14509 3.06403 4.167 
0.55936 0.763225 6.51919 
0.939573 1.91061 6.54322 
1.55198 4.27713 2.30807 
0.804878 0.990551 6.73113 
0.890085 1.16279 6.86197 
1.36471 1.65409 6.1851 
1.45895 3.30296 4.46236 
1.91189 1.34706 5.38473 
1.4195 3.26547 5.08993 
1.90322 3.74667 1.62576 
0.724276 1.83807 6.41995 
2.39265 2.43706 3.26446 
1.70946 2.24303 6.11355 
1.84763 2.6779 4.34422 
1.32052 2.07216 5.58267 
2.32426 1.61234 4.63139 
2.3837 1.39052 4.04727 
0.955066 4.73155 2.28416 
1.57905 4.23244 2.41271 
1.58684 1.50614 6.43968 
1.78912 4.00128 3.17143 
2.45238 1.51254 4.12862 
1.58825 2.16558 5.04281 
2.38444 2.66804 2.2977 
0.828545 1.53169 6.62216 
0.816146 1.39752 6.7319 
1.74053 1.31069 5.3494 
1.5073 4.45961 2.30683 
2.34964 1.5158 4.4413 
1.15879 2.69936 5.9694 
1.59655 1.62387 6.35793 
1.66308 1.7227 6.12356 
0.923398 1.02364 6.83534 
0.950492 1.0599 6.79385 
2.04263 1.76656 4.17403 
1.17598 3.52225 4.61314 
1.48673 1.74472 6.15657 
1.33918 4.02451 2.41735 
2.58132 1.38598 3.11848 
0.563096 0.709883 6.51128 
1.67669 2.92142 3.82383 
2.30595 2.84455 4.00672 
1.47005 4.2447 3.30493 
1.86165 3.23466 4.33983 
1.85577 2.3073 4.95177 
2.03254 2.07602 5.04215 
1.27462 3.53674 4.34003 
1.20428 3.93828 3.91747 
0.209236 4.09908 0.108585 
0.199922 0.100769 6.08706 
0.209236 4.09908 0.108585 
0.100738 0.304317 6.08704 
2.16357 0.271489 0.334713 
0.181298 0.302276 6.117 
0.567412 3.40051 3.26329 
2.15455 0.441281 0.241718 
1.87549 1.95405 1.10736 
0.732057 3.98157 0.662104 
1.85498 0.20498 3.03906 
2.12639 0.360259 0.992959 
0.828438 2.79779 3.99559 
1.78721 2.24303 1.97916 
1.4223 1.88287 4.50919 
1.04059 1.67401 5.02354 
2.02665 0.515236 2.19071 
0.414805 1.92407 5.38412 
1.93426 0.965476 2.64898 
0.630149 2.58373 4.65025 
0.159155 1.06909 5.95478 
0.191929 1.63922 5.72221 
1.05324 0.375581 5.86732 
1.46323 1.16503 4.47924 
1.91541 1.54754 1.80192 
1.30512 1.13845 4.87007 
1.3729 3.19148 1.20877 
0.119908 0.582501 6.06414 
0.800425 1.35071 5.57265 
2.09237 0.745532 0.776924 
2.00687 0.742995 1.90396 
0.87372 0.481613 5.67806 
1.24978 1.23417 4.835 
1.54181 1.78274 3.48047 
0.390518 2.92988 4.35393 
1.13007 3.51469 1.66852 
1.51119 2.11749 3.12475 
0.947035 1.19399 5.33659 
0.508109 3.65451 2.84266 
1.5578 2.71574 1.66815 
0.305862 2.67022 4.70082 
0.688885 1.27827 5.65392 
1.19057 3.69166 1.58153 
0.589016 0.618284 5.88521 
0.674403 3.88274 1.38147 
0.903097 1.48529 5.50814 
0.480878 4.00292 0.907793 
1.98231 1.45911 0.417548 
2.04708 1.42665 0.43968 
1.84446 0.669141 3.29295 
1.02174 3.24291 2.70755 
1.31187 3.06771 2.32928 
2.00919 0.803884 1.82132 
1.06634 2.03646 4.81628 
0.993687 2.49115 4.1966 
0.534718 2.17782 5.153 
0.987642 3.08217 3.34821 
1.53706 2.99328 0.544202 
1.59893 1.49904 4.31301 
0.284624 3.3492 3.62089 
0.233293 3.57479 3.07425 
1.94581 0.892135 2.57059 
0.442304 2.14282 5.2859 
1.34643 2.95786 2.13231 
1.79644 0.761664 3.11242 
1.15339 2.58817 3.76891 
1.17115 1.27816 4.94345 
2.05184 0.995855 1.37265 
0.77833 3.76196 1.48253 
0.222169 3.8186 2.41047 
1.62738 0.881134 3.89633 
2.06284 0.466337 1.47855 
0.473616 3.89456 1.68809 
0.130512 0.883829 5.99191 
1.71793 2.16528 2.26666 
0.334436 2.46393 4.91579 
1.40302 2.6853 2.86775 
0.514977 3.80259 2.23133 
0.913157 3.75552 0.784495 
1.3327 2.8409 3.47013 
0.360291 2.29081 5.10331 
0.452152 3.92887 1.53846 
1.21079 3.13561 2.67927 
0.31641 3.33945 3.68852 
1.03604 2.2035 4.40076 
1.09503 0.465803 5.37092 
1.43987 1.56709 4.0976 
0.665617 3.28606 3.4262 
0.271202 2.51707 4.92342 
0.900238 1.54008 5.21061 
1.95273 2.38734 0.631429 
0.623561 3.62643 2.75646 
1.82912 2.0838 2.04441 
1.00192 3.76451 0.486501 
1.61543 2.00047 3.00842 
0.942467 1.593 5.12493 
1.07292 3.07844 2.93608 
1.7411 1.59103 2.86095 
1.73791 1.83111 2.38417 
0.243024 4.03959 1.29302 
