31.6473675837001
31.6420549578455
31.6493129534753
31.6436744956417
31.1100395691156
31.1088770980861
31.6486302884067
31.6460001981048
31.6515026726727
31.6429216902659
31.6451208758135
31.6467666606225
31.6444668229638
31.6462378116436
31.6484088792071
31.1143400717567
31.1085656826694
31.6511448434394
31.6517702121349
31.647772291967 
31.6488222245827
31.6491784911479
31.6468573804493
31.1068514835816
31.6431774040655
31.6457610425034
31.6404144321953
31.6468177186271
31.6480582128882
31.6515480132649
