0.99866135703749
0.998580392594764
0.998620396114405
0.998626418116642
0.998683400407425
0.998644636280424
0.998632608462724
0.998613976835334
0.998673176058  
0.998630396176185
0.99865894329625
0.998617732236291
0.998628785968463
0.998648200744569
0.998659462786374
0.998660634676358
0.998649365467166
0.998633462347079
0.998618730630139
0.998606393461535
0.998654980650018
0.998641233093857
0.998665330310516
0.998646309631158
0.998644978897467
0.998634982968317
0.998624524160078
0.998670434565353
0.998659197586571
0.998618777985974
