0.8738081882686 
0.87383467719214
0.873682656509736
0.87377778902574
0.87380698196305
0.87382116686952
0.87361437968129
0.873846090776  
0.87379521299286
0.87381922364732
0.87378865728891
0.87373634419615
0.87375919241824
0.87383425703799
0.87382476924273
0.87360208425434
0.873791023132514
0.87377487498968
0.87377566546291
0.87372222377119
0.87376493951124
0.87380327199827
0.87378628055022
0.87385056058469
0.87382582718487
0.87375504844654
0.87381188107418
0.873593865224609
0.8737946574207 
0.87352588805595
