1655562.16660122
1687344.6598152 
1699970.73780327
1654874.42933026
1706484.66310056
1672426.64114288
1705671.16948943
1682927.55535734
1678788.20137557
1692822.12856514
1696511.88195308
1682306.39486679
1707053.898684  
1662758.96491572
1714039.63418985
1696384.68041868
1719624.12330207
1694249.67177109
1682586.34757801
1712457.3913543 
1681284.0680341 
1705209.16309115
1674699.9205121 
1684718.06109613
1693605.29985268
1673555.08854985
1685425.7248156 
1699324.66998509
1726829.08149964
1706472.46550974
