165926.70290348 
165916.027901362
154740.717577898
165934.827185721
165946.524546937
165956.620393813
154725.807840867
165948.09309693 
143444.933532368
165972.81426524 
154725.942222805
165936.535507127
154728.660068206
154720.45091438 
165951.722686482
165934.67676411 
154736.113540515
165958.548317185
154710.145796254
165905.098961042
165913.767231497
165942.850357994
165946.065219163
165915.187229967
165954.795903707
165922.602304235
165967.985848356
165915.329127546
165957.933437283
165932.946869217
