1.00391  1.88077e-07  1.00391  1.88077e-07  1.01061  0.000405195  
6.08269e-12  1  6.08269e-12  1  6.08269e-12  1.00001  
0.995886  0.00463531  0.995886  0.00463531  0.995886  0.0213056  
0.985616  0.0150602  0.985616  0.0150602  1.00921  0.0512049  
0.975134  0.0252294  0.975134  0.0252294  0.998267  0.0780739  
0.964778  0.0356538  0.964778  0.0356538  0.970056  0.0469175  
0.954392  0.0457754  0.954392  0.0457754  0.975381  0.0495099  
0.94426  0.056115  0.94426  0.056115  1.00907  0.0439031  
0.934069  0.0663412  0.934069  0.0663412  0.914064  0.0871359  
0.924033  0.0763324  0.924033  0.0763324  0.923675  0.0933696  
0.913977  0.0866191  0.913977  0.0866191  1.43267  0.412093  
0.903927  0.0964412  0.903927  0.0964412  0.892147  0.147749  
0.893878  0.107046  0.893878  0.107046  0.887335  0.121022  
0.883656  0.116682  0.883656  0.116682  0.939493  0.163324  
0.873303  0.127638  0.873303  0.127638  0.867335  0.152489  
0.862856  0.137781  0.862856  0.137781  0.915598  0.132481  
0.852719  0.147933  0.852719  0.147933  0.847487  0.152894  
0.842265  0.158006  0.842265  0.158006  0.935472  0.159151  
0.832012  0.168383  0.832012  0.168383  0.869218  0.147042  
0.821676  0.178607  0.821676  0.178607  0.833568  0.219735  
0.811407  0.188777  0.811407  0.188777  1.02574  0.405982  
0.801228  0.199021  0.801228  0.199021  0.799634  0.21854  
0.79093  0.209098  0.79093  0.209098  0.798391  0.235204  
0.78072  0.219354  0.78072  0.219354  0.974652  0.452752  
0.770526  0.229555  0.770526  0.229555  0.84519  0.275911  
0.760227  0.239776  0.760227  0.239776  0.98923  0.427901  
0.75  0.25  0.75  0.25  0.771237  0.283201  
0.75  0.25  0.75  0.25  0.768369  0.254863  
0.75  0.25  0.75  0.25  0.75198  0.25005  
0.75  0.25  0.75  0.25  0.75  0.25  
0.75  0.25  0.75  0.25  0.75  0.25  
0.75  0.25  0.75  0.25  0.753669  0.250555  
0.75  0.25  0.75  0.25  0.750004  0.25  
0.75  0.25  0.75  0.25  0.75  0.250023  
0.75  0.25  0.75  0.25  0.750027  0.250089  
0.75  0.25  0.75  0.25  0.75  0.251116  
0.75  0.25  0.75  0.25  0.75  0.25  
0.75  0.25  0.75  0.25  0.75  0.251431  
0.75  0.25  0.75  0.25  4.83774  4.34927  
0.75  0.25  0.75  0.25  3.75538  3.46422  
0.75  0.25  0.75  0.25  0.894539  0.430638  
0.5  0.5  0.5  0.5  0.500006  0.501626  
0.5  0.5  0.5  0.5  4.6705  5.08928  
0.5  0.5  0.5  0.5  4.47277  5.00542  
0.5  0.5  0.5  0.5  4.69195  4.75902  
0.5  0.5  0.5  0.5  4.45157  3.30579  
0.5  0.5  0.5  0.5  0.497478  0.502536  
0.5  0.5  0.5  0.5  0.5  0.5  
0.5  0.5  0.5  0.5  0.492457  0.507768  
0.5  0.5  0.5  0.5  0.488007  0.513606  
0.5  0.5  0.5  0.5  0.505399  0.500003  
0.494931  0.505069  0.494931  0.505069  0.538044  0.513587  
0.48468  0.515321  0.48468  0.515321  0.488913  0.574588  
0.474471  0.52553  0.474471  0.52553  0.46004  0.541036  
0.464348  0.53566  0.464348  0.53566  0.467128  0.535781  
0.454107  0.545965  0.454107  0.545965  0.533845  0.555702  
0.44387  0.556177  0.44387  0.556177  0.472745  0.562224  
0.433625  0.566417  0.433625  0.566417  0.440782  0.598417  
0.423392  0.576696  0.423392  0.576696  0.422591  0.579771  
0.413252  0.587036  0.413252  0.587036  0.540858  0.627203  
0.403206  0.597346  0.403206  0.597346  0.404002  0.604159  
0.392618  0.607679  0.392618  0.607679  0.445274  0.608521  
0.38231  0.617892  0.38231  0.617892  0.43784  0.655237  
0.372253  0.628119  0.372253  0.628119  0.417746  0.647892  
0.362522  0.638283  0.362522  0.638283  0.381289  0.636554  
0.352063  0.648439  0.352063  0.648439  0.446852  0.731718  
0.341825  0.658566  0.341825  0.658566  0.335745  0.682987  
0.331536  0.668674  0.331536  0.668674  0.337016  0.673367  
0.321371  0.678781  0.321371  0.678781  0.309898  0.697145  
0.311243  0.688913  0.311243  0.688913  0.333467  0.70244  
0.301024  0.699016  0.301024  0.699016  0.303957  0.702768  
0.29074  0.709276  0.29074  0.709276  0.382153  0.727622  
0.28061  0.71939  0.28061  0.71939  0.28061  0.767669  
0.270363  0.729651  0.270363  0.729651  0.277225  0.78231  
0.260121  0.739879  0.260121  0.739879  0.266744  0.776413  
0.25  0.75  0.25  0.75  0.290006  0.757134  
0.25  0.75  0.25  0.75  0.252302  0.753081  
0.25  0.75  0.25  0.75  0.275373  0.752834  
0.25  0.75  0.25  0.75  3.25749  3.96964  
0.25  0.75  0.25  0.75  0.351809  0.819194  
6.41949e-12  1  6.41949e-12  1  6.41949e-12  1.00043  
6.41949e-12  1  6.41949e-12  1  3.28618  3.9642  
6.41949e-12  1  6.41949e-12  1  6.41949e-12  1  
6.41949e-12  1  6.41949e-12  1  6.41949e-12  1  
6.41949e-12  1  6.41949e-12  1  7.78604e-05  1  
6.41949e-12  1  6.41949e-12  1  0.00206319  1.00006  
6.41949e-12  1  6.41949e-12  1  0.000228479  1  
6.41949e-12  1  6.41949e-12  1  6.41949e-12  1  
6.41949e-12  1  6.41949e-12  1  0.00089455  1  
6.41949e-12  1  6.41949e-12  1  6.41949e-12  1.00105  
6.05393e-12  1  6.05393e-12  1  0.000553557  1  
6.05393e-12  1  6.05393e-12  1  2.9557  3.52193  
6.05393e-12  1  6.05393e-12  1  6.08269e-12  1  
6.41949e-12  1  6.41949e-12  1  6.21259e-12  1.00132  
6.08269e-12  1  6.08269e-12  1  6.21259e-12  1  
6.08269e-12  1  6.08269e-12  1  0.000622849  1.00001  
6.41949e-12  1  6.41949e-12  1  0.00103354  1  
6.41949e-12  1  6.41949e-12  1  4.24061e-06  1  
6.08269e-12  1  6.08269e-12  1  0.000729265  1.00003  
6.08269e-12  1  6.08269e-12  1  6.08269e-12  1  
