2  1.93903e-15  2  1.93903e-15  2.00239  0.00317522  
4.75241e-15  4  4.75241e-15  4  0.0153028  4.00161  
1.99489  0.0102294  1.99489  0.0102294  1.96677  0.0664654  
1.98458  0.0308481  1.98458  0.0308481  1.99369  0.0126178  
1.97416  0.0516772  1.97416  0.0516772  1.98637  0.0272685  
1.96364  0.0727261  1.96364  0.0727261  1.98166  0.036678  
1.953  0.0939943  1.953  0.0939943  1.9604  0.0791989  
1.94226  0.115485  1.94226  0.115485  1.9529  0.0947213  
1.9314  0.137203  1.9314  0.137203  1.91511  0.169781  
1.92042  0.159151  1.92042  0.159151  1.9323  0.184277  
1.90933  0.181333  1.90933  0.181333  1.92105  0.193053  
1.89812  0.203753  1.89812  0.203753  1.88721  0.225586  
1.88679  0.226415  1.88679  0.226415  1.88238  0.235249  
1.87534  0.249322  1.87534  0.249322  1.87946  0.246739  
1.86376  0.27248  1.86376  0.27248  1.88254  0.23492  
1.85206  0.295887  1.85206  0.295887  1.85206  0.295887  
1.84022  0.319558  1.84022  0.319558  1.83326  0.338417  
1.82826  0.343489  1.82826  0.343489  1.86357  0.272854  
1.81616  0.367685  1.81616  0.367685  1.79652  0.406957  
1.80392  0.392156  1.80392  0.392156  1.82291  0.354188  
1.79155  0.416903  1.79155  0.416903  1.77349  0.461933  
1.77904  0.441926  1.77904  0.441926  1.79846  0.403082  
1.76638  0.467237  1.76638  0.467237  1.80501  0.389974  
1.75358  0.492837  1.75358  0.492837  1.64452  0.710967  
1.74063  0.518732  1.74063  0.518732  1.7262  0.579563  
1.72754  0.544926  1.72754  0.544926  1.83203  0.335948  
1.71429  0.571429  1.71429  0.571429  1.73416  0.531674  
1.70088  0.59824  1.70088  0.59824  1.70138  0.614321  
1.68732  0.625367  1.68732  0.625367  1.68742  0.625466  
1.67359  0.652817  1.67359  0.652817  1.65681  0.69708  
1.6597  0.680594  1.6597  0.680594  1.65242  0.695169  
1.64565  0.708707  1.64565  0.708707  1.68396  0.640302  
1.63142  0.737158  1.63142  0.737158  1.63213  0.735738  
1.61702  0.765958  1.61702  0.765958  1.62029  0.76923  
1.60245  0.795108  1.60245  0.795108  1.61464  0.770715  
1.58769  0.824616  1.58769  0.824616  1.59543  0.810774  
1.57276  0.85449  1.57276  0.85449  1.5785  0.87901  
1.55763  0.884735  1.55763  0.884735  1.50654  1.01712  
1.54232  0.915359  1.54232  0.915359  1.55044  0.923476  
1.52681  0.946372  1.52681  0.946372  1.51081  0.978383  
1.51111  0.977778  1.51111  0.977778  1.54728  0.920305  
1.49521  1.00958  1.49521  1.00958  1.40602  1.19944  
1.4791  1.0418  1.4791  1.0418  1.495  1.01  
1.46278  1.07443  1.46278  1.07443  1.49472  1.05896  
1.44625  1.10749  1.44625  1.10749  1.47613  1.06162  
1.42951  1.14098  1.42951  1.14098  1.36947  1.26107  
1.41254  1.17492  1.41254  1.17492  1.39568  1.20863  
1.39535  1.2093  1.39535  1.2093  1.2468  1.50747  
1.37793  1.24415  1.37793  1.24415  1.37558  1.25762  
1.36027  1.27946  1.36027  1.27946  1.35716  1.28718  
1.34237  1.31525  1.34237  1.31525  1.31624  1.36753  
1.32423  1.35154  1.32423  1.35154  1.36276  1.27449  
1.30584  1.38831  1.30584  1.38831  1.36142  1.27717  
1.2872  1.4256  1.2872  1.4256  1.29194  1.43035  
1.26829  1.46341  1.26829  1.46341  1.23665  1.53293  
1.24912  1.50175  1.24912  1.50175  1.194  1.62045  
1.22968  1.54064  1.22968  1.54064  1.22899  1.54657  
1.20996  1.58007  1.20996  1.58007  1.14508  1.72532  
1.18996  1.62007  1.18996  1.62007  1.16677  1.68562  
1.16968  1.66065  1.16968  1.66065  1.195  1.62466  
1.14909  1.70182  1.14909  1.70182  1.20426  1.60029  
1.1282  1.74359  1.1282  1.74359  1.08752  1.83295  
1.10701  1.78598  1.10701  1.78598  1.10701  1.78598  
1.0855  1.82899  1.0855  1.82899  1.16864  1.70249  
1.06367  1.87265  1.06367  1.87265  1.06367  1.87265  
1.04151  1.91698  1.04151  1.91698  1.10387  1.81798  
1.01901  1.96198  1.01901  1.96198  1.06137  1.89994  
0.996169  2.00766  0.996169  2.00766  1.09561  1.83482  
0.972974  2.05405  0.972974  2.05405  0.948192  2.10362  
0.949414  2.10117  0.949414  2.10117  1.00525  2.01672  
0.92549  2.14902  0.92549  2.14902  0.997872  2.00426  
0.901186  2.19763  0.901186  2.19763  0.910288  2.20673  
0.876495  2.24701  0.876495  2.24701  0.629174  2.74165  
0.851405  2.29719  0.851405  2.29719  0.926263  2.14771  
0.825911  2.34818  0.825911  2.34818  0.791146  2.42816  
0.8  2.4  0.8  2.4  0.760489  2.47902  
0.773663  2.45267  0.773663  2.45267  0.775329  2.45434  
0.746888  2.50622  0.746888  2.50622  0.74009  2.53767  
0.719666  2.56067  0.719666  2.56067  0.724172  2.56517  
0.691984  2.61603  0.691984  2.61603  0.654097  2.69181  
0.663831  2.67234  0.663831  2.67234  0.65861  2.68278  
0.635194  2.72961  0.635194  2.72961  1.06007  1.90665  
0.606059  2.78788  0.606059  2.78788  0.482486  3.03503  
0.576418  2.84716  0.576418  2.84716  0.552165  2.91584  
0.546255  2.90749  0.546255  2.90749  0.546255  2.90749  
0.515555  2.96889  0.515555  2.96889  0.290353  3.4558  
0.484305  3.03139  0.484305  3.03139  0.487157  3.03424  
0.452488  3.09502  0.452488  3.09502  0.474297  3.15152  
0.420091  3.15982  0.420091  3.15982  0.4547  3.18045  
0.387097  3.22581  0.387097  3.22581  0.30515  3.39961  
0.353488  3.29302  0.353488  3.29302  0.348913  3.30217  
0.319249  3.3615  0.319249  3.3615  0.383739  3.23397  
0.28436  3.43128  0.28436  3.43128  0.25826  3.51712  
0.248802  3.5024  0.248802  3.5024  0.248802  3.5024  
0.212558  3.57488  0.212558  3.57488  0.242482  3.60481  
0.17561  3.64878  0.17561  3.64878  0.198634  3.6352  
0.137931  3.72414  0.137931  3.72414  0.142932  3.72914  
0.0995018  3.801  0.0995018  3.801  0.0799002  3.8402  
0.0602986  3.8794  0.0602986  3.8794  0.102677  3.92178  
0.0203045  3.95939  0.0203045  3.95939  0.0203045  3.95939  
