4.11033  3.91901e-07  1.94766e-06  4.11033  3.91901e-07  1.94766e-06  3.20021  2.05323  1.75576  
0.01261  2.53504  0.0149776  0.01261  2.53504  0.0149776  0.437704  2.53154  0.0248407  
2.15587e-10  2.39143e-10  1.99158  2.15587e-10  2.39143e-10  1.99158  0.000578252  0.000357742  2.1581  
0.998973  0.0367187  0.0360087  0.998973  0.0367187  0.0360087  1.3689  0.360494  0.396084  
0.995391  0.101629  0.0272488  0.995391  0.101629  0.0272488  1.09654  0.115936  0.198535  
0.989171  0.0424531  0.141878  0.989171  0.0424531  0.141878  1.60654  0.486401  0.21639  
0.980784  0.200144  0.021435  0.980784  0.200144  0.021435  0.999455  0.0464446  0.0259622  
0.98475  0.0465721  0.16893  0.98475  0.0465721  0.16893  1.45898  0.511417  0.605138  
0.981672  0.19102  0.0541297  0.981672  0.19102  0.0541297  2.84307  1.44192  1.351  
0.95638  4.26748e-05  0.292285  0.95638  4.26748e-05  0.292285  2.24098  1.16289  1.56338  
0.945713  0.338417  0.0159204  0.945713  0.338417  0.0159204  1.49257  0.398008  0.910947  
0.971967  0.0579679  0.229876  0.971967  0.0579679  0.229876  0.992932  0.34792  0.415489  
0.9552  0.298652  0.0871639  0.9552  0.298652  0.0871639  2.34018  1.6571  1.63957  
0.927017  0.0851299  0.367995  0.927017  0.0851299  0.367995  2.49808  1.45547  2.2166  
0.920239  0.392579  0.0528639  0.920239  0.392579  0.0528639  1.34142  0.449773  0.0702398  
0.93006  0.107276  0.357947  0.93006  0.107276  0.357947  0.944631  0.137946  0.333853  
0.949224  0.316834  0.222676  0.949224  0.316834  0.222676  4.6291  3.5578  3.04506  
0.860929  3.98779e-05  0.508733  0.860929  3.98779e-05  0.508733  0.860929  3.97907e-05  0.610044  
0.847742  0.545267  0.0161557  0.847742  0.545267  0.0161557  2.23934  2.10878  1.04744  
0.933538  0.103177  0.348112  0.933538  0.103177  0.348112  1.60759  0.803407  0.853136  
0.884294  0.469021  0.12161  0.884294  0.469021  0.12161  0.893427  1.75951  0.592558  
0.855295  0.000132707  0.518145  0.855295  0.000132707  0.518145  1.71293  0.676956  1.20051  
0.824969  0.565761  0.0550453  0.824969  0.565761  0.0550453  1.01127  0.752335  0.10359  
0.873135  0.000159378  0.487481  0.873135  0.000159378  0.487481  1.36096  0.0145226  0.843348  
0.884575  0.466768  0.138087  0.884575  0.466768  0.138087  2.20088  0.869773  0.204993  
0.764994  2.63961e-05  0.644039  0.764994  2.63961e-05  0.644039  1.02036  2.86079e-05  0.64404  
0.752054  0.660509  0.0518481  0.752054  0.660509  0.0518481  0.814102  0.583916  0.87474  
0.839631  0.344625  0.434028  0.839631  0.344625  0.434028  2.91173  2.29083  2.40187  
0.823227  0.56845  0.197132  0.823227  0.56845  0.197132  0.893122  0.581456  0.584329  
0.734431  1.92764e-06  0.678684  0.734431  1.92764e-06  0.678684  0.750396  1.83851e-06  0.852111  
0.748055  0.665544  0.169415  0.748055  0.665544  0.169415  0.812484  0.586737  0.172303  
0.76166  3.77415e-06  0.647977  0.76166  3.77415e-06  0.647977  0.774797  0.286584  1.03645  
0.756365  0.494058  0.435049  0.756365  0.494058  0.435049  0.975857  1.31332  2.14227  
0.628772  2.94248e-06  0.77759  0.628772  2.94248e-06  0.77759  0.455148  6.60759e-06  0.890416  
0.685553  0.878071  0.0139987  0.685553  0.878071  0.0139987  0.901984  2.08697  1.59279  
0.751028  0.499968  0.497851  0.751028  0.499968  0.497851  8.82759  9.68998  8.56973  
0.690901  0.724141  0.065226  0.690901  0.724141  0.065226  1.92455  1.16476  0.458023  
0.662276  8.0355e-06  0.74926  0.662276  8.0355e-06  0.74926  1.71651  1.03222  1.80632  
0.605665  0.797833  0.0850143  0.605665  0.797833  0.0850143  1.09312  1.65978  0.220868  
0.701259  8.72879e-06  0.712907  0.701259  8.72879e-06  0.712907  2.4046  0.970507  1.17827  
0.683508  0.661117  0.438914  0.683508  0.661117  0.438914  5.20105  4.58331  6.60822  
0.550445  1.44522e-05  0.834872  0.550445  1.44522e-05  0.834872  0.487789  0.0253034  0.872962  
0.523979  0.852011  0.0314646  0.523979  0.852011  0.0314646  0.749112  1.01955  0.614108  
0.687674  5.19095e-06  0.72602  0.687674  5.19095e-06  0.72602  0.687674  5.20695e-06  0.72602  
0.619439  0.787017  0.181995  0.619439  0.787017  0.181995  2.69701  3.27523  2.96291  
0.524919  4.65726e-08  0.851152  0.524919  4.65726e-08  0.851152  1.01361  2.99529e-05  0.811034  
0.526897  0.851234  0.212724  0.526897  0.851234  0.212724  0.559819  1.27376  0.657621  
0.56094  1.82914e-05  0.827857  0.56094  1.82914e-05  0.827857  0.56094  1.84748e-05  0.827857  
0.578005  0.687029  0.502299  0.578005  0.687029  0.502299  3.06073  3.67537  3.03037  
0.42251  1.49864e-06  0.906358  0.42251  1.49864e-06  0.906358  0.5666  2.0239e-06  0.823993  
0.406484  0.914003  0.0327172  0.406484  0.914003  0.0327172  0.372358  1.0658  0.0240324  
0.603856  1.13701e-05  0.797093  0.603856  1.13701e-05  0.797093  2.97019  2.94305  3.8662  
0.493902  0.870026  0.137499  0.493902  0.870026  0.137499  2.10352  0.870026  0.137499  
0.435869  1.01251e-05  0.90001  0.435869  1.01251e-05  0.90001  1.34141  0.408002  1.97699  
0.406508  0.913923  0.118437  0.406508  0.913923  0.118437  0.483266  0.913923  0.202066  
0.471543  6.11998e-06  0.881843  0.471543  6.11998e-06  0.881843  0.358967  2.36484e-06  0.93335  
0.46047  0.771107  0.550821  0.46047  0.771107  0.550821  0.510756  0.747255  1.07672  
0.340691  1.18616e-05  0.940175  0.340691  1.18616e-05  0.940175  0.340691  1.18713e-05  1.30485  
0.339282  0.941324  0.0460854  0.339282  0.941324  0.0460854  0.678374  1.96837  0.981291  
0.453707  8.46398e-06  0.891151  0.453707  8.46398e-06  0.891151  3.92735  4.00897  4.75321  
0.3778  0.816473  0.45803  0.3778  0.816473  0.45803  6.56389  7.76651  7.94544  
0.317426  8.08437e-06  0.948283  0.317426  8.08437e-06  0.948283  0.218073  6.81362e-06  1.4055  
0.339282  0.941324  0.0460854  0.339282  0.941324  0.0460854  0.457389  0.890801  0.463071  
0.340794  6.03145e-06  0.940138  0.340794  6.03145e-06  0.940138  0.576482  0.131037  0.917383  
0.397853  0.801722  0.674949  0.397853  0.801722  0.674949  0.464853  0.76877  1.04968  
0.242222  8.34172e-06  0.970221  0.242222  8.34172e-06  0.970221  0.236883  8.16599e-06  1.08508  
0.349032  1.41464  0.0149727  0.349032  1.41464  0.0149727  0.340536  2.02736  0.519177  
0.372785  0.81401  0.472438  0.372785  0.81401  0.472438  8.34238  7.75324  6.79517  
0.280507  0.959972  0.0343106  0.280507  0.959972  0.0343106  0.186753  0.982653  0.493093  
0.264311  8.04258e-06  0.964437  0.264311  8.04258e-06  0.964437  0.264311  0.45058  0.964437  
0.223138  0.974958  0.0288012  0.223138  0.974958  0.0288012  0.935574  1.90022  0.0529135  
0.287493  6.23884e-06  0.957783  0.287493  6.23884e-06  0.957783  0.287493  6.23167e-06  0.957783  
0.249312  0.858539  0.524336  0.249312  0.858539  0.524336  0.20713  0.871816  0.907787  
0.192287  4.57628e-06  0.981339  0.192287  4.57628e-06  0.981339  0.229447  4.42243e-06  1.29248  
0.170064  0.986471  0.0502712  0.170064  0.986471  0.0502712  5.0432  4.46308  4.36378  
0.264904  7.47649e-06  0.964275  0.264904  7.47649e-06  0.964275  0.860077  2.02495  2.18586  
0.116016  0.952065  0.452567  0.116016  0.952065  0.452567  8.97425  9.43656  12.2159  
0.169437  6.71434e-06  0.985541  0.169437  6.71434e-06  0.985541  0.169437  8.23968e-06  0.985542  
0.163646  0.986725  0.0598112  0.163646  0.986725  0.0598112  1.44939  3.35872  1.61168  
0.178342  5.41951e-06  0.983969  0.178342  5.41951e-06  0.983969  0.156271  0.13179  1.3836  
0.186405  0.873496  0.505038  0.186405  0.873496  0.505038  1.81115  2.37741  2.29778  
0.117186  3.91639e-06  0.99311  0.117186  3.91639e-06  0.99311  0.117186  4.23129e-06  0.99311  
0.107647  0.99478  0.0259904  0.107647  0.99478  0.0259904  8.70734  9.15456  9.5924  
0.178342  5.41695e-06  0.983969  0.178342  5.41695e-06  0.983969  9.55688  8.75194  10.9495  
0.125234  0.992127  0.307309  0.125234  0.992127  0.307309  3.76764  4.68094  3.78665  
0.106258  3.55699e-06  0.994339  0.106258  3.55699e-06  0.994339  0.0629008  2.11139e-06  1.38825  
0.0917301  0.996077  0.145443  0.0917301  0.996077  0.145443  0.137047  1.60462  1.33428  
0.106905  3.5609e-06  0.994269  0.106905  3.5609e-06  0.994269  0.0960684  0.0668058  0.999738  
0.0979968  0.886756  0.480841  0.0979968  0.886756  0.480841  0.0979968  4.76508  0.480841  
0.0643409  2.1564e-06  0.997928  0.0643409  2.1564e-06  0.997928  0.0643409  2.50774e-06  0.997928  
0.0587062  0.998308  0.111782  0.0587062  0.998308  0.111782  0.462497  1.42304  0.675887  
0.0777569  3.82662e-06  0.996972  0.0777569  3.82662e-06  0.996972  0.0417275  0.405489  0.999129  
0.053977  0.890067  0.480897  0.053977  0.890067  0.480897  0.159199  1.29699  0.89302  
0.041403  1.67431e-06  0.999143  0.041403  1.67431e-06  0.999143  0.0414031  1.70356e-06  1.16196  
0.0377256  0.999357  0.151541  0.0377256  0.999357  0.151541  0.291872  1.86631  0.244764  
0.0330538  1.35715e-06  0.999454  0.0330538  1.35715e-06  0.999454  0.0120291  5.16715e-07  1.23274  
0.0288494  0.890988  0.463649  0.0288494  0.890988  0.463649  0.306249  1.6857  0.876512  
0.0134487  4.17502e-07  0.99991  0.0134487  4.17502e-07  0.99991  0.0134487  4.22465e-07  0.99991  
0.00820546  1.16463  0.0227214  0.00820546  1.16463  0.0227214  0.132062  2.67539  0.536315  
0.00435862  0.891279  0.455488  0.00435862  0.891279  0.455488  1.79146  2.82304  2.32598  
