1.99998  1.22186e-10  5.85815e-15  1.99998  1.22186e-10  5.85815e-15  1.71104  0.0373578  0.0786539  
7.80639e-11  3.99996  1.36932e-14  7.80639e-11  3.99996  1.36932e-14  0.0538293  3.0566  0.0457383  
2.145e-10  1.16282e-10  5.99992  2.145e-10  1.16282e-10  5.99992  0.000718484  0.000526189  5.87047  
1.63228  0.0631279  0.0631253  1.63228  0.0631279  0.0631253  1.3135  0.247121  0.0481274  
1.44012  0.153389  0.0511276  1.44012  0.153389  0.0511276  1.47561  0.141503  0.1238  
1.58278  0.0756738  0.226611  1.58278  0.0756738  0.226611  1.59493  0.0810722  0.140672  
1.27883  0.262398  0.0374851  1.27883  0.262398  0.0374851  1.28272  0.265957  0.0377401  
1.43195  0.14741  0.245569  1.43195  0.14741  0.245569  1.58069  0.0770667  0.209123  
1.28208  0.250437  0.150262  1.28208  0.250437  0.150262  1.30332  0.271676  0.171501  
1.58306  0.0691124  0.483114  1.58306  0.0691124  0.483114  1.62617  0.0497883  0.711631  
1.11792  0.403673  0.026911  1.11792  0.403673  0.026911  1.13222  0.400062  0.0255792  
1.28897  0.237133  0.304838  1.28897  0.237133  0.304838  1.13501  0.357635  0.442098  
1.14946  0.359879  0.163612  1.14946  0.359879  0.163612  1.14946  0.359879  0.163612  
1.44018  0.132409  0.573492  1.44018  0.132409  0.573492  1.44018  0.132409  0.573492  
1.06033  0.452419  0.10437  1.06033  0.452419  0.10437  1.05791  0.450259  0.157224  
1.29333  0.226305  0.497902  1.29333  0.226305  0.497902  1.29731  0.230292  0.501889  
1.12339  0.376028  0.292391  1.12339  0.376028  0.292391  1.10004  0.424986  0.151226  
1.58008  0.0622391  0.93367  1.58008  0.0622391  0.93367  1.70729  0.0303561  0.455027  
0.937691  0.604928  0.0194938  0.937691  0.604928  0.0194938  0.894894  0.662236  0.014121  
1.12331  0.369592  0.418817  1.12331  0.369592  0.418817  1.15524  0.353444  0.425719  
0.987347  0.523993  0.204946  0.987347  0.523993  0.204946  0.99517  0.531815  0.212768  
1.29097  0.218934  0.781475  1.29097  0.218934  0.781475  1.16165  0.320504  0.781475  
0.910997  0.624744  0.115648  0.910997  0.624744  0.115648  0.889076  0.665018  0.154258  
1.14952  0.336217  0.641535  1.14952  0.336217  0.641535  1.14952  0.336217  0.641535  
0.982885  0.519123  0.355  0.982885  0.519123  0.355  0.980618  0.517926  0.42184  
0.980138  0.123345  1.19242  0.980138  0.123345  1.19242  0.901418  0.190057  1.21576  
0.834416  0.732969  0.0758254  0.834416  0.732969  0.0758254  0.9102  0.624538  0.133345  
1.05093  0.431366  0.630295  1.05093  0.431366  0.630295  0.967363  0.554884  0.645076  
0.900122  0.621544  0.325537  0.900122  0.621544  0.325537  0.948072  0.560161  0.501064  
1.27667  0.218441  1.17948  1.27667  0.218441  1.17948  1.37829  0.160725  1.18436  
0.824343  0.733405  0.20529  0.824343  0.733405  0.20529  0.786089  0.792609  0.206547  
1.10392  0.367462  0.938892  1.10392  0.367462  0.938892  1.10541  0.36895  0.94038  
0.911507  0.595393  0.524668  0.911507  0.595393  0.524668  0.85617  0.661419  0.639811  
1.10905  0.044241  1.37106  1.10905  0.044241  1.37106  1.18769  0.0312843  1.37991  
0.713863  0.930973  0.014777  0.713863  0.930973  0.014777  0.713863  0.930973  0.014777  
0.902585  0.600843  0.639341  0.902585  0.600843  0.639341  0.890618  0.617437  0.98188  
0.770278  0.806215  0.291432  0.770278  0.806215  0.291432  0.769206  0.805023  0.38367  
0.768111  0.293382  1.19242  0.768111  0.293382  1.19242  0.591669  0.503774  1.19242  
0.703632  0.926  0.151324  0.703632  0.926  0.151324  0.703632  0.926  0.151324  
0.942884  0.537682  0.956678  0.942884  0.537682  0.956678  0.964562  0.554884  0.551236  
0.778402  0.779764  0.49984  0.778402  0.779764  0.49984  0.778402  0.779764  0.49984  
0.888847  0.165537  1.34768  0.888847  0.165537  1.34768  0.907674  0.12624  2.00169  
0.641613  1.04305  0.0883949  0.641613  1.04305  0.0883949  0.299304  1.47113  5.9823  
0.85133  0.655873  0.897006  0.85133  0.655873  0.897006  0.745961  0.80308  1.02849  
0.706356  0.897374  0.438024  0.706356  0.897374  0.438024  0.621047  1.04281  0.544095  
0.781232  0.262897  1.2665  0.781232  0.262897  1.2665  0.729191  0.308516  1.3256  
0.637821  1.03039  0.262647  0.637821  1.03039  0.262647  0.646573  1.03926  0.264028  
0.768111  0.293382  1.19242  0.768111  0.293382  1.19242  0.75746  0.304576  1.19263  
0.72105  0.857063  0.709809  0.72105  0.857063  0.709809  0.728721  0.82921  1.02489  
0.949075  0.100161  2.03662  0.949075  0.100161  2.03662  0.991551  0.0813519  2.0392  
0.551272  1.22473  0.0601941  0.551272  1.22473  0.0601941  0.493525  1.36221  0.0909438  
0.741545  0.811206  0.978678  0.741545  0.811206  0.978678  0.778353  0.508927  5.86018  
0.608476  1.06996  0.451682  0.608476  1.06996  0.451682  0.538703  1.19239  0.697018  
0.678673  0.357211  1.4012  0.678673  0.357211  1.4012  0.660724  0.414707  1.19301  
0.545252  1.2125  0.251644  0.545252  1.2125  0.251644  0.551208  1.21277  0.375687  
0.637597  0.442045  1.19242  0.637597  0.442045  1.19242  0.451108  0.723655  1.19605  
0.618476  1.03211  0.75316  0.618476  1.03211  0.75316  0.462317  1.37592  0.758569  
0.810727  0.189557  2.23703  0.810727  0.189557  2.23703  0.62927  0.12721  4.50171  
0.487499  1.34828  0.165537  0.487499  1.34828  0.165537  0.490187  1.35507  0.0773427  
0.607108  0.482427  1.19242  0.607108  0.482427  1.19242  0.48609  0.667557  1.19242  
0.548165  1.17517  0.659172  0.548165  1.17517  0.659172  0.518891  1.25877  0.844286  
0.673587  0.328919  2.01223  0.673587  0.328919  2.01223  0.688747  0.336322  1.53519  
0.482725  1.33514  0.408681  0.482725  1.33514  0.408681  0.655595  0.995556  0.564131  
0.537503  0.536294  1.48064  0.537503  0.536294  1.48064  0.679433  0.354227  1.48244  
0.559983  1.12843  1.06001  0.559983  1.12843  1.06001  0.531148  1.26318  0.126218  
0.626015  0.039795  2.50729  0.626015  0.039795  2.50729  0.408069  0.0223692  5.26466  
0.387162  1.62809  0.0128142  0.387162  1.62809  0.0128142  0.297149  1.88525  0.0430971  
0.531431  0.593213  1.19242  0.531431  0.593213  1.19242  0.417526  0.812981  1.21444  
0.426918  1.46065  0.507381  0.426918  1.46065  0.507381  0.37358  1.60817  0.413812  
0.495816  0.577892  1.80832  0.495816  0.577892  1.80832  0.495816  0.577892  1.80832  
0.372817  1.62655  0.249035  0.372817  1.62655  0.249035  0.275637  1.93442  0.316101  
0.403841  0.780457  1.34518  0.403841  0.780457  1.34518  0.406888  0.783504  1.34823  
0.423798  1.44211  0.894447  0.423798  1.44211  0.894447  0.426523  1.44484  0.897171  
0.460449  0.175886  2.38991  0.460449  0.175886  2.38991  0.587226  0.224314  5.88519  
0.318779  1.79887  0.135949  0.318779  1.79887  0.135949  0.316464  1.7858  0.295343  
0.340392  0.933453  1.23891  0.340392  0.933453  1.23891  0.289143  1.09661  1.19629  
0.356535  1.62851  0.76747  0.356535  1.62851  0.76747  0.33751  1.69038  0.769319  
0.410913  0.229689  2.38991  0.410913  0.229689  2.38991  0.410913  0.229689  2.38991  
0.30156  1.81801  0.441253  0.30156  1.81801  0.441253  0.293763  1.92075  0.133971  
0.34897  0.843664  1.92528  0.34897  0.843664  1.92528  0.465853  0.620129  1.92528  
0.317956  1.00983  1.19242  0.317956  1.00983  1.19242  0.246974  1.19778  1.19251  
0.385811  0.189049  3.26744  0.385811  0.189049  3.26744  0.330386  0.16189  5.53553  
0.2297  2.11103  0.085737  0.2297  2.11103  0.085737  0.195601  2.24624  0.085737  
0.244954  1.15558  1.35144  0.244954  1.15558  1.35144  0.285176  1.03357  1.54241  
0.250697  1.95951  0.796302  0.250697  1.95951  0.796302  0.199838  2.18458  0.750952  
0.255396  0.465533  2.38991  0.255396  0.465533  2.38991  0.392366  0.482674  5.92999  
0.20229  2.17327  0.425978  0.20229  2.17327  0.425978  0.20229  2.17327  0.425978  
0.235435  1.10754  2.1888  0.235435  1.10754  2.1888  0.23066  1.0835  2.83576  
0.187545  1.38472  1.19242  0.187545  1.38472  1.19242  0.134325  1.58697  1.19242  
0.216263  0.0826087  3.58496  0.216263  0.0826087  3.58496  0.361343  0.120412  5.93679  
0.144135  2.44869  0.2768  0.144135  2.44869  0.2768  0.144135  2.44869  0.2768  
0.160112  1.35984  2.05264  0.160112  1.35984  2.05264  0.157553  1.33811  2.49321  
0.139246  1.56646  1.19242  0.139246  1.56646  1.19242  0.1529  1.15562  5.78688  
0.143723  0.604175  3.4682  0.143723  0.604175  3.4682  0.0828379  0.306703  3.76759  
0.100822  2.63306  0.771053  0.100822  2.63306  0.771053  0.0596946  2.91716  0.977553  
0.0808292  0.919638  2.44336  0.0808292  0.919638  2.44336  0.0885399  0.45813  5.03457  
0.0650439  1.83588  1.67157  0.0650439  1.83588  1.67157  0.0274144  2.48518  3.39728  
0.0593809  0.022682  4.77078  0.0593809  0.022682  4.77078  0.363684  0.121421  5.91368  
0.0265631  3.31798  0.0794859  0.0265631  3.31798  0.0794859  0.0967287  2.73226  0.122782  
0.0117869  1.38668  2.38991  0.0117869  1.38668  2.38991  0.0114911  1.34701  2.46641  
