0.5  0  0  0.5  0  0  0.5  0  0  
1.42973e-93  0.5  0  1.42973e-93  0.5  0  0.00819355  0.436792  0.0550147  
1.43152e-70  0  0.5  1.43152e-70  0  0.5  0.0528032  0  0.447197  
0.464129  0.0179221  0.0179493  0.464129  0.0179221  0.0179493  0.427046  0.0567488  0.0162048  
0.43783  0.0466278  0.0155417  0.43783  0.0466278  0.0155417  0.399694  0.0881955  0.0121109  
0.41973  0.0200661  0.0602036  0.41973  0.0200661  0.0602036  3.11343  0.148845  0.446572  
0.405042  0.0831055  0.0118526  0.405042  0.0831055  0.0118526  0.415707  0.0474355  0.0368577  
0.392308  0.040385  0.0673066  0.392308  0.040385  0.0673066  0.361385  0.052786  0.0858285  
0.380942  0.0744097  0.0446481  0.380942  0.0744097  0.0446481  0.359883  0.0962994  0.0438172  
0.370583  0.0161593  0.113258  0.370583  0.0161593  0.113258  0.426783  0.0229293  0.0502875  
0.360977  0.130343  0.0086801  0.360977  0.130343  0.0086801  0.381389  0.10993  0.0086801  
0.35199  0.0647563  0.0832537  0.35199  0.0647563  0.0832537  0.357717  0.0658098  0.0764733  
0.343525  0.107578  0.0488964  0.343525  0.107578  0.0488964  24.9508  9.99433  3.65208  
0.335493  0.0308448  0.133663  0.335493  0.0308448  0.133663  70.2081  6.28096  38.5904  
0.327843  0.139878  0.0322787  0.327843  0.139878  0.0322787  0.327843  0.139878  0.0322787  
0.320518  0.0560899  0.123392  0.320518  0.0560899  0.123392  0.34074  0.0358689  0.123392  
0.313489  0.10492  0.0815918  0.313489  0.10492  0.0815918  82.0084  11.7034  59.6873  
0.30674  0.0119904  0.18127  0.30674  0.0119904  0.18127  2.18769  0.0829476  1.29137  
0.300132  0.193626  0.00624193  0.300132  0.193626  0.00624193  0.300132  0.193626  0.00624193  
0.293784  0.0966644  0.109552  0.293784  0.0966644  0.109552  0.291944  0.12342  0.0846355  
0.287635  0.152646  0.0597195  0.287635  0.152646  0.0597195  53.9847  21.4043  5.11691  
0.281645  0.0477659  0.17059  0.281645  0.0477659  0.17059  0.240298  0.00892652  0.250776  
0.275813  0.189159  0.0350284  0.275813  0.189159  0.0350284  0.280501  0.21121  0.00828965  
0.270195  0.0789281  0.150876  0.270195  0.0789281  0.150876  44.6003  4.91962  24.8116  
0.264607  0.139762  0.0956306  0.264607  0.139762  0.0956306  0.268919  0.13545  0.0956306  
0.259199  0.0225648  0.218236  0.259199  0.0225648  0.218236  4.2101  0.364942  2.42169  
0.253911  0.223033  0.0230553  0.253911  0.223033  0.0230553  45.6421  40.0916  4.14434  
0.248671  0.102102  0.149227  0.248671  0.102102  0.149227  0.221228  0.0489676  0.229805  
0.243717  0.168125  0.0881581  0.243717  0.168125  0.0881581  6.7894  4.37437  0.943458  
0.238661  0.040815  0.220524  0.238661  0.040815  0.220524  0.227228  0.0146795  0.258092  
0.23377  0.207993  0.0582373  0.23377  0.207993  0.0582373  40.0415  35.6263  9.97524  
0.228978  0.0762245  0.194797  0.228978  0.0762245  0.194797  23.5602  14.2612  22.0445  
0.224253  0.146491  0.129256  0.224253  0.146491  0.129256  2.33057  1.20513  1.23269  
0.21964  0.00873569  0.271625  0.21964  0.00873569  0.271625  2.29474  0.11049  2.86072  
0.215071  0.280481  0.0044486  0.215071  0.280481  0.0044486  0.635306  1.03272  0.0142973  
0.210591  0.140183  0.149227  0.210591  0.140183  0.149227  52.3059  33.2528  36.3985  
0.206158  0.215792  0.0780506  0.206158  0.215792  0.0780506  40.9952  37.4807  5.87806  
0.20181  0.0698782  0.228312  0.20181  0.0698782  0.228312  0.215397  0.0829851  0.201617  
0.197523  0.259944  0.042533  0.197523  0.259944  0.042533  21.8186  28.8001  4.70628  
0.193287  0.110225  0.196488  0.193287  0.110225  0.196488  0.193287  0.110225  0.196488  
0.189122  0.189432  0.121446  0.189122  0.189432  0.121446  26.5185  26.562  17.0291  
0.184996  0.0344398  0.280565  0.184996  0.0344398  0.280565  47.6768  8.87577  71.1685  
0.180935  0.294143  0.0249223  0.180935  0.294143  0.0249223  0.171332  0.278538  0.0501305  
0.176905  0.136305  0.186789  0.176905  0.136305  0.186789  17.22  13.268  18.182  
0.172961  0.219743  0.107296  0.172961  0.219743  0.107296  8.82612  11.467  4.19171  
0.169042  0.0568724  0.274086  0.169042  0.0568724  0.274086  10.5976  2.08159  12.1713  
0.165158  0.266826  0.0680159  0.165158  0.266826  0.0680159  0.189914  0.212946  0.0971399  
0.161344  0.100524  0.238133  0.161344  0.100524  0.238133  0.180596  0.0919157  0.227488  
0.157519  0.187294  0.155187  0.157519  0.187294  0.155187  0.171895  0.236912  0.222365  
0.153759  0.0162261  0.330015  0.153759  0.0162261  0.330015  0.248495  0.109974  0.446788  
0.150115  0.333499  0.0163862  0.150115  0.333499  0.0163862  1.0884  2.05974  0.0807105  
0.146456  0.16018  0.193364  0.146456  0.16018  0.193364  0.132085  0.154962  0.212953  
0.142795  0.251159  0.106046  0.142795  0.251159  0.106046  0.1325  0.261454  0.106046  
0.139249  0.0732198  0.287531  0.139249  0.0732198  0.287531  4.98008  2.99152  14.2706  
0.135677  0.301707  0.0626156  0.135677  0.301707  0.0626156  7.14695  13.5373  1.98436  
0.132192  0.120583  0.247225  0.132192  0.120583  0.247225  10.277  9.37442  17.453  
0.128667  0.214677  0.156656  0.128667  0.214677  0.156656  0.697799  0.9888  0.838496  
0.125229  0.029189  0.345582  0.125229  0.029189  0.345582  0.232285  0.0313653  0.236349  
0.121793  0.336843  0.0413641  0.121793  0.336843  0.0413641  0.321322  0.888682  0.0404028  
0.118399  0.149059  0.232542  0.118399  0.149059  0.232542  0.134825  0.137179  0.227996  
0.115039  0.24662  0.13834  0.115039  0.24662  0.13834  0.115039  0.24662  0.13834  
0.111722  0.0545059  0.333772  0.111722  0.0545059  0.333772  13.4579  6.56572  33.3813  
0.1084  0.299819  0.0917805  0.1084  0.299819  0.0917805  0.766049  1.46331  0.380074  
0.105127  0.104894  0.289979  0.105127  0.104894  0.289979  0.285634  0.145974  0.447997  
0.101878  0.205268  0.192855  0.101878  0.205268  0.192855  1.90853  3.84539  3.27267  
0.0986675  0.00616309  0.395169  0.0986675  0.00616309  0.395169  2.2885  0.142947  9.16558  
0.0954507  0.401392  0.0031571  0.0954507  0.401392  0.0031571  10.2075  42.9247  2.10784  
0.0922669  0.200676  0.207057  0.0922669  0.200676  0.207057  7.89256  21.3893  16.9476  
0.0891311  0.304946  0.105923  0.0891311  0.304946  0.105923  0.876699  3.22804  1.5721  
0.0859755  0.100261  0.313764  0.0859755  0.100261  0.313764  7.57468  26.6318  63.5114  
0.0829037  0.361701  0.0553952  0.0829037  0.361701  0.0553952  0.0912266  0.315508  0.0932659  
0.0798167  0.154279  0.265904  0.0798167  0.154279  0.265904  3.70898  7.16916  12.3562  
0.0767557  0.26124  0.162004  0.0767557  0.26124  0.162004  0.0802586  0.273162  0.146579  
0.0737411  0.0498674  0.376392  0.0737411  0.0498674  0.376392  4.37467  2.95837  30.1835  
0.0707208  0.399098  0.0301816  0.0707208  0.399098  0.0301816  0.0985078  0.371311  0.0301816  
0.0676976  0.185748  0.246555  0.0676976  0.185748  0.246555  1.27204  3.72744  3.78525  
0.0647573  0.295834  0.139409  0.0647573  0.295834  0.139409  1.19694  5.15893  0.530324  
0.0617968  0.0787369  0.359466  0.0617968  0.0787369  0.359466  0.0384762  0.114556  0.346967  
0.0588564  0.354982  0.0861618  0.0588564  0.354982  0.0861618  3.15142  14.8663  2.60688  
0.0559257  0.1353  0.308774  0.0559257  0.1353  0.308774  0.633851  2.34674  4.35127  
0.053046  0.247916  0.199038  0.053046  0.247916  0.199038  4.36932  20.4204  16.3945  
0.0502119  0.024325  0.425463  0.0502119  0.024325  0.425463  4.91647  4.18469  54.5765  
0.0473457  0.434976  0.0176782  0.0473457  0.434976  0.0176782  2.72865  131.986  4.9376  
0.0445028  0.209953  0.245545  0.0445028  0.209953  0.245545  0.522347  2.4643  2.88206  
0.0416886  0.325852  0.132459  0.0416886  0.325852  0.132459  0.0481531  0.280523  0.171324  
0.0388339  0.0972479  0.363918  0.0388339  0.0972479  0.363918  0.0388339  0.0972479  0.363918  
0.0360964  0.387795  0.0761081  0.0360964  0.387795  0.0761081  2.69413  59.673  16.2651  
0.0332533  0.156797  0.30995  0.0332533  0.156797  0.30995  13.3026  26.0818  59.059  
0.0303422  0.275187  0.194471  0.0303422  0.275187  0.194471  0.803719  8.86636  5.51842  
0.0278173  0.0405714  0.431611  0.0278173  0.0405714  0.431611  5.26137  2.94127  51.7681  
0.0250856  0.426685  0.0482299  0.0250856  0.426685  0.0482299  1.26102  21.4489  2.42446  
0.0223679  0.190304  0.287328  0.0223679  0.190304  0.287328  0.0136512  0.657691  0.966838  
0.0197191  0.311423  0.168858  0.0197191  0.311423  0.168858  0.00934125  0.347788  0.142871  
0.0169883  0.071691  0.411321  0.0169883  0.071691  0.411321  3.16307  13.3483  76.5844  
0.0143611  0.37561  0.110029  0.0143611  0.37561  0.110029  0.0153987  0.402747  0.0818538  
0.0117352  0.133504  0.354761  0.0117352  0.133504  0.354761  0.655414  7.45628  19.8136  
0.00908058  0.256962  0.233958  0.00908058  0.256962  0.233958  0.00703347  0.25984  0.233127  
0.00648314  0.0115189  0.481998  0.00648314  0.0115189  0.481998  0.0551256  0.0775414  12.0525  
0.00388061  0.484505  0.0116145  0.00388061  0.484505  0.0116145  0.26464  4.67307  0.278883  
0.00124515  0.237676  0.261079  0.00124515  0.237676  0.261079  0.00116334  0.237758  0.261079  
