2.20001  0.200012  2.20001  0.200012  2.20299  0.202988  
0.0506198  4.05062  0.0506198  4.05062  0.167321  4.05442  
2.20001  0.200012  2.20001  0.200012  2.2268  0.235486  
2.19995  0.233067  2.19995  0.233067  2.20375  0.215233  
2.19981  0.256243  2.19981  0.256243  2.20533  0.305988  
2.19962  0.278655  2.19962  0.278655  2.20017  0.227276  
2.19934  0.303175  2.19934  0.303175  2.19877  0.341339  
2.19899  0.327595  2.19899  0.327595  2.19855  0.352703  
2.19856  0.352585  2.19856  0.352585  2.23857  0.351308  
2.19803  0.377802  2.19803  0.377802  2.1882  0.770374  
2.19741  0.403864  2.19741  0.403864  2.20929  0.429115  
2.1967  0.430151  2.1967  0.430151  2.19802  0.378895  
2.19587  0.457272  2.19587  0.457272  2.20458  0.526542  
2.19492  0.484973  2.19492  0.484973  2.21412  0.480267  
2.19383  0.513131  2.19383  0.513131  2.21879  0.553682  
2.19257  0.54206  2.19257  0.54206  2.23553  0.590955  
2.1911  0.571568  2.1911  0.571568  2.24862  0.717579  
2.18935  0.601829  2.18935  0.601829  2.1963  0.59032  
2.18717  0.632465  2.18717  0.632465  2.17395  0.745325  
2.1844  0.663567  2.1844  0.663567  2.19063  0.660898  
2.18072  0.695634  2.18072  0.695634  2.18074  0.695648  
2.17587  0.72788  2.17587  0.72788  2.25463  0.63021  
2.16935  0.760176  2.16935  0.760176  2.17065  0.78224  
2.16041  0.79281  2.16041  0.79281  2.1574  0.830742  
2.14839  0.824626  2.14839  0.824626  2.16482  0.778797  
2.13116  0.856262  2.13116  0.856262  2.13903  0.853288  
2.11574  0.887242  2.11574  0.887242  2.12123  1.06865  
2.11211  0.924957  2.11211  0.924957  2.11439  0.971304  
2.1083  0.962601  2.1083  0.962601  2.14592  1.00022  
2.10423  1.00087  2.10423  1.00087  2.13455  1.03119  
2.09983  1.0403  2.09983  1.0403  2.10806  1.06793  
2.09516  1.08035  2.09516  1.08035  2.16291  1.03614  
2.09012  1.12153  2.09012  1.12153  2.09299  1.1244  
2.08475  1.16343  2.08475  1.16343  2.12104  1.08152  
2.07899  1.20645  2.07899  1.20645  2.13334  1.20934  
2.07287  1.25018  2.07287  1.25018  2.07105  1.3038  
2.06632  1.295  2.06632  1.295  2.07987  1.31349  
2.05912  1.34061  2.05912  1.34061  2.0767  1.54527  
2.05064  1.38625  2.05064  1.38625  2.07876  1.43027  
2.04033  1.43325  2.04033  1.43325  2.19341  1.42823  
2.02734  1.47866  2.02734  1.47866  2.02742  1.47874  
2.00917  1.52217  2.00917  1.52217  2.01098  1.52399  
1.98312  1.56115  1.98312  1.56115  2.00215  1.58019  
1.95459  1.59746  1.95459  1.59746  1.96372  1.6534  
1.94389  1.64935  1.94389  1.64935  1.99191  1.59469  
1.93263  1.70194  1.93263  1.70194  1.94199  1.85273  
1.92072  1.75531  1.92072  1.75531  1.9526  1.78739  
1.90808  1.80982  1.90808  1.80982  1.93948  1.84134  
1.89477  1.86505  1.89477  1.86505  2.09155  2.01151  
1.88066  1.92131  1.88066  1.92131  1.8505  2.03346  
1.86574  1.97835  1.86574  1.97835  1.88324  1.95767  
1.84973  2.0361  1.84973  2.0361  1.85048  2.03685  
1.832  2.09357  1.832  2.09357  1.83805  2.25376  
1.81052  2.14907  1.81052  2.14907  1.9338  2.08029  
1.78122  2.19666  1.78122  2.19666  2.12272  1.79259  
1.73986  2.23065  1.73986  2.23065  1.98322  2.35607  
1.71055  2.27967  1.71055  2.27967  1.69015  2.37469  
1.68969  2.34042  1.68969  2.34042  1.67442  2.51462  
1.66783  2.40178  1.66783  2.40178  1.77197  2.3115  
1.64493  2.46353  1.64493  2.46353  1.67355  2.45335  
1.62093  2.52568  1.62093  2.52568  1.67861  2.3719  
1.59585  2.58806  1.59585  2.58806  1.52908  2.74025  
1.56952  2.65048  1.56952  2.65048  1.54957  2.71462  
1.54131  2.71166  1.54131  2.71166  1.61091  2.56425  
1.50812  2.76606  1.50812  2.76606  1.51981  2.77775  
1.46373  2.80111  1.46373  2.80111  1.46376  2.80114  
1.41548  2.82781  1.41548  2.82781  1.40402  2.85945  
1.38467  2.88866  1.38467  2.88866  1.51888  2.75786  
1.35251  2.94842  1.35251  2.94842  1.3034  3.03965  
1.31919  3.00762  1.31919  3.00762  1.32874  3.01718  
1.28504  3.06633  1.28504  3.06633  1.315  3.0963  
1.24959  3.12418  1.24959  3.12418  1.24604  3.23707  
1.21348  3.18085  1.21348  3.18085  1.11005  3.35622  
1.1761  3.23694  1.1761  3.23694  1.19288  3.23349  
1.13795  3.29136  1.13795  3.29136  1.18511  3.24311  
1.09884  3.34445  1.09884  3.34445  1.05206  3.51363  
1.05895  3.39608  1.05895  3.39608  1.09908  3.3939  
1.01808  3.44619  1.01808  3.44619  1.17146  3.37217  
0.97668  3.49535  0.97668  3.49535  0.966375  3.52823  
0.934096  3.54094  0.934096  3.54094  0.848739  3.85244  
0.89163  3.58463  0.89163  3.58463  1.12119  3.39123  
0.847656  3.62667  0.847656  3.62667  0.878285  3.60996  
0.803315  3.66433  0.803315  3.66433  0.975594  3.58928  
0.759934  3.70511  0.759934  3.70511  0.873497  3.69628  
0.717955  3.75251  0.717955  3.75251  0.647834  3.84947  
0.674887  3.79563  0.674887  3.79563  0.758943  3.70674  
0.631222  3.83449  0.631222  3.83449  0.632764  3.8493  
0.586923  3.86958  0.586923  3.86958  0.542207  3.96586  
0.542464  3.90086  0.542464  3.90086  0.519963  3.91542  
0.49799  3.9287  0.49799  3.9287  0.405931  3.97616  
0.453384  3.95309  0.453384  3.95309  0.45709  3.95351  
0.40905  3.97447  0.40905  3.97447  0.595689  4.0071  
0.364907  3.99271  0.364907  3.99271  0.666947  4.06558  
0.321142  4.00822  0.321142  4.00822  0.368083  3.99172  
0.277743  4.02093  0.277743  4.02093  0.347324  4.03495  
0.234828  4.0312  0.234828  4.0312  0.253929  4.04777  
0.192679  4.03918  0.192679  4.03918  0.235462  4.03251  
0.151169  4.04499  0.151169  4.04499  0.155569  4.05064  
0.110297  4.04855  0.110297  4.04855  0.311142  4.12837  
0.0691135  4.05031  0.0691135  4.05031  0.0881094  4.06312  
