2  1.76325e-15  2  1.76325e-15  2.00538  0.00538055  
2.73502e-15  4  2.73502e-15  4  2.32021e-15  4  
1.99999  0.0102564  1.99999  0.0102564  1.99657  0.234062  
1.99994  0.0310871  1.99994  0.0310871  1.99993  0.0330921  
1.99983  0.0523514  1.99983  0.0523514  2.00552  0.124354  
1.99966  0.0740614  1.99966  0.0740614  1.99966  0.0740614  
1.99942  0.0962288  1.99942  0.0962288  1.99836  0.162001  
1.99912  0.118866  1.99912  0.118866  2.00532  0.115172  
1.99874  0.141987  1.99874  0.141987  1.99943  0.129788  
1.99829  0.165604  1.99829  0.165604  1.95905  0.817055  
1.99775  0.18973  1.99775  0.18973  1.99803  0.177296  
1.99713  0.21438  1.99713  0.21438  1.99875  0.23071  
1.99641  0.23957  1.99641  0.23957  1.99459  0.29388  
1.9956  0.26531  1.9956  0.26531  1.9956  0.26531  
1.99468  0.291619  1.99468  0.291619  1.99854  0.283307  
1.99365  0.318511  1.99365  0.318511  2.00115  0.326786  
1.9925  0.346003  1.9925  0.346003  1.99686  0.30182  
1.99123  0.37411  1.99123  0.37411  1.99123  0.37411  
1.98983  0.402848  1.98983  0.402848  1.99548  0.407771  
1.98829  0.432235  1.98829  0.432235  1.98795  0.438437  
1.9866  0.462292  1.9866  0.462292  1.9819  0.536943  
1.98475  0.493028  1.98475  0.493028  1.98576  0.476477  
1.98273  0.524466  1.98273  0.524466  1.98475  0.527499  
1.98054  0.556623  1.98054  0.556623  1.98271  0.560741  
1.97816  0.589518  1.97816  0.589518  1.97901  0.589972  
1.97558  0.62317  1.97558  0.62317  1.98671  0.59499  
1.97279  0.657596  1.97279  0.657596  1.96229  0.785067  
1.96977  0.692816  1.96977  0.692816  1.97217  0.676725  
1.96652  0.728849  1.96652  0.728849  1.98121  0.735083  
1.96301  0.765713  1.96301  0.765713  1.96028  0.793246  
1.95924  0.803429  1.95924  0.803429  1.97113  0.677148  
1.95519  0.842013  1.95519  0.842013  1.94106  0.963887  
1.95083  0.881485  1.95083  0.881485  1.94091  0.985949  
1.94616  0.921867  1.94616  0.921867  1.94699  0.923572  
1.94115  0.963169  1.94115  0.963169  1.94923  0.895565  
1.93579  1.00541  1.93579  1.00541  1.93579  1.00541  
1.93005  1.04861  1.93005  1.04861  1.91872  1.12874  
1.92392  1.09278  1.92392  1.09278  1.92553  1.09697  
1.91736  1.13795  1.91736  1.13795  1.91783  1.13808  
1.91036  1.18411  1.91036  1.18411  1.90926  1.2402  
1.90289  1.23128  1.90289  1.23128  1.91108  1.2346  
1.89492  1.27948  1.89492  1.27948  1.89668  1.27973  
1.88644  1.3287  1.88644  1.3287  1.88752  1.32894  
1.87739  1.37897  1.87739  1.37897  1.88245  1.35849  
1.86777  1.43027  1.86777  1.43027  1.90474  1.21975  
1.85754  1.48263  1.85754  1.48263  1.86047  1.48351  
1.84666  1.53601  1.84666  1.53601  1.87767  1.38496  
1.83511  1.59043  1.83511  1.59043  1.83511  1.59043  
1.82285  1.64587  1.82285  1.64587  1.82451  1.6444  
1.80984  1.70233  1.80984  1.70233  1.80991  1.70265  
1.79605  1.75977  1.79605  1.75977  1.79465  1.77017  
1.78145  1.81818  1.78145  1.81818  1.76803  1.86983  
1.76599  1.87753  1.76599  1.87753  1.70636  2.08674  
1.74964  1.93778  1.74964  1.93778  1.75528  1.93869  
1.73237  1.99889  1.73237  1.99889  1.82239  1.6479  
1.71414  2.06081  1.71414  2.06081  1.58645  2.45002  
1.6949  2.12349  1.6949  2.12349  1.67067  2.19898  
1.67463  2.18688  1.67463  2.18688  1.73366  1.99443  
1.6533  2.25088  1.6533  2.25088  1.73546  1.99754  
1.63086  2.31542  1.63086  2.31542  1.63091  2.3164  
1.60729  2.38043  1.60729  2.38043  1.7291  2.02098  
1.58257  2.44579  1.58257  2.44579  1.63836  2.29456  
1.55666  2.51141  1.55666  2.51141  1.55783  2.51452  
1.52955  2.57719  1.52955  2.57719  1.52955  2.57719  
1.50122  2.64299  1.50122  2.64299  1.50742  2.62883  
1.47165  2.70869  1.47165  2.70869  1.48088  2.71446  
1.44084  2.77415  1.44084  2.77415  1.59627  2.4245  
1.40879  2.83924  1.40879  2.83924  1.41137  2.84231  
1.37549  2.90381  1.37549  2.90381  1.1422  3.28997  
1.34096  2.96771  1.34096  2.96771  1.34286  2.96428  
1.30522  3.03077  1.30522  3.03077  1.49998  2.64579  
1.26829  3.09286  1.26829  3.09286  1.37525  2.90427  
1.2302  3.1538  1.2302  3.1538  1.50293  2.65801  
1.19099  3.21344  1.19099  3.21344  1.15876  3.26023  
1.15071  3.27162  1.15071  3.27162  1.15071  3.27162  
1.1094  3.3282  1.1094  3.3282  1.10641  3.3337  
1.06713  3.38304  1.06713  3.38304  1.08693  3.36277  
1.02397  3.43598  1.02397  3.43598  1.0925  3.35048  
0.979982  3.48691  0.979982  3.48691  1.04783  3.40708  
0.935252  3.53571  0.935252  3.53571  1.04012  3.43183  
0.889863  3.58226  0.889863  3.58226  0.891386  3.58251  
0.843899  3.62648  0.843899  3.62648  0.9032  3.57267  
0.79745  3.66828  0.79745  3.66828  0.662807  3.77891  
0.750617  3.7076  0.750617  3.7076  0.835413  3.63433  
0.703489  3.74438  0.703489  3.74438  0.788622  3.67591  
0.656163  3.7786  0.656163  3.7786  0.721384  3.73762  
0.608733  3.81022  0.608733  3.81022  0.688133  3.75601  
0.561293  3.83924  0.561293  3.83924  0.435087  3.90462  
0.513935  3.86568  0.513935  3.86568  0.601121  3.81505  
0.466747  3.88955  0.466747  3.88955  0.466747  3.88955  
0.419813  3.91089  0.419813  3.91089  0.592465  3.82165  
0.373215  3.92974  0.373215  3.92974  0.723383  3.72919  
0.32703  3.94616  0.32703  3.94616  0.298008  3.95937  
0.281328  3.96023  0.281328  3.96023  0.340559  3.9431  
0.236173  3.97201  0.236173  3.97201  0.239025  3.97413  
0.191628  3.9816  0.191628  3.9816  0.612258  3.80796  
0.147743  3.98907  0.147743  3.98907  0.0427964  3.99908  
0.104569  3.99453  0.104569  3.99453  0.113857  4.00156  
0.062146  3.99807  0.062146  3.99807  0.0929043  3.99915  
0.0205117  3.99979  0.0205117  3.99979  0.240705  3.9757  
