1.03887  1.31707e-06  1.03887  1.31707e-06  1.21214  0.155107  
4.69065e-07  1.22067  4.69065e-07  1.22067  6.48865e-05  1.22148  
0.993598  0.00483141  0.993598  0.00483141  1.20194  0.189367  
0.971253  0.0148075  0.971253  0.0148075  0.989278  0.0567683  
0.954198  0.0246415  0.954198  0.0246415  0.967468  0.0850594  
0.934563  0.0344779  0.934563  0.0344779  0.963325  0.0365718  
0.915063  0.0439591  0.915063  0.0439591  0.970772  0.0611116  
0.899539  0.0533197  0.899539  0.0533197  0.907222  0.0483313  
0.88142  0.0613875  0.88142  0.0613875  1.47881  0.620829  
0.864545  0.0716242  0.864545  0.0716242  0.867124  0.0973723  
0.848168  0.0801316  0.848168  0.0801316  1.0014  0.191108  
0.830904  0.0890019  0.830904  0.0890019  0.918393  0.212084  
0.816138  0.097168  0.816138  0.097168  0.819675  0.100566  
0.800576  0.106339  0.800576  0.106339  0.834998  0.0906844  
0.784953  0.114736  0.784953  0.114736  1.57381  0.777772  
0.770517  0.122987  0.770517  0.122987  1.05683  0.457073  
0.755585  0.131175  0.755585  0.131175  0.754392  0.13944  
0.741601  0.139329  0.741601  0.139329  4.79191  4.19025  
0.727587  0.147303  0.727587  0.147303  0.86855  0.280813  
0.714418  0.155314  0.714418  0.155314  0.883645  0.237654  
0.701385  0.163214  0.701385  0.163214  0.732557  0.164255  
0.68844  0.17096  0.68844  0.17096  1.64143  1.39712  
0.675249  0.178573  0.675249  0.178573  0.699355  0.172055  
0.662885  0.186277  0.662885  0.186277  0.659459  0.192187  
0.650732  0.19374  0.650732  0.19374  0.671144  0.192862  
0.638437  0.201223  0.638437  0.201223  0.650236  0.210507  
0.626548  0.208835  0.626548  0.208835  0.734434  0.336662  
0.614895  0.216276  0.614895  0.216276  0.665455  0.22802  
0.603448  0.223511  0.603448  0.223511  0.611893  0.220608  
0.592054  0.230816  0.592054  0.230816  0.662218  0.335218  
0.580958  0.238077  0.580958  0.238077  0.663752  0.266957  
0.569757  0.245323  0.569757  0.245323  0.572251  0.246863  
0.55899  0.252585  0.55899  0.252585  1.11564  0.691204  
0.548233  0.259695  0.548233  0.259695  0.656103  0.332764  
0.537773  0.266828  0.537773  0.266828  0.561251  0.276425  
0.527457  0.273973  0.527457  0.273973  0.55419  0.273768  
0.517229  0.281001  0.517229  0.281001  0.51925  0.283375  
0.507148  0.288037  0.507148  0.288037  0.522354  0.315712  
0.497352  0.295178  0.497352  0.295178  4.47717  3.89321  
0.487386  0.302096  0.487386  0.302096  0.468812  0.316144  
0.477732  0.309074  0.477732  0.309074  0.49817  0.324765  
0.468025  0.31599  0.468025  0.31599  0.47572  0.321538  
0.458579  0.322963  0.458579  0.322963  0.577196  0.397412  
0.449177  0.329929  0.449177  0.329929  0.497909  0.330204  
0.439954  0.336883  0.439954  0.336883  0.435911  0.340635  
0.430748  0.343808  0.430748  0.343808  2.86282  2.85523  
0.421691  0.350744  0.421691  0.350744  0.414071  0.375644  
0.412717  0.357698  0.412717  0.357698  0.419603  0.35908  
0.40382  0.364615  0.40382  0.364615  0.506667  0.380364  
0.395061  0.371593  0.395061  0.371593  0.382937  0.406115  
0.38631  0.378534  0.38631  0.378534  0.379511  0.387107  
0.377762  0.385599  0.377762  0.385599  0.39789  0.374347  
0.369193  0.392607  0.369193  0.392607  0.373917  0.389241  
0.360784  0.399676  0.360784  0.399676  0.372726  0.396998  
0.352264  0.4067  0.352264  0.4067  0.369524  0.49739  
0.344138  0.413753  0.344138  0.413753  0.337589  0.450952  
0.335657  0.420798  0.335657  0.420798  0.336637  0.421267  
0.327521  0.427896  0.327521  0.427896  0.329271  0.428435  
0.319382  0.43498  0.319382  0.43498  0.337826  0.422632  
0.31132  0.442133  0.31132  0.442133  0.335203  0.434391  
0.303366  0.449352  0.303366  0.449352  0.304386  0.450135  
0.295428  0.456616  0.295428  0.456616  0.292681  0.467923  
0.287548  0.463969  0.287548  0.463969  0.297241  0.511094  
0.279685  0.471345  0.279685  0.471345  0.282966  0.482218  
0.271924  0.478789  0.271924  0.478789  0.272246  0.481129  
0.264182  0.486282  0.264182  0.486282  0.318501  0.477931  
0.256385  0.493868  0.256385  0.493868  1.42807  1.75852  
0.248807  0.50151  0.248807  0.50151  0.248894  0.501624  
0.240969  0.509232  0.240969  0.509232  0.237294  0.513284  
0.233468  0.517025  0.233468  0.517025  0.316367  0.521608  
0.225902  0.524943  0.225902  0.524943  0.219187  0.533712  
0.218412  0.53292  0.218412  0.53292  0.239864  0.529595  
0.210941  0.541035  0.210941  0.541035  0.224098  0.538119  
0.203489  0.549246  0.203489  0.549246  0.203717  0.550302  
0.195955  0.557606  0.195955  0.557606  0.218371  0.582532  
0.188426  0.566093  0.188426  0.566093  0.21347  0.612467  
0.181031  0.5747  0.181031  0.5747  0.177776  0.579623  
0.173681  0.583455  0.173681  0.583455  0.170328  0.58806  
0.16633  0.592402  0.16633  0.592402  0.311318  0.707815  
0.158978  0.601508  0.158978  0.601508  0.160189  0.609386  
0.151623  0.610856  0.151623  0.610856  0.153679  0.614354  
0.144351  0.620412  0.144351  0.620412  0.150327  0.623091  
0.136976  0.630242  0.136976  0.630242  0.275212  0.780847  
0.129612  0.640331  0.129612  0.640331  2.43411  2.41036  
0.122252  0.650767  0.122252  0.650767  0.12754  0.653803  
0.114857  0.66147  0.114857  0.66147  0.11497  0.661596  
0.107445  0.672599  0.107445  0.672599  0.111652  0.667687  
0.0999777  0.684115  0.0999777  0.684115  0.0999777  0.686999  
0.0925132  0.696153  0.0925132  0.696153  0.0947238  0.697122  
0.0850376  0.708753  0.0850376  0.708753  0.103688  0.709738  
0.0774555  0.721985  0.0774555  0.721985  0.0875342  0.726384  
0.0698093  0.736009  0.0698093  0.736009  0.106935  0.77644  
0.0622072  0.750978  0.0622072  0.750978  0.332314  1.206  
0.0543858  0.767036  0.0543858  0.767036  0.0597507  0.769538  
0.0466328  0.784596  0.0466328  0.784596  0.0781593  0.79043  
0.0386549  0.803996  0.0386549  0.803996  0.0415504  0.804539  
0.0305746  0.82581  0.0305746  0.82581  0.0339309  0.82581  
0.0222793  0.851552  0.0222793  0.851552  0.0336839  0.867559  
0.0135426  0.884606  0.0135426  0.884606  0.0289142  0.905958  
0.00478566  0.934287  0.00478566  0.934287  0.00945959  0.90681  
