0.5  4.70932e-11  0.5  4.70932e-11  40.971  0.422383  
0  0.5  0  0.5  0  39.3996  
0.497449  0.00255102  0.497449  0.00255102  0.49202  0.00797988  
0.492347  0.00765305  0.492347  0.00765305  1.14269  0.017762  
0.487245  0.0127551  0.487245  0.0127551  0.477041  0.0229592  
0.482143  0.0178571  0.482143  0.0178571  21.333  0.746535  
0.477041  0.0229592  0.477041  0.0229592  0.477041  0.0229592  
0.471939  0.0280612  0.471939  0.0280612  72.2723  4.29727  
0.466837  0.0331633  0.466837  0.0331633  107.412  12.2059  
0.461735  0.0382653  0.461735  0.0382653  3.74565  0.355733  
0.456633  0.0433674  0.456633  0.0433674  0.466837  0.0331633  
0.451531  0.0484694  0.451531  0.0484694  29.3037  3.14559  
0.446429  0.0535715  0.446429  0.0535715  0.446429  0.0535715  
0.441327  0.0586735  0.441327  0.0586735  7.70196  1.37799  
0.436225  0.0637755  0.436225  0.0637755  0.429244  0.0707559  
0.431123  0.0688775  0.431123  0.0688775  70.8913  11.8152  
0.426021  0.0739795  0.426021  0.0739795  3.20773  0.303563  
0.420919  0.0790815  0.420919  0.0790815  0.4294  0.0715666  
0.415817  0.0841835  0.415817  0.0841835  45.1538  10.5075  
0.410715  0.0892855  0.410715  0.0892855  8.49816  2.04385  
0.405612  0.094388  0.405612  0.094388  21.9372  5.10491  
0.40051  0.09949  0.40051  0.09949  0.390306  0.109694  
0.395408  0.104592  0.395408  0.104592  0.405612  0.094388  
0.390306  0.109694  0.390306  0.109694  0.382355  0.117645  
0.385204  0.114796  0.385204  0.114796  0.383999  0.116001  
0.380102  0.119898  0.380102  0.119898  0.380102  0.119898  
0.375  0.125  0.375  0.125  73.0441  24.348  
0.369898  0.130102  0.369898  0.130102  0.369898  0.130102  
0.364796  0.135204  0.364796  0.135204  0.367347  0.132653  
0.359694  0.140306  0.359694  0.140306  0.359694  0.140306  
0.354592  0.145408  0.354592  0.145408  16.2364  6.33333  
0.34949  0.15051  0.34949  0.15051  0.34949  0.15051  
0.344388  0.155612  0.344388  0.155612  3.76747  1.78459  
0.339286  0.160714  0.339286  0.160714  26.1962  12.1207  
0.334184  0.165816  0.334184  0.165816  0.334184  0.165816  
0.329082  0.170918  0.329082  0.170918  6.89454  3.58089  
0.32398  0.17602  0.32398  0.17602  49.1384  26.1048  
0.318878  0.181122  0.318878  0.181122  1.30703  0.792788  
0.313775  0.186225  0.313775  0.186225  0.298469  0.201531  
0.308673  0.191327  0.308673  0.191327  15.3191  9.49534  
0.303571  0.196429  0.303571  0.196429  0.306123  0.193877  
0.298469  0.201531  0.298469  0.201531  0.392857  0.107143  
0.293368  0.206632  0.293368  0.206632  17.0216  11.9891  
0.288266  0.211734  0.288266  0.211734  0.772113  0.616274  
0.283164  0.216836  0.283164  0.216836  3.07552  2.35512  
0.278061  0.221939  0.278061  0.221939  0.288265  0.211735  
0.272959  0.227041  0.272959  0.227041  0.262682  0.237318  
0.267857  0.232143  0.267857  0.232143  0.252551  0.247449  
0.262755  0.237245  0.262755  0.237245  0.262755  0.237245  
0.257653  0.242347  0.257653  0.242347  31.1289  28.1067  
0.252551  0.247449  0.252551  0.247449  65.5145  63.6117  
0.247449  0.252551  0.247449  0.252551  4.14426  4.22971  
0.242347  0.257653  0.242347  0.257653  0.0886368  0.411363  
0.237245  0.262755  0.237245  0.262755  0.255102  0.244898  
0.232143  0.267857  0.232143  0.267857  39.6184  45.7135  
0.227041  0.272959  0.227041  0.272959  0.354001  0.453528  
0.221939  0.278061  0.221939  0.278061  0.211735  0.288265  
0.216836  0.283164  0.216836  0.283164  4.15901  5.43118  
0.211734  0.288266  0.211734  0.288266  1.87419  2.34813  
0.206632  0.293368  0.206632  0.293368  0.201531  0.298469  
0.201531  0.298469  0.201531  0.298469  20.0156  29.6434  
0.196429  0.303571  0.196429  0.303571  19.4895  30.1202  
0.191327  0.308673  0.191327  0.308673  7.2418  11.9392  
0.186224  0.313775  0.186224  0.313775  4.03453  6.65152  
0.181123  0.318877  0.181123  0.318877  0.178871  0.321129  
0.17602  0.323979  0.17602  0.323979  20.3179  39.2085  
0.170919  0.329082  0.170919  0.329082  0.140656  0.359344  
0.165817  0.334183  0.165817  0.334183  1.16685  2.38051  
0.160715  0.339286  0.160715  0.339286  0.155612  0.344388  
0.155612  0.344388  0.155612  0.344388  55.718  123.311  
0.15051  0.34949  0.15051  0.34949  0.15051  0.34949  
0.145408  0.354592  0.145408  0.354592  1.31977  27.2662  
0.140306  0.359694  0.140306  0.359694  2.94289  7.17654  
0.135204  0.364796  0.135204  0.364796  0.241102  0.650522  
0.130102  0.369898  0.130102  0.369898  0.137755  0.362245  
0.125  0.375  0.125  0.375  0.125  0.375  
0.119898  0.380102  0.119898  0.380102  0.130102  0.369898  
0.114796  0.385204  0.114796  0.385204  0.635762  2.19627  
0.109694  0.390306  0.109694  0.390306  2.49988  10.0636  
0.104592  0.395408  0.104592  0.395408  0.491841  1.91818  
0.09949  0.40051  0.09949  0.40051  20.0297  75.7219  
0.094388  0.405612  0.094388  0.405612  0.094388  0.405612  
0.0892855  0.410714  0.0892855  0.410714  0.0918365  0.408164  
0.0841835  0.415817  0.0841835  0.415817  8.30172  42.5464  
0.0790815  0.420918  0.0790815  0.420918  1.08713  6.52279  
0.0739795  0.426021  0.0739795  0.426021  0.0663265  0.433674  
0.0688775  0.431123  0.0688775  0.431123  0.0790815  0.420918  
0.0637755  0.436225  0.0637755  0.436225  2.62173  15.3009  
0.0586735  0.441327  0.0586735  0.441327  0.0484694  0.451531  
0.0535715  0.446429  0.0535715  0.446429  3.61533  22.8022  
0.0484694  0.451531  0.0484694  0.451531  3.84436  35.8133  
0.0433674  0.456633  0.0433674  0.456633  0.0459184  0.454082  
0.0382653  0.461735  0.0382653  0.461735  0.0377774  0.462223  
0.0331633  0.466837  0.0331633  0.466837  6.17543  61.0681  
0.0280612  0.471939  0.0280612  0.471939  0.00933607  0.490664  
0.0229592  0.477041  0.0229592  0.477041  0.0747897  1.51504  
0.0178571  0.482143  0.0178571  0.482143  3.51774  134.378  
0.0127551  0.487245  0.0127551  0.487245  0.0568539  5.51483  
0.00765305  0.492347  0.00765305  0.492347  0.261863  12.5694  
0.00255102  0.497449  0.00255102  0.497449  0.122948  11.9259  
