1  1.23914e-30  1  1.23914e-30  1  1.23914e-30  
6.12323e-17  1  6.12323e-17  1  6.12469e-17  1.00024  
0.999987  0.00512791  0.999987  0.00512791  0.999983  0.00591376  
0.999879  0.0155378  0.999879  0.0155378  0.999962  0.00867184  
0.999658  0.0261677  0.999658  0.0261677  1.01227  0.0264978  
0.999315  0.0370107  0.999315  0.0370107  0.999409  0.0370142  
0.998844  0.0480711  0.998844  0.0480711  0.983287  0.182134  
0.998237  0.0593542  0.998237  0.0593542  0.999812  0.0213429  
0.997486  0.0708571  0.997486  0.0708571  1.00145  0.106219  
0.996584  0.0825876  0.996584  0.0825876  0.996599  0.0825889  
0.995521  0.0945418  0.995521  0.0945418  0.994656  0.103242  
0.994288  0.106731  0.994288  0.106731  0.996887  0.10701  
0.992877  0.119145  0.992877  0.119145  0.995163  0.119419  
0.991278  0.131785  0.991278  0.131785  0.991279  0.131785  
0.989482  0.144654  0.989482  0.144654  0.998119  0.0616119  
0.987479  0.157749  0.987479  0.157749  0.987915  0.157819  
0.985255  0.171092  0.985255  0.171092  0.985255  0.171092  
0.982805  0.184645  0.982805  0.184645  0.985641  0.168852  
0.980116  0.198427  0.980116  0.198427  0.96107  0.277  
0.977177  0.212428  0.977177  0.212428  0.974601  0.227175  
0.973977  0.226649  0.973977  0.226649  0.725041  0.688876  
0.970505  0.241079  0.970505  0.241079  0.970505  0.241079  
0.966753  0.255712  0.966753  0.255712  0.966753  0.255712  
0.962703  0.270561  0.962703  0.270561  0.961043  0.278118  
0.958349  0.2856  0.958349  0.2856  0.961772  0.286621  
0.95368  0.300824  0.95368  0.300824  0.953698  0.30083  
0.948684  0.316227  0.948684  0.316227  0.948684  0.316227  
0.94335  0.331798  0.94335  0.331798  0.946001  0.324439  
0.937671  0.347523  0.937671  0.347523  0.93164  0.366481  
0.931633  0.363401  0.931633  0.363401  0.931735  0.363442  
0.925229  0.379408  0.925229  0.379408  0.94223  0.334966  
0.91845  0.395537  0.91845  0.395537  0.911385  0.412101  
0.911291  0.411763  0.911291  0.411763  0.911673  0.411935  
0.903738  0.428087  0.903738  0.428087  0.900048  0.435791  
0.89579  0.444477  0.89579  0.444477  0.921255  0.390892  
0.887443  0.460917  0.887443  0.460917  0.884289  0.46694  
0.878688  0.477397  0.878688  0.477397  0.921557  0.388706  
0.869526  0.493887  0.869526  0.493887  0.869545  0.493898  
0.859952  0.510376  0.859952  0.510376  0.873551  0.518447  
0.849966  0.526838  0.849966  0.526838  0.849966  0.526838  
0.839571  0.54325  0.839571  0.54325  0.877929  0.480913  
0.828767  0.559593  0.828767  0.559593  0.828961  0.559724  
0.817559  0.575846  0.817559  0.575846  0.366723  0.93039  
0.805954  0.591979  0.805954  0.591979  0.974998  0.222213  
0.793953  0.607979  0.793953  0.607979  0.796817  0.610172  
0.781567  0.623821  0.781567  0.623821  0.781589  0.623838  
0.768811  0.639476  0.768811  0.639476  0.791327  0.620753  
0.755687  0.654933  0.755687  0.654933  0.75594  0.655152  
0.742217  0.670159  0.742217  0.670159  0.742426  0.670348  
0.728413  0.685138  0.728413  0.685138  0.729412  0.686077  
0.714287  0.699853  0.714287  0.699853  0.714287  0.699853  
0.699853  0.714287  0.699853  0.714287  0.699853  0.714287  
0.685138  0.728413  0.685138  0.728413  0.610136  0.792297  
0.670159  0.742218  0.670159  0.742218  0.670557  0.74266  
0.654932  0.755688  0.654932  0.755688  0.654966  0.755727  
0.639479  0.768809  0.639479  0.768809  0.671746  0.740782  
0.623822  0.781566  0.623822  0.781566  0.623822  0.781566  
0.607981  0.793952  0.607981  0.793952  0.607981  0.793952  
0.591975  0.805957  0.591975  0.805957  0.591981  0.805965  
0.575845  0.817559  0.575845  0.817559  0.577345  0.819689  
0.559594  0.828767  0.559594  0.828767  0.551031  0.834485  
0.543252  0.83957  0.543252  0.83957  0.826542  0.562876  
0.526838  0.849966  0.526838  0.849966  0.526844  0.849975  
0.510372  0.859954  0.510372  0.859954  0.550627  0.834752  
0.493891  0.869524  0.493891  0.869524  0.493891  0.869524  
0.477398  0.878687  0.477398  0.878687  0.477402  0.878696  
0.460915  0.887444  0.460915  0.887444  0.515247  0.857042  
0.444477  0.89579  0.444477  0.89579  0.418994  0.907989  
0.428079  0.903742  0.428079  0.903742  0.375599  0.926823  
0.411758  0.911293  0.411758  0.911293  0.411758  0.911293  
0.395537  0.91845  0.395537  0.91845  0.395545  0.91847  
0.379409  0.925229  0.379409  0.925229  0.328042  0.944663  
0.363401  0.931633  0.363401  0.931633  0.363858  0.932803  
0.347529  0.937669  0.347529  0.937669  0.347529  0.937669  
0.331798  0.943351  0.331798  0.943351  0.323335  0.946284  
0.316222  0.948685  0.316222  0.948685  0.316251  0.948774  
0.300821  0.953681  0.300821  0.953681  0.300982  0.95419  
0.2856  0.958349  0.2856  0.958349  0.285762  0.958889  
0.270562  0.962703  0.270562  0.962703  0.270562  0.962705  
0.255721  0.966751  0.255721  0.966751  0.255745  0.966843  
0.24108  0.970505  0.24108  0.970505  0.186369  0.98248  
0.226646  0.973977  0.226646  0.973977  0.246518  0.969488  
0.212422  0.977178  0.212422  0.977178  0.212422  0.977178  
0.198428  0.980116  0.198428  0.980116  0.184029  0.982921  
0.184647  0.982805  0.184647  0.982805  0.210898  0.977508  
0.17109  0.985255  0.17109  0.985255  0.17109  0.985255  
0.157761  0.987477  0.157761  0.987477  0.147051  0.997043  
0.144658  0.989482  0.144658  0.989482  0.13824  0.990399  
0.131786  0.991278  0.131786  0.991278  0.983257  0.182693  
0.119142  0.992877  0.119142  0.992877  0.106926  0.994477  
0.106731  0.994288  0.106731  0.994288  0.131104  0.991369  
0.0945448  0.995521  0.0945448  0.995521  0.101387  0.994847  
0.0825892  0.996584  0.0825892  0.996584  0.0716484  0.99743  
0.0708593  0.997486  0.0708593  0.997486  0.0708593  0.997486  
0.059352  0.998237  0.059352  0.998237  0.059352  0.998238  
0.0480725  0.998844  0.0480725  0.998844  0.0352365  0.999379  
0.03701  0.999315  0.03701  0.999315  0.047629  0.998878  
0.0261665  0.999658  0.0261665  0.999658  0.0589499  0.998459  
0.0155412  0.999879  0.0155412  0.999879  0.0155413  0.999885  
0.00512709  0.999987  0.00512709  0.999987  0.93322  0.359305  
