2.05  0.0500465  2.05  0.0500465  2.05226  0.0901026  
0.206918  4.03767  0.206918  4.03767  0.909022  3.80149  
2.04999  0.0594938  2.04999  0.0594938  2.05123  0.0699406  
2.04995  0.0786921  2.04995  0.0786921  2.04964  0.12626  
2.04985  0.098287  2.04985  0.098287  2.04671  0.279498  
2.04971  0.118296  2.04971  0.118296  2.04989  0.0927307  
2.04951  0.138727  2.04951  0.138727  2.11693  0.620645  
2.04925  0.15959  2.04925  0.15959  2.04863  0.197913  
2.04893  0.180898  2.04893  0.180898  2.0524  0.154152  
2.04854  0.202667  2.04854  0.202667  2.04374  0.366188  
2.04809  0.224905  2.04809  0.224905  2.04809  0.224905  
2.04756  0.247629  2.04756  0.247629  2.05057  0.174195  
2.04695  0.270851  2.04695  0.270851  2.02377  0.695741  
2.04626  0.294583  2.04626  0.294583  2.04274  0.395317  
2.04548  0.318841  2.04548  0.318841  2.05196  0.258489  
2.0446  0.34364  2.0446  0.34364  2.0446  0.34364  
2.04363  0.368995  2.04363  0.368995  2.04756  0.247661  
2.04255  0.394922  2.04255  0.394922  2.03393  0.556085  
2.04136  0.421435  2.04136  0.421435  2.04074  0.434385  
2.04005  0.448552  2.04005  0.448552  2.0461  0.344998  
2.03861  0.47629  2.03861  0.47629  2.03075  0.603585  
2.03704  0.504663  2.03704  0.504663  1.99595  0.9736  
2.03532  0.53369  2.03532  0.53369  2.03749  0.547038  
2.03346  0.563387  2.03346  0.563387  1.86548  1.72815  
2.03143  0.593775  2.03143  0.593775  2.03326  0.595604  
2.02924  0.624872  2.02924  0.624872  2.02371  0.715881  
2.02686  0.656693  2.02686  0.656693  2.03731  0.499874  
2.02429  0.689259  2.02429  0.689259  2.01674  0.776493  
2.02152  0.722591  2.02152  0.722591  2.02226  0.723328  
2.01854  0.7567  2.01854  0.7567  1.99571  0.97568  
2.01532  0.79162  2.01532  0.79162  2.02419  0.782328  
2.01187  0.827358  2.01187  0.827358  2.00756  0.869676  
2.00816  0.863937  2.00816  0.863937  1.96007  1.23595  
2.00417  0.901378  2.00417  0.901378  2.01337  0.812023  
1.9999  0.939695  1.9999  0.939695  1.9999  0.939695  
1.99532  0.978909  1.99532  0.978909  1.98642  1.05509  
1.99042  1.01904  1.99042  1.01904  1.98774  1.04029  
1.98518  1.0601  1.98518  1.0601  1.94154  1.34936  
1.97958  1.10211  1.97958  1.10211  2.00452  0.898148  
1.97359  1.14509  1.97359  1.14509  2.02143  0.723733  
1.9672  1.18905  1.9672  1.18905  2.02377  0.695747  
1.96038  1.234  1.96038  1.234  2.03485  0.586009  
1.9531  1.27996  1.9531  1.27996  1.95726  1.28507  
1.94535  1.32695  1.94535  1.32695  2.04419  0.354543  
1.93709  1.37495  1.93709  1.37495  1.96501  1.20367  
1.92831  1.42399  1.92831  1.42399  1.9283  1.424  
1.91896  1.47408  1.91896  1.47408  1.9697  1.17207  
1.90902  1.5252  1.90902  1.5252  1.81365  1.94196  
1.89846  1.57736  1.89846  1.57736  1.53438  2.73076  
1.88724  1.63055  1.88724  1.63055  1.3421  3.11077  
1.87535  1.68477  1.87535  1.68477  1.97335  1.1468  
1.86273  1.74  1.86273  1.74  1.90574  1.54163  
1.84936  1.79621  1.84936  1.79621  1.84936  1.79621  
1.8352  1.85341  1.8352  1.85341  1.40141  2.99869  
1.82022  1.91154  1.82022  1.91154  1.92454  1.44443  
1.80438  1.97058  1.80438  1.97058  1.74617  2.17281  
1.78765  2.03049  1.78765  2.03049  1.72746  2.22871  
1.76998  2.09123  1.76998  2.09123  1.90116  1.56812  
1.75136  2.15273  1.75136  2.15273  1.85068  1.80218  
1.73175  2.21493  1.73175  2.21493  1.61422  2.54256  
1.7111  2.27776  1.7111  2.27776  1.74813  2.16314  
1.6894  2.34116  1.6894  2.34116  1.64405  2.46678  
1.66662  2.40503  1.66662  2.40503  1.62524  2.51464  
1.64272  2.46928  1.64272  2.46928  1.43673  2.93234  
1.61769  2.53381  1.61769  2.53381  1.46993  2.87634  
1.59152  2.59851  1.59152  2.59851  1.59152  2.59851  
1.56417  2.66326  1.56417  2.66326  1.85483  1.77346  
1.53565  2.72795  1.53565  2.72795  1.15362  3.38589  
1.50594  2.79243  1.50594  2.79243  1.93311  1.45093  
1.47505  2.85658  1.47505  2.85658  1.44981  2.92397  
1.44298  2.92026  1.44298  2.92026  1.37892  3.0393  
1.40976  2.9833  1.40976  2.9833  1.62397  2.51788  
1.37538  3.04557  1.37538  3.04557  1.37538  3.04557  
1.33988  3.10693  1.33988  3.10693  1.31109  3.15724  
1.3033  3.16721  1.3033  3.16721  1.31235  3.15256  
1.26566  3.22627  1.26566  3.22627  1.28921  3.18966  
1.22701  3.28397  1.22701  3.28397  1.22591  3.28558  
1.18742  3.34016  1.18742  3.34016  1.09592  3.4611  
1.14692  3.39471  1.14692  3.39471  1.21644  3.29925  
1.10559  3.44748  1.10559  3.44748  1.22256  3.30026  
1.06351  3.49836  1.06351  3.49836  1.3163  3.16415  
1.02073  3.54724  1.02073  3.54724  1.12478  3.42334  
0.977344  3.59403  0.977344  3.59403  0.971154  3.60048  
0.933435  3.63862  0.933435  3.63862  0.822644  3.74039  
0.889084  3.68094  0.889084  3.68094  0.97742  3.59395  
0.844379  3.72095  0.844379  3.72095  0.778501  3.7752  
0.799404  3.75858  0.799404  3.75858  0.799404  3.75858  
0.754252  3.79381  0.754252  3.79381  0.603895  3.89354  
0.709002  3.82662  0.709002  3.82662  0.731676  3.81049  
0.66375  3.857  0.66375  3.857  0.622408  3.88977  
0.618572  3.88496  0.618572  3.88496  0.428096  3.97787  
0.573552  3.91051  0.573552  3.91051  0.575709  3.91395  
0.528768  3.9337  0.528768  3.9337  0.392891  3.99077  
0.484287  3.95456  0.484287  3.95456  0.55281  3.92153  
0.440181  3.97314  0.440181  3.97314  0.460062  3.96502  
0.396518  3.98951  0.396518  3.98951  2.29784  1.52141  
0.353351  4.00372  0.353351  4.00372  0.412125  3.98495  
0.310735  4.01586  0.310735  4.01586  0.471487  3.96017  
0.26872  4.02601  0.26872  4.02601  0.26872  4.02601  
0.22735  4.03424  0.22735  4.03424  0.211672  4.03731  
