2.05  0.0500116  2.05  0.0500116  2.04968  0.121927  
0.206918  4.03767  0.206918  4.03767  0.408758  4.13112  
2.04999  0.0595905  2.04999  0.0595905  2.04994  0.0926636  
2.04995  0.0790573  2.04995  0.0790573  2.04879  0.208017  
2.04985  0.0989369  2.04985  0.0989369  2.04982  0.104056  
2.0497  0.119231  2.0497  0.119231  2.04955  0.134625  
2.04949  0.139947  2.04949  0.139947  2.04925  0.159249  
2.04923  0.161112  2.04923  0.161112  2.04923  0.161112  
2.0489  0.182724  2.0489  0.182724  2.0472  0.261758  
2.0485  0.2048  2.0485  0.2048  2.04946  0.143254  
2.04803  0.227354  2.04803  0.227354  2.29171  0.819719  
2.04749  0.250398  2.04749  0.250398  2.04749  0.250398  
2.04686  0.273949  2.04686  0.273949  2.04709  0.274172  
2.04615  0.298013  2.04615  0.298013  2.41288  0.637441  
2.04535  0.32261  2.04535  0.32261  2.41466  0.775475  
2.04445  0.347766  2.04445  0.347766  2.044  0.359524  
2.04345  0.373479  2.04345  0.373479  2.03055  0.680072  
2.04234  0.39977  2.04234  0.39977  2.03195  0.609447  
2.04111  0.426648  2.04111  0.426648  2.04284  0.388105  
2.03977  0.454143  2.03977  0.454143  2.03864  0.508813  
2.03829  0.482275  2.03829  0.482275  2.03829  0.482275  
2.03667  0.511045  2.03667  0.511045  2.07311  0.550292  
2.03491  0.540476  2.03491  0.540476  2.14045  0.714644  
2.03299  0.570585  2.03299  0.570585  2.06958  0.60718  
2.03091  0.601393  2.03091  0.601393  2.32124  0.921777  
2.02865  0.632913  2.02865  0.632913  2.10004  0.730038  
2.02621  0.665175  2.02621  0.665175  2.02196  0.717402  
2.02357  0.698186  2.02357  0.698186  2.02357  0.698186  
2.02072  0.731968  2.02072  0.731968  2.0862  0.88896  
2.01765  0.766544  2.01765  0.766544  2.16646  0.91536  
2.01434  0.80193  2.01434  0.80193  1.96709  1.19786  
2.01079  0.838144  2.01079  0.838144  2.17784  1.48608  
2.00698  0.875208  2.00698  0.875208  1.95397  1.27457  
2.00288  0.913141  2.00288  0.913141  2.45437  1.23171  
1.99849  0.95196  1.99849  0.95196  2.08077  1.53665  
1.99379  0.991683  1.99379  0.991683  1.98174  1.08612  
1.98875  1.03233  1.98875  1.03233  2.05103  1.18795  
1.98336  1.07392  1.98336  1.07392  1.95024  1.29751  
1.97761  1.11646  1.97761  1.11646  1.75159  2.15339  
1.97146  1.15997  1.97146  1.15997  1.99582  1.28889  
1.96489  1.20447  1.96489  1.20447  2.28332  1.3118  
1.95788  1.24998  1.95788  1.24998  1.83905  2.6167  
1.95041  1.29649  1.95041  1.29649  2.0236  1.36968  
1.94245  1.34403  1.94245  1.34403  1.83951  2.21683  
1.93397  1.39259  1.93397  1.39259  1.89029  1.6433  
1.92495  1.4422  1.92495  1.4422  1.90335  1.55344  
1.91536  1.49284  1.91536  1.49284  1.82036  2.07464  
1.90515  1.54453  1.90515  1.54453  1.90487  1.54593  
1.89432  1.59725  1.89432  1.59725  1.85772  1.76244  
1.88281  1.65099  1.88281  1.65099  1.88119  1.67427  
1.87061  1.70576  1.87061  1.70576  2.02012  1.85528  
1.85767  1.76154  1.85767  1.76154  1.5532  2.68848  
1.84396  1.8183  1.84396  1.8183  1.84396  1.8183  
1.82944  1.87602  1.82944  1.87602  2.29894  2.0111  
1.81409  1.93467  1.81409  1.93467  2.26103  2.16059  
1.79786  1.99421  1.79786  1.99421  2.06473  1.83882  
1.78072  2.05461  1.78072  2.05461  1.67075  3.12543  
1.76263  2.11581  1.76263  2.11581  1.76263  2.11581  
1.74357  2.17776  1.74357  2.17776  2.3853  1.79241  
1.72349  2.24037  1.72349  2.24037  1.39006  3.0221  
1.70237  2.3036  1.70237  2.3036  1.38316  3.03174  
1.68017  2.36735  1.68017  2.36735  1.6647  2.41028  
1.65688  2.43155  1.65688  2.43155  1.66144  2.41919  
1.63245  2.49609  1.63245  2.49609  1.40335  2.99512  
1.60688  2.56087  1.60688  2.56087  1.5591  2.67498  
1.58015  2.62577  1.58015  2.62577  1.86627  2.09028  
1.55223  2.69068  1.55223  2.69068  1.23316  3.53491  
1.52313  2.75548  1.52313  2.75548  2.11763  1.79883  
1.49283  2.82002  1.49283  2.82002  1.45813  2.89133  
1.46133  2.88417  1.46133  2.88417  1.76172  3.16586  
1.42866  2.94779  1.42866  2.94779  1.42882  2.94795  
1.39482  3.01072  1.39482  3.01072  1.39102  3.01759  
1.35982  3.07282  1.35982  3.07282  1.51608  2.9945  
1.32371  3.13394  1.32371  3.13394  1.36123  3.17146  
1.2865  3.19392  1.2865  3.19392  1.39629  3.3037  
1.24825  3.25262  1.24825  3.25262  1.28346  3.87268  
1.209  3.30989  1.209  3.30989  1.00725  3.79395  
1.1688  3.36559  1.1688  3.36559  2.19138  2.42884  
1.12772  3.41958  1.12772  3.41958  0.960056  3.61705  
1.08582  3.47174  1.08582  3.47174  1.04639  3.51894  
1.04317  3.52195  1.04317  3.52195  2.098  2.08303  
0.999858  3.5701  0.999858  3.5701  1.83066  3.45583  
0.955949  3.61609  0.955949  3.61609  0.955949  3.61609  
0.91154  3.65985  0.91154  3.65985  0.91154  3.65985  
0.866713  3.70129  0.866713  3.70129  1.00224  3.71611  
0.821553  3.74037  0.821553  3.74037  0.929829  3.65299  
0.776157  3.77703  0.776157  3.77703  0.826912  3.73587  
0.730604  3.81126  0.730604  3.81126  0.841743  3.9224  
0.684991  3.84304  0.684991  3.84304  1.44036  3.60168  
0.639398  3.87236  0.639398  3.87236  0.6479  3.86707  
0.59391  3.89924  0.59391  3.89924  0.637747  3.87338  
0.548608  3.9237  0.548608  3.9237  1.85706  3.30024  
0.50357  3.94578  0.50357  3.94578  0.576759  4.01897  
0.458864  3.96552  0.458864  3.96552  0.587111  3.91247  
0.414566  3.98298  0.414566  3.98298  1.27092  3.88593  
0.370737  3.99823  0.370737  3.99823  0.433155  3.97591  
0.32743  4.01133  0.32743  4.01133  1.96022  2.82954  
0.284703  4.02236  0.284703  4.02236  0.295535  4.01974  
0.242603  4.03141  0.242603  4.03141  0.248142  4.03032  
0.206918  4.03767  0.206918  4.03767  0.225474  4.03541  
