2  1.49982e-15  2  1.49982e-15  1.98744  0.0487196  
2.01955e-15  4  2.01955e-15  4  0.0224038  4.01424  
1.99488  0.0102301  1.99488  0.0102301  1.99488  0.0102301  
1.98458  0.030848  1.98458  0.030848  1.97354  0.0529131  
1.97416  0.0516794  1.97416  0.0516794  1.77993  0.440134  
1.96364  0.072727  1.96364  0.072727  1.97268  0.0546392  
1.953  0.0939947  1.953  0.0939947  1.99056  0.0421624  
1.94226  0.115485  1.94226  0.115485  1.94275  0.115979  
1.9314  0.137203  1.9314  0.137203  1.92846  0.148656  
1.92042  0.159151  1.92042  0.159151  1.92042  0.159151  
1.90933  0.181333  1.90933  0.181333  1.87565  0.249105  
1.89812  0.203753  1.89812  0.203753  1.93375  0.155294  
1.88679  0.226415  1.88679  0.226415  1.88996  0.220086  
1.87534  0.249321  1.87534  0.249321  1.8684  0.270198  
1.86376  0.272479  1.86376  0.272479  1.86473  0.291008  
1.85205  0.29589  1.85205  0.29589  1.8129  0.396503  
1.84022  0.319559  1.84022  0.319559  1.88682  0.226368  
1.82826  0.34349  1.82826  0.34349  1.83303  0.337766  
1.81616  0.367687  1.81616  0.367687  1.85308  0.293848  
1.80392  0.392156  1.80392  0.392156  1.78961  0.424094  
1.79155  0.416903  1.79155  0.416903  1.79818  0.405183  
1.77904  0.441927  1.77904  0.441927  1.77904  0.441927  
1.76638  0.467237  1.76638  0.467237  1.74053  0.530132  
1.75358  0.492837  1.75358  0.492837  1.74276  0.53138  
1.74063  0.518732  1.74063  0.518732  1.77968  0.440647  
1.72754  0.544928  1.72754  0.544928  1.68527  0.63866  
1.71429  0.571428  1.71429  0.571428  1.70273  0.594546  
1.70088  0.598239  1.70088  0.598239  1.6954  0.609192  
1.68732  0.625368  1.68732  0.625368  1.71412  0.572192  
1.67359  0.652818  1.67359  0.652818  1.66165  0.700508  
1.6597  0.680595  1.6597  0.680595  1.56646  0.915758  
1.64565  0.708707  1.64565  0.708707  1.5411  0.917805  
1.63142  0.737157  1.63142  0.737157  1.65822  0.72263  
1.61702  0.765959  1.61702  0.765959  1.66827  0.688358  
1.60245  0.795108  1.60245  0.795108  1.57133  0.862989  
1.58769  0.824615  1.58769  0.824615  1.58769  0.824615  
1.57276  0.854488  1.57276  0.854488  1.57628  0.858013  
1.55763  0.884735  1.55763  0.884735  1.76336  0.473283  
1.54232  0.91536  1.54232  0.91536  1.52729  0.94542  
1.52681  0.946371  1.52681  0.946371  1.51816  0.986988  
1.51111  0.977777  1.51111  0.977777  1.52317  0.989833  
1.49521  1.00958  1.49521  1.00958  1.4978  1.0265  
1.4791  1.0418  1.4791  1.0418  1.67541  0.669874  
1.46278  1.07443  1.46278  1.07443  1.46278  1.07443  
1.44625  1.10749  1.44625  1.10749  1.39161  1.22649  
1.42951  1.14098  1.42951  1.14098  1.42791  1.14418  
1.41254  1.17492  1.41254  1.17492  1.38382  1.27252  
1.39535  1.2093  1.39535  1.2093  1.40609  1.19492  
1.37793  1.24415  1.37793  1.24415  1.34331  1.31339  
1.36027  1.27946  1.36027  1.27946  1.35179  1.29643  
1.34237  1.31525  1.34237  1.31525  1.34412  1.317  
1.32423  1.35154  1.32423  1.35154  0.953431  2.09314  
1.30584  1.38831  1.30584  1.38831  1.28791  1.42965  
1.2872  1.4256  1.2872  1.4256  1.28269  1.43513  
1.26829  1.46341  1.26829  1.46341  1.29718  1.43439  
1.24912  1.50175  1.24912  1.50175  1.21105  1.57791  
1.22968  1.54063  1.22968  1.54063  0.781549  2.46508  
1.20996  1.58007  1.20996  1.58007  1.22064  1.55942  
1.18996  1.62007  1.18996  1.62007  1.21987  1.56026  
1.16967  1.66065  1.16967  1.66065  1.24305  1.51459  
1.14909  1.70182  1.14909  1.70182  1.1496  1.70233  
1.1282  1.74359  1.1282  1.74359  1.14469  1.72828  
1.10701  1.78598  1.10701  1.78598  1.1608  1.6784  
1.0855  1.829  1.0855  1.829  1.06675  1.8665  
1.06367  1.87266  1.06367  1.87266  1.04601  1.91721  
1.04151  1.91698  1.04151  1.91698  1.11913  1.76175  
1.01901  1.96198  1.01901  1.96198  0.997936  2.00413  
0.99617  2.00766  0.99617  2.00766  0.976114  2.04777  
0.972974  2.05405  0.972974  2.05405  0.974097  2.05181  
0.949416  2.10117  0.949416  2.10117  1.15364  1.79699  
0.925489  2.14902  0.925489  2.14902  0.92793  2.15146  
0.901185  2.19763  0.901185  2.19763  0.980515  2.05379  
0.876494  2.24701  0.876494  2.24701  0.910754  2.17849  
0.851405  2.29719  0.851405  2.29719  0.823468  2.35306  
0.825911  2.34818  0.825911  2.34818  0.87226  2.2606  
0.8  2.4  0.8  2.4  0.774561  2.45419  
0.773663  2.45267  0.773663  2.45267  0.709506  2.58293  
0.746888  2.50622  0.746888  2.50622  0.789035  2.42379  
0.719666  2.56067  0.719666  2.56067  0.5116  2.97968  
0.691984  2.61603  0.691984  2.61603  0.631782  2.73644  
0.663831  2.67234  0.663831  2.67234  0.695433  2.60913  
0.635194  2.72961  0.635194  2.72961  0.628935  2.76488  
0.606059  2.78788  0.606059  2.78788  0.632646  2.74086  
0.576418  2.84716  0.576418  2.84716  0.624165  2.79105  
0.546255  2.90749  0.546255  2.90749  0.573918  2.89145  
0.515555  2.96889  0.515555  2.96889  0.607745  2.78702  
0.484304  3.03139  0.484304  3.03139  0.451742  3.1006  
0.452489  3.09502  0.452489  3.09502  0.532067  2.93587  
0.420091  3.15982  0.420091  3.15982  0.434915  3.14037  
0.387097  3.22581  0.387097  3.22581  0.427141  3.14832  
0.353488  3.29302  0.353488  3.29302  0.293356  3.41329  
0.319249  3.3615  0.319249  3.3615  0.278876  3.44225  
0.28436  3.43128  0.28436  3.43128  0.576046  2.85174  
0.248804  3.50239  0.248804  3.50239  0.305771  3.3932  
0.21256  3.57488  0.21256  3.57488  0.172961  3.65408  
0.17561  3.64878  0.17561  3.64878  0.255688  3.49126  
0.13793  3.72414  0.13793  3.72414  0.175335  3.64933  
0.0995019  3.801  0.0995019  3.801  0.208792  3.58517  
0.0603008  3.8794  0.0603008  3.8794  0.0534262  3.89997  
0.0203042  3.95939  0.0203042  3.95939  0.0130861  3.97383  
