2.05  0.0500812  0.050277  2.05  0.0500812  0.050277  2.04993  0.083552  0.050277  
0.206873  4.03651  0.194578  0.206873  4.03651  0.194578  0.388996  4.19787  0.873333  
0.192725  0.180427  6.0315  0.192725  0.180427  6.0315  0.512818  0.853929  5.90525  
2.04947  0.126328  0.126431  2.04947  0.126328  0.126431  2.04172  0.444028  0.10975  
2.0471  0.261243  0.112838  2.0471  0.261243  0.112838  2.07984  0.393034  0.176345  
2.04719  0.14488  0.334519  2.04719  0.14488  0.334519  2.02539  0.228829  0.949123  
2.0396  0.45548  0.108018  2.0396  0.45548  0.108018  1.98593  1.08515  0.1012  
2.04418  0.253956  0.390242  2.04418  0.253956  0.390242  2.03167  0.412194  0.669381  
2.03916  0.436076  0.28185  2.03916  0.436076  0.28185  2.32498  0.664518  0.882907  
2.03937  0.13628  0.654159  2.03937  0.13628  0.654159  2.11704  0.389346  0.371434  
2.01851  0.756343  0.0971832  2.01851  0.756343  0.0971832  1.97247  1.15249  0.0971832  
2.03569  0.412942  0.515606  2.03569  0.412942  0.515606  1.60586  2.7717  0.817847  
2.02412  0.663772  0.329392  2.02412  0.663772  0.329392  2.06031  0.70024  0.391429  
2.03078  0.23099  0.834236  2.03078  0.23099  0.834236  2.06737  0.267584  0.870831  
2.00565  0.877912  0.241338  2.00565  0.877912  0.241338  2.00565  0.877912  0.241338  
2.02659  0.393576  0.806468  2.02659  0.393576  0.806468  2.00953  0.385505  1.14036  
2.01587  0.703668  0.55693  2.01587  0.703668  0.55693  2.12928  0.816149  0.615802  
2.01242  0.121782  1.20263  2.01242  0.121782  1.20263  2.08965  0.223425  1.21679  
1.95454  1.27076  0.0895813  1.95454  1.27076  0.0895813  2.10921  2.50568  1.20401  
2.00931  0.690409  0.776085  2.00931  0.690409  0.776085  2.04685  0.727955  0.81363  
1.97964  1.06756  0.448405  1.97964  1.06756  0.448405  2.14137  1.38632  0.743302  
2.00426  0.379083  1.22643  2.00426  0.379083  1.22643  2.00426  0.379083  1.22643  
1.94171  1.33863  0.288009  1.94171  1.33863  0.288009  1.95304  1.27008  0.288009  
1.99686  0.615813  1.13044  1.99686  0.615813  1.13044  1.99686  0.615813  1.13044  
1.97182  1.05732  0.74022  1.97182  1.05732  0.74022  2.14085  1.38806  1.56178  
1.97491  0.216285  1.65943  1.97491  0.216285  1.65943  1.6937  0.323659  3.44349  
1.88248  1.64872  0.215584  1.88248  1.64872  0.215584  1.53818  2.83499  0.287782  
1.97355  0.834533  1.19663  1.97355  0.834533  1.19663  2.12261  0.967329  2.28336  
1.92976  1.33958  0.725716  1.92976  1.33958  0.725716  1.87629  1.60552  0.857242  
1.95617  0.374002  1.79996  1.95617  0.374002  1.79996  1.8825  0.493243  2.35986  
1.87423  1.66197  0.500882  1.87423  1.66197  0.500882  1.98401  1.77175  0.610667  
1.95116  0.678747  1.65645  1.95116  0.678747  1.65645  1.98776  0.715341  1.69304  
1.92185  1.26426  1.12146  1.92185  1.26426  1.12146  1.97681  1.32562  1.47362  
1.90055  0.123223  2.32314  1.90055  0.123223  2.32314  1.90055  0.123223  2.32314  
1.72897  2.22342  0.0842518  1.72897  2.22342  0.0842518  2.12703  0.277405  1.24507  
1.90346  1.2756  1.35476  1.90346  1.2756  1.35476  1.94352  1.31566  1.39482  
1.81391  1.8828  0.71293  1.81391  1.8828  0.71293  1.85154  1.92043  0.750559  
1.89907  0.685859  2.12813  1.89907  0.685859  2.12813  1.99235  0.958884  0.484645  
1.72148  2.23354  0.407281  1.72148  2.23354  0.407281  1.72259  2.23499  0.333043  
1.88071  1.08709  1.89837  1.88071  1.08709  1.89837  1.836  1.07795  2.59167  
1.80919  1.79978  1.17174  1.80919  1.79978  1.17174  1.9602  1.524  1.24117  
1.83159  0.37157  2.73343  1.83159  0.37157  2.73343  1.89708  1.01628  2.84042  
1.60589  2.55933  0.26273  1.60589  2.55933  0.26273  1.75579  1.67544  3.22823  
1.82578  1.40846  1.91201  1.82578  1.40846  1.91201  1.71559  2.19593  2.98016  
1.71688  2.15178  1.07683  1.71688  2.15178  1.07683  1.05869  2.88282  3.01427  
1.79347  0.632187  2.85716  1.79347  0.632187  2.85716  1.78034  0.787683  2.85864  
1.60191  2.5375  0.683909  1.60191  2.5375  0.683909  1.60191  2.5375  0.683909  
1.78279  1.10997  2.58948  1.78279  1.10997  2.58948  1.29322  0.500543  4.70112  
1.70876  2.0058  1.67176  1.70876  2.0058  1.67176  1.81857  2.78992  2.522  
1.67989  0.196198  3.52031  1.67989  0.196198  3.52031  0.796677  0.514226  5.9011  
1.39448  3.00975  0.195003  1.39448  3.00975  0.195003  1.22634  3.28103  0.28888  
1.69098  1.83155  2.20018  1.69098  1.83155  2.20018  1.95539  2.50964  2.92958  
1.53229  2.635  1.14101  1.53229  2.635  1.14101  0.893632  3.7653  1.22678  
1.66504  0.885681  3.35962  1.66504  0.885681  3.35962  1.29049  1.18561  4.43738  
1.38725  2.99636  0.661139  1.38725  2.99636  0.661139  1.36676  3.03305  0.661139  
1.63734  1.48678  2.9959  1.63734  1.48678  2.9959  0.994921  1.25712  5.01846  
1.52223  2.48427  1.8277  1.52223  2.48427  1.8277  1.31982  3.14592  2.73838  
1.52293  0.369168  4.08052  1.52293  0.369168  4.08052  1.55804  0.88941  4.4663  
1.22747  3.27254  0.445634  1.22747  3.27254  0.445634  1.29794  3.37693  0.529962  
1.53664  1.90249  2.94617  1.53664  1.90249  2.94617  1.71648  1.19015  3.59514  
1.37291  2.85982  1.62647  1.37291  2.85982  1.62647  1.4242  2.84536  2.48005  
1.45374  0.711366  4.2071  1.45374  0.711366  4.2071  1.93948  1.38915  2.18309  
1.21433  3.23658  1.02568  1.21433  3.23658  1.02568  1.28024  3.37246  0.566135  
1.43875  1.41996  3.8473  1.43875  1.41996  3.8473  1.32037  2.09538  3.90338  
1.34459  2.63408  2.47735  1.34459  2.63408  2.47735  1.3455  2.63499  2.47825  
1.25686  0.0506934  4.8345  1.25686  0.0506934  4.8345  1.84014  0.46941  2.91431  
0.918722  3.65291  0.0783484  0.918722  3.65291  0.0783484  1.05224  3.7306  0.581441  
1.2657  2.6668  2.75029  1.2657  2.6668  2.75029  1.07475  3.15415  3.65236  
1.04884  3.42623  1.22192  1.04884  3.42623  1.22192  1.11363  3.47103  1.52077  
1.24951  1.43138  4.38094  1.24951  1.43138  4.38094  1.64788  1.07467  4.75464  
0.890029  3.66129  0.603201  0.890029  3.66129  0.603201  2.05486  2.03725  0.894788  
1.18235  2.21404  3.78137  1.18235  2.21404  3.78137  1.15384  2.12646  4.13462  
1.01399  3.28878  2.05865  1.01399  3.28878  2.05865  1.33533  2.35003  4.10323  
1.05837  0.716902  5.13408  1.05837  0.716902  5.13408  0.945937  1.14376  5.57448  
0.728295  3.80815  0.334445  0.728295  3.80815  0.334445  0.764899  3.84476  0.371049  
1.01811  2.67123  3.52929  1.01811  2.67123  3.52929  1.09244  2.74556  3.60362  
0.831175  3.56298  1.70547  0.831175  3.56298  1.70547  1.73292  2.50681  1.85185  
0.940451  1.16138  5.15732  0.940451  1.16138  5.15732  0.985372  1.19929  5.29081  
0.683106  3.79557  0.959203  0.683106  3.79557  0.959203  0.556185  3.84146  1.21182  
0.887738  2.04421  4.60366  0.887738  2.04421  4.60366  0.998646  2.16413  4.71794  
0.767124  3.34216  2.693  0.767124  3.34216  2.693  1.07296  2.59861  4.20545  
0.726654  0.357631  5.67728  0.726654  0.357631  5.67728  0.607555  0.918959  6.16599  
0.487002  3.95193  0.207986  0.487002  3.95193  0.207986  0.865274  2.38142  4.67811  
0.692532  3.03719  3.54385  0.692532  3.03719  3.54385  0.918455  3.2426  4.51843  
0.540781  3.79278  1.57096  0.540781  3.79278  1.57096  1.71547  2.83826  1.20661  
0.631707  1.47205  5.37959  0.631707  1.47205  5.37959  0.66751  1.05816  5.72377  
0.424913  3.94593  0.814099  0.424913  3.94593  0.814099  0.500799  4.04714  0.392583  
0.554397  2.38973  4.67526  0.554397  2.38973  4.67526  1.08936  1.16123  5.02135  
0.455194  3.59345  2.55427  0.455194  3.59345  2.55427  0.325989  3.67883  2.43444  
0.438372  0.585108  5.8808  0.438372  0.585108  5.8808  1.49568  0.618491  4.44074  
0.295225  4.00861  0.497205  0.295225  4.00861  0.497205  0.294713  4.00034  0.641106  
0.385697  2.82911  4.24619  0.385697  2.82911  4.24619  0.335326  1.81147  5.36846  
0.298198  3.7827  2.07389  0.298198  3.7827  2.07389  0.840633  4.107  2.59463  
0.300454  1.05383  5.80918  0.300454  1.05383  5.80918  0.410239  1.16362  5.91897  
0.211422  3.96321  1.19492  0.211422  3.96321  1.19492  0.386791  4.07177  1.85476  
0.229132  2.00818  5.25419  0.229132  2.00818  5.25419  0.381847  1.81939  5.8556  
0.183941  3.45376  3.17586  0.183941  3.45376  3.17586  0.230662  3.50048  3.22258  
0.172405  0.24637  6.0315  0.172405  0.24637  6.0315  0.172405  0.24637  6.0315  
0.206511  4.02731  0.482222  0.206511  4.02731  0.482222  0.505404  4.306  1.04133  
0.0909295  1.09012  5.8423  0.0909295  1.09012  5.8423  0.408023  0.900435  6.1799  
