2.05  0.0504074  0.0503863  2.05  0.0504074  0.0503863  2.15582  0.368079  0.404897  
0.206873  4.03651  0.194643  0.206873  4.03651  0.194643  0.389846  4.21948  0.377834  
0.192713  0.18048  6.0315  0.192713  0.18048  6.0315  0.265903  0.25367  6.10469  
2.04947  0.126902  0.126893  2.04947  0.126902  0.126893  2.04726  0.179423  0.29646  
2.04707  0.261372  0.120552  2.04707  0.261372  0.120552  2.03865  0.552522  0.11474  
2.04723  0.144479  0.33206  2.04723  0.144479  0.33206  2.15718  0.254425  0.442006  
2.0396  0.455621  0.107  2.0396  0.455621  0.107  1.97315  0.854285  3.51777  
2.04418  0.254092  0.390051  2.04418  0.254092  0.390051  2.01336  0.742594  2.23684  
2.03916  0.436149  0.281683  2.03916  0.436149  0.281683  2.04109  0.438078  0.283612  
2.03937  0.136284  0.654024  2.03937  0.136284  0.654024  2.07752  0.151329  0.691955  
2.01853  0.756089  0.0970195  2.01853  0.756089  0.0970195  2.00483  0.858627  0.419397  
2.03566  0.413105  0.516741  2.03566  0.413105  0.516741  2.02644  0.577227  0.516741  
2.02408  0.664247  0.329301  2.02408  0.664247  0.329301  2.02613  0.666289  0.331342  
2.03078  0.230877  0.834235  2.03078  0.230877  0.834235  2.10397  0.304067  0.907425  
2.00553  0.879034  0.24132  2.00553  0.879034  0.24132  1.67568  2.51357  0.518162  
2.02659  0.393663  0.806327  2.02659  0.393663  0.806327  2.26519  0.469959  0.528574  
2.01581  0.703723  0.558544  2.01581  0.703723  0.558544  2.22001  1.86431  1.09088  
2.01239  0.126856  1.20232  2.01239  0.126856  1.20232  2.19657  0.943575  1.54999  
1.95455  1.27069  0.0890395  1.95455  1.27069  0.0890395  2.35776  1.35644  0.680878  
2.00933  0.69054  0.775215  2.00933  0.69054  0.775215  2.1337  1.0501  0.975251  
1.97965  1.06755  0.447962  1.97965  1.06755  0.447962  1.99165  1.45736  0.881316  
2.00429  0.37931  1.22591  2.00429  0.37931  1.22591  1.98287  0.377883  1.54571  
1.9417  1.33868  0.288196  1.9417  1.33868  0.288196  2.0123  1.16338  0.24433  
1.99688  0.615765  1.1301  1.99688  0.615765  1.1301  2.01528  0.52586  1.14179  
1.97167  1.05852  0.740099  1.97167  1.05852  0.740099  2.04292  1.64815  1.71312  
1.97527  0.191866  1.66081  1.97527  0.191866  1.66081  2.07939  0.628614  2.46107  
1.8825  1.64862  0.21552  1.8825  1.64862  0.21552  1.97273  2.02824  0.447715  
1.97358  0.834495  1.19627  1.97358  0.834495  1.19627  1.96585  0.833607  1.36876  
1.92986  1.33908  0.72539  1.92986  1.33908  0.72539  1.89502  2.9916  0.494015  
1.95619  0.374122  1.79978  1.95619  0.374122  1.79978  1.36655  2.33742  3.44941  
1.87421  1.66204  0.500895  1.87421  1.66204  0.500895  1.32759  3.39463  0.664841  
1.95115  0.678855  1.65647  1.95115  0.678855  1.65647  2.08865  1.91481  2.0766  
1.92176  1.26473  1.12176  1.92176  1.26473  1.12176  2.12774  1.88671  1.02439  
1.90053  0.123382  2.32325  1.90053  0.123382  2.32325  1.64917  0.452255  4.45688  
1.7289  2.22361  0.0843238  1.7289  2.22361  0.0843238  0.702018  3.82016  0.488335  
1.90351  1.2755  1.35437  1.90351  1.2755  1.35437  2.18621  1.39354  1.57131  
1.81388  1.88293  0.712957  1.81388  1.88293  0.712957  2.3409  1.98755  0.783773  
1.89916  0.684888  2.1281  1.89916  0.684888  2.1281  1.89916  0.684888  2.1281  
1.72144  2.23368  0.407349  1.72144  2.23368  0.407349  1.3474  3.18377  0.444422  
1.88077  1.08669  1.89839  1.88077  1.08669  1.89839  2.26054  1.04333  1.02341  
1.80918  1.8  1.17119  1.80918  1.8  1.17119  1.95676  1.01653  1.17328  
1.83133  0.379285  2.73288  1.83133  0.379285  2.73288  1.25715  0.36155  4.81096  
1.60587  2.55937  0.26259  1.60587  2.55937  0.26259  1.32079  3.15489  2.07931  
1.82581  1.40832  1.91199  1.82581  1.40832  1.91199  1.83151  1.1605  2.20965  
1.71681  2.15204  1.07663  1.71681  2.15204  1.07663  1.71736  2.1526  1.07719  
1.79398  0.624587  2.85787  1.79398  0.624587  2.85787  1.65738  0.836711  4.00477  
1.60189  2.53753  0.684119  1.60189  2.53753  0.684119  1.60509  2.54073  0.687316  
1.7814  1.12126  2.58736  1.7814  1.12126  2.58736  0.818151  0.744049  5.83958  
1.70855  2.00684  1.67083  1.70855  2.00684  1.67083  1.70044  1.99044  2.19846  
1.67955  0.220148  3.51929  1.67955  0.220148  3.51929  2.43469  0.725375  1.13973  
1.39446  3.0098  0.194858  1.39446  3.0098  0.194858  1.84951  2.72155  0.351183  
1.69096  1.83164  2.20015  1.69096  1.83164  2.20015  1.94048  1.14596  3.52708  
1.53232  2.63488  1.14131  1.53232  2.63488  1.14131  1.60551  2.70807  1.2145  
1.66463  0.890537  3.35866  1.66463  0.890537  3.35866  1.66896  0.910336  3.5418  
1.38724  2.99635  0.661547  1.38724  2.99635  0.661547  1.99339  2.44897  0.612431  
1.63726  1.48749  2.99551  1.63726  1.48749  2.99551  0.609841  2.98732  3.76796  
1.52194  2.48539  1.82636  1.52194  2.48539  1.82636  1.60911  3.22925  1.52926  
1.52244  0.385547  4.07914  1.52244  0.385547  4.07914  1.5271  0.289956  4.07914  
1.22747  3.27251  0.445795  1.22747  3.27251  0.445795  1.26543  3.31113  0.453004  
1.53607  1.90549  2.94448  1.53607  1.90549  2.94448  1.89071  1.09382  3.08619  
1.37302  2.85973  1.62599  1.37302  2.85973  1.62599  1.43151  2.88636  1.53016  
1.45271  0.729459  4.20366  1.45271  0.729459  4.20366  2.00627  2.32312  2.29697  
1.21437  3.23654  1.0255  1.21437  3.23654  1.0255  1.50761  3.48135  3.04245  
1.43858  1.42145  3.84666  1.43858  1.42145  3.84666  1.32794  1.50783  4.28026  
1.3446  2.6341  2.47725  1.3446  2.6341  2.47725  1.29483  2.18117  4.6985  
1.25676  0.113956  4.83376  1.25676  0.113956  4.83376  1.60213  1.90462  3.82549  
0.918775  3.65285  0.0784617  0.918775  3.65285  0.0784617  1.18781  3.30479  0.76607  
1.26566  2.66707  2.74983  1.26566  2.66707  2.74983  0.974728  2.28836  4.61521  
1.04901  3.42605  1.22173  1.04901  3.42605  1.22173  1.48495  3.32135  0.890576  
1.24953  1.42964  4.38215  1.24953  1.42964  4.38215  1.28871  1.46882  4.42134  
0.890011  3.66131  0.603148  0.890011  3.66131  0.603148  0.887938  3.65513  0.711534  
1.18232  2.21466  3.78066  1.18232  2.21466  3.78066  1.56688  0.909461  3.93938  
1.01415  3.28876  2.05805  1.01415  3.28876  2.05805  1.11987  2.33376  3.78678  
1.05818  0.723186  5.13257  1.05818  0.723186  5.13257  1.17684  0.841845  5.25123  
0.728283  3.80817  0.334215  0.728283  3.80817  0.334215  0.550028  4.08582  0.449373  
1.01821  2.67097  3.52948  1.01821  2.67097  3.52948  1.25709  2.35378  3.56616  
0.830094  3.56382  1.70603  0.830094  3.56382  1.70603  0.7735  3.47948  3.15462  
0.940151  1.16629  5.15538  0.940151  1.16629  5.15538  0.89875  1.62604  5.68389  
0.683538  3.7953  0.959029  0.683538  3.7953  0.959029  0.910698  3.8899  1.04081  
0.887629  2.04503  4.60303  0.887629  2.04503  4.60303  0.708334  1.31693  6.1281  
0.767099  3.34219  2.69296  0.767099  3.34219  2.69296  0.56322  3.89363  0.673752  
0.726591  0.362931  5.67669  0.726591  0.362931  5.67669  1.09777  1.57329  5.58324  
0.486964  3.95193  0.208671  0.486964  3.95193  0.208671  0.523559  3.98852  0.245266  
0.694877  3.03606  3.54213  0.694877  3.03606  3.54213  0.806528  3.14771  3.65378  
0.537363  3.79428  1.57254  0.537363  3.79428  1.57254  0.461933  3.41933  3.05661  
0.631747  1.47356  5.37864  0.631747  1.47356  5.37864  0.665134  1.50126  5.42558  
0.424878  3.94589  0.814674  0.424878  3.94589  0.814674  0.571054  4.11145  0.634329  
0.559164  2.38824  4.67225  0.559164  2.38824  4.67225  1.37741  3.11341  3.35829  
0.455771  3.59327  2.55399  0.455771  3.59327  2.55399  1.25343  3.12853  2.76532  
0.437955  0.596292  5.87872  0.437955  0.596292  5.87872  0.552422  0.977532  6.0497  
0.295274  4.0086  0.497169  0.295274  4.0086  0.497169  2.25183  1.15558  0.859373  
0.382937  2.82985  4.24706  0.382937  2.82985  4.24706  0.456967  2.96348  4.36225  
0.289355  3.78476  2.07495  0.289355  3.78476  2.07495  0.622916  2.81217  4.66738  
0.300782  1.0538  5.80907  0.300782  1.0538  5.80907  0.845848  1.85094  5.40302  
0.212118  3.96294  1.19608  0.212118  3.96294  1.19608  0.459137  4.09902  2.16041  
0.21714  2.00953  5.25664  0.21714  2.00953  5.25664  0.410275  2.13764  5.40302  
0.183942  3.45378  3.17581  0.183942  3.45378  3.17581  0.383433  4.05649  1.93674  
0.17239  0.246409  6.0315  0.17239  0.246409  6.0315  0.173218  0.247237  6.03233  
0.206511  4.02732  0.48199  0.206511  4.02732  0.48199  0.206869  3.98933  1.00165  
0.0909377  1.09033  5.84222  0.0909377  1.09033  5.84222  0.216183  1.51997  5.80457  
