2.00004  4.36304e-05  2.00004  4.36304e-05  2.01462  0.0146233  
0.0885613  4.08856  0.0885613  4.08856  0.111423  4.11142  
2.00003  0.00177414  2.00003  0.00177414  2.00115  0.0220624  
1.99999  0.0245438  1.99999  0.0245438  2.02862  0.0684349  
1.99989  0.0473191  1.99989  0.0473191  2.00654  0.0423497  
1.99973  0.0705811  1.99973  0.0705811  1.99953  0.0933761  
1.99951  0.0918525  1.99951  0.0918525  1.99996  0.0362935  
1.99925  0.113623  1.99925  0.113623  2.00073  0.0609124  
1.99891  0.135689  1.99891  0.135689  1.99966  0.136465  
1.9985  0.158242  1.9985  0.158242  1.99946  0.137294  
1.99802  0.181327  1.99802  0.181327  2.90021  2.2418  
1.99745  0.204898  1.99745  0.204898  1.99828  0.16952  
1.9968  0.229002  1.9968  0.229002  1.99924  0.185112  
1.99606  0.25359  1.99606  0.25359  2.16171  0.41605  
1.99522  0.278714  1.99522  0.278714  2.01595  0.352228  
1.99428  0.304507  1.99428  0.304507  2.04376  0.418051  
1.99324  0.330747  1.99324  0.330747  2.0151  0.284365  
1.99209  0.357656  1.99209  0.357656  2.06489  0.496992  
1.99081  0.385126  1.99081  0.385126  1.99564  0.435908  
1.9894  0.413259  1.9894  0.413259  2.03089  0.410495  
1.98786  0.442  1.98786  0.442  2.08596  0.546446  
1.98618  0.471411  1.98618  0.471411  2.03424  0.705089  
1.98434  0.501498  1.98434  0.501498  1.98016  0.563783  
1.98234  0.532271  1.98234  0.532271  1.98356  0.51497  
1.98016  0.563717  1.98016  0.563717  1.98447  0.539216  
1.97781  0.595971  1.97781  0.595971  2.03417  0.666619  
1.97527  0.628889  1.97527  0.628889  1.9878  0.577303  
1.97253  0.662604  1.97253  0.662604  2.00525  0.711079  
1.96956  0.697157  1.96956  0.697157  1.97518  0.630566  
1.96637  0.732491  1.96637  0.732491  1.96355  0.80611  
1.96293  0.768655  1.96293  0.768655  1.98051  0.966031  
1.95923  0.805619  1.95923  0.805619  1.97381  0.775831  
1.95527  0.843504  1.95527  0.843504  2.45239  0.682193  
1.95098  0.882241  1.95098  0.882241  1.96107  0.787592  
1.94642  0.921887  1.94642  0.921887  1.96028  0.984194  
1.94153  0.962314  1.94153  0.962314  1.94182  0.962609  
1.93627  1.00389  1.93627  1.00389  1.96743  1.04519  
1.93065  1.04623  1.93065  1.04623  1.93297  1.04855  
1.92463  1.0897  1.92463  1.0897  2.03042  1.17285  
1.9182  1.13402  1.9182  1.13402  1.94087  0.974537  
1.91133  1.17943  1.91133  1.17943  2.55117  3.32605  
1.90403  1.22578  1.90403  1.22578  1.90604  1.29411  
1.89625  1.27329  1.89625  1.27329  1.93923  1.34344  
1.88796  1.32171  1.88796  1.32171  1.41645  3.53875  
1.87914  1.3711  1.87914  1.3711  1.88849  1.31987  
1.86974  1.42169  1.86974  1.42169  1.92141  1.47335  
1.85975  1.47316  1.85975  1.47316  1.87438  1.48833  
1.84913  1.52578  1.84913  1.52578  1.84409  1.55083  
1.83786  1.57939  1.83786  1.57939  1.83897  1.58013  
1.82587  1.63403  1.82587  1.63403  1.82892  1.67215  
1.81315  1.6897  1.81315  1.6897  1.79455  1.77117  
1.79967  1.7464  1.79967  1.7464  1.87673  1.52172  
1.78542  1.80406  1.78542  1.80406  1.81827  1.73165  
1.77034  1.86268  1.77034  1.86268  1.78516  1.8775  
1.7544  1.92216  1.7544  1.92216  1.78719  1.89228  
1.73757  1.98249  1.73757  1.98249  1.72032  2.04702  
1.71981  2.04379  1.71981  2.04379  1.74978  2.07376  
1.70103  2.10574  1.70103  2.10574  1.69309  2.14186  
1.68129  2.16847  1.68129  2.16847  1.66806  2.23662  
1.66072  2.23201  1.66072  2.23201  1.64713  2.34146  
1.63868  2.29561  1.63868  2.29561  1.63128  2.38292  
1.61585  2.36019  1.61585  2.36019  1.62681  2.34563  
1.59181  2.42535  1.59181  2.42535  1.50148  2.65456  
1.56673  2.49038  1.56673  2.49038  1.71726  2.32334  
1.54042  2.55582  1.54042  2.55582  1.57289  2.58829  
1.51302  2.62191  1.51302  2.62191  1.55908  2.66796  
1.48372  2.68637  1.48372  2.68637  1.87659  3.30304  
1.4538  2.75256  1.4538  2.75256  1.46178  2.78866  
1.42217  2.81458  1.42217  2.81458  1.44003  2.83243  
1.38942  2.87897  1.38942  2.87897  1.38351  2.91805  
1.35576  2.94251  1.35576  2.94251  1.65551  2.98319  
1.32075  3.00513  1.32075  3.00513  1.34025  3.02629  
1.28491  3.06688  1.28491  3.06688  1.35986  2.94877  
1.24767  3.12736  1.24767  3.12736  1.13819  3.40054  
1.2095  3.18671  1.2095  3.18671  1.19111  3.21567  
1.1703  3.24526  1.1703  3.24526  0.643384  4.25604  
1.13004  3.30227  1.13004  3.30227  1.07096  3.41759  
1.08913  3.35746  1.08913  3.35746  1.40588  3.35819  
1.04694  3.41107  1.04694  3.41107  1.1699  3.24726  
1.004  3.46084  1.004  3.46084  1.06635  3.52319  
0.963307  3.52145  0.963307  3.52145  1.13381  3.69354  
0.921419  3.57897  0.921419  3.57897  0.866612  3.71372  
0.878365  3.63329  0.878365  3.63329  0.721128  3.79496  
0.834343  3.68402  0.834343  3.68402  0.843308  3.69299  
0.789548  3.73118  0.789548  3.73118  0.785145  3.74353  
0.744036  3.77466  0.744036  3.77466  0.919312  3.58954  
0.697973  3.81449  0.697973  3.81449  0.830066  3.72826  
0.651465  3.85091  0.651465  3.85091  0.531999  3.9282  
0.604856  3.88339  0.604856  3.88339  0.703685  3.8795  
0.558014  3.91261  0.558014  3.91261  0.552525  3.94613  
0.511344  3.93855  0.511344  3.93855  0.529056  3.93154  
0.464742  3.96126  0.464742  3.96126  0.45233  3.97155  
0.418417  3.98093  0.418417  3.98093  0.328071  4.09739  
0.372179  3.99752  0.372179  3.99752  0.360894  4.06475  
0.32694  4.01222  0.32694  4.01222  0.333385  4.0178  
0.28218  4.02354  0.28218  4.02354  0.32428  4.11456  
0.130265  4.04586  0.130265  4.04586  0.351636  4.12905  
0.130265  4.04586  0.130265  4.04586  0.366717  4.19061  
0.130265  4.04586  0.130265  4.04586  0.251457  4.18583  
0.109473  4.08683  0.109473  4.08683  0.154395  4.13333  
