2.15066  0.150876  2.15066  0.150876  2.16494  0.165325  
0.150876  4.15088  0.150876  4.15088  0.196169  3.49314  
2.07266  0.160731  2.07266  0.160731  2.22225  0.3052  
2.03712  0.180196  2.03712  0.180196  2.06578  0.208848  
2.01484  0.199671  2.01484  0.199671  2.0464  0.23123  
1.99737  0.219265  1.99737  0.219265  2.00786  0.315164  
1.9825  0.239029  1.9825  0.239029  2.04954  0.28809  
1.96926  0.258996  1.96926  0.258996  1.99517  0.222008  
1.95715  0.279191  1.95715  0.279191  2.02392  0.314663  
1.94585  0.299631  1.94585  0.299631  1.98752  0.341305  
1.93515  0.320332  1.93515  0.320332  2.0817  0.345904  
1.92491  0.341309  1.92491  0.341309  1.9145  0.363694  
1.91501  0.362573  1.91501  0.362573  1.91496  0.362689  
1.90538  0.384134  1.90538  0.384134  1.8927  0.413687  
1.89595  0.406003  1.89595  0.406003  1.83255  0.644664  
1.88665  0.428189  1.88665  0.428189  1.87146  0.465553  
1.87744  0.450698  1.87744  0.450698  1.87238  0.463251  
1.86827  0.473538  1.86827  0.473538  1.97705  0.529037  
1.85911  0.496714  1.85911  0.496714  1.89427  0.409956  
1.84991  0.520231  1.84991  0.520231  1.92013  0.639082  
1.84064  0.544092  1.84064  0.544092  1.84064  0.544092  
1.83125  0.568295  1.83125  0.568295  1.83125  0.568295  
1.82171  0.592838  1.82171  0.592838  1.86384  0.634975  
1.81196  0.617717  1.81196  0.617717  1.94635  0.752113  
1.80196  0.642922  1.80196  0.642922  1.78772  0.678032  
1.79165  0.668437  1.79165  0.668437  1.83659  0.554525  
1.78097  0.694241  1.78097  0.694241  1.95345  0.893893  
1.76983  0.7203  1.76983  0.7203  1.88714  0.676523  
1.75813  0.74657  1.75813  0.74657  1.76563  0.729864  
1.74574  0.772984  1.74574  0.772984  1.74943  0.765274  
1.73249  0.799449  1.73249  0.799449  1.86529  0.511025  
1.71814  0.825827  1.71814  0.825827  1.7868  0.894817  
1.70235  0.851913  1.70235  0.851913  1.88712  0.529775  
1.68461  0.877382  1.68461  0.877382  1.70702  0.899793  
1.66403  0.90168  1.66403  0.90168  1.97834  0.245066  
1.63903  0.923793  1.63903  0.923793  2.07881  0.306225  
1.60623  0.941578  1.60623  0.941578  1.61086  0.939757  
1.55859  0.950459  1.55859  0.950459  2.0066  0.383709  
1.50026  0.951731  1.50026  0.951731  1.4969  0.952024  
1.45802  0.961092  1.45802  0.961092  1.45802  0.961092  
1.4288  0.977768  1.4288  0.977768  1.76551  0.730144  
1.40607  0.998402  1.40607  0.998402  1.52607  1.07079  
1.38699  1.02153  1.38699  1.02153  1.41105  0.993257  
1.37018  1.04647  1.37018  1.04647  1.4491  1.12302  
1.35489  1.07287  1.35489  1.07287  1.57053  0.972787  
1.34067  1.10053  1.34067  1.10053  1.33231  1.1181  
1.3272  1.12931  1.3272  1.12931  1.40208  1.25145  
1.31427  1.15915  1.31427  1.15915  1.32794  1.25652  
1.30171  1.18998  1.30171  1.18998  1.58079  0.948223  
1.28939  1.22176  1.28939  1.22176  1.31651  1.24384  
1.27721  1.25446  1.27721  1.25446  1.2864  1.36124  
1.26506  1.28804  1.26506  1.28804  1.30535  1.32832  
1.25286  1.32246  1.25286  1.32246  1.25286  1.32246  
1.24052  1.35768  1.24052  1.35768  1.34422  1.46138  
1.22793  1.39363  1.22793  1.39363  1.30004  1.45828  
1.21501  1.43023  1.21501  1.43023  1.40485  0.999717  
1.20165  1.46736  1.20165  1.46736  1.19322  1.49019  
1.1877  1.50485  1.1877  1.50485  1.1877  1.50485  
1.17301  1.54246  1.17301  1.54246  1.29573  1.62346  
1.15737  1.57986  1.15737  1.57986  1.22167  1.669  
1.14052  1.61655  1.14052  1.61655  1.14052  1.61655  
1.12207  1.65181  1.12207  1.65181  1.11754  1.74607  
1.10151  1.68456  1.10151  1.68456  1.10885  1.67368  
1.07808  1.71315  1.07808  1.71315  1.59313  1.03445  
1.05075  1.73516  1.05075  1.73516  1.19967  1.70146  
1.01849  1.74778  1.01849  1.74778  1.06698  1.79628  
0.981879  1.75086  0.981879  1.75086  1.22952  1.82122  
0.945314  1.75197  0.945314  1.75197  0.926991  1.7767  
0.913347  1.76053  0.913347  1.76053  0.92369  1.77088  
0.886517  1.77894  0.886517  1.77894  1.54685  1.03865  
0.863542  1.80571  0.863542  1.80571  1.12816  1.64078  
0.843192  1.83916  0.843192  1.83916  0.917178  1.91314  
0.824598  1.87806  0.824598  1.87806  0.906961  1.95642  
0.807161  1.92161  0.807161  1.92161  0.803538  1.93148  
0.790451  1.96928  0.790451  1.96928  1.54029  0.99253  
0.774135  2.02065  0.774135  2.02065  0.847837  2.09404  
0.757937  2.07539  0.757937  2.07539  0.800567  2.10892  
0.741607  2.13311  0.741607  2.13311  1.50626  0.951341  
0.724898  2.19332  0.724898  2.19332  0.721704  2.20483  
0.707542  2.25534  0.707542  2.25534  1.20819  1.65068  
0.689231  2.3181  0.689231  2.3181  0.786193  2.28799  
0.669588  2.37993  0.669588  2.37993  0.93865  1.85609  
0.648129  2.43825  0.648129  2.43825  0.664691  2.45178  
0.624258  2.4891  0.624258  2.4891  0.623734  2.49004  
0.597311  2.52707  0.597311  2.52707  0.600849  2.52325  
0.566972  2.54702  0.566972  2.54702  0.617056  2.62517  
0.534308  2.55088  0.534308  2.55088  0.598323  2.52601  
0.502211  2.55401  0.502211  2.55401  0.539767  2.59715  
0.473088  2.57447  0.473088  2.57447  0.471753  2.57609  
0.447146  2.61983  0.447146  2.61983  0.479351  2.65204  
0.423451  2.69015  0.423451  2.69015  0.457427  2.59817  
0.400906  2.78354  0.400906  2.78354  0.613655  2.50651  
0.378502  2.89756  0.378502  2.89756  0.540798  2.55082  
0.355248  3.02781  0.355248  3.02781  0.398685  3.0631  
0.330041  3.16411  0.330041  3.16411  0.353462  3.03789  
0.301624  3.28308  0.301624  3.28308  0.409259  2.7461  
0.269201  3.34565  0.269201  3.34565  0.516281  2.55136  
0.234703  3.35309  0.234703  3.35309  0.38583  2.85843  
0.202123  3.44779  0.202123  3.44779  0.218688  3.47814  
0.169835  3.84786  0.169835  3.84786  0.198544  3.87657  
