1.00118  5.78045e-07  1.94824e-06  1.00118  5.78045e-07  1.94824e-06  1.00237  0.0037384  0.00208095  
4.23023e-06  1.00549  5.46333e-06  4.23023e-06  1.00549  5.46333e-06  0.167738  1.15099  0.147164  
1.07152e-09  6.77686e-10  1.00308  1.07152e-09  6.77686e-10  1.00308  0.0203436  0.000312588  1.00297  
0.998549  0.0385249  0.0382822  0.998549  0.0385249  0.0382822  1.00159  0.0459795  0.0102815  
0.993891  0.105384  0.0334412  0.993891  0.105384  0.0334412  1.00483  0.0649641  0.149307  
0.988946  0.0472209  0.141259  0.988946  0.0472209  0.141259  0.991253  0.0484238  0.151204  
0.979344  0.200734  0.0268837  0.979344  0.200734  0.0268837  0.978349  0.204015  0.0689924  
0.980763  0.100915  0.167469  0.980763  0.100915  0.167469  0.95597  0.135903  0.262776  
0.975514  0.190255  0.111805  0.975514  0.190255  0.111805  0.954098  0.288395  0.0951551  
0.955644  0.0416418  0.291765  0.955644  0.0416418  0.291765  0.987336  0.0479857  0.293004  
0.940656  0.339641  0.0135374  0.940656  0.339641  0.0135374  0.944018  0.335859  0.0574921  
0.958081  0.176254  0.226418  0.958081  0.176254  0.226418  0.959552  0.184217  0.226927  
0.946224  0.296011  0.133687  0.946224  0.296011  0.133687  0.912417  0.380163  0.154842  
0.926324  0.0821565  0.368699  0.926324  0.0821565  0.368699  0.931647  0.0905529  0.370071  
0.917003  0.390638  0.0902682  0.917003  0.390638  0.0902682  0.90892  0.400272  0.14436  
0.921462  0.160964  0.353985  0.921462  0.160964  0.353985  0.928399  0.163114  0.336653  
0.92148  0.30781  0.238526  0.92148  0.30781  0.238526  0.932145  0.31105  0.24134  
0.860777  0.019139  0.50868  0.860777  0.019139  0.50868  0.816062  0.0509241  0.577371  
0.840367  0.542121  0.00737545  0.840367  0.542121  0.00737545  0.897156  0.443677  0.00503394  
0.896283  0.294398  0.333841  0.896283  0.294398  0.333841  0.889592  0.367841  0.278422  
0.870602  0.46183  0.179026  0.870602  0.46183  0.179026  0.977511  0.593565  0.40572  
0.847009  0.143349  0.512259  0.847009  0.143349  0.512259  0.742653  0.153617  0.666682  
0.82155  0.563051  0.103718  0.82155  0.563051  0.103718  2.60954  1.75598  1.60246  
0.847121  0.247071  0.472962  0.847121  0.247071  0.472962  0.88828  0.138831  0.521738  
0.844277  0.445709  0.303945  0.844277  0.445709  0.303945  0.78366  0.587419  0.338457  
0.764077  0.0569399  0.643381  0.764077  0.0569399  0.643381  0.770523  0.0647229  0.659946  
0.750666  0.659437  0.0499497  0.750666  0.659437  0.0499497  0.793767  0.619496  0.0966311  
0.809933  0.332453  0.485382  0.809933  0.332453  0.485382  0.769427  0.402286  0.498601  
0.790189  0.545643  0.283635  0.790189  0.545643  0.283635  0.865315  0.409342  0.314614  
0.730429  0.109227  0.675129  0.730429  0.109227  0.675129  0.757272  0.165331  0.700598  
0.736997  0.655541  0.179375  0.736997  0.655541  0.179375  0.742609  0.666411  0.193141  
0.742647  0.242814  0.631652  0.742647  0.242814  0.631652  0.69902  0.354478  0.667502  
0.755235  0.49317  0.435176  0.755235  0.49317  0.435176  0.647678  0.511206  0.621662  
0.628699  0.00214145  0.777655  0.628699  0.00214145  0.777655  0.635944  0.0503474  0.787284  
0.60852  0.793599  0.00825558  0.60852  0.793599  0.00825558  0.66506  0.948597  0.176787  
0.723066  0.472216  0.512428  0.723066  0.472216  0.512428  0.730755  0.352785  0.660536  
0.671613  0.703394  0.246601  0.671613  0.703394  0.246601  0.699864  0.818764  0.301472  
0.647169  0.21373  0.733098  0.647169  0.21373  0.733098  0.659952  0.21373  0.745133  
0.602356  0.792832  0.125073  0.602356  0.792832  0.125073  0.704997  0.820631  0.13072  
0.654142  0.371995  0.665389  0.654142  0.371995  0.665389  0.789085  0.609412  0.929568  
0.644791  0.646008  0.413004  0.644791  0.646008  0.413004  0.706668  0.714117  0.468032  
0.548407  0.0858614  0.831903  0.548407  0.0858614  0.831903  0.49207  0.0473134  0.874881  
0.52395  0.851816  0.00742965  0.52395  0.851816  0.00742965  0.432053  0.960671  0.186151  
0.608371  0.469723  0.643837  0.608371  0.469723  0.643837  0.632535  0.513362  0.662585  
0.578638  0.735243  0.356407  0.578638  0.735243  0.356407  0.486257  0.788166  0.406979  
0.517965  0.159103  0.840496  0.517965  0.159103  0.840496  0.377145  0.221419  0.920373  
0.51484  0.834205  0.208739  0.51484  0.834205  0.208739  0.733608  0.842904  0.245005  
0.529677  0.327998  0.783616  0.529677  0.327998  0.783616  0.603515  0.307721  0.830361  
0.545444  0.648538  0.537318  0.545444  0.648538  0.537318  0.631137  0.617301  0.794294  
0.42248  0.000964201  0.906372  0.42248  0.000964201  0.906372  0.362795  0.128723  0.941553  
0.41044  0.911946  0.00399919  0.41044  0.911946  0.00399919  0.322487  0.946792  0.00329816  
0.505114  0.551803  0.666422  0.505114  0.551803  0.666422  0.583479  0.355321  0.737823  
0.466075  0.8198  0.34021  0.466075  0.8198  0.34021  0.909954  1.18668  0.947956  
0.425894  0.214972  0.883051  0.425894  0.214972  0.883051  0.431756  0.218819  0.885947  
0.405173  0.900986  0.170426  0.405173  0.900986  0.170426  0.416285  0.937432  0.212525  
0.432212  0.397319  0.813714  0.432212  0.397319  0.813714  0.440306  0.401986  0.826765  
0.436212  0.728194  0.531386  0.436212  0.728194  0.531386  0.311799  0.763039  0.733942  
0.339981  0.0696409  0.938159  0.339981  0.0696409  0.938159  0.389217  0.142345  0.91585  
0.338539  0.937948  0.115048  0.338539  0.937948  0.115048  0.868166  1.55612  0.616201  
0.3945  0.496839  0.77511  0.3945  0.496839  0.77511  0.599096  0.593356  0.818604  
0.374615  0.811367  0.453597  0.374615  0.811367  0.453597  0.960099  1.58943  1.45169  
0.313543  0.129696  0.941338  0.313543  0.129696  0.941338  0.272526  0.130417  1.00414  
0.325964  0.905839  0.274781  0.325964  0.905839  0.274781  0.437141  1.0641  0.445587  
0.318665  0.322921  0.892826  0.318665  0.322921  0.892826  0.483195  0.197258  0.863104  
0.340739  0.687505  0.645875  0.340739  0.687505  0.645875  0.29639  0.776347  0.594287  
0.24222  0.000638267  0.970221  0.24222  0.000638267  0.970221  0.390016  0.0255587  1.33606  
0.231236  0.97292  0.00335854  0.231236  0.97292  0.00335854  0.433412  1.05758  0.142389  
0.295439  0.667053  0.688314  0.295439  0.667053  0.688314  0.399375  0.625263  0.785691  
0.267574  0.918478  0.300578  0.267574  0.918478  0.300578  0.298277  0.918478  0.315766  
0.256664  0.252356  0.937935  0.256664  0.252356  0.937935  0.361007  0.296589  0.999926  
0.220708  0.967701  0.132581  0.220708  0.967701  0.132581  0.125852  0.987396  0.125981  
0.237362  0.487886  0.841233  0.237362  0.487886  0.841233  0.556951  0.774041  1.24116  
0.241888  0.830832  0.514043  0.241888  0.830832  0.514043  0.37945  0.832491  0.613126  
0.192284  0.000511888  0.981339  0.192284  0.000511888  0.981339  0.16712  0.000447199  0.985937  
0.174132  0.983514  0.0548737  0.174132  0.983514  0.0548737  0.254786  0.965583  0.0748267  
0.214882  0.59031  0.783577  0.214882  0.59031  0.783577  0.41098  0.668961  1.13483  
0.194684  0.890485  0.415773  0.194684  0.890485  0.415773  0.30588  0.890485  0.459828  
0.16946  0.000421649  0.985537  0.16946  0.000421649  0.985537  0.291328  0.108947  1.10488  
0.149571  0.962486  0.232849  0.149571  0.962486  0.232849  0.158087  0.968519  0.243992  
0.164062  0.39664  0.905454  0.164062  0.39664  0.905454  0.20163  0.548191  1.05353  
0.138676  0.772881  0.620484  0.138676  0.772881  0.620484  0.223467  0.785159  0.597834  
0.117247  0.00023752  0.993103  0.117247  0.00023752  0.993103  0.0854992  0.000185219  0.996338  
0.107873  0.993871  0.0311404  0.107873  0.993871  0.0311404  0.115111  1.01571  0.0381032  
0.134039  0.646629  0.756356  0.134039  0.646629  0.756356  0.0806041  0.74445  0.697577  
0.117186  0.922837  0.371025  0.117186  0.922837  0.371025  0.0681387  0.972024  0.262405  
0.106253  0.000294093  0.994339  0.106253  0.000294093  0.994339  0.108314  0.247662  1.10607  
0.0905952  0.980509  0.18249  0.0905952  0.980509  0.18249  0.128023  0.977983  0.206489  
0.035801  0.450675  0.895597  0.035801  0.450675  0.895597  0.0478671  0.544817  1.04598  
0.0837743  0.814533  0.575651  0.0837743  0.814533  0.575651  0.433568  1.02561  1.16825  
0.0643477  0.000144288  0.997928  0.0643477  0.000144288  0.997928  0.0967635  0.000226751  0.995307  
0.0583419  0.993858  0.107347  0.0583419  0.993858  0.107347  0.125662  1.01956  0.0858204  
0.00303647  0.552219  0.833981  0.00303647  0.552219  0.833981  0.381861  0.963065  1.03303  
0.00948479  0.880601  0.477032  0.00948479  0.880601  0.477032  0.0151035  0.883117  0.55112  
0.0413965  0.000106249  0.999143  0.0413965  0.000106249  0.999143  0.2643  0.407355  1.08023  
0.0359253  0.962789  0.276259  0.0359253  0.962789  0.276259  0.0954134  1.03149  0.392797  
0.0282605  0.353272  0.93811  0.0282605  0.353272  0.93811  12.0922  12.8569  12.6575  
0.00400125  0.739781  0.673419  0.00400125  0.739781  0.673419  0.074923  0.840851  0.666913  
0.0134495  3.5588e-05  0.99991  0.0134495  3.5588e-05  0.99991  0.0134498  3.56412e-05  1.00009  
0.00227166  0.999836  0.0188616  0.00227166  0.999836  0.0188616  0.0229849  1.01467  0.0255285  
0.00200712  0.686586  0.737102  0.00200712  0.686586  0.737102  0.134561  0.683094  0.915125  
