2  1.34539e-15  1.46786e-15  2  1.34539e-15  1.46786e-15  2.00036  0.000365297  0.0159157  
2.87194e-15  4  3.23933e-15  2.87194e-15  4  3.23933e-15  0.00670893  4.00671  0.00670893  
2.68162e-15  2.68162e-15  6  2.68162e-15  2.68162e-15  6  0.168534  0.121146  5.97602  
1.99946  0.0773186  0.0773248  1.99946  0.0773186  0.0773248  1.99554  0.263277  0.0669594  
1.99703  0.212701  0.0708906  1.99703  0.212701  0.0708906  1.99371  0.298803  0.158344  
1.99715  0.0954849  0.286435  1.99715  0.0954849  0.286435  1.99868  0.0875042  0.189157  
1.98946  0.4082  0.0582799  1.98946  0.4082  0.0582799  1.98149  0.54151  0.0579343  
1.99411  0.20524  0.342125  1.99411  0.20524  0.342125  1.99688  0.144809  0.451783  
1.98903  0.388514  0.233117  1.98903  0.388514  0.233117  1.98183  0.716704  0.172915  
1.98923  0.0868383  0.607941  1.98923  0.0868383  0.607941  1.99836  0.251988  0.275843  
1.96812  0.710653  0.0472986  1.96812  0.710653  0.0472986  1.7879  1.75175  0.572234  
1.98548  0.365239  0.469611  1.98548  0.365239  0.469611  1.98767  0.366744  0.471084  
1.97376  0.61807  0.280919  1.97376  0.61807  0.280919  1.97906  0.618161  0.0495092  
1.98054  0.182042  0.789005  1.98054  0.182042  0.789005  1.98501  0.105911  0.798294  
1.955  0.833973  0.192464  1.955  0.833973  0.192464  1.94122  0.963601  0.192696  
1.9763  0.34586  0.760842  1.9763  0.34586  0.760842  1.98269  0.347122  0.599878  
1.9654  0.657671  0.511595  1.9654  0.657671  0.511595  1.96578  0.658544  0.512317  
1.96193  0.0772372  1.15931  1.96193  0.0772372  1.15931  1.96193  0.0772372  1.15931  
1.9034  1.22786  0.0394759  1.9034  1.22786  0.0394759  1.84764  1.56316  0.0461745  
1.9588  0.644497  0.730383  1.9588  0.644497  0.730383  1.95066  0.713089  0.781273  
1.92881  1.0235  0.4005  1.92881  1.0235  0.4005  1.9522  0.890742  0.358672  
1.95373  0.330689  1.18337  1.95373  0.330689  1.18337  1.9644  0.332496  1.01079  
1.89038  1.29627  0.239992  1.89038  1.29627  0.239992  1.8901  1.29608  0.260827  
1.94622  0.569231  1.08675  1.94622  0.569231  1.08675  1.91263  0.72742  1.38275  
1.92072  1.0145  0.694065  1.92072  1.0145  0.694065  1.90609  1.14572  0.68841  
1.92391  0.167558  1.61989  1.92391  0.167558  1.61989  1.809  0.269709  2.52677  
1.83049  1.60797  0.166302  1.83049  1.60797  0.166302  1.83675  1.55048  0.485217  
1.92265  0.789  1.15329  1.92265  0.789  1.15329  1.91818  0.968861  0.879339  
1.87834  1.29699  0.679348  1.87834  1.29699  0.679348  1.8791  1.28812  0.698206  
1.90505  0.3259  1.76013  1.90505  0.3259  1.76013  1.90505  0.325903  1.76014  
1.82212  1.6211  0.45391  1.82212  1.6211  0.45391  1.70891  2.07763  0.0681236  
1.89994  0.632388  1.61629  1.89994  0.632388  1.61629  1.88373  1.03167  1.29202  
1.87027  1.22154  1.07776  1.87027  1.22154  1.07776  1.79992  1.16303  1.95913  
1.84902  0.0304478  2.28665  1.84902  0.0304478  2.28665  1.89977  0.319122  1.81373  
1.67528  2.18478  0.0346481  1.67528  2.18478  0.0346481  1.43759  2.78274  0.23727  
1.85173  1.23265  1.31196  1.85173  1.23265  1.31196  1.72649  1.85514  1.21423  
1.76105  1.84319  0.666583  1.76105  1.84319  0.666583  1.67814  2.08323  0.943537  
1.84729  0.639612  2.08976  1.84729  0.639612  2.08976  1.86924  0.0943396  2.13659  
1.66775  2.19481  0.359112  1.66775  2.19481  0.359112  1.6696  2.14839  0.725891  
1.82873  1.04268  1.85891  1.82873  1.04268  1.85891  1.74728  1.42796  1.9845  
1.75638  1.75933  1.12774  1.75638  1.75933  1.12774  1.75809  1.76856  1.13659  
1.77881  0.331173  2.69757  1.77881  0.331173  2.69757  1.84766  0.333475  2.2419  
1.55098  2.52142  0.213562  1.55098  2.52142  0.213562  1.50316  2.62665  0.375628  
1.77331  1.36615  1.87216  1.77331  1.36615  1.87216  1.77329  1.36615  1.87217  
1.66307  2.11288  1.03161  1.66307  2.11288  1.03161  1.78268  1.74964  0.723408  
1.74052  0.5856  2.82203  1.74052  0.5856  2.82203  1.68547  1.103  2.77681  
1.54706  2.49922  0.637045  1.54706  2.49922  0.637045  1.54706  2.49922  0.637045  
1.7284  1.07705  2.55093  1.7284  1.07705  2.55093  1.76626  1.09503  2.38695  
1.65467  1.96675  1.62956  1.65467  1.96675  1.62956  1.63867  1.71211  2.28852  
1.62541  0.171446  3.48658  1.62541  0.171446  3.48658  1.6179  0.713035  3.36215  
1.33773  2.97194  0.146106  1.33773  2.97194  0.146106  1.85179  1.55273  0.0725582  
1.63701  1.7907  2.1613  1.63701  1.7907  2.1613  1.52774  2.26763  1.85283  
1.47675  2.59665  1.09638  1.47675  2.59665  1.09638  1.48179  2.6054  0.983585  
1.6101  0.847409  3.32454  1.6101  0.847409  3.32454  1.56167  0.789886  3.63908  
1.3304  2.95849  0.613832  1.3304  2.95849  0.613832  1.36676  2.89419  0.617213  
1.5826  1.44534  2.95963  1.5826  1.44534  2.95963  1.62183  1.23581  2.98216  
1.46724  2.44799  1.78599  1.46724  2.44799  1.78599  1.50943  2.29369  1.92512  
1.46662  0.34283  4.04682  1.46662  0.34283  4.04682  1.44975  0.33889  4.1019  
1.16939  3.23419  0.397025  1.16939  3.23419  0.397025  1.17028  3.23864  0.408857  
1.48124  1.86473  2.90915  1.48124  1.86473  2.90915  1.22784  2.38637  3.11209  
1.31638  2.82195  1.58309  1.31638  2.82195  1.58309  1.3149  2.8314  1.59218  
1.39588  0.682812  4.17309  1.39588  0.682812  4.17309  1.68804  0.941564  2.89177  
1.15621  3.19793  0.978907  1.15621  3.19793  0.978907  1.30924  3.03426  0.354398  
1.38222  1.37912  3.81293  1.38222  1.37912  3.81293  0.978331  1.73788  4.54284  
1.28742  2.59438  2.43715  1.28742  2.59438  2.43715  1.29028  2.59756  2.4363  
1.19902  0.0393611  4.80195  1.19902  0.0393611  4.80195  0.982556  0.109557  5.22352  
0.859087  3.61262  0.028334  0.859087  3.61262  0.028334  0.858503  3.61461  0.0246143  
1.20772  2.62714  2.71055  1.20772  2.62714  2.71055  1.20704  2.625  2.71916  
0.98971  3.3863  1.17617  0.98971  3.3863  1.17617  0.970268  3.37386  1.39503  
1.19124  1.38892  4.34603  1.19124  1.38892  4.34603  1.29732  1.137  4.23722  
0.829959  3.62102  0.55456  0.829959  3.62102  0.55456  0.821916  3.58592  0.998222  
1.12499  2.17414  3.7472  1.12499  2.17414  3.7472  1.08526  2.09627  3.94864  
0.95554  3.2514  2.01669  0.95554  3.2514  2.01669  1.01066  3.00568  2.56246  
0.998862  0.676727  5.09804  0.998862  0.676727  5.09804  0.917351  1.02371  5.10573  
0.667326  3.76599  0.284822  0.667326  3.76599  0.284822  0.554959  3.84091  0.221603  
0.958742  2.63004  3.49079  0.958742  2.63004  3.49079  1.46352  2.02107  2.76831  
0.770876  3.52152  1.65957  0.770876  3.52152  1.65957  0.77848  3.54693  1.54824  
0.879988  1.12148  5.1198  0.879988  1.12148  5.1198  0.417999  1.02539  5.66375  
0.622445  3.75254  0.910797  0.622445  3.75254  0.910797  0.622448  3.75266  0.910435  
0.827451  2.00025  4.56461  0.827451  2.00025  4.56461  0.934868  2.25991  4.07967  
0.706442  3.3008  2.64994  0.706442  3.3008  2.64994  1.10404  2.70863  2.94529  
0.664667  0.32613  5.63779  0.664667  0.32613  5.63779  0.656011  0.321886  5.64746  
0.425262  3.9071  0.158819  0.425262  3.9071  0.158819  0.557544  3.84203  0.222963  
0.634151  2.9929  3.50017  0.634151  2.9929  3.50017  0.347171  2.55936  4.49892  
0.479517  3.7481  1.52379  0.479517  3.7481  1.52379  0.473077  3.70283  1.77473  
0.570638  1.42736  5.33978  0.570638  1.42736  5.33978  0.876974  1.27501  5.05211  
0.363006  3.90032  0.765457  0.363006  3.90032  0.765457  0.504729  3.84291  0.692308  
0.493859  2.34305  4.6317  0.493859  2.34305  4.6317  0.494288  2.34339  4.63196  
0.394348  3.5477  2.50674  0.394348  3.5477  2.50674  0.715113  3.49261  2.00553  
0.375446  0.548588  5.8356  0.375446  0.548588  5.8356  0.394303  0.565384  5.84279  
0.233195  3.96148  0.44782  0.233195  3.96148  0.44782  0.304703  3.93559  0.607717  
0.326918  2.78138  4.19934  0.326918  2.78138  4.19934  0.464682  2.72351  4.16831  
0.236376  3.73547  2.0252  0.236376  3.73547  2.0252  0.281138  3.61615  2.4221  
0.237522  1.00466  5.76379  0.237522  1.00466  5.76379  0.118799  0.652447  5.90891  
0.149796  3.91481  1.14677  0.149796  3.91481  1.14677  0.155297  3.71809  2.17099  
0.167941  1.95949  5.20664  0.167941  1.95949  5.20664  0.21631  2.39873  4.75978  
0.116713  3.41422  3.10847  0.116713  3.41422  3.10847  0.104241  3.28974  3.40115  
0.0801822  0.143714  5.9913  0.0801822  0.143714  5.9913  0.688133  0.300695  5.62019  
0.0320338  3.99898  0.0959751  0.0320338  3.99898  0.0959751  0.0110388  3.97747  0.638551  
0.01676  3.22782  3.54531  0.01676  3.22782  3.54531  0.689071  3.26103  2.79664  
