2  1.74983e-15  2  1.74983e-15  2  0.00418762  
3.56287e-15  4  3.56287e-15  4  0.0323119  4.00087  
1.99999  0.0102563  1.99999  0.0102563  1.99998  0.0183299  
1.99994  0.0310869  1.99994  0.0310869  1.99997  0.0223063  
1.99983  0.0523515  1.99983  0.0523515  1.99983  0.0523515  
1.99966  0.0740612  1.99966  0.0740612  1.99992  0.0456903  
1.99942  0.0962286  1.99942  0.0962286  1.99953  0.0869784  
1.99912  0.118866  1.99912  0.118866  1.99912  0.118866  
1.99874  0.141987  1.99874  0.141987  1.99867  0.150098  
1.99829  0.165604  1.99829  0.165604  2.00612  0.164784  
1.99775  0.18973  1.99775  0.18973  2.00039  0.224445  
1.99713  0.214381  1.99713  0.214381  2.01036  0.224506  
1.99641  0.23957  1.99641  0.23957  1.99415  0.305843  
1.9956  0.265311  1.9956  0.265311  1.99364  0.318679  
1.99468  0.29162  1.99468  0.29162  1.99468  0.291468  
1.99365  0.318512  1.99365  0.318512  1.9938  0.318735  
1.9925  0.346003  1.9925  0.346003  1.98611  0.47054  
1.99123  0.37411  1.99123  0.37411  1.99313  0.36341  
1.98983  0.402848  1.98983  0.402848  1.98908  0.462916  
1.98829  0.432235  1.98829  0.432235  1.99344  0.387069  
1.9866  0.462292  1.9866  0.462292  1.98751  0.481576  
1.98475  0.493028  1.98475  0.493028  1.98129  0.554072  
1.98273  0.524466  1.98273  0.524466  1.85718  1.48522  
1.98054  0.556623  1.98054  0.556623  1.98551  0.495852  
1.97816  0.589518  1.97816  0.589518  1.97816  0.589518  
1.97558  0.62317  1.97558  0.62317  1.96643  0.729848  
1.97279  0.657596  1.97279  0.657596  1.97636  0.615278  
1.96977  0.692816  1.96977  0.692816  1.96634  0.730768  
1.96652  0.728849  1.96652  0.728849  1.96397  0.840642  
1.96301  0.765713  1.96301  0.765713  1.96234  0.785222  
1.95924  0.803428  1.95924  0.803428  1.96767  0.807801  
1.95519  0.842013  1.95519  0.842013  1.95519  0.842013  
1.95083  0.881485  1.95083  0.881485  1.96055  0.947738  
1.94616  0.921867  1.94616  0.921867  1.95048  0.884591  
1.94115  0.963168  1.94115  0.963168  1.92706  1.07095  
1.93579  1.00541  1.93579  1.00541  1.91651  1.15678  
1.93005  1.04861  1.93005  1.04861  1.93005  1.04861  
1.92392  1.09279  1.92392  1.09279  1.92041  1.11891  
1.91736  1.13794  1.91736  1.13794  1.91084  1.20912  
1.91036  1.18411  1.91036  1.18411  1.91106  1.18481  
1.90289  1.23128  1.90289  1.23128  1.94369  0.942459  
1.89492  1.27948  1.89492  1.27948  1.85451  1.4977  
1.88643  1.3287  1.88643  1.3287  1.88838  1.32877  
1.87739  1.37897  1.87739  1.37897  1.86588  1.44097  
1.86777  1.43027  1.86777  1.43027  1.85267  1.54624  
1.85754  1.48263  1.85754  1.48263  1.8642  1.46369  
1.84666  1.53601  1.84666  1.53601  1.84772  1.53956  
1.83511  1.59043  1.83511  1.59043  1.73322  2.02406  
1.82285  1.64587  1.82285  1.64587  1.82285  1.64587  
1.80984  1.70233  1.80984  1.70233  1.77444  1.84538  
1.79605  1.75977  1.79605  1.75977  1.75273  1.9305  
1.78145  1.81818  1.78145  1.81818  1.76901  1.86612  
1.76599  1.87753  1.76599  1.87753  1.74954  1.98284  
1.74964  1.93778  1.74964  1.93778  1.77629  1.85202  
1.73237  1.99889  1.73237  1.99889  1.71047  2.07826  
1.71414  2.06081  1.71414  2.06081  1.71414  2.06081  
1.6949  2.12349  1.6949  2.12349  1.72329  2.03004  
1.67463  2.18688  1.67463  2.18688  1.68939  2.141  
1.6533  2.25088  1.6533  2.25088  1.5913  2.42303  
1.63086  2.31542  1.63086  2.31542  1.63154  2.31668  
1.60729  2.38042  1.60729  2.38042  1.60729  2.38042  
1.58257  2.44579  1.58257  2.44579  1.41299  2.84084  
1.55666  2.51142  1.55666  2.51142  1.6071  2.38406  
1.52955  2.57719  1.52955  2.57719  1.76764  1.91951  
1.50122  2.64299  1.50122  2.64299  1.49816  2.64993  
1.47165  2.70869  1.47165  2.70869  1.43455  2.78716  
1.44084  2.77415  1.44084  2.77415  1.4536  2.77944  
1.40879  2.83924  1.40879  2.83924  1.42369  2.82066  
1.37549  2.90381  1.37549  2.90381  1.34785  2.9552  
1.34096  2.96771  1.34096  2.96771  1.34096  2.96771  
1.30522  3.03077  1.30522  3.03077  1.33621  2.97964  
1.26829  3.09285  1.26829  3.09285  1.21791  3.17673  
1.2302  3.15379  1.2302  3.15379  1.30032  3.04385  
1.19099  3.21343  1.19099  3.21343  1.26607  3.09649  
1.15071  3.27162  1.15071  3.27162  1.1594  3.28012  
1.1094  3.3282  1.1094  3.3282  1.23982  3.13868  
1.06713  3.38303  1.06713  3.38303  0.554923  3.84941  
1.02397  3.43598  1.02397  3.43598  1.13705  3.30755  
0.979982  3.48691  0.979982  3.48691  0.971011  3.49693  
0.935253  3.5357  0.935253  3.5357  0.938116  3.53267  
0.889863  3.58226  0.889863  3.58226  1.12483  3.31081  
0.8439  3.62648  0.8439  3.62648  0.890982  3.58249  
0.79745  3.66828  0.79745  3.66828  0.797747  3.66802  
0.750617  3.7076  0.750617  3.7076  0.752299  3.70809  
0.703489  3.74438  0.703489  3.74438  0.709257  3.74139  
0.656163  3.7786  0.656163  3.7786  0.417476  3.92004  
0.608733  3.81022  0.608733  3.81022  0.562416  3.83978  
0.561293  3.83924  0.561293  3.83924  0.612955  3.81421  
0.513935  3.86568  0.513935  3.86568  0.521804  3.86863  
0.466747  3.88955  0.466747  3.88955  0.492943  3.88492  
0.419813  3.91089  0.419813  3.91089  0.416058  3.91249  
0.373215  3.92974  0.373215  3.92974  0.373352  3.92969  
0.32703  3.94616  0.32703  3.94616  0.32805  3.94582  
0.281328  3.96023  0.281328  3.96023  0.325164  3.95385  
0.236173  3.97201  0.236173  3.97201  0.429753  3.90656  
0.191628  3.9816  0.191628  3.9816  0.190482  3.98182  
0.147743  3.98907  0.147743  3.98907  0.115667  3.99543  
0.104569  3.99453  0.104569  3.99453  0.118196  3.99807  
0.062146  3.99807  0.062146  3.99807  0.102523  3.99474  
0.0205117  3.99979  0.0205117  3.99979  0.0193551  3.99981  
