1  0.603936  0.654535  0.703369  0.750205  0.793883  0.834422  0.871562  0.904425  0.933021  0.956728  0.975534  0.989227  0.997267  1  0.997376  0.988746  0.975538  0.956465  0.933038  0.904404  0.871653  0.834598  0.793905  0.749776  0.703401  0.654482  0.603974  0.552364  0.500015  
0.992696  0.535735  0.587757  0.638541  0.688161  0.735783  0.78045  0.822223  0.860148  0.894831  0.924517  0.948783  0.97014  0.985411  0.995387  0.999878  0.998722  0.992215  0.980314  0.963317  0.940955  0.913958  0.882542  0.846787  0.806892  0.76407  0.71804  0.670074  0.619982  0.568605  
0.985149  0.464838  0.51675  0.569629  0.620636  0.670614  0.718928  0.764728  0.807473  0.847241  0.882633  0.914295  0.941473  0.963413  0.980676  0.992309  0.998786  0.999696  0.995032  0.98527  0.970272  0.949563  0.924149  0.894195  0.859742  0.821905  0.779788  0.735173  0.687312  0.638276  
0.977634  0.394043  0.446105  0.498652  0.550888  0.602846  0.653167  0.701366  0.749468  0.793853  0.833557  0.872818  0.903797  0.932205  0.956489  0.97544  0.989035  0.997126  1  0.996538  0.989269  0.976472  0.957645  0.933818  0.905451  0.872907  0.835647  0.79487  0.751702  0.704535  
0.970138  0.326857  0.377048  0.428408  0.480419  0.532577  0.585034  0.635801  0.685335  0.732801  0.777859  0.82024  0.858199  0.893827  0.92295  0.948451  0.968825  0.98443  0.994888  0.999982  0.998935  0.992838  0.981254  0.964613  0.94315  0.917951  0.884562  0.849029  0.809551  0.767196  
0.962701  0.262608  0.310443  0.360152  0.41073  0.462321  0.514887  0.566842  0.618789  0.6688  0.717169  0.762983  0.806245  0.845838  0.881198  0.91306  0.940468  0.962529  0.979942  0.99188  0.998677  0.999997  0.995442  0.986026  0.971019  0.950447  0.925325  0.894498  0.861593  0.822926  
0.955246  0.206094  0.247354  0.29347  0.342212  0.395631  0.444847  0.496797  0.550235  0.602828  0.651742  0.699144  0.747094  0.791193  0.832405  0.868207  0.903711  0.932109  0.955824  0.975338  0.988399  0.996844  1  0.997837  0.989922  0.979615  0.957998  0.935127  0.906372  0.875966  
0.948087  0.153109  0.191565  0.230371  0.280881  0.329313  0.379324  0.43106  0.483006  0.533667  0.586733  0.640074  0.686911  0.734021  0.775459  0.820258  0.858332  0.895066  0.923863  0.949862  0.970704  0.985019  0.995309  0.99976  0.998831  0.992217  0.980749  0.965041  0.941743  0.914485  
0.940355  0.103509  0.137773  0.17577  0.217295  0.261988  0.30934  0.359379  0.409608  0.461724  0.513905  0.566288  0.617548  0.667568  0.715909  0.76245  0.804911  0.844433  0.880783  0.912518  0.939712  0.962242  0.97972  0.991867  0.998501  0.999918  0.995461  0.986315  0.970984  0.951122  
0.932809  0.063533  0.0926074  0.12503  0.161773  0.201723  0.246252  0.292224  0.341089  0.391282  0.442885  0.495073  0.547548  0.598773  0.649842  0.698889  0.745738  0.789937  0.831003  0.867965  0.901346  0.930506  0.954712  0.974112  0.98744  0.996707  0.999979  0.997727  0.990182  0.976858  
0.925382  0.0349975  0.0562983  0.0738707  0.113713  0.150679  0.188484  0.231392  0.276418  0.323179  0.373937  0.422004  0.478041  0.529728  0.581858  0.628646  0.682454  0.730223  0.77506  0.816403  0.855949  0.891527  0.920915  0.946185  0.968049  0.98455  0.994556  0.999785  0.999544  0.993413  
0.917817  0.0129458  0.0282977  0.049682  0.0726146  0.10284  0.137306  0.172631  0.216222  0.259772  0.307845  0.357649  0.406394  0.458375  0.511613  0.562635  0.613292  0.666406  0.71319  0.76423  0.803795  0.842043  0.879184  0.909296  0.938662  0.960259  0.979277  0.991415  0.997738  0.999989  
0.910341  0.00190719  0.00934558  0.0225116  0.0406001  0.0631787  0.0910405  0.123465  0.159916  0.199426  0.243911  0.289572  0.338776  0.389351  0.440601  0.493833  0.545009  0.595715  0.647611  0.696885  0.744396  0.787917  0.829493  0.867389  0.900216  0.929567  0.954572  0.97344  0.987292  0.996595  
0.902904  0.000328533  0.000750084  0.00549653  0.0181102  0.0336844  0.0550992  0.0814389  0.112215  0.147838  0.18602  0.229733  0.274055  0.32198  0.371603  0.422868  0.475358  0.528723  0.579023  0.629655  0.679619  0.727403  0.772924  0.814855  0.853852  0.888636  0.91928  0.946051  0.967236  0.983607  
0.895506  0.0084214  0.00178462  1.77121e-06  0.00389067  0.0121618  0.0277932  0.0463958  0.072299  0.101416  0.135252  0.172639  0.214134  0.258328  0.305955  0.354919  0.405709  0.457503  0.509641  0.562185  0.614107  0.66396  0.712403  0.758575  0.801788  0.841903  0.878102  0.910263  0.938455  0.960459  
0.887974  0.0271984  0.0127629  0.0037442  5.99128e-05  0.00182902  0.00928879  0.0216835  0.0392605  0.0627532  0.090214  0.122298  0.159243  0.199285  0.242491  0.289063  0.337212  0.387214  0.439027  0.492759  0.543728  0.595285  0.646263  0.695397  0.742547  0.786933  0.828018  0.866112  0.899421  0.928558  
0.880465  0.0547452  0.0325537  0.0168012  0.00672152  0.000751045  0.000681068  0.00602623  0.016863  0.0325305  0.0545878  0.0813841  0.11043  0.145684  0.184676  0.22668  0.272315  0.320173  0.37065  0.421646  0.472802  0.526118  0.577105  0.628617  0.678631  0.725788  0.772114  0.81394  0.852889  0.8886  
0.873116  0.0914684  0.0626853  0.0400576  0.0216067  0.00881433  0.0017966  4.19626e-05  0.00358306  0.0127186  0.0272954  0.0462291  0.0716644  0.0999706  0.134311  0.172368  0.212893  0.256789  0.303994  0.353741  0.404407  0.455485  0.509013  0.561288  0.613088  0.663109  0.711367  0.756377  0.801036  0.842056  
0.865555  0.135966  0.102031  0.0742575  0.0474381  0.0276619  0.012884  0.00342288  6.6101e-05  0.00187615  0.00881943  0.0237372  0.0394195  0.0624991  0.0898383  0.123484  0.158016  0.197639  0.241899  0.287145  0.336782  0.385113  0.438307  0.489475  0.541274  0.595721  0.645119  0.694252  0.740732  0.786487  
0.857993  0.188281  0.149365  0.114031  0.0812766  0.0559664  0.0340323  0.0192493  0.00803703  0.000865601  0.000480357  0.00573819  0.0158027  0.0313792  0.052706  0.0790454  0.108554  0.144  0.183555  0.225829  0.270451  0.318671  0.3674  0.418712  0.470282  0.522847  0.575479  0.625594  0.675997  0.723807  
0.850599  0.245466  0.201441  0.161952  0.124506  0.094057  0.0642319  0.0411886  0.022582  0.00966823  0.00204676  1.16954e-06  0.00336973  0.0120638  0.0262514  0.045274  0.0697194  0.0987612  0.132253  0.169376  0.211151  0.255425  0.302136  0.351149  0.401363  0.453493  0.505521  0.558605  0.609498  0.6596  
0.84312  0.307787  0.26085  0.216536  0.174606  0.13688  0.103  0.0736993  0.0485201  0.0284061  0.0136565  0.00451932  3.75031e-06  0.00138264  0.00828283  0.0207673  0.0383833  0.0608123  0.0882713  0.120711  0.156554  0.196119  0.23934  0.284837  0.333604  0.38373  0.435347  0.487571  0.539896  0.591524  
0.835718  0.376215  0.324557  0.276451  0.230127  0.187047  0.149002  0.114154  0.0824523  0.0561418  0.0343084  0.0183142  0.00607154  0.000921356  0.000421625  0.00527022  0.0158126  0.0367464  0.0520148  0.0778899  0.109127  0.143436  0.182722  0.224331  0.269997  0.317332  0.36373  0.418165  0.470331  0.521259  
0.828261  0.44313  0.391144  0.340411  0.292477  0.247781  0.202471  0.162042  0.125006  0.0933471  0.0647879  0.0407011  0.0229328  0.0106174  0.00229824  1.4837e-05  0.00315925  0.00772436  0.025979  0.0444047  0.0700533  0.0989113  0.131434  0.170725  0.209709  0.253745  0.300943  0.349937  0.400412  0.452436  
0.820791  0.512571  0.46025  0.408153  0.358665  0.308011  0.261884  0.216704  0.174834  0.136807  0.103348  0.0719343  0.0483922  0.0319552  0.0139463  0.00478474  1.23132e-05  0.001407  0.00861828  0.0195385  0.0382105  0.0610582  0.0883924  0.128232  0.156037  0.196035  0.23866  0.27207  0.333462  0.38424  
0.813175  0.584485  0.53298  0.480613  0.428698  0.37653  0.327028  0.27907  0.233265  0.190627  0.151004  0.116509  0.0840264  0.0579335  0.0354919  0.0184609  0.00701905  0.000365809  6.03043e-05  0.00516895  0.0150736  0.0303562  0.0515647  0.07697  0.107242  0.141776  0.179998  0.222136  0.267127  0.314664  
0.805989  0.650278  0.599108  0.547457  0.494807  0.448087  0.39032  0.341537  0.292505  0.245339  0.20233  0.161264  0.12494  0.0921385  0.0655797  0.0411471  0.0234475  0.0100831  0.003167  2.73653e-05  0.00304794  0.012731  0.02658  0.0438009  0.0693864  0.0985749  0.131464  0.168357  0.210315  0.253894  
0.798244  0.718275  0.670271  0.620169  0.568294  0.515622  0.464612  0.412477  0.36145  0.30911  0.264659  0.219375  0.178278  0.13957  0.105843  0.0753589  0.0500639  0.0297882  0.0145192  0.00500302  0.000273674  0.00126898  0.0076937  0.0196656  0.0363051  0.0590751  0.0861258  0.117353  0.15329  0.192889  
0.791037  0.777016  0.732219  0.684705  0.634863  0.583813  0.532142  0.47977  0.427705  0.376025  0.326507  0.278275  0.23229  0.189872  0.1506  0.11496  0.0837241  0.0572638  0.0353209  0.0186071  0.00699084  0.000520728  0.000409617  0.00500457  0.0155294  0.0311959  0.0519328  0.0770378  0.107818  0.142304  
0.78347  0.834009  0.793171  0.749638  0.702056  0.653  0.602742  0.549406  0.49875  0.446384  0.394472  0.343815  0.29601  0.249491  0.205093  0.163703  0.127695  0.0945901  0.0660466  0.0426068  0.0239615  0.0109341  0.00234588  8.12304e-07  0.00288009  0.0111106  0.0245901  0.0439693  0.06731  0.0959912  
0.77581  0.883655  0.848145  0.808676  0.766385  0.720013  0.671907  0.621981  0.570683  0.518518  0.466246  0.414221  0.363041  0.31376  0.265545  0.221528  0.179757  0.141357  0.106318  0.0763642  0.0510494  0.0303213  0.0148022  0.00502032  0.000335797  0.00115837  0.00719014  0.0191037  0.0356638  0.0580207  
0.768395  0.924694  0.894848  0.86025  0.822008  0.781043  0.735652  0.689184  0.638674  0.58827  0.536354  0.483534  0.431081  0.379732  0.32969  0.28195  0.235727  0.193183  0.153072  0.117453  0.086109  0.0593762  0.0370591  0.019693  0.00751883  0.0011223  0.000168675  0.00286833  0.0144651  0.0290879  
0.760856  0.956427  0.934766  0.905455  0.874461  0.836227  0.794658  0.752705  0.706294  0.655525  0.607178  0.553641  0.502606  0.450092  0.397673  0.349888  0.298649  0.250476  0.208213  0.167216  0.130102  0.0966214  0.0681168  0.0441853  0.0251404  0.0113553  0.0024852  5.83707e-08  0.00272687  0.0102447  
0.75337  0.981516  0.964776  0.942396  0.916142  0.884983  0.849504  0.81041  0.766537  0.722301  0.674022  0.624105  0.572658  0.520621  0.468483  0.416188  0.365679  0.315558  0.268129  0.223024  0.181081  0.142347  0.108  0.0773757  0.0535411  0.031274  0.0157014  0.00536605  0.00040711  0.000955364  
0.75  0.989074  0.975528  0.956773  0.933013  0.90451  0.871574  0.834566  0.793893  0.750001  0.703369  0.65451  0.603957  0.552264  0.500001  0.447737  0.396045  0.345492  0.296633  0.250002  0.206108  0.165435  0.128428  0.0954918  0.0669877  0.0432273  0.0244717  0.0109258  0.00273924  6.2938e-11  
0.75  0.989074  0.975528  0.956773  0.933013  0.90451  0.871574  0.834566  0.793893  0.750001  0.703369  0.65451  0.603957  0.552264  0.500001  0.447737  0.396045  0.345492  0.296633  0.250002  0.206108  0.165435  0.128428  0.0954918  0.0669877  0.0432273  0.0244717  0.0109258  0.00273924  6.2938e-11  
0.75  0.989074  0.975528  0.956773  0.933013  0.90451  0.871574  0.834566  0.793893  0.750001  0.703369  0.65451  0.603957  0.552264  0.500001  0.447737  0.396045  0.345492  0.296633  0.250002  0.206108  0.165435  0.128428  0.0954918  0.0669877  0.0432273  0.0244717  0.0109258  0.00273924  6.2938e-11  
0.75  0.989074  0.975528  0.956773  0.933013  0.90451  0.871574  0.834566  0.793893  0.750001  0.703369  0.65451  0.603957  0.552264  0.500001  0.447737  0.396045  0.345492  0.296633  0.250002  0.206108  0.165435  0.128428  0.0954918  0.0669877  0.0432273  0.0244717  0.0109258  0.00273924  6.2938e-11  
0.75  0.989074  0.975528  0.956773  0.933013  0.90451  0.871574  0.834566  0.793893  0.750001  0.703369  0.65451  0.603957  0.552264  0.500001  0.447737  0.396045  0.345492  0.296633  0.250002  0.206108  0.165435  0.128428  0.0954918  0.0669877  0.0432273  0.0244717  0.0109258  0.00273924  6.2938e-11  
0.75  0.989074  0.975528  0.956773  0.933013  0.90451  0.871574  0.834566  0.793893  0.750001  0.703369  0.65451  0.603957  0.552264  0.500001  0.447737  0.396045  0.345492  0.296633  0.250002  0.206108  0.165435  0.128428  0.0954918  0.0669877  0.0432273  0.0244717  0.0109258  0.00273924  6.2938e-11  
0.75  0.989074  0.975528  0.956773  0.933013  0.90451  0.871574  0.834566  0.793893  0.750001  0.703369  0.65451  0.603957  0.552264  0.500001  0.447737  0.396045  0.345492  0.296633  0.250002  0.206108  0.165435  0.128428  0.0954918  0.0669877  0.0432273  0.0244717  0.0109258  0.00273924  6.2938e-11  
0.75  0.989074  0.975528  0.956773  0.933013  0.90451  0.871574  0.834566  0.793893  0.750001  0.703369  0.65451  0.603957  0.552264  0.500001  0.447737  0.396045  0.345492  0.296633  0.250002  0.206108  0.165435  0.128428  0.0954918  0.0669877  0.0432273  0.0244717  0.0109258  0.00273924  6.2938e-11  
0.75  0.989074  0.975528  0.956773  0.933013  0.90451  0.871574  0.834566  0.793893  0.750001  0.703369  0.65451  0.603957  0.552264  0.500001  0.447737  0.396045  0.345492  0.296633  0.250002  0.206108  0.165435  0.128428  0.0954918  0.0669877  0.0432273  0.0244717  0.0109258  0.00273924  6.2938e-11  
0.75  0.989074  0.975528  0.956773  0.933013  0.90451  0.871574  0.834566  0.793893  0.750001  0.703369  0.65451  0.603957  0.552264  0.500001  0.447737  0.396045  0.345492  0.296633  0.250002  0.206108  0.165435  0.128428  0.0954918  0.0669877  0.0432273  0.0244717  0.0109258  0.00273924  6.2938e-11  
0.75  0.989074  0.975528  0.956773  0.933013  0.90451  0.871574  0.834566  0.793893  0.750001  0.703369  0.65451  0.603957  0.552264  0.500001  0.447737  0.396045  0.345492  0.296633  0.250002  0.206108  0.165435  0.128428  0.0954918  0.0669877  0.0432273  0.0244717  0.0109258  0.00273924  6.2938e-11  
0.75  0.989074  0.975528  0.956773  0.933013  0.90451  0.871574  0.834566  0.793893  0.750001  0.703369  0.65451  0.603957  0.552264  0.500001  0.447737  0.396045  0.345492  0.296633  0.250002  0.206108  0.165435  0.128428  0.0954918  0.0669877  0.0432273  0.0244717  0.0109258  0.00273924  6.2938e-11  
0.75  0.989074  0.975528  0.956773  0.933013  0.90451  0.871574  0.834566  0.793893  0.750001  0.703369  0.65451  0.603957  0.552264  0.500001  0.447737  0.396045  0.345492  0.296633  0.250002  0.206108  0.165435  0.128428  0.0954918  0.0669877  0.0432273  0.0244717  0.0109258  0.00273924  6.2938e-11  
0.75  0.989074  0.975528  0.956773  0.933013  0.90451  0.871574  0.834566  0.793893  0.750001  0.703369  0.65451  0.603957  0.552264  0.500001  0.447737  0.396045  0.345492  0.296633  0.250002  0.206108  0.165435  0.128428  0.0954918  0.0669877  0.0432273  0.0244717  0.0109258  0.00273924  6.2938e-11  
0.75  0.989074  0.975528  0.956773  0.933013  0.90451  0.871574  0.834566  0.793893  0.750001  0.703369  0.65451  0.603957  0.552264  0.500001  0.447737  0.396045  0.345492  0.296633  0.250002  0.206108  0.165435  0.128428  0.0954918  0.0669877  0.0432273  0.0244717  0.0109258  0.00273924  6.2938e-11  
0.75  0.989074  0.975528  0.956773  0.933013  0.90451  0.871574  0.834566  0.793893  0.750001  0.703369  0.65451  0.603957  0.552264  0.500001  0.447737  0.396045  0.345492  0.296633  0.250002  0.206108  0.165435  0.128428  0.0954918  0.0669877  0.0432273  0.0244717  0.0109258  0.00273924  6.2938e-11  
0.75  0.989074  0.975528  0.956773  0.933013  0.90451  0.871574  0.834566  0.793893  0.750001  0.703369  0.65451  0.603957  0.552264  0.500001  0.447737  0.396045  0.345492  0.296633  0.250002  0.206108  0.165435  0.128428  0.0954918  0.0669877  0.0432273  0.0244717  0.0109258  0.00273924  6.2938e-11  
0.5  0.396044  0.345491  0.29663  0.250001  0.206108  0.165434  0.128428  0.095492  0.0669877  0.0432283  0.0244723  0.0109264  0.00273909  1.65182e-14  0.00273869  0.0109271  0.0244714  0.043227  0.0669866  0.0954908  0.128427  0.165436  0.206105  0.249999  0.296631  0.345491  0.396044  0.447735  0.5  
0.5  0.396044  0.345491  0.29663  0.250001  0.206108  0.165434  0.128428  0.095492  0.0669877  0.0432283  0.0244723  0.0109264  0.00273909  1.65182e-14  0.00273869  0.0109271  0.0244714  0.043227  0.0669866  0.0954908  0.128427  0.165436  0.206105  0.249999  0.296631  0.345491  0.396044  0.447735  0.5  
0.5  0.396044  0.345491  0.29663  0.250001  0.206108  0.165434  0.128428  0.095492  0.0669877  0.0432283  0.0244723  0.0109264  0.00273909  1.65182e-14  0.00273869  0.0109271  0.0244714  0.043227  0.0669866  0.0954908  0.128427  0.165436  0.206105  0.249999  0.296631  0.345491  0.396044  0.447735  0.5  
0.5  0.396044  0.345491  0.29663  0.250001  0.206108  0.165434  0.128428  0.095492  0.0669877  0.0432283  0.0244723  0.0109264  0.00273909  1.65182e-14  0.00273869  0.0109271  0.0244714  0.043227  0.0669866  0.0954908  0.128427  0.165436  0.206105  0.249999  0.296631  0.345491  0.396044  0.447735  0.5  
0.5  0.396044  0.345491  0.29663  0.250001  0.206108  0.165434  0.128428  0.095492  0.0669877  0.0432283  0.0244723  0.0109264  0.00273909  1.65182e-14  0.00273869  0.0109271  0.0244714  0.043227  0.0669866  0.0954908  0.128427  0.165436  0.206105  0.249999  0.296631  0.345491  0.396044  0.447735  0.5  
0.5  0.396044  0.345491  0.29663  0.250001  0.206108  0.165434  0.128428  0.095492  0.0669877  0.0432283  0.0244723  0.0109264  0.00273909  1.65182e-14  0.00273869  0.0109271  0.0244714  0.043227  0.0669866  0.0954908  0.128427  0.165436  0.206105  0.249999  0.296631  0.345491  0.396044  0.447735  0.5  
0.5  0.396044  0.345491  0.29663  0.250001  0.206108  0.165434  0.128428  0.095492  0.0669877  0.0432283  0.0244723  0.0109264  0.00273909  1.65182e-14  0.00273869  0.0109271  0.0244714  0.043227  0.0669866  0.0954908  0.128427  0.165436  0.206105  0.249999  0.296631  0.345491  0.396044  0.447735  0.5  
0.5  0.396044  0.345491  0.29663  0.250001  0.206108  0.165434  0.128428  0.095492  0.0669877  0.0432283  0.0244723  0.0109264  0.00273909  1.65182e-14  0.00273869  0.0109271  0.0244714  0.043227  0.0669866  0.0954908  0.128427  0.165436  0.206105  0.249999  0.296631  0.345491  0.396044  0.447735  0.5  
0.5  0.396044  0.345491  0.29663  0.250001  0.206108  0.165434  0.128428  0.095492  0.0669877  0.0432283  0.0244723  0.0109264  0.00273909  1.65182e-14  0.00273869  0.0109271  0.0244714  0.043227  0.0669866  0.0954908  0.128427  0.165436  0.206105  0.249999  0.296631  0.345491  0.396044  0.447735  0.5  
0.5  0.396044  0.345491  0.29663  0.250001  0.206108  0.165434  0.128428  0.095492  0.0669877  0.0432283  0.0244723  0.0109264  0.00273909  1.65182e-14  0.00273869  0.0109271  0.0244714  0.043227  0.0669866  0.0954908  0.128427  0.165436  0.206105  0.249999  0.296631  0.345491  0.396044  0.447735  0.5  
0.5  0.396044  0.345491  0.29663  0.250001  0.206108  0.165434  0.128428  0.095492  0.0669877  0.0432283  0.0244723  0.0109264  0.00273909  1.65182e-14  0.00273869  0.0109271  0.0244714  0.043227  0.0669866  0.0954908  0.128427  0.165436  0.206105  0.249999  0.296631  0.345491  0.396044  0.447735  0.5  
0.5  0.396044  0.345491  0.29663  0.250001  0.206108  0.165434  0.128428  0.095492  0.0669877  0.0432283  0.0244723  0.0109264  0.00273909  1.65182e-14  0.00273869  0.0109271  0.0244714  0.043227  0.0669866  0.0954908  0.128427  0.165436  0.206105  0.249999  0.296631  0.345491  0.396044  0.447735  0.5  
0.5  0.396044  0.345491  0.29663  0.250001  0.206108  0.165434  0.128428  0.095492  0.0669877  0.0432283  0.0244723  0.0109264  0.00273909  1.65182e-14  0.00273869  0.0109271  0.0244714  0.043227  0.0669866  0.0954908  0.128427  0.165436  0.206105  0.249999  0.296631  0.345491  0.396044  0.447735  0.5  
0.5  0.396044  0.345491  0.29663  0.250001  0.206108  0.165434  0.128428  0.095492  0.0669877  0.0432283  0.0244723  0.0109264  0.00273909  1.65182e-14  0.00273869  0.0109271  0.0244714  0.043227  0.0669866  0.0954908  0.128427  0.165436  0.206105  0.249999  0.296631  0.345491  0.396044  0.447735  0.5  
0.5  0.396044  0.345491  0.29663  0.250001  0.206108  0.165434  0.128428  0.095492  0.0669877  0.0432283  0.0244723  0.0109264  0.00273909  1.65182e-14  0.00273869  0.0109271  0.0244714  0.043227  0.0669866  0.0954908  0.128427  0.165436  0.206105  0.249999  0.296631  0.345491  0.396044  0.447735  0.5  
0.5  0.396044  0.345491  0.29663  0.250001  0.206108  0.165434  0.128428  0.095492  0.0669877  0.0432283  0.0244723  0.0109264  0.00273909  1.65182e-14  0.00273869  0.0109271  0.0244714  0.043227  0.0669866  0.0954908  0.128427  0.165436  0.206105  0.249999  0.296631  0.345491  0.396044  0.447735  0.5  
0.499306  0.402535  0.351732  0.302433  0.255785  0.211403  0.170314  0.132781  0.0998017  0.0702375  0.0457889  0.0265383  0.0123288  0.0034413  7.32052e-15  0.00173764  0.00954688  0.0227325  0.0408774  0.0636586  0.0917153  0.124016  0.160549  0.200992  0.244226  0.290559  0.339249  0.389686  0.441201  0.493744  
0.491849  0.472618  0.419855  0.369066  0.319223  0.271834  0.22633  0.183994  0.145571  0.110343  0.0798023  0.0536685  0.0324924  0.016411  0.00567752  0.000557908  0.000769697  0.0058365  0.0175974  0.0337416  0.0548963  0.0817046  0.112351  0.147612  0.186312  0.229186  0.274582  0.322452  0.372472  0.423082  
0.484269  0.543896  0.491677  0.438849  0.387124  0.337042  0.288647  0.242355  0.199348  0.158667  0.122813  0.0902746  0.0599475  0.0394218  0.0216103  0.0091568  0.00166275  7.64601e-05  0.00374892  0.0128432  0.027391  0.0473279  0.0703776  0.100742  0.134334  0.172041  0.213224  0.257812  0.304766  0.354664  
0.476693  0.612579  0.563639  0.510054  0.457878  0.406636  0.355306  0.308157  0.257742  0.214687  0.171768  0.135108  0.100839  0.0722589  0.0465217  0.0274502  0.0131279  0.00378077  9.43069e-05  0.00123902  0.00867587  0.0209463  0.049421  0.060911  0.0943629  0.122802  0.140053  0.19868  0.239994  0.287297  
0.469396  0.679834  0.630178  0.578799  0.526595  0.474552  0.423145  0.371023  0.321331  0.273728  0.228076  0.185976  0.146825  0.111688  0.080968  0.0546068  0.0339132  0.0172112  0.00633185  0.000700269  0.000491839  0.0060597  0.017015  0.0330098  0.0535056  0.0806055  0.11133  0.146335  0.185083  0.227568  
0.461761  0.744785  0.697605  0.648401  0.598468  0.546532  0.496659  0.441891  0.374524  0.339382  0.289669  0.243979  0.203642  0.159766  0.12631  0.0918809  0.0646257  0.0415296  0.0234058  0.00828734  0.00169598  1.73035e-05  0.000735223  0.0121837  0.0256919  0.0444614  0.0729618  0.0986223  0.131695  0.170484  
0.454444  0.802432  0.75658  0.712816  0.664307  0.614166  0.562663  0.510857  0.458417  0.406383  0.35537  0.306086  0.259187  0.214455  0.1688  0.135534  0.101543  0.0724236  0.0475872  0.0277689  0.0126432  0.00394974  9.76252e-05  0.00171594  0.008279  0.0212603  0.0398945  0.0618394  0.0930706  0.121476  
0.446578  0.857532  0.81882  0.777469  0.731662  0.684676  0.634894  0.584342  0.532468  0.479856  0.427747  0.376331  0.326479  0.278578  0.232643  0.190219  0.151495  0.115298  0.0839538  0.0572925  0.0355182  0.0188063  0.00717491  0.00102902  0.000416136  0.00512511  0.0151568  0.0311042  0.0519456  0.0773904  
0.439543  0.901942  0.868805  0.832133  0.78831  0.745503  0.69826  0.650543  0.59905  0.546729  0.494232  0.443588  0.389716  0.340987  0.290675  0.246439  0.201526  0.162216  0.12391  0.093127  0.064601  0.0416009  0.0222782  0.00989888  0.00079473  8.88576e-09  0.00322026  0.0116934  0.0271391  0.0454474  
0.432007  0.937665  0.912145  0.881046  0.842926  0.80555  0.761763  0.714753  0.665599  0.616876  0.564697  0.513509  0.460577  0.407535  0.354165  0.308749  0.260485  0.215885  0.174904  0.138387  0.104657  0.0733942  0.049159  0.0295637  0.0143719  0.0043999  6.70122e-06  0.000529705  0.0086768  0.0208264  
0.424477  0.968657  0.947421  0.921522  0.891955  0.857134  0.81868  0.776666  0.731256  0.682945  0.634232  0.581813  0.531052  0.478674  0.427704  0.374225  0.325348  0.279592  0.233062  0.189445  0.150319  0.115  0.0827019  0.0568629  0.0339457  0.0181586  0.00777051  0.000416563  3.08297e-06  0.00535395  
0.417047  0.988297  0.974246  0.955858  0.931392  0.902506  0.869217  0.831373  0.7911  0.746363  0.699788  0.650916  0.602249  0.548524  0.497773  0.444138  0.394089  0.342298  0.292624  0.246936  0.202673  0.162917  0.126342  0.0930765  0.0654645  0.0416459  0.0234728  0.00973115  0.00219429  8.8228e-09  
0.409507  0.998703  0.992005  0.979675  0.963417  0.94046  0.914664  0.881382  0.848219  0.805501  0.76223  0.716839  0.669059  0.618631  0.567651  0.515018  0.462751  0.41079  0.359773  0.310407  0.26288  0.218458  0.177284  0.138852  0.104924  0.0745312  0.0494297  0.0296212  0.014173  0.00446897  
0.402081  0.999146  0.99984  0.994806  0.984252  0.969008  0.947933  0.923092  0.898323  0.858163  0.819458  0.77785  0.733382  0.685319  0.636564  0.584739  0.532515  0.481009  0.428575  0.377483  0.328381  0.279279  0.233696  0.190171  0.151147  0.115552  0.0847556  0.0578437  0.0385215  0.0189357  
0.394638  0.989301  0.997436  1  0.997021  0.988997  0.974954  0.956649  0.932161  0.903688  0.870228  0.832966  0.791451  0.748461  0.701486  0.651584  0.6024  0.550547  0.498221  0.446486  0.394682  0.343751  0.29505  0.248444  0.204681  0.164051  0.127486  0.0944289  0.0659891  0.0423689  
0.387166  0.970247  0.985513  0.995286  0.999794  0.998759  0.992123  0.980205  0.962959  0.94108  0.91377  0.882267  0.846799  0.806681  0.763952  0.717979  0.669697  0.619646  0.568525  0.516226  0.463767  0.412114  0.361075  0.311571  0.263691  0.21938  0.17772  0.139361  0.105272  0.075343  
0.379681  0.94109  0.963363  0.980563  0.99227  0.998768  0.999927  0.9951  0.985139  0.969848  0.949539  0.924244  0.894273  0.859662  0.821571  0.779485  0.73451  0.687309  0.63754  0.586725  0.535243  0.483173  0.429311  0.379195  0.329129  0.281255  0.23506  0.192536  0.152972  0.117218  
0.372226  0.904224  0.933175  0.957597  0.975514  0.989028  0.997416  1  0.997764  0.989374  0.975796  0.95673  0.933704  0.904734  0.872885  0.834693  0.793456  0.749923  0.703433  0.654123  0.604619  0.552375  0.500779  0.447992  0.396439  0.345546  0.2951  0.250455  0.206858  0.165407  
0.364687  0.858814  0.892946  0.923168  0.949087  0.969301  0.984906  0.995019  0.999655  0.998876  0.992604  0.981546  0.96442  0.942184  0.915544  0.884122  0.848233  0.809047  0.765969  0.720588  0.672211  0.622085  0.570991  0.518559  0.46619  0.414383  0.363466  0.313757  0.266277  0.221694  
0.357266  0.806974  0.846351  0.882469  0.913727  0.940688  0.963578  0.980205  0.991784  0.99872  0.999704  0.995338  0.98588  0.970207  0.950248  0.92482  0.894971  0.860602  0.823216  0.780814  0.736646  0.688659  0.636881  0.587667  0.536229  0.484197  0.432092  0.380347  0.330189  0.281487  
0.349746  0.747411  0.791217  0.833337  0.870012  0.903358  0.932085  0.95548  0.975236  0.988513  0.996812  0.999999  0.99896  0.989286  0.976825  0.957664  0.936734  0.906063  0.873882  0.836099  0.7959  0.751808  0.705275  0.656908  0.603989  0.552225  0.504472  0.448198  0.398608  0.347629  
0.342068  0.682633  0.730128  0.775231  0.816929  0.855804  0.891033  0.921592  0.947028  0.968103  0.983695  0.994459  0.999713  0.999284  0.993533  0.982305  0.967854  0.9438  0.917456  0.88616  0.850944  0.811262  0.769372  0.723677  0.675296  0.626094  0.574062  0.522766  0.470369  0.418229  
0.334806  0.617524  0.667884  0.716143  0.762103  0.805054  0.844844  0.88067  0.912704  0.939919  0.962035  0.979642  0.991656  0.998509  0.99995  0.995548  0.986023  0.971334  0.951134  0.926044  0.895884  0.861914  0.823463  0.782481  0.737871  0.690628  0.64182  0.590535  0.538225  0.486307  
0.327017  0.545081  0.59601  0.647347  0.696567  0.744182  0.788574  0.828828  0.866519  0.900439  0.930359  0.952759  0.973319  0.987162  0.996645  0.999993  0.998483  0.990679  0.973697  0.960232  0.93662  0.908928  0.875756  0.839783  0.801557  0.756333  0.710485  0.661205  0.613318  0.559852  
0.319939  0.478124  0.530624  0.582623  0.633804  0.683171  0.730857  0.776097  0.81822  0.856993  0.891545  0.922072  0.947434  0.968342  0.983985  0.994534  0.999555  0.999114  0.993157  0.981982  0.965201  0.943578  0.916437  0.885759  0.850208  0.810829  0.76862  0.723025  0.675132  0.625217  
0.312294  0.406685  0.457663  0.509429  0.562995  0.614205  0.665563  0.713503  0.759071  0.801839  0.842374  0.878866  0.911757  0.937916  0.96733  0.978796  0.991223  0.998226  0.999995  0.99616  0.988116  0.971993  0.951756  0.927683  0.899714  0.862348  0.826006  0.784493  0.740637  0.693195  
0.304887  0.339513  0.391122  0.441466  0.495011  0.546052  0.597794  0.64857  0.697329  0.744527  0.78874  0.829936  0.867694  0.900477  0.929976  0.954005  0.973617  0.987719  0.996444  0.999992  0.998327  0.990483  0.977371  0.95913  0.936054  0.908028  0.876116  0.83933  0.799469  0.755513  
0.297363  0.274789  0.322114  0.371884  0.422586  0.474254  0.528499  0.580094  0.631631  0.680227  0.728419  0.77357  0.816067  0.854943  0.888989  0.920084  0.94598  0.966955  0.983277  0.993998  0.999541  0.999526  0.993542  0.982815  0.965306  0.945041  0.918853  0.887872  0.852769  0.814313  
0.289839  0.213046  0.25779  0.30489  0.354321  0.404965  0.456402  0.509003  0.561165  0.612739  0.662752  0.711499  0.757632  0.801126  0.841441  0.877601  0.90978  0.937348  0.960345  0.978231  0.990865  0.998107  0.999989  0.996337  0.987146  0.97273  0.953018  0.928435  0.899396  0.865481  
0.282444  0.159316  0.199224  0.242898  0.289049  0.337313  0.387762  0.439384  0.491598  0.543878  0.59521  0.646589  0.695519  0.742516  0.786968  0.828319  0.866049  0.89955  0.928227  0.953175  0.971566  0.987409  0.996662  0.999939  0.997994  0.991158  0.977905  0.96022  0.936494  0.909153  
0.27502  0.111244  0.146099  0.185041  0.227324  0.272685  0.321867  0.370354  0.4214  0.473958  0.525873  0.577759  0.628991  0.67882  0.726617  0.772025  0.814675  0.85329  0.8886  0.91908  0.945318  0.966637  0.987017  0.993857  0.99942  0.999395  0.993885  0.983095  0.96653  0.945468  
0.267204  0.0683711  0.0922731  0.132041  0.168882  0.210745  0.254751  0.300554  0.347476  0.401009  0.452303  0.505984  0.558671  0.609398  0.658099  0.708293  0.753707  0.799073  0.837184  0.874167  0.907485  0.935058  0.959346  0.976415  0.990018  0.997824  0.999988  0.997413  0.98903  0.973978  
0.259304  0.0347371  0.0578169  0.0849989  0.114381  0.151654  0.188582  0.235131  0.274007  0.328514  0.378083  0.429391  0.482877  0.534265  0.584298  0.637982  0.685742  0.733394  0.782975  0.82054  0.855261  0.893619  0.919394  0.957546  0.970658  0.985462  0.994556  0.99965  0.999904  0.991596  
