1.72743  2.96532  5.99996  8  3.5  4.2  4.9023  5.59859  6.30362  7.00402  7.69618  8.39583  9.09826  9.80347  10.5022  11.2023  11.9023  12.6024  13.3001  14.0001  14.704  15.4042  16.1057  16.8059  
1.68765  2.98791  5.98223  5.88589  3.5  4.2  4.9023  5.59859  6.30362  7.00402  7.69618  8.39583  9.09826  9.80347  10.5022  11.2023  11.9023  12.6024  13.3001  14.0001  14.704  15.4042  16.1057  16.8059  
1.71186  2.95007  5.48901  5.6617  3.5  4.2  4.9023  5.59859  6.30362  7.00402  7.69618  8.39583  9.09826  9.80347  10.5022  11.2023  11.9023  12.6024  13.3001  14.0001  14.704  15.4042  16.1057  16.8059  
1.68335  2.95737  5.8498  6.11785  3.5  4.2  4.9023  5.59859  6.30362  7.00402  7.69618  8.39583  9.09826  9.80347  10.5022  11.2023  11.9023  12.6024  13.3001  14.0001  14.704  15.4042  16.1057  16.8059  
1.68384  3.01422  4.74473  5.86185  3.5  4.2  4.9023  5.59859  6.30362  7.00402  7.69618  8.39583  9.09826  9.80347  10.5022  11.2023  11.9023  12.6024  13.3001  14.0001  14.704  15.4042  16.1057  16.8059  
1.67847  2.96523  5.4618  5.86427  3.5  4.2  4.9023  5.59859  6.30362  7.00402  7.69618  8.39583  9.09826  9.80347  10.5022  11.2023  11.9023  12.6024  13.3001  14.0001  14.704  15.4042  16.1057  16.8059  
1.6913  2.96154  4.8275  5.8648  3.5  4.2  4.9023  5.59859  6.30362  7.00402  7.69618  8.39583  9.09826  9.80347  10.5022  11.2023  11.9023  12.6024  13.3001  14.0001  14.704  15.4042  16.1057  16.8059  
1.68823  2.90635  5.94488  6.12835  3.5  4.2  4.9023  5.59859  6.30362  7.00402  7.69618  8.39583  9.09826  9.80347  10.5022  11.2023  11.9023  12.6024  13.3001  14.0001  14.704  15.4042  16.1057  16.8059  
1.71353  2.96122  4.82491  4.90566  3.5  4.2  4.9023  5.59859  6.30362  7.00402  7.69618  8.39583  9.09826  9.80347  10.5022  11.2023  11.9023  12.6024  13.3001  14.0001  14.704  15.4042  16.1057  16.8059  
1.67339  2.96545  4.89429  5.88996  3.5  4.2  4.9023  5.59859  6.30362  7.00402  7.69618  8.39583  9.09826  9.80347  10.5022  11.2023  11.9023  12.6024  13.3001  14.0001  14.704  15.4042  16.1057  16.8059  
1.6878  2.96593  4.44481  5.66828  3.5  4.2  4.9023  5.59859  6.30362  7.00402  7.69618  8.39583  9.09826  9.80347  10.5022  11.2023  11.9023  12.6024  13.3001  14.0001  14.704  15.4042  16.1057  16.8059  
1.68261  2.90625  5.39536  6.12855  3.5  4.2  4.9023  5.59859  6.30362  7.00402  7.69618  8.39583  9.09826  9.80347  10.5022  11.2023  11.9023  12.6024  13.3001  14.0001  14.704  15.4042  16.1057  16.8059  
1.69885  2.95989  5.97779  3.10115  3.5  4.2  4.9023  5.59859  6.30362  7.00402  7.69618  8.39583  9.09826  9.80347  10.5022  11.2023  11.9023  12.6024  13.3001  14.0001  14.704  15.4042  16.1057  16.8059  
1.68736  2.90753  4.7823  6.12812  3.5  4.2  4.9023  5.59859  6.30362  7.00402  7.69618  8.39583  9.09826  9.80347  10.5022  11.2023  11.9023  12.6024  13.3001  14.0001  14.704  15.4042  16.1057  16.8059  
1.67788  2.95935  4.79507  5.10728  3.5  4.2  4.9023  5.59859  6.30362  7.00402  7.69618  8.39583  9.09826  9.80347  10.5022  11.2023  11.9023  12.6024  13.3001  14.0001  14.704  15.4042  16.1057  16.8059  
1.65539  2.91868  5.86246  6.34863  3.5  4.2  4.9023  5.59859  6.30362  7.00402  7.69618  8.39583  9.09826  9.80347  10.5022  11.2023  11.9023  12.6024  13.3001  14.0001  14.704  15.4042  16.1057  16.8059  
1.71417  2.96492  4.04248  4.92993  3.5  4.2  4.9023  5.59859  6.30362  7.00402  7.69618  8.39583  9.09826  9.80347  10.5022  11.2023  11.9023  12.6024  13.3001  14.0001  14.704  15.4042  16.1057  16.8059  
1.68809  2.91811  4.8586  5.06023  3.5  4.2  4.9023  5.59859  6.30362  7.00402  7.69618  8.39583  9.09826  9.80347  10.5022  11.2023  11.9023  12.6024  13.3001  14.0001  14.704  15.4042  16.1057  16.8059  
1.70023  2.93215  4.1942  5.10252  3.5  4.2  4.9023  5.59859  6.30362  7.00402  7.69618  8.39583  9.09826  9.80347  10.5022  11.2023  11.9023  12.6024  13.3001  14.0001  14.704  15.4042  16.1057  16.8059  
1.67142  2.90397  4.82614  6.12819  3.5  4.2  4.9023  5.59859  6.30362  7.00402  7.69618  8.39583  9.09826  9.80347  10.5022  11.2023  11.9023  12.6024  13.3001  14.0001  14.704  15.4042  16.1057  16.8059  
1.69803  2.95854  4.00265  4.87625  3.5  4.2  4.9023  5.59859  6.30362  7.00402  7.69618  8.39583  9.09826  9.80347  10.5022  11.2023  11.9023  12.6024  13.3001  14.0001  14.704  15.4042  16.1057  16.8059  
1.6728  2.91821  4.85836  5.26407  3.5  4.2  4.9023  5.59859  6.30362  7.00402  7.69618  8.39583  9.09826  9.80347  10.5022  11.2023  11.9023  12.6024  13.3001  14.0001  14.704  15.4042  16.1057  16.8059  
1.6987  2.90731  4.1967  5.11735  3.5  4.2  4.9023  5.59859  6.30362  7.00402  7.69618  8.39583  9.09826  9.80347  10.5022  11.2023  11.9023  12.6024  13.3001  14.0001  14.704  15.4042  16.1057  16.8059  
1.64855  2.9061  5.47048  6.11252  3.5  4.2  4.9023  5.59859  6.30362  7.00402  7.69618  8.39583  9.09826  9.80347  10.5022  11.2023  11.9023  12.6024  13.3001  14.0001  14.704  15.4042  16.1057  16.8059  
1.70321  2.96078  4.86082  3.25303  3.5  4.2  4.9023  5.59859  6.30362  7.00402  7.69618  8.39583  9.09826  9.80347  10.5022  11.2023  11.9023  12.6024  13.3001  14.0001  14.704  15.4042  16.1057  16.8059  
1.67231  2.92086  4.79504  4.78158  3.5  4.2  4.9023  5.59859  6.30362  7.00402  7.69618  8.39583  9.09826  9.80347  10.5022  11.2023  11.9023  12.6024  13.3001  14.0001  14.704  15.4042  16.1057  16.8059  
1.69784  2.91417  4.00263  4.87591  3.5  4.2  4.9023  5.59859  6.30362  7.00402  7.69618  8.39583  9.09826  9.80347  10.5022  11.2023  11.9023  12.6024  13.3001  14.0001  14.704  15.4042  16.1057  16.8059  
1.65103  2.90375  4.82579  6.12886  3.5  4.2  4.9023  5.59859  6.30362  7.00402  7.69618  8.39583  9.09826  9.80347  10.5022  11.2023  11.9023  12.6024  13.3001  14.0001  14.704  15.4042  16.1057  16.8059  
1.70029  2.93226  4.9373  3.13364  3.5  4.2  4.9023  5.59859  6.30362  7.00402  7.69618  8.39583  9.09826  9.80347  10.5022  11.2023  11.9023  12.6024  13.3001  14.0001  14.704  15.4042  16.1057  16.8059  
1.65484  2.92051  4.90874  4.99688  3.5  4.2  4.9023  5.59859  6.30362  7.00402  7.69618  8.39583  9.09826  9.80347  10.5022  11.2023  11.9023  12.6024  13.3001  14.0001  14.704  15.4042  16.1057  16.8059  
1.67996  2.91961  3.97029  5.03376  3.5  4.2  4.9023  5.59859  6.30362  7.00402  7.69618  8.39583  9.09826  9.80347  10.5022  11.2023  11.9023  12.6024  13.3001  14.0001  14.704  15.4042  16.1057  16.8059  
0.733718  3.35941  5.82129  6.04053  3.5  4.2  4.9023  5.59859  6.30362  7.00402  7.69618  8.39583  9.09826  9.80347  10.5022  11.2023  11.9023  12.6024  13.3001  14.0001  14.704  15.4042  16.1057  16.8059  
1.70714  2.9826  4.93084  2.36863  3.5  4.2  4.9023  5.59859  6.30362  7.00402  7.69618  8.39583  9.09826  9.80347  10.5022  11.2023  11.9023  12.6024  13.3001  14.0001  14.704  15.4042  16.1057  16.8059  
1.67264  2.91942  4.01125  4.94802  3.5  4.2  4.9023  5.59859  6.30362  7.00402  7.69618  8.39583  9.09826  9.80347  10.5022  11.2023  11.9023  12.6024  13.3001  14.0001  14.704  15.4042  16.1057  16.8059  
1.67935  2.95736  4.5514  3.33103  3.5  4.2  4.9023  5.59859  6.30362  7.00402  7.69618  8.39583  9.09826  9.80347  10.5022  11.2023  11.9023  12.6024  13.3001  14.0001  14.704  15.4042  16.1057  16.8059  
1.63611  2.92952  4.84423  5.02581  3.5  4.2  4.9023  5.59859  6.30362  7.00402  7.69618  8.39583  9.09826  9.80347  10.5022  11.2023  11.9023  12.6024  13.3001  14.0001  14.704  15.4042  16.1057  16.8059  
1.69699  2.95141  4.92261  2.36854  3.5  4.2  4.9023  5.59859  6.30362  7.00402  7.69618  8.39583  9.09826  9.80347  10.5022  11.2023  11.9023  12.6024  13.3001  14.0001  14.704  15.4042  16.1057  16.8059  
1.65528  2.91801  4.15743  5.05431  3.5  4.2  4.9023  5.59859  6.30362  7.00402  7.69618  8.39583  9.09826  9.80347  10.5022  11.2023  11.9023  12.6024  13.3001  14.0001  14.704  15.4042  16.1057  16.8059  
1.68114  2.92106  5.79032  1.77606  3.5  4.2  4.9023  5.59859  6.30362  7.00402  7.69618  8.39583  9.09826  9.80347  10.5022  11.2023  11.9023  12.6024  13.3001  14.0001  14.704  15.4042  16.1057  16.8059  
0.733718  3.35941  4.39999  5.82135  3.5  4.2  4.9023  5.59859  6.30362  7.00402  7.69618  8.39583  9.09826  9.80347  10.5022  11.2023  11.9023  12.6024  13.3001  14.0001  14.704  15.4042  16.1057  16.8059  
1.70877  2.94564  4.91701  1.94298  3.5  4.2  4.9023  5.59859  6.30362  7.00402  7.69618  8.39583  9.09826  9.80347  10.5022  11.2023  11.9023  12.6024  13.3001  14.0001  14.704  15.4042  16.1057  16.8059  
1.65931  2.91647  5.58025  2.58667  3.5  4.2  4.9023  5.59859  6.30362  7.00402  7.69618  8.39583  9.09826  9.80347  10.5022  11.2023  11.9023  12.6024  13.3001  14.0001  14.704  15.4042  16.1057  16.8059  
1.68006  2.93222  4.93197  2.44121  3.5  4.2  4.9023  5.59859  6.30362  7.00402  7.69618  8.39583  9.09826  9.80347  10.5022  11.2023  11.9023  12.6024  13.3001  14.0001  14.704  15.4042  16.1057  16.8059  
1.66793  2.82023  4.23268  5.90255  3.5  4.2  4.9023  5.59859  6.30362  7.00402  7.69618  8.39583  9.09826  9.80347  10.5022  11.2023  11.9023  12.6024  13.3001  14.0001  14.704  15.4042  16.1057  16.8059  
1.68659  2.94847  4.10519  3.04718  3.5  4.2  4.9023  5.59859  6.30362  7.00402  7.69618  8.39583  9.09826  9.80347  10.5022  11.2023  11.9023  12.6024  13.3001  14.0001  14.704  15.4042  16.1057  16.8059  
1.66356  2.86482  4.20682  4.83605  3.5  4.2  4.9023  5.59859  6.30362  7.00402  7.69618  8.39583  9.09826  9.80347  10.5022  11.2023  11.9023  12.6024  13.3001  14.0001  14.704  15.4042  16.1057  16.8059  
1.67279  2.91099  3.19263  4.90651  3.5  4.2  4.9023  5.59859  6.30362  7.00402  7.69618  8.39583  9.09826  9.80347  10.5022  11.2023  11.9023  12.6024  13.3001  14.0001  14.704  15.4042  16.1057  16.8059  
0.728634  3.31836  5.93597  5.29998  3.5  4.2  4.9023  5.59859  6.30362  7.00402  7.69618  8.39583  9.09826  9.80347  10.5022  11.2023  11.9023  12.6024  13.3001  14.0001  14.704  15.4042  16.1057  16.8059  
1.71338  2.94648  4.11825  2.36927  3.5  4.2  4.9023  5.59859  6.30362  7.00402  7.69618  8.39583  9.09826  9.80347  10.5022  11.2023  11.9023  12.6024  13.3001  14.0001  14.704  15.4042  16.1057  16.8059  
1.65588  2.91523  3.21618  5.05245  3.5  4.2  4.9023  5.59859  6.30362  7.00402  7.69618  8.39583  9.09826  9.80347  10.5022  11.2023  11.9023  12.6024  13.3001  14.0001  14.704  15.4042  16.1057  16.8059  
1.67212  2.94633  4.09228  2.90074  3.5  4.2  4.9023  5.59859  6.30362  7.00402  7.69618  8.39583  9.09826  9.80347  10.5022  11.2023  11.9023  12.6024  13.3001  14.0001  14.704  15.4042  16.1057  16.8059  
0.733718  3.35941  4.04331  5.88618  3.5  4.2  4.9023  5.59859  6.30362  7.00402  7.69618  8.39583  9.09826  9.80347  10.5022  11.2023  11.9023  12.6024  13.3001  14.0001  14.704  15.4042  16.1057  16.8059  
1.68584  2.95224  4.11076  2.38772  3.5  4.2  4.9023  5.59859  6.30362  7.00402  7.69618  8.39583  9.09826  9.80347  10.5022  11.2023  11.9023  12.6024  13.3001  14.0001  14.704  15.4042  16.1057  16.8059  
1.66385  2.85274  3.20468  5.44352  3.5  4.2  4.9023  5.59859  6.30362  7.00402  7.69618  8.39583  9.09826  9.80347  10.5022  11.2023  11.9023  12.6024  13.3001  14.0001  14.704  15.4042  16.1057  16.8059  
1.671  2.90985  4.08335  3.03397  3.5  4.2  4.9023  5.59859  6.30362  7.00402  7.69618  8.39583  9.09826  9.80347  10.5022  11.2023  11.9023  12.6024  13.3001  14.0001  14.704  15.4042  16.1057  16.8059  
0.703125  3.32141  5.64199  4.63098  3.5  4.2  4.9023  5.59859  6.30362  7.00402  7.69618  8.39583  9.09826  9.80347  10.5022  11.2023  11.9023  12.6024  13.3001  14.0001  14.704  15.4042  16.1057  16.8059  
1.70852  2.92527  4.08632  1.97444  3.5  4.2  4.9023  5.59859  6.30362  7.00402  7.69618  8.39583  9.09826  9.80347  10.5022  11.2023  11.9023  12.6024  13.3001  14.0001  14.704  15.4042  16.1057  16.8059  
1.66398  2.86281  3.2429  4.75052  3.5  4.2  4.9023  5.59859  6.30362  7.00402  7.69618  8.39583  9.09826  9.80347  10.5022  11.2023  11.9023  12.6024  13.3001  14.0001  14.704  15.4042  16.1057  16.8059  
1.65717  2.94884  2.40481  4.7579  3.5  4.2  4.9023  5.59859  6.30362  7.00402  7.69618  8.39583  9.09826  9.80347  10.5022  11.2023  11.9023  12.6024  13.3001  14.0001  14.704  15.4042  16.1057  16.8059  
0.717329  3.35569  5.91191  3.0517  3.5  4.2  4.9023  5.59859  6.30362  7.00402  7.69618  8.39583  9.09826  9.80347  10.5022  11.2023  11.9023  12.6024  13.3001  14.0001  14.704  15.4042  16.1057  16.8059  
1.68666  2.924  4.14118  1.91509  3.5  4.2  4.9023  5.59859  6.30362  7.00402  7.69618  8.39583  9.09826  9.80347  10.5022  11.2023  11.9023  12.6024  13.3001  14.0001  14.704  15.4042  16.1057  16.8059  
0.733718  3.35941  4.04331  5.87272  3.5  4.2  4.9023  5.59859  6.30362  7.00402  7.69618  8.39583  9.09826  9.80347  10.5022  11.2023  11.9023  12.6024  13.3001  14.0001  14.704  15.4042  16.1057  16.8059  
1.65458  2.91032  4.16792  2.55252  3.5  4.2  4.9023  5.59859  6.30362  7.00402  7.69618  8.39583  9.09826  9.80347  10.5022  11.2023  11.9023  12.6024  13.3001  14.0001  14.704  15.4042  16.1057  16.8059  
0.730861  3.08041  5.82618  6.01957  3.5  4.2  4.9023  5.59859  6.30362  7.00402  7.69618  8.39583  9.09826  9.80347  10.5022  11.2023  11.9023  12.6024  13.3001  14.0001  14.704  15.4042  16.1057  16.8059  
1.714  2.97062  2.91803  2.69682  3.5  4.2  4.9023  5.59859  6.30362  7.00402  7.69618  8.39583  9.09826  9.80347  10.5022  11.2023  11.9023  12.6024  13.3001  14.0001  14.704  15.4042  16.1057  16.8059  
1.62682  2.95205  2.41139  4.74776  3.5  4.2  4.9023  5.59859  6.30362  7.00402  7.69618  8.39583  9.09826  9.80347  10.5022  11.2023  11.9023  12.6024  13.3001  14.0001  14.704  15.4042  16.1057  16.8059  
1.68069  2.92185  2.93495  3.10709  3.5  4.2  4.9023  5.59859  6.30362  7.00402  7.69618  8.39583  9.09826  9.80347  10.5022  11.2023  11.9023  12.6024  13.3001  14.0001  14.704  15.4042  16.1057  16.8059  
0.733718  3.35941  3.2551  5.39909  3.5  4.2  4.9023  5.59859  6.30362  7.00402  7.69618  8.39583  9.09826  9.80347  10.5022  11.2023  11.9023  12.6024  13.3001  14.0001  14.704  15.4042  16.1057  16.8059  
1.68208  2.96066  2.92635  2.63128  3.5  4.2  4.9023  5.59859  6.30362  7.00402  7.69618  8.39583  9.09826  9.80347  10.5022  11.2023  11.9023  12.6024  13.3001  14.0001  14.704  15.4042  16.1057  16.8059  
0.733718  3.35941  3.24311  5.93647  3.5  4.2  4.9023  5.59859  6.30362  7.00402  7.69618  8.39583  9.09826  9.80347  10.5022  11.2023  11.9023  12.6024  13.3001  14.0001  14.704  15.4042  16.1057  16.8059  
1.67844  2.88018  3.02214  3.02527  3.5  4.2  4.9023  5.59859  6.30362  7.00402  7.69618  8.39583  9.09826  9.80347  10.5022  11.2023  11.9023  12.6024  13.3001  14.0001  14.704  15.4042  16.1057  16.8059  
0.634606  3.358  4.13835  4.86293  3.5  4.2  4.9023  5.59859  6.30362  7.00402  7.69618  8.39583  9.09826  9.80347  10.5022  11.2023  11.9023  12.6024  13.3001  14.0001  14.704  15.4042  16.1057  16.8059  
1.71435  2.92128  2.24941  3.04529  3.5  4.2  4.9023  5.59859  6.30362  7.00402  7.69618  8.39583  9.09826  9.80347  10.5022  11.2023  11.9023  12.6024  13.3001  14.0001  14.704  15.4042  16.1057  16.8059  
1.63657  2.88917  3.91333  2.3085  3.5  4.2  4.9023  5.59859  6.30362  7.00402  7.69618  8.39583  9.09826  9.80347  10.5022  11.2023  11.9023  12.6024  13.3001  14.0001  14.704  15.4042  16.1057  16.8059  
1.66663  2.91807  2.98354  2.50357  3.5  4.2  4.9023  5.59859  6.30362  7.00402  7.69618  8.39583  9.09826  9.80347  10.5022  11.2023  11.9023  12.6024  13.3001  14.0001  14.704  15.4042  16.1057  16.8059  
0.724737  3.21477  2.39411  5.96221  3.5  4.2  4.9023  5.59859  6.30362  7.00402  7.69618  8.39583  9.09826  9.80347  10.5022  11.2023  11.9023  12.6024  13.3001  14.0001  14.704  15.4042  16.1057  16.8059  
1.68604  2.9211  2.24707  2.95222  3.5  4.2  4.9023  5.59859  6.30362  7.00402  7.69618  8.39583  9.09826  9.80347  10.5022  11.2023  11.9023  12.6024  13.3001  14.0001  14.704  15.4042  16.1057  16.8059  
0.733718  3.35941  4.022  2.61592  3.5  4.2  4.9023  5.59859  6.30362  7.00402  7.69618  8.39583  9.09826  9.80347  10.5022  11.2023  11.9023  12.6024  13.3001  14.0001  14.704  15.4042  16.1057  16.8059  
1.69037  2.81734  2.98439  2.49785  3.5  4.2  4.9023  5.59859  6.30362  7.00402  7.69618  8.39583  9.09826  9.80347  10.5022  11.2023  11.9023  12.6024  13.3001  14.0001  14.704  15.4042  16.1057  16.8059  
0.073035  3.09387  4.0434  5.8861  3.5  4.2  4.9023  5.59859  6.30362  7.00402  7.69618  8.39583  9.09826  9.80347  10.5022  11.2023  11.9023  12.6024  13.3001  14.0001  14.704  15.4042  16.1057  16.8059  
1.70218  2.96034  1.71555  2.90975  3.5  4.2  4.9023  5.59859  6.30362  7.00402  7.69618  8.39583  9.09826  9.80347  10.5022  11.2023  11.9023  12.6024  13.3001  14.0001  14.704  15.4042  16.1057  16.8059  
0.733718  3.35941  4.1046  2.61592  3.5  4.2  4.9023  5.59859  6.30362  7.00402  7.69618  8.39583  9.09826  9.80347  10.5022  11.2023  11.9023  12.6024  13.3001  14.0001  14.704  15.4042  16.1057  16.8059  
1.66707  2.91478  2.38702  2.34459  3.5  4.2  4.9023  5.59859  6.30362  7.00402  7.69618  8.39583  9.09826  9.80347  10.5022  11.2023  11.9023  12.6024  13.3001  14.0001  14.704  15.4042  16.1057  16.8059  
0.632623  3.35797  4.12955  2.3537  3.5  4.2  4.9023  5.59859  6.30362  7.00402  7.69618  8.39583  9.09826  9.80347  10.5022  11.2023  11.9023  12.6024  13.3001  14.0001  14.704  15.4042  16.1057  16.8059  
1.68578  2.92449  2.28564  1.93456  3.5  4.2  4.9023  5.59859  6.30362  7.00402  7.69618  8.39583  9.09826  9.80347  10.5022  11.2023  11.9023  12.6024  13.3001  14.0001  14.704  15.4042  16.1057  16.8059  
0.73306  3.28854  3.18738  2.34974  3.5  4.2  4.9023  5.59859  6.30362  7.00402  7.69618  8.39583  9.09826  9.80347  10.5022  11.2023  11.9023  12.6024  13.3001  14.0001  14.704  15.4042  16.1057  16.8059  
1.68608  2.81683  2.22893  2.38186  3.5  4.2  4.9023  5.59859  6.30362  7.00402  7.69618  8.39583  9.09826  9.80347  10.5022  11.2023  11.9023  12.6024  13.3001  14.0001  14.704  15.4042  16.1057  16.8059  
0.073035  3.09387  4.09362  5.07072  3.5  4.2  4.9023  5.59859  6.30362  7.00402  7.69618  8.39583  9.09826  9.80347  10.5022  11.2023  11.9023  12.6024  13.3001  14.0001  14.704  15.4042  16.1057  16.8059  
1.68214  2.95668  1.54562  2.25117  3.5  4.2  4.9023  5.59859  6.30362  7.00402  7.69618  8.39583  9.09826  9.80347  10.5022  11.2023  11.9023  12.6024  13.3001  14.0001  14.704  15.4042  16.1057  16.8059  
0.718042  3.38117  0.588668  4.80489  3.5  4.2  4.9023  5.59859  6.30362  7.00402  7.69618  8.39583  9.09826  9.80347  10.5022  11.2023  11.9023  12.6024  13.3001  14.0001  14.704  15.4042  16.1057  16.8059  
1.62597  2.95212  0.80198  3.45268  3.5  4.2  4.9023  5.59859  6.30362  7.00402  7.69618  8.39583  9.09826  9.80347  10.5022  11.2023  11.9023  12.6024  13.3001  14.0001  14.704  15.4042  16.1057  16.8059  
0.073035  3.09387  4.08986  3.37461  3.5  4.2  4.9023  5.59859  6.30362  7.00402  7.69618  8.39583  9.09826  9.80347  10.5022  11.2023  11.9023  12.6024  13.3001  14.0001  14.704  15.4042  16.1057  16.8059  
1.71209  2.83022  1.43272  1.95278  3.5  4.2  4.9023  5.59859  6.30362  7.00402  7.69618  8.39583  9.09826  9.80347  10.5022  11.2023  11.9023  12.6024  13.3001  14.0001  14.704  15.4042  16.1057  16.8059  
0.686719  3.20453  0.594895  4.59838  3.5  4.2  4.9023  5.59859  6.30362  7.00402  7.69618  8.39583  9.09826  9.80347  10.5022  11.2023  11.9023  12.6024  13.3001  14.0001  14.704  15.4042  16.1057  16.8059  
0.733718  3.35941  1.64345  2.34521  3.5  4.2  4.9023  5.59859  6.30362  7.00402  7.69618  8.39583  9.09826  9.80347  10.5022  11.2023  11.9023  12.6024  13.3001  14.0001  14.704  15.4042  16.1057  16.8059  
0.0079969  1.66077  4.23233  5.63457  3.5  4.2  4.9023  5.59859  6.30362  7.00402  7.69618  8.39583  9.09826  9.80347  10.5022  11.2023  11.9023  12.6024  13.3001  14.0001  14.704  15.4042  16.1057  16.8059  
1.72644  2.91587  0.520158  1.93552  3.5  4.2  4.9023  5.59859  6.30362  7.00402  7.69618  8.39583  9.09826  9.80347  10.5022  11.2023  11.9023  12.6024  13.3001  14.0001  14.704  15.4042  16.1057  16.8059  
0.752714  3.26365  0.581298  2.38018  3.5  4.2  4.9023  5.59859  6.30362  7.00402  7.69618  8.39583  9.09826  9.80347  10.5022  11.2023  11.9023  12.6024  13.3001  14.0001  14.704  15.4042  16.1057  16.8059  
1.64944  2.91044  0.432797  1.64294  3.5  4.2  4.9023  5.59859  6.30362  7.00402  7.69618  8.39583  9.09826  9.80347  10.5022  11.2023  11.9023  12.6024  13.3001  14.0001  14.704  15.4042  16.1057  16.8059  
0.073035  3.09387  0.374076  2.59292  3.5  4.2  4.9023  5.59859  6.30362  7.00402  7.69618  8.39583  9.09826  9.80347  10.5022  11.2023  11.9023  12.6024  13.3001  14.0001  14.704  15.4042  16.1057  16.8059  
