2  4  6  8  3.50047  4.20056  4.89995  5.6001  6.2989  7.00226  7.70047  8.40051  9.1  9.8  10.5043  11.2045  11.9016  12.6017  13.3094  14.0099  14.6955  15.4087  16.1032  16.8034  
1.98876  3.9513  5.99526  7.98956  3.50047  4.20056  4.89995  5.6001  6.2989  7.00226  7.70047  8.40051  9.1  9.8  10.5043  11.2045  11.9016  12.6017  13.3094  14.0099  14.6955  15.4087  16.1032  16.8034  
1.98899  3.95211  5.87271  7.98965  3.50047  4.20056  4.89995  5.6001  6.2989  7.00226  7.70047  8.40051  9.1  9.8  10.5043  11.2045  11.9016  12.6017  13.3094  14.0099  14.6955  15.4087  16.1032  16.8034  
1.989  3.95211  5.75098  7.98956  3.50047  4.20056  4.89995  5.6001  6.2989  7.00226  7.70047  8.40051  9.1  9.8  10.5043  11.2045  11.9016  12.6017  13.3094  14.0099  14.6955  15.4087  16.1032  16.8034  
1.99786  3.85906  5.75102  7.97615  3.50047  4.20056  4.89995  5.6001  6.2989  7.00226  7.70047  8.40051  9.1  9.8  10.5043  11.2045  11.9016  12.6017  13.3094  14.0099  14.6955  15.4087  16.1032  16.8034  
1.99509  3.95725  5.47678  7.99077  3.50047  4.20056  4.89995  5.6001  6.2989  7.00226  7.70047  8.40051  9.1  9.8  10.5043  11.2045  11.9016  12.6017  13.3094  14.0099  14.6955  15.4087  16.1032  16.8034  
1.83282  3.95211  5.87326  7.9541  3.50047  4.20056  4.89995  5.6001  6.2989  7.00226  7.70047  8.40051  9.1  9.8  10.5043  11.2045  11.9016  12.6017  13.3094  14.0099  14.6955  15.4087  16.1032  16.8034  
1.99704  3.63723  5.69934  7.98971  3.50047  4.20056  4.89995  5.6001  6.2989  7.00226  7.70047  8.40051  9.1  9.8  10.5043  11.2045  11.9016  12.6017  13.3094  14.0099  14.6955  15.4087  16.1032  16.8034  
1.94221  3.68939  5.71923  7.90729  3.50047  4.20056  4.89995  5.6001  6.2989  7.00226  7.70047  8.40051  9.1  9.8  10.5043  11.2045  11.9016  12.6017  13.3094  14.0099  14.6955  15.4087  16.1032  16.8034  
1.83244  3.77765  5.75187  7.95362  3.50047  4.20056  4.89995  5.6001  6.2989  7.00226  7.70047  8.40051  9.1  9.8  10.5043  11.2045  11.9016  12.6017  13.3094  14.0099  14.6955  15.4087  16.1032  16.8034  
1.83302  3.69054  5.74986  7.95364  3.50047  4.20056  4.89995  5.6001  6.2989  7.00226  7.70047  8.40051  9.1  9.8  10.5043  11.2045  11.9016  12.6017  13.3094  14.0099  14.6955  15.4087  16.1032  16.8034  
1.83302  3.63719  5.69783  7.95335  3.50047  4.20056  4.89995  5.6001  6.2989  7.00226  7.70047  8.40051  9.1  9.8  10.5043  11.2045  11.9016  12.6017  13.3094  14.0099  14.6955  15.4087  16.1032  16.8034  
1.77845  3.70033  5.67757  7.89412  3.50047  4.20056  4.89995  5.6001  6.2989  7.00226  7.70047  8.40051  9.1  9.8  10.5043  11.2045  11.9016  12.6017  13.3094  14.0099  14.6955  15.4087  16.1032  16.8034  
1.77845  3.70067  5.54195  7.89412  3.50047  4.20056  4.89995  5.6001  6.2989  7.00226  7.70047  8.40051  9.1  9.8  10.5043  11.2045  11.9016  12.6017  13.3094  14.0099  14.6955  15.4087  16.1032  16.8034  
1.62159  3.88219  5.55082  7.9646  3.50047  4.20056  4.89995  5.6001  6.2989  7.00226  7.70047  8.40051  9.1  9.8  10.5043  11.2045  11.9016  12.6017  13.3094  14.0099  14.6955  15.4087  16.1032  16.8034  
1.61761  3.77988  5.67544  7.83493  3.50047  4.20056  4.89995  5.6001  6.2989  7.00226  7.70047  8.40051  9.1  9.8  10.5043  11.2045  11.9016  12.6017  13.3094  14.0099  14.6955  15.4087  16.1032  16.8034  
1.61716  3.77699  5.54396  7.83178  3.50047  4.20056  4.89995  5.6001  6.2989  7.00226  7.70047  8.40051  9.1  9.8  10.5043  11.2045  11.9016  12.6017  13.3094  14.0099  14.6955  15.4087  16.1032  16.8034  
1.66509  3.77089  5.67726  7.28641  3.50047  4.20056  4.89995  5.6001  6.2989  7.00226  7.70047  8.40051  9.1  9.8  10.5043  11.2045  11.9016  12.6017  13.3094  14.0099  14.6955  15.4087  16.1032  16.8034  
1.66535  3.59211  5.67541  7.45522  3.50047  4.20056  4.89995  5.6001  6.2989  7.00226  7.70047  8.40051  9.1  9.8  10.5043  11.2045  11.9016  12.6017  13.3094  14.0099  14.6955  15.4087  16.1032  16.8034  
1.61716  3.59773  5.54465  7.61887  3.50047  4.20056  4.89995  5.6001  6.2989  7.00226  7.70047  8.40051  9.1  9.8  10.5043  11.2045  11.9016  12.6017  13.3094  14.0099  14.6955  15.4087  16.1032  16.8034  
1.64155  3.94085  5.0801  7.26007  3.50047  4.20056  4.89995  5.6001  6.2989  7.00226  7.70047  8.40051  9.1  9.8  10.5043  11.2045  11.9016  12.6017  13.3094  14.0099  14.6955  15.4087  16.1032  16.8034  
1.66507  3.77089  5.09728  7.28641  3.50047  4.20056  4.89995  5.6001  6.2989  7.00226  7.70047  8.40051  9.1  9.8  10.5043  11.2045  11.9016  12.6017  13.3094  14.0099  14.6955  15.4087  16.1032  16.8034  
1.641  3.62892  5.1062  7.45599  3.50047  4.20056  4.89995  5.6001  6.2989  7.00226  7.70047  8.40051  9.1  9.8  10.5043  11.2045  11.9016  12.6017  13.3094  14.0099  14.6955  15.4087  16.1032  16.8034  
1.6408  3.62892  5.10199  7.26135  3.50047  4.20056  4.89995  5.6001  6.2989  7.00226  7.70047  8.40051  9.1  9.8  10.5043  11.2045  11.9016  12.6017  13.3094  14.0099  14.6955  15.4087  16.1032  16.8034  
1.64082  3.52855  5.10169  7.25909  3.50047  4.20056  4.89995  5.6001  6.2989  7.00226  7.70047  8.40051  9.1  9.8  10.5043  11.2045  11.9016  12.6017  13.3094  14.0099  14.6955  15.4087  16.1032  16.8034  
1.77432  3.94023  5.70151  4.89636  3.50047  4.20056  4.89995  5.6001  6.2989  7.00226  7.70047  8.40051  9.1  9.8  10.5043  11.2045  11.9016  12.6017  13.3094  14.0099  14.6955  15.4087  16.1032  16.8034  
1.77527  3.93938  5.54394  4.89636  3.50047  4.20056  4.89995  5.6001  6.2989  7.00226  7.70047  8.40051  9.1  9.8  10.5043  11.2045  11.9016  12.6017  13.3094  14.0099  14.6955  15.4087  16.1032  16.8034  
1.77527  3.93938  5.38614  4.89636  3.50047  4.20056  4.89995  5.6001  6.2989  7.00226  7.70047  8.40051  9.1  9.8  10.5043  11.2045  11.9016  12.6017  13.3094  14.0099  14.6955  15.4087  16.1032  16.8034  
1.77428  3.71719  5.5554  4.90617  3.50047  4.20056  4.89995  5.6001  6.2989  7.00226  7.70047  8.40051  9.1  9.8  10.5043  11.2045  11.9016  12.6017  13.3094  14.0099  14.6955  15.4087  16.1032  16.8034  
1.7743  3.72194  5.39419  4.89621  3.50047  4.20056  4.89995  5.6001  6.2989  7.00226  7.70047  8.40051  9.1  9.8  10.5043  11.2045  11.9016  12.6017  13.3094  14.0099  14.6955  15.4087  16.1032  16.8034  
1.61836  3.93938  5.36527  4.90578  3.50047  4.20056  4.89995  5.6001  6.2989  7.00226  7.70047  8.40051  9.1  9.8  10.5043  11.2045  11.9016  12.6017  13.3094  14.0099  14.6955  15.4087  16.1032  16.8034  
1.61129  3.72039  5.54934  4.90617  3.50047  4.20056  4.89995  5.6001  6.2989  7.00226  7.70047  8.40051  9.1  9.8  10.5043  11.2045  11.9016  12.6017  13.3094  14.0099  14.6955  15.4087  16.1032  16.8034  
1.6113  3.71773  5.386  4.90613  3.50047  4.20056  4.89995  5.6001  6.2989  7.00226  7.70047  8.40051  9.1  9.8  10.5043  11.2045  11.9016  12.6017  13.3094  14.0099  14.6955  15.4087  16.1032  16.8034  
1.6113  3.59033  5.40073  4.91557  3.50047  4.20056  4.89995  5.6001  6.2989  7.00226  7.70047  8.40051  9.1  9.8  10.5043  11.2045  11.9016  12.6017  13.3094  14.0099  14.6955  15.4087  16.1032  16.8034  
1.44202  3.71751  5.55354  4.9061  3.50047  4.20056  4.89995  5.6001  6.2989  7.00226  7.70047  8.40051  9.1  9.8  10.5043  11.2045  11.9016  12.6017  13.3094  14.0099  14.6955  15.4087  16.1032  16.8034  
1.61088  3.71752  4.87492  4.90427  3.50047  4.20056  4.89995  5.6001  6.2989  7.00226  7.70047  8.40051  9.1  9.8  10.5043  11.2045  11.9016  12.6017  13.3094  14.0099  14.6955  15.4087  16.1032  16.8034  
1.44008  3.59033  5.40089  4.90649  3.50047  4.20056  4.89995  5.6001  6.2989  7.00226  7.70047  8.40051  9.1  9.8  10.5043  11.2045  11.9016  12.6017  13.3094  14.0099  14.6955  15.4087  16.1032  16.8034  
1.61085  3.48221  4.87455  4.90451  3.50047  4.20056  4.89995  5.6001  6.2989  7.00226  7.70047  8.40051  9.1  9.8  10.5043  11.2045  11.9016  12.6017  13.3094  14.0099  14.6955  15.4087  16.1032  16.8034  
0.616983  3.77029  5.53985  7.1769  3.50047  4.20056  4.89995  5.6001  6.2989  7.00226  7.70047  8.40051  9.1  9.8  10.5043  11.2045  11.9016  12.6017  13.3094  14.0099  14.6955  15.4087  16.1032  16.8034  
1.67863  3.59772  5.53991  3.03252  3.50047  4.20056  4.89995  5.6001  6.2989  7.00226  7.70047  8.40051  9.1  9.8  10.5043  11.2045  11.9016  12.6017  13.3094  14.0099  14.6955  15.4087  16.1032  16.8034  
1.61716  3.59773  5.53992  3.03252  3.50047  4.20056  4.89995  5.6001  6.2989  7.00226  7.70047  8.40051  9.1  9.8  10.5043  11.2045  11.9016  12.6017  13.3094  14.0099  14.6955  15.4087  16.1032  16.8034  
1.55495  3.59772  5.53987  3.0325  3.50047  4.20056  4.89995  5.6001  6.2989  7.00226  7.70047  8.40051  9.1  9.8  10.5043  11.2045  11.9016  12.6017  13.3094  14.0099  14.6955  15.4087  16.1032  16.8034  
1.55427  3.59908  5.35079  3.0325  3.50047  4.20056  4.89995  5.6001  6.2989  7.00226  7.70047  8.40051  9.1  9.8  10.5043  11.2045  11.9016  12.6017  13.3094  14.0099  14.6955  15.4087  16.1032  16.8034  
1.8277  0.185966  5.75101  7.97607  3.50047  4.20056  4.89995  5.6001  6.2989  7.00226  7.70047  8.40051  9.1  9.8  10.5043  11.2045  11.9016  12.6017  13.3094  14.0099  14.6955  15.4087  16.1032  16.8034  
1.8277  0.0566734  5.75104  7.97602  3.50047  4.20056  4.89995  5.6001  6.2989  7.00226  7.70047  8.40051  9.1  9.8  10.5043  11.2045  11.9016  12.6017  13.3094  14.0099  14.6955  15.4087  16.1032  16.8034  
1.8277  0.0572083  5.55379  7.97602  3.50047  4.20056  4.89995  5.6001  6.2989  7.00226  7.70047  8.40051  9.1  9.8  10.5043  11.2045  11.9016  12.6017  13.3094  14.0099  14.6955  15.4087  16.1032  16.8034  
1.8591  0.215086  5.36665  7.51885  3.50047  4.20056  4.89995  5.6001  6.2989  7.00226  7.70047  8.40051  9.1  9.8  10.5043  11.2045  11.9016  12.6017  13.3094  14.0099  14.6955  15.4087  16.1032  16.8034  
0.621838  3.77023  5.54004  4.85762  3.50047  4.20056  4.89995  5.6001  6.2989  7.00226  7.70047  8.40051  9.1  9.8  10.5043  11.2045  11.9016  12.6017  13.3094  14.0099  14.6955  15.4087  16.1032  16.8034  
1.82918  0.192822  4.87583  7.79632  3.50047  4.20056  4.89995  5.6001  6.2989  7.00226  7.70047  8.40051  9.1  9.8  10.5043  11.2045  11.9016  12.6017  13.3094  14.0099  14.6955  15.4087  16.1032  16.8034  
1.58752  0.0588504  5.59964  7.7899  3.50047  4.20056  4.89995  5.6001  6.2989  7.00226  7.70047  8.40051  9.1  9.8  10.5043  11.2045  11.9016  12.6017  13.3094  14.0099  14.6955  15.4087  16.1032  16.8034  
1.58752  0.0552272  5.59895  7.51845  3.50047  4.20056  4.89995  5.6001  6.2989  7.00226  7.70047  8.40051  9.1  9.8  10.5043  11.2045  11.9016  12.6017  13.3094  14.0099  14.6955  15.4087  16.1032  16.8034  
1.58066  0.309494  4.82199  7.78993  3.50047  4.20056  4.89995  5.6001  6.2989  7.00226  7.70047  8.40051  9.1  9.8  10.5043  11.2045  11.9016  12.6017  13.3094  14.0099  14.6955  15.4087  16.1032  16.8034  
1.61619  0.19797  4.87693  7.51041  3.50047  4.20056  4.89995  5.6001  6.2989  7.00226  7.70047  8.40051  9.1  9.8  10.5043  11.2045  11.9016  12.6017  13.3094  14.0099  14.6955  15.4087  16.1032  16.8034  
1.78922  0.314026  5.95501  4.85762  3.50047  4.20056  4.89995  5.6001  6.2989  7.00226  7.70047  8.40051  9.1  9.8  10.5043  11.2045  11.9016  12.6017  13.3094  14.0099  14.6955  15.4087  16.1032  16.8034  
1.0623  0.189547  5.75096  7.9912  3.50047  4.20056  4.89995  5.6001  6.2989  7.00226  7.70047  8.40051  9.1  9.8  10.5043  11.2045  11.9016  12.6017  13.3094  14.0099  14.6955  15.4087  16.1032  16.8034  
1.79058  0.312402  5.48643  4.8859  3.50047  4.20056  4.89995  5.6001  6.2989  7.00226  7.70047  8.40051  9.1  9.8  10.5043  11.2045  11.9016  12.6017  13.3094  14.0099  14.6955  15.4087  16.1032  16.8034  
1.5862  0.314015  5.95501  4.7721  3.50047  4.20056  4.89995  5.6001  6.2989  7.00226  7.70047  8.40051  9.1  9.8  10.5043  11.2045  11.9016  12.6017  13.3094  14.0099  14.6955  15.4087  16.1032  16.8034  
1.76889  0.312515  4.8893  5.15773  3.50047  4.20056  4.89995  5.6001  6.2989  7.00226  7.70047  8.40051  9.1  9.8  10.5043  11.2045  11.9016  12.6017  13.3094  14.0099  14.6955  15.4087  16.1032  16.8034  
1.76889  0.312501  4.88072  4.85729  3.50047  4.20056  4.89995  5.6001  6.2989  7.00226  7.70047  8.40051  9.1  9.8  10.5043  11.2045  11.9016  12.6017  13.3094  14.0099  14.6955  15.4087  16.1032  16.8034  
1.82072  0.40586  5.95567  2.71366  3.50047  4.20056  4.89995  5.6001  6.2989  7.00226  7.70047  8.40051  9.1  9.8  10.5043  11.2045  11.9016  12.6017  13.3094  14.0099  14.6955  15.4087  16.1032  16.8034  
1.58752  0.058875  5.33876  4.84214  3.50047  4.20056  4.89995  5.6001  6.2989  7.00226  7.70047  8.40051  9.1  9.8  10.5043  11.2045  11.9016  12.6017  13.3094  14.0099  14.6955  15.4087  16.1032  16.8034  
0.629183  0.206751  5.51609  7.81784  3.50047  4.20056  4.89995  5.6001  6.2989  7.00226  7.70047  8.40051  9.1  9.8  10.5043  11.2045  11.9016  12.6017  13.3094  14.0099  14.6955  15.4087  16.1032  16.8034  
0.643062  0.046681  5.62085  7.61261  3.50047  4.20056  4.89995  5.6001  6.2989  7.00226  7.70047  8.40051  9.1  9.8  10.5043  11.2045  11.9016  12.6017  13.3094  14.0099  14.6955  15.4087  16.1032  16.8034  
1.82543  0.300487  5.00645  2.85972  3.50047  4.20056  4.89995  5.6001  6.2989  7.00226  7.70047  8.40051  9.1  9.8  10.5043  11.2045  11.9016  12.6017  13.3094  14.0099  14.6955  15.4087  16.1032  16.8034  
0.742159  0.206751  4.88902  7.19694  3.50047  4.20056  4.89995  5.6001  6.2989  7.00226  7.70047  8.40051  9.1  9.8  10.5043  11.2045  11.9016  12.6017  13.3094  14.0099  14.6955  15.4087  16.1032  16.8034  
1.65433  0.300276  5.00641  2.85972  3.50047  4.20056  4.89995  5.6001  6.2989  7.00226  7.70047  8.40051  9.1  9.8  10.5043  11.2045  11.9016  12.6017  13.3094  14.0099  14.6955  15.4087  16.1032  16.8034  
1.8329  0.0318587  0.786919  7.95815  3.50047  4.20056  4.89995  5.6001  6.2989  7.00226  7.70047  8.40051  9.1  9.8  10.5043  11.2045  11.9016  12.6017  13.3094  14.0099  14.6955  15.4087  16.1032  16.8034  
1.82729  0.0653313  0.472571  7.9774  3.50047  4.20056  4.89995  5.6001  6.2989  7.00226  7.70047  8.40051  9.1  9.8  10.5043  11.2045  11.9016  12.6017  13.3094  14.0099  14.6955  15.4087  16.1032  16.8034  
1.65391  0.0317733  0.786919  7.95815  3.50047  4.20056  4.89995  5.6001  6.2989  7.00226  7.70047  8.40051  9.1  9.8  10.5043  11.2045  11.9016  12.6017  13.3094  14.0099  14.6955  15.4087  16.1032  16.8034  
1.56142  0.0336214  0.786919  7.95815  3.50047  4.20056  4.89995  5.6001  6.2989  7.00226  7.70047  8.40051  9.1  9.8  10.5043  11.2045  11.9016  12.6017  13.3094  14.0099  14.6955  15.4087  16.1032  16.8034  
1.65796  0.0802704  5.74842  0.491483  3.50047  4.20056  4.89995  5.6001  6.2989  7.00226  7.70047  8.40051  9.1  9.8  10.5043  11.2045  11.9016  12.6017  13.3094  14.0099  14.6955  15.4087  16.1032  16.8034  
1.08768  0.0591911  5.38837  2.91716  3.50047  4.20056  4.89995  5.6001  6.2989  7.00226  7.70047  8.40051  9.1  9.8  10.5043  11.2045  11.9016  12.6017  13.3094  14.0099  14.6955  15.4087  16.1032  16.8034  
0.0909945  0.270387  4.64235  7.09262  3.50047  4.20056  4.89995  5.6001  6.2989  7.00226  7.70047  8.40051  9.1  9.8  10.5043  11.2045  11.9016  12.6017  13.3094  14.0099  14.6955  15.4087  16.1032  16.8034  
0.878915  0.0591927  5.38837  2.97903  3.50047  4.20056  4.89995  5.6001  6.2989  7.00226  7.70047  8.40051  9.1  9.8  10.5043  11.2045  11.9016  12.6017  13.3094  14.0099  14.6955  15.4087  16.1032  16.8034  
0.867661  0.675904  0.841463  7.45738  3.50047  4.20056  4.89995  5.6001  6.2989  7.00226  7.70047  8.40051  9.1  9.8  10.5043  11.2045  11.9016  12.6017  13.3094  14.0099  14.6955  15.4087  16.1032  16.8034  
1.07801  0.0812001  0.843524  7.40052  3.50047  4.20056  4.89995  5.6001  6.2989  7.00226  7.70047  8.40051  9.1  9.8  10.5043  11.2045  11.9016  12.6017  13.3094  14.0099  14.6955  15.4087  16.1032  16.8034  
0.819167  0.0766695  0.938676  7.90947  3.50047  4.20056  4.89995  5.6001  6.2989  7.00226  7.70047  8.40051  9.1  9.8  10.5043  11.2045  11.9016  12.6017  13.3094  14.0099  14.6955  15.4087  16.1032  16.8034  
0.819179  0.0767037  0.938676  7.4941  3.50047  4.20056  4.89995  5.6001  6.2989  7.00226  7.70047  8.40051  9.1  9.8  10.5043  11.2045  11.9016  12.6017  13.3094  14.0099  14.6955  15.4087  16.1032  16.8034  
1.75695  0.0498836  0.392041  4.10346  3.50047  4.20056  4.89995  5.6001  6.2989  7.00226  7.70047  8.40051  9.1  9.8  10.5043  11.2045  11.9016  12.6017  13.3094  14.0099  14.6955  15.4087  16.1032  16.8034  
0.827411  0.0500558  0.479736  7.27529  3.50047  4.20056  4.89995  5.6001  6.2989  7.00226  7.70047  8.40051  9.1  9.8  10.5043  11.2045  11.9016  12.6017  13.3094  14.0099  14.6955  15.4087  16.1032  16.8034  
1.86729  0.628594  0.84301  1.03815  3.50047  4.20056  4.89995  5.6001  6.2989  7.00226  7.70047  8.40051  9.1  9.8  10.5043  11.2045  11.9016  12.6017  13.3094  14.0099  14.6955  15.4087  16.1032  16.8034  
1.73767  0.628131  0.822273  1.14166  3.50047  4.20056  4.89995  5.6001  6.2989  7.00226  7.70047  8.40051  9.1  9.8  10.5043  11.2045  11.9016  12.6017  13.3094  14.0099  14.6955  15.4087  16.1032  16.8034  
1.84247  0.628607  0.246524  1.03815  3.50047  4.20056  4.89995  5.6001  6.2989  7.00226  7.70047  8.40051  9.1  9.8  10.5043  11.2045  11.9016  12.6017  13.3094  14.0099  14.6955  15.4087  16.1032  16.8034  
0.878907  0.0584991  0.805172  4.82901  3.50047  4.20056  4.89995  5.6001  6.2989  7.00226  7.70047  8.40051  9.1  9.8  10.5043  11.2045  11.9016  12.6017  13.3094  14.0099  14.6955  15.4087  16.1032  16.8034  
0.879188  0.0495488  0.467966  4.82874  3.50047  4.20056  4.89995  5.6001  6.2989  7.00226  7.70047  8.40051  9.1  9.8  10.5043  11.2045  11.9016  12.6017  13.3094  14.0099  14.6955  15.4087  16.1032  16.8034  
0.873101  0.0597856  0.0820041  4.87246  3.50047  4.20056  4.89995  5.6001  6.2989  7.00226  7.70047  8.40051  9.1  9.8  10.5043  11.2045  11.9016  12.6017  13.3094  14.0099  14.6955  15.4087  16.1032  16.8034  
0.846155  0.0498157  0.392041  4.1037  3.50047  4.20056  4.89995  5.6001  6.2989  7.00226  7.70047  8.40051  9.1  9.8  10.5043  11.2045  11.9016  12.6017  13.3094  14.0099  14.6955  15.4087  16.1032  16.8034  
0.827483  0.0498865  0.824966  3.10936  3.50047  4.20056  4.89995  5.6001  6.2989  7.00226  7.70047  8.40051  9.1  9.8  10.5043  11.2045  11.9016  12.6017  13.3094  14.0099  14.6955  15.4087  16.1032  16.8034  
0.827585  0.0502001  0.475303  3.07412  3.50047  4.20056  4.89995  5.6001  6.2989  7.00226  7.70047  8.40051  9.1  9.8  10.5043  11.2045  11.9016  12.6017  13.3094  14.0099  14.6955  15.4087  16.1032  16.8034  
0.827585  0.0502005  0.0932171  3.07412  3.50047  4.20056  4.89995  5.6001  6.2989  7.00226  7.70047  8.40051  9.1  9.8  10.5043  11.2045  11.9016  12.6017  13.3094  14.0099  14.6955  15.4087  16.1032  16.8034  
0.88931  0.282706  0.614288  1.14873  3.50047  4.20056  4.89995  5.6001  6.2989  7.00226  7.70047  8.40051  9.1  9.8  10.5043  11.2045  11.9016  12.6017  13.3094  14.0099  14.6955  15.4087  16.1032  16.8034  
0.882143  0.340443  0.153764  1.14773  3.50047  4.20056  4.89995  5.6001  6.2989  7.00226  7.70047  8.40051  9.1  9.8  10.5043  11.2045  11.9016  12.6017  13.3094  14.0099  14.6955  15.4087  16.1032  16.8034  
0.891245  0.341765  0.466197  0.154095  3.50047  4.20056  4.89995  5.6001  6.2989  7.00226  7.70047  8.40051  9.1  9.8  10.5043  11.2045  11.9016  12.6017  13.3094  14.0099  14.6955  15.4087  16.1032  16.8034  
0.823822  0.34454  0.153734  0.286787  3.50047  4.20056  4.89995  5.6001  6.2989  7.00226  7.70047  8.40051  9.1  9.8  10.5043  11.2045  11.9016  12.6017  13.3094  14.0099  14.6955  15.4087  16.1032  16.8034  
0.827483  0.0705469  0.0913247  0.344934  3.50047  4.20056  4.89995  5.6001  6.2989  7.00226  7.70047  8.40051  9.1  9.8  10.5043  11.2045  11.9016  12.6017  13.3094  14.0099  14.6955  15.4087  16.1032  16.8034  
0.179573  0.340976  0.638059  1.09769  3.50047  4.20056  4.89995  5.6001  6.2989  7.00226  7.70047  8.40051  9.1  9.8  10.5043  11.2045  11.9016  12.6017  13.3094  14.0099  14.6955  15.4087  16.1032  16.8034  
0.0881691  0.278408  0.608274  1.04816  3.50047  4.20056  4.89995  5.6001  6.2989  7.00226  7.70047  8.40051  9.1  9.8  10.5043  11.2045  11.9016  12.6017  13.3094  14.0099  14.6955  15.4087  16.1032  16.8034  
0.179573  0.341727  0.466197  0.154107  3.50047  4.20056  4.89995  5.6001  6.2989  7.00226  7.70047  8.40051  9.1  9.8  10.5043  11.2045  11.9016  12.6017  13.3094  14.0099  14.6955  15.4087  16.1032  16.8034  
0.0825746  0.374827  0.133481  0.316681  3.50047  4.20056  4.89995  5.6001  6.2989  7.00226  7.70047  8.40051  9.1  9.8  10.5043  11.2045  11.9016  12.6017  13.3094  14.0099  14.6955  15.4087  16.1032  16.8034  
0.0825684  0.0674059  0.133514  0.316725  3.50047  4.20056  4.89995  5.6001  6.2989  7.00226  7.70047  8.40051  9.1  9.8  10.5043  11.2045  11.9016  12.6017  13.3094  14.0099  14.6955  15.4087  16.1032  16.8034  
