0.8  0.793892  0.793893  0.793893  0.793893  0.793893  0.793892  0.793893  0.793893  0.793892  0.793893  0.793892  0.793892  0.793893  0.793893  0.793893  0.793893  0.793893  0.793892  0.793891  0.793893  0.793893  0.793893  0.793893  0.793893  0.793893  0.793893  0.793893  0.793893  0.793892  
0.8  0.793892  0.793893  0.793893  0.793893  0.793893  0.793892  0.793893  0.793893  0.793892  0.793893  0.793892  0.793892  0.793893  0.793893  0.793893  0.793893  0.793893  0.793892  0.793891  0.793893  0.793893  0.793893  0.793893  0.793893  0.793893  0.793893  0.793893  0.793893  0.793892  
0.8  0.793892  0.793893  0.793893  0.793893  0.793893  0.793892  0.793893  0.793893  0.793892  0.793893  0.793892  0.793892  0.793893  0.793893  0.793893  0.793893  0.793893  0.793892  0.793891  0.793893  0.793893  0.793893  0.793893  0.793893  0.793893  0.793893  0.793893  0.793893  0.793892  
0.8  0.793892  0.793893  0.793893  0.793893  0.793893  0.793892  0.793893  0.793893  0.793892  0.793893  0.793892  0.793892  0.793893  0.793893  0.793893  0.793893  0.793893  0.793892  0.793891  0.793893  0.793893  0.793893  0.793893  0.793893  0.793893  0.793893  0.793893  0.793893  0.793892  
0.8  0.793892  0.793893  0.793893  0.793893  0.793893  0.793892  0.793893  0.793893  0.793892  0.793893  0.793892  0.793892  0.793893  0.793893  0.793893  0.793893  0.793893  0.793892  0.793891  0.793893  0.793893  0.793893  0.793893  0.793893  0.793893  0.793893  0.793893  0.793893  0.793892  
0.8  0.793892  0.793893  0.793893  0.793893  0.793893  0.793892  0.793893  0.793893  0.793892  0.793893  0.793892  0.793892  0.793893  0.793893  0.793893  0.793893  0.793893  0.793892  0.793891  0.793893  0.793893  0.793893  0.793893  0.793893  0.793893  0.793893  0.793893  0.793893  0.793892  
0.8  0.793892  0.793893  0.793893  0.793893  0.793893  0.793892  0.793893  0.793893  0.793892  0.793893  0.793892  0.793892  0.793893  0.793893  0.793893  0.793893  0.793893  0.793892  0.793891  0.793893  0.793893  0.793893  0.793893  0.793893  0.793893  0.793893  0.793893  0.793893  0.793892  
0.8  0.793892  0.793893  0.793893  0.793893  0.793893  0.793892  0.793893  0.793893  0.793892  0.793893  0.793892  0.793892  0.793893  0.793893  0.793893  0.793893  0.793893  0.793892  0.793891  0.793893  0.793893  0.793893  0.793893  0.793893  0.793893  0.793893  0.793893  0.793893  0.793892  
0.8  0.793892  0.793893  0.793893  0.793893  0.793893  0.793892  0.793893  0.793893  0.793892  0.793893  0.793892  0.793892  0.793893  0.793893  0.793893  0.793893  0.793893  0.793892  0.793891  0.793893  0.793893  0.793893  0.793893  0.793893  0.793893  0.793893  0.793893  0.793893  0.793892  
0.8  0.793892  0.793893  0.793893  0.793893  0.793893  0.793892  0.793893  0.793893  0.793892  0.793893  0.793892  0.793892  0.793893  0.793893  0.793893  0.793893  0.793893  0.793892  0.793891  0.793893  0.793893  0.793893  0.793893  0.793893  0.793893  0.793893  0.793893  0.793893  0.793892  
0.8  0.793892  0.793893  0.793893  0.793893  0.793893  0.793892  0.793893  0.793893  0.793892  0.793893  0.793892  0.793892  0.793893  0.793893  0.793893  0.793893  0.793893  0.793892  0.793891  0.793893  0.793893  0.793893  0.793893  0.793893  0.793893  0.793893  0.793893  0.793893  0.793892  
0.8  0.793892  0.793893  0.793893  0.793893  0.793893  0.793892  0.793893  0.793893  0.793892  0.793893  0.793892  0.793892  0.793893  0.793893  0.793893  0.793893  0.793893  0.793892  0.793891  0.793893  0.793893  0.793893  0.793893  0.793893  0.793893  0.793893  0.793893  0.793893  0.793892  
0.8  0.793892  0.793893  0.793893  0.793893  0.793893  0.793892  0.793893  0.793893  0.793892  0.793893  0.793892  0.793892  0.793893  0.793893  0.793893  0.793893  0.793893  0.793892  0.793891  0.793893  0.793893  0.793893  0.793893  0.793893  0.793893  0.793893  0.793893  0.793893  0.793892  
0.8  0.793892  0.793893  0.793893  0.793893  0.793893  0.793892  0.793893  0.793893  0.793892  0.793893  0.793892  0.793892  0.793893  0.793893  0.793893  0.793893  0.793893  0.793892  0.793891  0.793893  0.793893  0.793893  0.793893  0.793893  0.793893  0.793893  0.793893  0.793893  0.793892  
0.8  0.793892  0.793893  0.793893  0.793893  0.793893  0.793892  0.793893  0.793893  0.793892  0.793893  0.793892  0.793892  0.793893  0.793893  0.793893  0.793893  0.793893  0.793892  0.793891  0.793893  0.793893  0.793893  0.793893  0.793893  0.793893  0.793893  0.793893  0.793893  0.793892  
0.8  0.793892  0.793893  0.793893  0.793893  0.793893  0.793892  0.793893  0.793893  0.793892  0.793893  0.793892  0.793892  0.793893  0.793893  0.793893  0.793893  0.793893  0.793892  0.793891  0.793893  0.793893  0.793893  0.793893  0.793893  0.793893  0.793893  0.793893  0.793893  0.793892  
0.8  0.793892  0.793893  0.793893  0.793893  0.793893  0.793892  0.793893  0.793893  0.793892  0.793893  0.793892  0.793892  0.793893  0.793893  0.793893  0.793893  0.793893  0.793892  0.793891  0.793893  0.793893  0.793893  0.793893  0.793893  0.793893  0.793893  0.793893  0.793893  0.793892  
0.8  0.793892  0.793893  0.793893  0.793893  0.793893  0.793892  0.793893  0.793893  0.793892  0.793893  0.793892  0.793892  0.793893  0.793893  0.793893  0.793893  0.793893  0.793892  0.793891  0.793893  0.793893  0.793893  0.793893  0.793893  0.793893  0.793893  0.793893  0.793893  0.793892  
0.8  0.793892  0.793893  0.793893  0.793893  0.793893  0.793892  0.793893  0.793893  0.793892  0.793893  0.793892  0.793892  0.793893  0.793893  0.793893  0.793893  0.793893  0.793892  0.793891  0.793893  0.793893  0.793893  0.793893  0.793893  0.793893  0.793893  0.793893  0.793893  0.793892  
0.7  0.793892  0.793893  0.793893  0.793893  0.793893  0.793892  0.793893  0.793893  0.793892  0.793892  0.793892  0.793892  0.793893  0.793893  0.793893  0.793892  0.793893  0.793892  0.793891  0.793893  0.793893  0.793893  0.793893  0.793893  0.793893  0.793893  0.793893  0.793892  0.793892  
0.7  0.793892  0.793893  0.793893  0.793893  0.793893  0.793892  0.793893  0.793893  0.793892  0.793892  0.793892  0.793892  0.793893  0.793893  0.793893  0.793892  0.793893  0.793892  0.793891  0.793893  0.793893  0.793893  0.793893  0.793893  0.793893  0.793893  0.793893  0.793892  0.793892  
0.7  0.793892  0.793893  0.793893  0.793893  0.793893  0.793892  0.793893  0.793893  0.793892  0.793892  0.793892  0.793892  0.793893  0.793893  0.793893  0.793892  0.793893  0.793892  0.793891  0.793893  0.793893  0.793893  0.793893  0.793893  0.793893  0.793893  0.793893  0.793892  0.793892  
0.7  0.793892  0.793893  0.793893  0.793893  0.793893  0.793892  0.793893  0.793893  0.793892  0.793892  0.793892  0.793892  0.793893  0.793893  0.793893  0.793892  0.793893  0.793892  0.793891  0.793893  0.793893  0.793893  0.793893  0.793893  0.793893  0.793893  0.793893  0.793892  0.793892  
0.7  0.793892  0.793893  0.793893  0.793893  0.793893  0.793892  0.793893  0.793893  0.793892  0.793892  0.793892  0.793892  0.793893  0.793893  0.793893  0.793892  0.793893  0.793892  0.793891  0.793893  0.793893  0.793893  0.793893  0.793893  0.793893  0.793893  0.793893  0.793892  0.793892  
0.7  0.793892  0.793893  0.793893  0.793893  0.793893  0.793892  0.793893  0.793893  0.793892  0.793892  0.793892  0.793892  0.793893  0.793893  0.793893  0.793892  0.793893  0.793892  0.793891  0.793893  0.793893  0.793893  0.793893  0.793893  0.793893  0.793893  0.793893  0.793892  0.793892  
0.7  0.793892  0.793893  0.793893  0.793893  0.793893  0.793892  0.793893  0.793893  0.793892  0.793892  0.793892  0.793892  0.793893  0.793893  0.793893  0.793892  0.793893  0.793892  0.793891  0.793893  0.793893  0.793893  0.793893  0.793893  0.793893  0.793893  0.793893  0.793892  0.793892  
0.7  0.793892  0.793893  0.793893  0.793893  0.793893  0.793892  0.793893  0.793893  0.793892  0.793892  0.793892  0.793892  0.793893  0.793893  0.793893  0.793892  0.793893  0.793892  0.793891  0.793893  0.793893  0.793893  0.793893  0.793893  0.793893  0.793893  0.793893  0.793892  0.793892  
0.7  0.793892  0.793893  0.793893  0.793893  0.793893  0.793892  0.793893  0.793893  0.793892  0.793892  0.793892  0.793892  0.793893  0.793893  0.793893  0.793892  0.793893  0.793892  0.793891  0.793893  0.793893  0.793893  0.793893  0.793893  0.793893  0.793893  0.793893  0.793892  0.793892  
0.7  0.793892  0.793893  0.793893  0.793893  0.793893  0.793892  0.793893  0.793893  0.793892  0.793892  0.793892  0.793892  0.793893  0.793893  0.793893  0.793892  0.793893  0.793892  0.793891  0.793893  0.793893  0.793893  0.793893  0.793893  0.793893  0.793893  0.793893  0.793892  0.793892  
0.7  0.793892  0.793893  0.793893  0.793893  0.793893  0.793892  0.793893  0.793893  0.793892  0.793892  0.793892  0.793892  0.793893  0.793893  0.793893  0.793892  0.793893  0.793892  0.793891  0.793893  0.793893  0.793893  0.793893  0.793893  0.793893  0.793893  0.793893  0.793892  0.793892  
0.7  0.793892  0.793893  0.793893  0.793893  0.793893  0.793892  0.793893  0.793893  0.793892  0.793892  0.793892  0.793892  0.793893  0.793893  0.793893  0.793892  0.793893  0.793892  0.793891  0.793893  0.793893  0.793893  0.793893  0.793893  0.793893  0.793893  0.793893  0.793892  0.793892  
0.7  0.793892  0.793893  0.793893  0.793893  0.793893  0.793892  0.793893  0.793893  0.793892  0.793892  0.793892  0.793892  0.793893  0.793893  0.793893  0.793892  0.793893  0.793892  0.793891  0.793893  0.793893  0.793893  0.793893  0.793893  0.793893  0.793893  0.793893  0.793892  0.793892  
0.7  0.793892  0.793893  0.793893  0.793893  0.793893  0.793892  0.793893  0.793893  0.793892  0.793892  0.793892  0.793892  0.793893  0.793893  0.793893  0.793892  0.793893  0.793892  0.793891  0.793893  0.793893  0.793893  0.793893  0.793893  0.793893  0.793893  0.793893  0.793892  0.793892  
0.7  0.793892  0.793893  0.793893  0.793893  0.793893  0.793892  0.793893  0.793893  0.793892  0.793892  0.793892  0.793892  0.793893  0.793893  0.793893  0.793892  0.793893  0.793892  0.793891  0.793893  0.793893  0.793893  0.793893  0.793893  0.793893  0.793893  0.793893  0.793892  0.793892  
0.7  0.793892  0.793893  0.793893  0.793893  0.793893  0.793892  0.793893  0.793893  0.793892  0.793892  0.793892  0.793892  0.793893  0.793893  0.793893  0.793892  0.793893  0.793892  0.793891  0.793893  0.793893  0.793893  0.793893  0.793893  0.793893  0.793893  0.793893  0.793892  0.793892  
0.7  0.793892  0.793893  0.793893  0.793893  0.793893  0.793892  0.793893  0.793893  0.793892  0.793892  0.793892  0.793892  0.793893  0.793893  0.793893  0.793892  0.793893  0.793892  0.793891  0.793893  0.793893  0.793893  0.793893  0.793893  0.793893  0.793893  0.793893  0.793892  0.793892  
0.7  0.793892  0.793893  0.793893  0.793893  0.793893  0.793892  0.793893  0.793893  0.793892  0.793892  0.793892  0.793892  0.793893  0.793893  0.793893  0.793892  0.793893  0.793892  0.793891  0.793893  0.793893  0.793893  0.793893  0.793893  0.793893  0.793893  0.793893  0.793892  0.793892  
0.7  0.793892  0.793893  0.793893  0.793893  0.793893  0.793892  0.793893  0.793893  0.793892  0.793892  0.793892  0.793892  0.793893  0.793893  0.793893  0.793892  0.793893  0.793892  0.793891  0.793893  0.793893  0.793893  0.793893  0.793893  0.793893  0.793893  0.793893  0.793892  0.793892  
0.7  0.793892  0.793893  0.793893  0.793893  0.793893  0.793892  0.793893  0.793893  0.793892  0.793892  0.793892  0.793892  0.793893  0.793893  0.793893  0.793892  0.793893  0.793892  0.793891  0.793893  0.793893  0.793893  0.793893  0.793893  0.793893  0.793893  0.793893  0.793892  0.793892  
0.7  0.793892  0.793893  0.793893  0.793893  0.793893  0.793892  0.793893  0.793893  0.793892  0.793892  0.793892  0.793892  0.793893  0.793893  0.793893  0.793892  0.793893  0.793892  0.793891  0.793893  0.793893  0.793893  0.793893  0.793893  0.793893  0.793893  0.793893  0.793892  0.793892  
0.7  0.793892  0.793893  0.793893  0.793893  0.793893  0.793892  0.793893  0.793893  0.793892  0.793892  0.793892  0.793892  0.793893  0.793893  0.793893  0.793892  0.793893  0.793892  0.793891  0.793893  0.793893  0.793893  0.793893  0.793893  0.793893  0.793893  0.793893  0.793892  0.793892  
0.7  0.793892  0.793893  0.793893  0.793893  0.793893  0.793892  0.793893  0.793893  0.793892  0.793892  0.793892  0.793892  0.793893  0.793893  0.793893  0.793892  0.793893  0.793892  0.793891  0.793893  0.793893  0.793893  0.793893  0.793893  0.793893  0.793893  0.793893  0.793892  0.793892  
0.7  0.793892  0.793893  0.793893  0.793893  0.793893  0.793892  0.793893  0.793893  0.793892  0.793892  0.793892  0.793892  0.793893  0.793893  0.793893  0.793892  0.793893  0.793892  0.793891  0.793893  0.793893  0.793893  0.793893  0.793893  0.793893  0.793893  0.793893  0.793892  0.793892  
0.7  0.793892  0.793893  0.793893  0.793893  0.793893  0.793892  0.793893  0.793893  0.793892  0.793892  0.793892  0.793892  0.793893  0.793893  0.793893  0.793892  0.793893  0.793892  0.793891  0.793893  0.793893  0.793893  0.793893  0.793893  0.793893  0.793893  0.793893  0.793892  0.793892  
0.7  0.793892  0.793893  0.793893  0.793893  0.793893  0.793892  0.793893  0.793893  0.793892  0.793892  0.793892  0.793892  0.793893  0.793893  0.793893  0.793892  0.793893  0.793892  0.793891  0.793893  0.793893  0.793893  0.793893  0.793893  0.793893  0.793893  0.793893  0.793892  0.793892  
0.7  0.793892  0.793893  0.793893  0.793893  0.793893  0.793892  0.793893  0.793893  0.793892  0.793892  0.793892  0.793892  0.793893  0.793893  0.793893  0.793892  0.793893  0.793892  0.793891  0.793893  0.793893  0.793893  0.793893  0.793893  0.793893  0.793893  0.793893  0.793892  0.793892  
0.7  0.793892  0.793893  0.793893  0.793893  0.793893  0.793892  0.793893  0.793893  0.793892  0.793892  0.793892  0.793892  0.793893  0.793893  0.793893  0.793892  0.793893  0.793892  0.793891  0.793893  0.793893  0.793893  0.793893  0.793893  0.793893  0.793893  0.793893  0.793892  0.793892  
0.7  0.793892  0.793893  0.793893  0.793893  0.793893  0.793892  0.793893  0.793893  0.793892  0.793892  0.793892  0.793892  0.793893  0.793893  0.793893  0.793892  0.793893  0.793892  0.793891  0.793893  0.793893  0.793893  0.793893  0.793893  0.793893  0.793893  0.793893  0.793892  0.793892  
0.7  0.793892  0.793893  0.793893  0.793893  0.793893  0.793892  0.793893  0.793893  0.793892  0.793892  0.793892  0.793892  0.793893  0.793893  0.793893  0.793892  0.793893  0.793892  0.793891  0.793893  0.793893  0.793893  0.793893  0.793893  0.793893  0.793893  0.793893  0.793892  0.793892  
0.7  0.793892  0.793893  0.793893  0.793893  0.793893  0.793892  0.793893  0.793893  0.793892  0.793892  0.793892  0.793892  0.793893  0.793893  0.793893  0.793892  0.793893  0.793892  0.793891  0.793893  0.793893  0.793893  0.793893  0.793893  0.793893  0.793893  0.793893  0.793892  0.793892  
0.49285  0.567191  0.567227  0.567117  0.567111  0.567148  0.567185  0.567285  0.567206  0.566977  0.567251  0.567192  0.567241  0.567187  0.567144  0.567158  0.567202  0.567272  0.567144  0.566952  0.567217  0.567177  0.567195  0.567149  0.567146  0.567223  0.567115  0.567189  0.567219  0.567169  
0.49285  0.567191  0.567227  0.567117  0.567111  0.567148  0.567185  0.567285  0.567206  0.566977  0.567251  0.567192  0.567241  0.567187  0.567144  0.567158  0.567202  0.567272  0.567144  0.566952  0.567217  0.567177  0.567195  0.567149  0.567146  0.567223  0.567115  0.567189  0.567219  0.567169  
0.49285  0.567191  0.567227  0.567117  0.567111  0.567148  0.567185  0.567285  0.567206  0.566977  0.567251  0.567192  0.567241  0.567187  0.567144  0.567158  0.567202  0.567272  0.567144  0.566952  0.567217  0.567177  0.567195  0.567149  0.567146  0.567223  0.567115  0.567189  0.567219  0.567169  
0.49285  0.567191  0.567227  0.567117  0.567111  0.567148  0.567185  0.567285  0.567206  0.566977  0.567251  0.567192  0.567241  0.567187  0.567144  0.567158  0.567202  0.567272  0.567144  0.566952  0.567217  0.567177  0.567195  0.567149  0.567146  0.567223  0.567115  0.567189  0.567219  0.567169  
0.49285  0.567191  0.567227  0.567117  0.567111  0.567148  0.567185  0.567285  0.567206  0.566977  0.567251  0.567192  0.567241  0.567187  0.567144  0.567158  0.567202  0.567272  0.567144  0.566952  0.567217  0.567177  0.567195  0.567149  0.567146  0.567223  0.567115  0.567189  0.567219  0.567169  
0.49285  0.567191  0.567227  0.567117  0.567111  0.567148  0.567185  0.567285  0.567206  0.566977  0.567251  0.567192  0.567241  0.567187  0.567144  0.567158  0.567202  0.567272  0.567144  0.566952  0.567217  0.567177  0.567195  0.567149  0.567146  0.567223  0.567115  0.567189  0.567219  0.567169  
0.49285  0.567191  0.567227  0.567117  0.567111  0.567148  0.567185  0.567285  0.567206  0.566977  0.567251  0.567192  0.567241  0.567187  0.567144  0.567158  0.567202  0.567272  0.567144  0.566952  0.567217  0.567177  0.567195  0.567149  0.567146  0.567223  0.567115  0.567189  0.567219  0.567169  
0.49285  0.567191  0.567227  0.567117  0.567111  0.567148  0.567185  0.567285  0.567206  0.566977  0.567251  0.567192  0.567241  0.567187  0.567144  0.567158  0.567202  0.567272  0.567144  0.566952  0.567217  0.567177  0.567195  0.567149  0.567146  0.567223  0.567115  0.567189  0.567219  0.567169  
0.49285  0.567191  0.567227  0.567117  0.567111  0.567148  0.567185  0.567285  0.567206  0.566977  0.567251  0.567192  0.567241  0.567187  0.567144  0.567158  0.567202  0.567272  0.567144  0.566952  0.567217  0.567177  0.567195  0.567149  0.567146  0.567223  0.567115  0.567189  0.567219  0.567169  
0.49285  0.567191  0.567227  0.567117  0.567111  0.567148  0.567185  0.567285  0.567206  0.566977  0.567251  0.567192  0.567241  0.567187  0.567144  0.567158  0.567202  0.567272  0.567144  0.566952  0.567217  0.567177  0.567195  0.567149  0.567146  0.567223  0.567115  0.567189  0.567219  0.567169  
0.49285  0.567191  0.567227  0.567117  0.567111  0.567148  0.567185  0.567285  0.567206  0.566977  0.567251  0.567192  0.567241  0.567187  0.567144  0.567158  0.567202  0.567272  0.567144  0.566952  0.567217  0.567177  0.567195  0.567149  0.567146  0.567223  0.567115  0.567189  0.567219  0.567169  
0.49285  0.567191  0.567227  0.567117  0.567111  0.567148  0.567185  0.567285  0.567206  0.566977  0.567251  0.567192  0.567241  0.567187  0.567144  0.567158  0.567202  0.567272  0.567144  0.566952  0.567217  0.567177  0.567195  0.567149  0.567146  0.567223  0.567115  0.567189  0.567219  0.567169  
0.49285  0.567191  0.567227  0.567117  0.567111  0.567148  0.567185  0.567285  0.567206  0.566977  0.567251  0.567192  0.567241  0.567187  0.567144  0.567158  0.567202  0.567272  0.567144  0.566952  0.567217  0.567177  0.567195  0.567149  0.567146  0.567223  0.567115  0.567189  0.567219  0.567169  
0.49285  0.567191  0.567227  0.567117  0.567111  0.567148  0.567185  0.567285  0.567206  0.566977  0.567251  0.567192  0.567241  0.567187  0.567144  0.567158  0.567202  0.567272  0.567144  0.566952  0.567217  0.567177  0.567195  0.567149  0.567146  0.567223  0.567115  0.567189  0.567219  0.567169  
0.49285  0.567191  0.567227  0.567117  0.567111  0.567148  0.567185  0.567285  0.567206  0.566977  0.567251  0.567192  0.567241  0.567187  0.567144  0.567158  0.567202  0.567272  0.567144  0.566952  0.567217  0.567177  0.567195  0.567149  0.567146  0.567223  0.567115  0.567189  0.567219  0.567169  
0.49285  0.567191  0.567227  0.567117  0.567111  0.567148  0.567185  0.567285  0.567206  0.566977  0.567251  0.567192  0.567241  0.567187  0.567144  0.567158  0.567202  0.567272  0.567144  0.566952  0.567217  0.567177  0.567195  0.567149  0.567146  0.567223  0.567115  0.567189  0.567219  0.567169  
0.49285  0.567191  0.567227  0.567117  0.567111  0.567148  0.567185  0.567285  0.567206  0.566977  0.567251  0.567192  0.567241  0.567187  0.567144  0.567158  0.567202  0.567272  0.567144  0.566952  0.567217  0.567177  0.567195  0.567149  0.567146  0.567223  0.567115  0.567189  0.567219  0.567169  
0.49285  0.567191  0.567227  0.567117  0.567111  0.567148  0.567185  0.567285  0.567206  0.566977  0.567251  0.567192  0.567241  0.567187  0.567144  0.567158  0.567202  0.567272  0.567144  0.566952  0.567217  0.567177  0.567195  0.567149  0.567146  0.567223  0.567115  0.567189  0.567219  0.567169  
0.49285  0.567191  0.567227  0.567117  0.567111  0.567148  0.567185  0.567285  0.567206  0.566977  0.567251  0.567192  0.567241  0.567187  0.567144  0.567158  0.567202  0.567272  0.567144  0.566952  0.567217  0.567177  0.567195  0.567149  0.567146  0.567223  0.567115  0.567189  0.567219  0.567169  
0.49285  0.567191  0.567227  0.567117  0.567111  0.567148  0.567185  0.567285  0.567206  0.566977  0.567251  0.567192  0.567241  0.567187  0.567144  0.567158  0.567202  0.567272  0.567144  0.566952  0.567217  0.567177  0.567195  0.567149  0.567146  0.567223  0.567115  0.567189  0.567219  0.567169  
0.49285  0.567191  0.567227  0.567117  0.567111  0.567148  0.567185  0.567285  0.567206  0.566977  0.567251  0.567192  0.567241  0.567187  0.567144  0.567158  0.567202  0.567272  0.567144  0.566952  0.567217  0.567177  0.567195  0.567149  0.567146  0.567223  0.567115  0.567189  0.567219  0.567169  
0.49285  0.567191  0.567227  0.567117  0.567111  0.567148  0.567185  0.567285  0.567206  0.566977  0.567251  0.567192  0.567241  0.567187  0.567144  0.567158  0.567202  0.567272  0.567144  0.566952  0.567217  0.567177  0.567195  0.567149  0.567146  0.567223  0.567115  0.567189  0.567219  0.567169  
0.35  0.654508  0.654508  0.654509  0.654508  0.654508  0.654508  0.654509  0.654509  0.654508  0.654508  0.654508  0.654509  0.654509  0.654509  0.654508  0.654509  0.654508  0.654509  0.654508  0.654509  0.654509  0.654508  0.654508  0.654509  0.654508  0.654509  0.654509  0.654508  0.654509  
0.35  0.654508  0.654508  0.654509  0.654508  0.654508  0.654508  0.654509  0.654509  0.654508  0.654508  0.654508  0.654509  0.654509  0.654509  0.654508  0.654509  0.654508  0.654509  0.654508  0.654509  0.654509  0.654508  0.654508  0.654509  0.654508  0.654509  0.654509  0.654508  0.654509  
0.35  0.654508  0.654508  0.654509  0.654508  0.654508  0.654508  0.654509  0.654509  0.654508  0.654508  0.654508  0.654509  0.654509  0.654509  0.654508  0.654509  0.654508  0.654509  0.654508  0.654509  0.654509  0.654508  0.654508  0.654509  0.654508  0.654509  0.654509  0.654508  0.654509  
0.35  0.654508  0.654508  0.654509  0.654508  0.654508  0.654508  0.654509  0.654509  0.654508  0.654508  0.654508  0.654509  0.654509  0.654509  0.654508  0.654509  0.654508  0.654509  0.654508  0.654509  0.654509  0.654508  0.654508  0.654509  0.654508  0.654509  0.654509  0.654508  0.654509  
0.35  0.654508  0.654508  0.654509  0.654508  0.654508  0.654508  0.654509  0.654509  0.654508  0.654508  0.654508  0.654509  0.654509  0.654509  0.654508  0.654509  0.654508  0.654509  0.654508  0.654509  0.654509  0.654508  0.654508  0.654509  0.654508  0.654509  0.654509  0.654508  0.654509  
0.35  0.654508  0.654508  0.654509  0.654508  0.654508  0.654508  0.654509  0.654509  0.654508  0.654508  0.654508  0.654509  0.654509  0.654509  0.654508  0.654509  0.654508  0.654509  0.654508  0.654509  0.654509  0.654508  0.654508  0.654509  0.654508  0.654509  0.654509  0.654508  0.654509  
0.35  0.654508  0.654508  0.654509  0.654508  0.654508  0.654508  0.654509  0.654509  0.654508  0.654508  0.654508  0.654509  0.654509  0.654509  0.654508  0.654509  0.654508  0.654509  0.654508  0.654509  0.654509  0.654508  0.654508  0.654509  0.654508  0.654509  0.654509  0.654508  0.654509  
0.35  0.654508  0.654508  0.654509  0.654508  0.654508  0.654508  0.654509  0.654509  0.654508  0.654508  0.654508  0.654509  0.654509  0.654509  0.654508  0.654509  0.654508  0.654509  0.654508  0.654509  0.654509  0.654508  0.654508  0.654509  0.654508  0.654509  0.654509  0.654508  0.654509  
0.35  0.654508  0.654508  0.654509  0.654508  0.654508  0.654508  0.654509  0.654509  0.654508  0.654508  0.654508  0.654509  0.654509  0.654509  0.654508  0.654509  0.654508  0.654509  0.654508  0.654509  0.654509  0.654508  0.654508  0.654509  0.654508  0.654509  0.654509  0.654508  0.654509  
0.35  0.654508  0.654508  0.654509  0.654508  0.654508  0.654508  0.654509  0.654509  0.654508  0.654508  0.654508  0.654509  0.654509  0.654509  0.654508  0.654509  0.654508  0.654509  0.654508  0.654509  0.654509  0.654508  0.654508  0.654509  0.654508  0.654509  0.654509  0.654508  0.654509  
0.35  0.654508  0.654508  0.654509  0.654508  0.654508  0.654508  0.654509  0.654509  0.654508  0.654508  0.654508  0.654509  0.654509  0.654509  0.654508  0.654509  0.654508  0.654509  0.654508  0.654509  0.654509  0.654508  0.654508  0.654509  0.654508  0.654509  0.654509  0.654508  0.654509  
0.35  0.654508  0.654508  0.654509  0.654508  0.654508  0.654508  0.654509  0.654509  0.654508  0.654508  0.654508  0.654509  0.654509  0.654509  0.654508  0.654509  0.654508  0.654509  0.654508  0.654509  0.654509  0.654508  0.654508  0.654509  0.654508  0.654509  0.654509  0.654508  0.654509  
0.35  0.654508  0.654508  0.654509  0.654508  0.654508  0.654508  0.654509  0.654509  0.654508  0.654508  0.654508  0.654509  0.654509  0.654509  0.654508  0.654509  0.654508  0.654509  0.654508  0.654509  0.654509  0.654508  0.654508  0.654509  0.654508  0.654509  0.654509  0.654508  0.654509  
0.35  0.654508  0.654508  0.654509  0.654508  0.654508  0.654508  0.654509  0.654509  0.654508  0.654508  0.654508  0.654509  0.654509  0.654509  0.654508  0.654509  0.654508  0.654509  0.654508  0.654509  0.654509  0.654508  0.654508  0.654509  0.654508  0.654509  0.654509  0.654508  0.654509  
0.35  0.654508  0.654508  0.654509  0.654508  0.654508  0.654508  0.654509  0.654509  0.654508  0.654508  0.654508  0.654509  0.654509  0.654509  0.654508  0.654509  0.654508  0.654509  0.654508  0.654509  0.654509  0.654508  0.654508  0.654509  0.654508  0.654509  0.654509  0.654508  0.654509  
0.35  0.654508  0.654508  0.654509  0.654508  0.654508  0.654508  0.654509  0.654509  0.654508  0.654508  0.654508  0.654509  0.654509  0.654509  0.654508  0.654509  0.654508  0.654509  0.654508  0.654509  0.654509  0.654508  0.654508  0.654509  0.654508  0.654509  0.654509  0.654508  0.654509  
0.35  0.654508  0.654508  0.654509  0.654508  0.654508  0.654508  0.654509  0.654509  0.654508  0.654508  0.654508  0.654509  0.654509  0.654509  0.654508  0.654509  0.654508  0.654509  0.654508  0.654509  0.654509  0.654508  0.654508  0.654509  0.654508  0.654509  0.654509  0.654508  0.654509  
0.35  0.654508  0.654508  0.654509  0.654508  0.654508  0.654508  0.654509  0.654509  0.654508  0.654508  0.654508  0.654509  0.654509  0.654509  0.654508  0.654509  0.654508  0.654509  0.654508  0.654509  0.654509  0.654508  0.654508  0.654509  0.654508  0.654509  0.654509  0.654508  0.654509  
0.35  0.654508  0.654508  0.654509  0.654508  0.654508  0.654508  0.654509  0.654509  0.654508  0.654508  0.654508  0.654509  0.654509  0.654509  0.654508  0.654509  0.654508  0.654509  0.654508  0.654509  0.654509  0.654508  0.654508  0.654509  0.654508  0.654509  0.654509  0.654508  0.654509  
0.35  0.654508  0.654508  0.654509  0.654508  0.654508  0.654508  0.654509  0.654509  0.654508  0.654508  0.654508  0.654509  0.654509  0.654509  0.654508  0.654509  0.654508  0.654509  0.654508  0.654509  0.654509  0.654508  0.654508  0.654509  0.654508  0.654509  0.654509  0.654508  0.654509  
0.35  0.654508  0.654508  0.654509  0.654508  0.654508  0.654508  0.654509  0.654509  0.654508  0.654508  0.654508  0.654509  0.654509  0.654509  0.654508  0.654509  0.654508  0.654509  0.654508  0.654509  0.654509  0.654508  0.654508  0.654509  0.654508  0.654509  0.654509  0.654508  0.654509  
0.35  0.654508  0.654508  0.654509  0.654508  0.654508  0.654508  0.654509  0.654509  0.654508  0.654508  0.654508  0.654509  0.654509  0.654509  0.654508  0.654509  0.654508  0.654509  0.654508  0.654509  0.654509  0.654508  0.654508  0.654509  0.654508  0.654509  0.654509  0.654508  0.654509  
0.35  0.654508  0.654508  0.654509  0.654508  0.654508  0.654508  0.654509  0.654509  0.654508  0.654508  0.654508  0.654509  0.654509  0.654509  0.654508  0.654509  0.654508  0.654509  0.654508  0.654509  0.654509  0.654508  0.654508  0.654509  0.654508  0.654509  0.654509  0.654508  0.654509  
0.35  0.654508  0.654508  0.654509  0.654508  0.654508  0.654508  0.654509  0.654509  0.654508  0.654508  0.654508  0.654509  0.654509  0.654509  0.654508  0.654509  0.654508  0.654509  0.654508  0.654509  0.654509  0.654508  0.654508  0.654509  0.654508  0.654509  0.654509  0.654508  0.654509  
0.35  0.654508  0.654508  0.654509  0.654508  0.654508  0.654508  0.654509  0.654509  0.654508  0.654508  0.654508  0.654509  0.654509  0.654509  0.654508  0.654509  0.654508  0.654509  0.654508  0.654509  0.654509  0.654508  0.654508  0.654509  0.654508  0.654509  0.654509  0.654508  0.654509  
0.35  0.654508  0.654508  0.654509  0.654508  0.654508  0.654508  0.654509  0.654509  0.654508  0.654508  0.654508  0.654509  0.654509  0.654509  0.654508  0.654509  0.654508  0.654509  0.654508  0.654509  0.654509  0.654508  0.654508  0.654509  0.654508  0.654509  0.654509  0.654508  0.654509  
0.35  0.654508  0.654508  0.654509  0.654508  0.654508  0.654508  0.654509  0.654509  0.654508  0.654508  0.654508  0.654509  0.654509  0.654509  0.654508  0.654509  0.654508  0.654509  0.654508  0.654509  0.654509  0.654508  0.654508  0.654509  0.654508  0.654509  0.654509  0.654508  0.654509  
0.35  0.654508  0.654508  0.654509  0.654508  0.654508  0.654508  0.654509  0.654509  0.654508  0.654508  0.654508  0.654509  0.654509  0.654509  0.654508  0.654509  0.654508  0.654509  0.654508  0.654509  0.654509  0.654508  0.654508  0.654509  0.654508  0.654509  0.654509  0.654508  0.654509  
