1  0.60413  0.654735  0.703363  0.750788  0.793839  0.835328  0.871864  0.904355  0.932836  0.9562  0.975511  0.989283  0.997265  1  0.997254  0.988659  0.975528  0.956874  0.932791  0.904418  0.871907  0.834603  0.793911  0.750443  0.703595  0.654566  0.603945  0.551932  0.500003  
0.982198  0.437051  0.491453  0.542281  0.59251  0.644305  0.693369  0.740729  0.784712  0.825834  0.863935  0.898289  0.926579  0.949556  0.972992  0.988411  0.995381  0.999876  0.998413  0.99141  0.978225  0.961294  0.93825  0.911083  0.878356  0.842829  0.802516  0.760705  0.713101  0.663383  
0.962891  0.264701  0.311725  0.361347  0.412593  0.464306  0.516594  0.569243  0.620262  0.669791  0.718513  0.764594  0.807514  0.845916  0.882356  0.914178  0.941138  0.963035  0.980462  0.99221  0.998834  0.999754  0.995262  0.985768  0.969929  0.949433  0.924336  0.894229  0.859606  0.822003  
0.944499  0.129255  0.166364  0.20721  0.244903  0.299551  0.350347  0.399217  0.448697  0.498816  0.558066  0.605249  0.658238  0.700636  0.75517  0.794272  0.835447  0.872108  0.906166  0.934904  0.955685  0.975317  0.98921  0.999506  1  0.99423  0.989895  0.974563  0.957903  0.938134  
0.926435  0.0383535  0.0608726  0.088314  0.120435  0.156412  0.196112  0.239371  0.284974  0.333673  0.383971  0.435538  0.487286  0.539495  0.591527  0.642571  0.691572  0.73907  0.783537  0.824903  0.863044  0.897199  0.926734  0.951989  0.971725  0.985768  0.995855  0.999997  0.998435  0.991523  
0.909328  0.00101255  0.00770612  0.0195349  0.0366557  0.0588297  0.0863431  0.117442  0.153144  0.192369  0.235585  0.281437  0.329439  0.379683  0.431065  0.483186  0.535578  0.58739  0.638449  0.687871  0.735773  0.780241  0.821873  0.860063  0.894513  0.924371  0.949986  0.970001  0.985237  0.995216  
0.892913  0.0153655  0.00439044  1.24499e-08  0.00143861  0.00744105  0.0201872  0.0380576  0.0604671  0.0868481  0.118733  0.154624  0.194342  0.236155  0.283196  0.333311  0.382235  0.431415  0.486143  0.537665  0.590306  0.641213  0.690269  0.737712  0.781943  0.824954  0.862084  0.896749  0.92621  0.951071  
0.876151  0.0755742  0.0493646  0.0296938  0.0143655  0.00381917  2.81567e-06  0.000799274  0.00806594  0.0203585  0.0371129  0.0605107  0.0873214  0.119115  0.154809  0.194366  0.238743  0.283193  0.331394  0.38205  0.432611  0.48481  0.537362  0.589481  0.640457  0.689003  0.737215  0.781962  0.823692  0.860749  
0.860839  0.165723  0.130141  0.0958334  0.0684232  0.0417803  0.0253969  0.00727674  0.00285566  1.87195e-07  0.00246355  0.0105692  0.0239654  0.0411634  0.0659593  0.0907496  0.126527  0.164327  0.203646  0.248103  0.293754  0.344041  0.393474  0.439151  0.496057  0.550149  0.60196  0.652915  0.701043  0.747626  
0.844779  0.293801  0.247325  0.203439  0.163068  0.126679  0.093737  0.065457  0.0419441  0.0234336  0.00983948  0.00238864  4.90781e-06  0.00305576  0.0120536  0.0255687  0.0449883  0.0686319  0.0974739  0.130535  0.167885  0.20825  0.252631  0.29909  0.348472  0.398838  0.450747  0.503715  0.55548  0.606925  
0.829577  0.430922  0.378508  0.328162  0.281292  0.235817  0.192244  0.153228  0.117177  0.0863792  0.0585909  0.0364433  0.0194703  0.00775965  0.00118783  0.000249851  0.0048858  0.0145739  0.0297569  0.0501551  0.0761359  0.106073  0.140272  0.177823  0.219972  0.264863  0.312609  0.361729  0.413477  0.464436  
0.814807  0.569622  0.517475  0.465083  0.41326  0.36265  0.31258  0.265456  0.22057  0.178941  0.140386  0.105913  0.076015  0.0499677  0.0300315  0.0148384  0.00461889  0.000119753  0.0011803  0.00766394  0.0193634  0.0366105  0.0587211  0.0860143  0.11747  0.152525  0.192111  0.23534  0.280214  0.328785  
0.800188  0.70175  0.652212  0.602352  0.549759  0.499192  0.446094  0.39498  0.342644  0.29778  0.248356  0.203635  0.164891  0.127207  0.0944283  0.0654614  0.0420433  0.0227463  0.0106338  0.00238531  7.94201e-08  0.00283078  0.0115245  0.0253617  0.0443948  0.0677032  0.0963671  0.130123  0.166725  0.20811  
0.785897  0.816117  0.774474  0.728865  0.680983  0.631187  0.580342  0.528142  0.474135  0.42276  0.372512  0.322994  0.274406  0.228995  0.185926  0.147506  0.11206  0.0807969  0.0554333  0.0332754  0.0172721  0.00497931  0.000642611  0.000349133  0.00584798  0.0164038  0.0324097  0.0538246  0.079464  0.110075  
0.77194  0.906145  0.87301  0.836874  0.795853  0.752565  0.70547  0.657307  0.606091  0.555309  0.502445  0.450514  0.398653  0.34822  0.29898  0.250564  0.207645  0.167299  0.129574  0.0970956  0.0683517  0.0432647  0.0254083  0.0151906  0.00295649  2.01783e-07  0.00246929  0.0105872  0.0235075  0.0450038  
0.758322  0.966706  0.945396  0.919756  0.88855  0.853896  0.814577  0.772057  0.726989  0.679367  0.629171  0.579399  0.526157  0.473394  0.421829  0.37108  0.321148  0.273455  0.226739  0.18515  0.146883  0.112878  0.0805233  0.05463  0.0332923  0.0163148  0.00606939  0.000551711  0.000162643  0.0060447  
0.745  0.997816  0.988227  0.973736  0.954845  0.931067  0.900848  0.867643  0.830222  0.789715  0.744573  0.697107  0.649165  0.598825  0.546139  0.493813  0.442392  0.389901  0.340219  0.292099  0.245189  0.197632  0.161228  0.126453  0.0925996  0.0643516  0.0408933  0.0232925  0.00961247  0.00196353  
0.73203  0.99606  0.999928  0.993451  0.991156  0.978518  0.961242  0.938542  0.910979  0.879171  0.84369  0.803227  0.759898  0.713353  0.665015  0.614619  0.563516  0.508016  0.459728  0.395462  0.35896  0.306065  0.261762  0.215248  0.171242  0.136725  0.106982  0.0724731  0.0479235  0.0283512  
0.719084  0.965463  0.982776  0.993451  0.999559  0.999746  0.994313  0.983049  0.968357  0.94773  0.921003  0.891129  0.856743  0.817236  0.775027  0.730322  0.682598  0.63237  0.581599  0.529368  0.477117  0.424328  0.373999  0.323912  0.276004  0.230981  0.188118  0.14871  0.114443  0.0832544  
0.706508  0.909754  0.936964  0.959794  0.978303  0.990932  0.998105  0.999944  0.996318  0.987414  0.972905  0.952997  0.928944  0.89857  0.865364  0.827867  0.786498  0.742186  0.695075  0.645965  0.595272  0.543017  0.491226  0.438662  0.387565  0.336637  0.2884  0.242368  0.19905  0.158829  
0.694361  0.834075  0.870999  0.904078  0.932512  0.9569  0.97493  0.988933  0.997138  0.999999  0.997371  0.989717  0.97578  0.957037  0.933362  0.905114  0.872123  0.833703  0.79453  0.750812  0.704124  0.655364  0.604668  0.553926  0.500665  0.448644  0.396884  0.34625  0.297298  0.250496  
0.682057  0.739945  0.784513  0.825253  0.863242  0.898027  0.926983  0.953763  0.971827  0.986582  0.995958  0.999859  0.998477  0.991974  0.978997  0.961164  0.938905  0.911221  0.879381  0.843161  0.802934  0.760555  0.71438  0.664949  0.615248  0.56388  0.511539  0.459718  0.408273  0.356495  
0.670015  0.634574  0.684426  0.731808  0.777019  0.818932  0.857441  0.891995  0.922481  0.94794  0.96868  0.98509  0.994793  0.99982  0.999037  0.992959  0.981625  0.964812  0.943071  0.916538  0.885044  0.850198  0.811155  0.767845  0.72199  0.673998  0.624113  0.572767  0.520739  0.468328  
0.658002  0.523995  0.578028  0.629  0.687849  0.723662  0.77101  0.811723  0.853749  0.882378  0.918855  0.947627  0.966077  0.981941  0.993784  0.999698  0.99963  0.994201  0.976703  0.967592  0.943594  0.920448  0.888031  0.854245  0.81577  0.777246  0.729977  0.681633  0.629461  0.588688  
0.646836  0.418135  0.470154  0.522405  0.574451  0.625897  0.675751  0.723471  0.769404  0.811435  0.850775  0.887727  0.917325  0.943662  0.965488  0.982501  0.993498  0.999088  0.999515  0.994303  0.983904  0.963425  0.947045  0.921392  0.890784  0.855923  0.8171  0.776511  0.730304  0.682678  
0.635078  0.312451  0.361634  0.411346  0.464402  0.517098  0.564988  0.622641  0.672034  0.718005  0.764446  0.806594  0.84647  0.881919  0.914608  0.940646  0.968672  0.980228  0.993118  0.998953  0.999977  0.995296  0.984546  0.969583  0.947979  0.924345  0.897289  0.862305  0.822245  0.78123  
0.624205  0.221306  0.2673  0.313762  0.363977  0.416142  0.465995  0.519245  0.570698  0.622003  0.671979  0.721128  0.766858  0.807179  0.847322  0.883653  0.914392  0.941876  0.964901  0.981701  0.992954  0.999406  0.999753  0.994694  0.984822  0.968114  0.948306  0.92349  0.893046  0.858624  
0.612996  0.139833  0.17873  0.220886  0.265655  0.312154  0.362247  0.412618  0.464638  0.520906  0.569851  0.62132  0.671255  0.718902  0.765045  0.80603  0.847755  0.88333  0.914393  0.942043  0.963778  0.979944  0.992538  0.998829  0.999722  0.997243  0.984978  0.970148  0.948834  0.923223  
0.602333  0.07631  0.109465  0.143723  0.183055  0.225018  0.269078  0.317416  0.367806  0.417934  0.468898  0.522553  0.574933  0.625221  0.674981  0.723649  0.769888  0.812777  0.851532  0.886564  0.917396  0.941351  0.965245  0.982382  0.993969  0.999057  0.999551  0.994305  0.98406  0.967964  
0.591419  0.0320317  0.0527085  0.0789148  0.110056  0.144584  0.183539  0.226055  0.270879  0.318849  0.36848  0.419233  0.470958  0.518881  0.577011  0.626157  0.677688  0.725684  0.770209  0.812784  0.852098  0.885375  0.918093  0.944542  0.965722  0.982493  0.99348  0.999241  0.999466  0.994012  
0.581144  0.00522624  0.0188603  0.0356177  0.0572228  0.0846929  0.115267  0.153755  0.189606  0.231164  0.279141  0.334613  0.374625  0.424406  0.479568  0.531283  0.583865  0.637396  0.683551  0.716478  0.777629  0.819332  0.857016  0.892087  0.923292  0.947518  0.96983  0.985015  0.994261  0.999716  
0.570722  0.000131406  0.00152408  0.00853466  0.0207634  0.0387915  0.0612667  0.0889495  0.120518  0.156577  0.196365  0.239681  0.281718  0.334106  0.383005  0.433385  0.485316  0.540241  0.592163  0.640554  0.692201  0.736604  0.78412  0.824812  0.859949  0.897111  0.926974  0.951431  0.971827  0.986504  
0.560607  0.0115912  0.00300585  0.00082649  0.000981928  0.00991936  0.0230724  0.0409289  0.0640166  0.0932694  0.125321  0.159867  0.202399  0.246028  0.291854  0.340971  0.391289  0.442724  0.494771  0.554263  0.599503  0.649189  0.698865  0.730161  0.79005  0.831246  0.868251  0.904149  0.929865  0.954426  
0.550264  0.042226  0.0233574  0.0101708  0.00239933  3.05927e-07  0.00308743  0.0114344  0.0259223  0.0418963  0.0680433  0.0902738  0.129956  0.167224  0.207299  0.251605  0.298384  0.348178  0.398172  0.450496  0.502885  0.554858  0.606373  0.657903  0.70498  0.753329  0.795851  0.8365  0.873243  0.905415  
0.54029  0.0888963  0.059093  0.0383302  0.0191928  0.0077276  0.00136866  0.000163702  0.00402772  0.0128939  0.0270163  0.0496337  0.0738235  0.102289  0.137412  0.175424  0.217316  0.260816  0.310028  0.358374  0.40926  0.460973  0.513574  0.565424  0.616865  0.666985  0.716359  0.759733  0.806308  0.842476  
0.530725  0.145643  0.11059  0.0789655  0.0527998  0.0318151  0.0167371  0.00796698  0.000119812  0.000885654  0.00677488  0.0179107  0.0345251  0.0561543  0.0809587  0.113581  0.147613  0.188237  0.228988  0.27547  0.323584  0.375445  0.421822  0.475046  0.528407  0.580314  0.630428  0.681195  0.727895  0.777071  
0.520756  0.217272  0.175191  0.137518  0.103178  0.0736269  0.0498371  0.0303331  0.0143071  0.00423964  5.71549e-06  0.00150269  0.00821615  0.0206748  0.0382124  0.060196  0.0880532  0.120259  0.15598  0.195677  0.238936  0.284668  0.333064  0.382516  0.433796  0.485919  0.540892  0.591692  0.642519  0.690545  
0.511299  0.294901  0.247438  0.204754  0.163272  0.127913  0.0944333  0.0655912  0.0425012  0.0230647  0.0105421  0.0027125  1.14719e-06  0.00282418  0.0113665  0.0252121  0.0438305  0.0689616  0.0966746  0.130119  0.167682  0.207593  0.251392  0.298821  0.347138  0.396799  0.448628  0.5007  0.553621  0.605702  
0.502092  0.377077  0.32657  0.279057  0.232883  0.189287  0.151228  0.114963  0.0843529  0.0569901  0.0355968  0.0205269  0.00698088  0.00114771  0.000341126  0.00469402  0.015505  0.0310766  0.0516421  0.0762919  0.107763  0.143136  0.181075  0.224972  0.267485  0.31494  0.364159  0.414465  0.468006  0.521149  
0.49275  0.463197  0.411976  0.360785  0.311886  0.267984  0.218802  0.177385  0.13913  0.104815  0.0752978  0.0510467  0.0296978  0.00156698  0.00438689  0.000221414  0.00119612  0.00839508  0.0199917  0.036712  0.0591013  0.0917319  0.117567  0.153206  0.192472  0.233852  0.282685  0.332403  0.380372  0.432161  
0.483323  0.550419  0.500973  0.449213  0.39648  0.34554  0.295206  0.250124  0.204601  0.167857  0.129059  0.0969097  0.0661595  0.0473131  0.0240057  0.0104311  0.00244832  3.73133e-09  0.00282651  0.0109604  0.0249852  0.0435582  0.0674867  0.103229  0.129664  0.164782  0.206802  0.2499  0.298119  0.34544  
0.474402  0.634775  0.58366  0.531645  0.479678  0.427396  0.376104  0.326047  0.278153  0.232679  0.190344  0.149429  0.114873  0.0837267  0.0577611  0.0353877  0.0184225  0.00703736  0.000692621  0.000322782  0.00518011  0.0154673  0.0312354  0.0519483  0.077622  0.10803  0.14223  0.180956  0.222607  0.267777  
0.46498  0.71651  0.679187  0.615934  0.580705  0.516875  0.462793  0.407081  0.363369  0.310977  0.263104  0.219718  0.174692  0.138791  0.102989  0.075214  0.0445725  0.0280371  0.0135499  0.00411539  0.000358969  0.000583872  0.00768849  0.0207653  0.0383384  0.0611003  0.0859433  0.119788  0.15697  0.194173  
0.456159  0.787203  0.745847  0.697339  0.648091  0.598661  0.54682  0.492717  0.44741  0.390119  0.339183  0.291233  0.245226  0.202168  0.160823  0.123583  0.0938181  0.0657627  0.0411076  0.0219211  0.0100154  0.00068842  2.84904e-05  0.00340868  0.0115868  0.0277798  0.0456335  0.070298  0.0958477  0.132492  
0.447584  0.85161  0.811027  0.768796  0.724411  0.673867  0.626345  0.574341  0.52256  0.46981  0.418224  0.367393  0.317801  0.269785  0.224779  0.181633  0.143997  0.106618  0.0787457  0.0526494  0.0321023  0.0162774  0.00562142  0.00011596  0.000849543  0.00664879  0.0178072  0.034406  0.0561501  0.0612333  
0.438661  0.903493  0.872807  0.835955  0.795857  0.751979  0.705883  0.656469  0.606189  0.553821  0.501795  0.450755  0.398533  0.348206  0.298981  0.250641  0.207637  0.168421  0.129575  0.0970956  0.0683512  0.0432622  0.0248984  0.0113579  0.00297694  1.28138e-06  0.00270171  0.0105864  0.0242883  0.0448061  
0.430198  0.946531  0.922921  0.890629  0.85623  0.81775  0.774837  0.730292  0.681463  0.635472  0.580705  0.529379  0.477012  0.424966  0.374047  0.324095  0.276259  0.231016  0.187875  0.152848  0.113618  0.0852215  0.0553521  0.0344141  0.0183147  0.00572242  0.00051054  0.000134545  0.0057941  0.0162555  
0.421493  0.977  0.958978  0.936327  0.908139  0.876053  0.839719  0.798366  0.756656  0.71005  0.661136  0.610855  0.557582  0.507484  0.454586  0.403926  0.352413  0.302778  0.256397  0.21182  0.170374  0.13289  0.100183  0.0704494  0.0458282  0.0264052  0.0118029  0.00295135  1.91693e-06  0.00178916  
0.41295  0.995228  0.985312  0.969912  0.948855  0.923853  0.893379  0.859639  0.818909  0.779731  0.734633  0.686725  0.638491  0.587036  0.535324  0.482956  0.431641  0.378679  0.330698  0.28067  0.234695  0.192403  0.154667  0.11734  0.0853039  0.0585068  0.0369142  0.0195873  0.00746495  0.00114354  
0.404518  0.999958  0.998291  0.991102  0.977675  0.961048  0.937684  0.910281  0.878962  0.841759  0.801031  0.758475  0.711968  0.663667  0.613304  0.561293  0.509837  0.456763  0.406482  0.354789  0.304837  0.258577  0.213229  0.172957  0.135592  0.10092  0.0722289  0.047311  0.0289884  0.0129859  
0.396281  0.993244  0.99914  0.999956  0.994622  0.984611  0.962296  0.947715  0.924948  0.891414  0.857182  0.818119  0.776425  0.730819  0.689107  0.633657  0.583132  0.532922  0.48431  0.428957  0.37584  0.323943  0.276992  0.232751  0.19346  0.152849  0.11473  0.0858663  0.056927  0.0365319  
0.388252  0.974211  0.987851  0.996407  0.999994  0.999061  0.990359  0.977514  0.959517  0.932628  0.90845  0.874871  0.840756  0.798576  0.754409  0.708704  0.660102  0.610121  0.558761  0.507133  0.453631  0.402425  0.351568  0.302669  0.255111  0.211921  0.170488  0.132407  0.0985202  0.070279  
0.379938  0.943981  0.966114  0.98137  0.992093  0.999433  0.999706  0.994565  0.984426  0.969043  0.952593  0.923813  0.891002  0.8568  0.823421  0.776449  0.732365  0.68484  0.634977  0.583901  0.532373  0.478476  0.427874  0.376067  0.32657  0.278332  0.233365  0.189717  0.151622  0.115674  
0.372186  0.903509  0.932973  0.957137  0.975376  0.989192  0.997168  1  0.997378  0.989472  0.975969  0.958192  0.933189  0.904232  0.871908  0.834777  0.793983  0.750282  0.704046  0.655543  0.60393  0.552511  0.500422  0.447558  0.396238  0.345783  0.297658  0.2485  0.2062  0.165826  
0.363705  0.854999  0.884678  0.918019  0.941755  0.966111  0.982928  0.9946  0.999206  0.999529  0.994574  0.983831  0.968928  0.9462  0.91608  0.889518  0.855177  0.815875  0.769697  0.728003  0.680806  0.631152  0.579976  0.52803  0.4766  0.424662  0.371909  0.322548  0.274475  0.227631  
0.355813  0.795246  0.837317  0.872513  0.904512  0.93454  0.95776  0.975982  0.989076  0.997553  1  0.996922  0.987481  0.974218  0.955917  0.931337  0.902995  0.868581  0.831611  0.792845  0.748029  0.701483  0.652397  0.600351  0.549113  0.497819  0.444072  0.393694  0.343927  0.29514  
0.348097  0.734391  0.777911  0.821725  0.85959  0.892193  0.924781  0.949867  0.969678  0.986117  0.994885  0.999651  0.999568  0.99233  0.981544  0.962035  0.941164  0.913242  0.883497  0.847531  0.807807  0.764534  0.719636  0.671308  0.620748  0.571313  0.518197  0.464813  0.413683  0.362911  
0.340419  0.668229  0.716564  0.761879  0.805883  0.841799  0.881217  0.912224  0.939713  0.963081  0.980232  0.993184  0.99881  0.999573  0.996151  0.986958  0.970791  0.950244  0.925257  0.896158  0.86171  0.822124  0.783055  0.736518  0.690312  0.640415  0.589934  0.538374  0.486634  0.433251  
0.332505  0.596439  0.647039  0.697759  0.742682  0.787499  0.828716  0.866127  0.899518  0.929368  0.953749  0.972428  0.987603  0.996325  0.999947  0.998451  0.990563  0.977911  0.959454  0.93673  0.908747  0.8767  0.84046  0.801265  0.756682  0.714626  0.662158  0.610984  0.560189  0.507787  
0.324768  0.523949  0.575964  0.627134  0.677375  0.728279  0.77055  0.813861  0.853605  0.887015  0.918254  0.944444  0.966588  0.982178  0.993695  0.999786  0.999465  0.994124  0.983768  0.967414  0.946499  0.920874  0.889942  0.854558  0.816403  0.773852  0.728668  0.681693  0.631071  0.580207  
0.317312  0.45426  0.503657  0.555568  0.610383  0.663414  0.709737  0.756296  0.797901  0.839271  0.875882  0.904849  0.936036  0.94099  0.978972  0.990947  0.998193  0.998971  0.996614  0.99469  0.973458  0.950145  0.929555  0.899588  0.866162  0.829812  0.787689  0.744302  0.696617  0.647936  
0.309462  0.381487  0.432118  0.482676  0.532674  0.589592  0.639191  0.686164  0.735464  0.781146  0.824647  0.861126  0.897632  0.926295  0.950849  0.970523  0.985941  0.995808  0.999996  0.998558  0.991371  0.979753  0.962599  0.941196  0.913928  0.882448  0.847985  0.806399  0.763543  0.717826  
0.302043  0.317037  0.362552  0.413368  0.46732  0.520472  0.571383  0.621532  0.672603  0.724055  0.767007  0.809515  0.849198  0.885217  0.916537  0.941813  0.964326  0.980678  0.993137  0.999071  0.999887  0.994051  0.984516  0.969584  0.948893  0.922377  0.893272  0.858684  0.819621  0.778849  
0.294401  0.249683  0.296274  0.344433  0.397582  0.447079  0.5069  0.551906  0.604376  0.654537  0.703122  0.749596  0.793556  0.834314  0.871735  0.903789  0.934974  0.956667  0.974701  0.988908  0.997245  1  0.997239  0.989041  0.975283  0.957143  0.942035  0.905055  0.87203  0.835352  
0.286996  0.19172  0.235102  0.280312  0.328611  0.378493  0.430141  0.482468  0.533895  0.586121  0.637019  0.686682  0.734061  0.77935  0.822449  0.859435  0.893592  0.923457  0.955858  0.969588  0.98517  0.995326  0.999705  0.99881  0.993226  0.980828  0.963842  0.942117  0.914747  0.883314  
0.279541  0.139833  0.177759  0.220022  0.264772  0.311072  0.361376  0.412638  0.463481  0.517663  0.568192  0.618101  0.668263  0.718327  0.764818  0.806696  0.846029  0.882709  0.91528  0.940389  0.963701  0.980154  0.992842  0.998751  0.99995  0.995281  0.984142  0.969825  0.949784  0.923909  
0.27221  0.0955362  0.127738  0.164293  0.206621  0.249729  0.297736  0.345148  0.396466  0.444838  0.500129  0.552427  0.603753  0.655103  0.703714  0.750956  0.792428  0.834128  0.871633  0.904354  0.932982  0.956469  0.974738  0.98944  0.997518  1  0.997674  0.988587  0.9812  0.957338  
0.264847  0.0580242  0.0866121  0.115746  0.15029  0.1909  0.234186  0.278022  0.330862  0.381245  0.429406  0.483104  0.533787  0.58457  0.635348  0.685124  0.735861  0.781072  0.81656  0.858054  0.893051  0.925303  0.948759  0.969289  0.984675  0.995282  0.999854  0.999611  0.992519  0.98125  
0.257744  0.0307744  0.0518399  0.077563  0.108125  0.140703  0.181166  0.223327  0.268139  0.313776  0.365617  0.416473  0.468989  0.520294  0.572326  0.624736  0.673571  0.72184  0.768418  0.808877  0.849072  0.885542  0.915901  0.942792  0.964589  0.981616  0.992532  0.99936  0.999701  0.996459  
0.250085  0.0119264  0.0238362  0.0440166  0.0711993  0.0958973  0.12517  0.166238  0.209091  0.250943  0.29674  0.346145  0.396896  0.448415  0.500284  0.552776  0.603042  0.656053  0.70806  0.748064  0.794928  0.835369  0.872657  0.904681  0.933386  0.958161  0.975758  0.990959  0.999312  0.999999  
0.242985  0.000805179  0.00901141  0.0208246  0.0366149  0.0610336  0.0878297  0.119081  0.154727  0.194954  0.236941  0.282364  0.332349  0.382254  0.43357  0.487205  0.53769  0.590354  0.640743  0.690491  0.742062  0.782729  0.824261  0.862054  0.894571  0.925546  0.950382  0.970656  0.982092  0.995586  
0.235885  0.000834021  0.000499706  0.00590171  0.0160563  0.0324953  0.0534652  0.0799785  0.110159  0.145013  0.184982  0.224731  0.271647  0.318584  0.368197  0.420056  0.47216  0.524005  0.575874  0.626827  0.677349  0.72564  0.770934  0.812928  0.851161  0.885822  0.916567  0.943682  0.966013  0.982285  
0.228568  0.00926094  0.00348779  5.22715e-05  0.00326808  0.0120798  0.0273551  0.0459801  0.0711662  0.0995014  0.133635  0.17154  0.211855  0.255291  0.303759  0.352459  0.402788  0.454743  0.505077  0.559407  0.613129  0.660772  0.709064  0.756651  0.800349  0.839737  0.872768  0.908984  0.937031  0.960908  
0.221518  0.0269623  0.0125968  0.00328803  1.6449e-05  0.00193543  0.00987564  0.0222709  0.039561  0.0675762  0.0919381  0.125408  0.159243  0.201806  0.241784  0.288997  0.337712  0.389568  0.439783  0.492963  0.545134  0.597079  0.648367  0.696465  0.743753  0.786741  0.827522  0.865952  0.90184  0.927372  
0.214194  0.0542871  0.0292008  0.0158723  0.00506529  6.94051e-05  0.0101092  0.00818605  0.0186413  0.0367622  0.0562594  0.0805333  0.116431  0.148062  0.187657  0.228336  0.273635  0.326158  0.370967  0.424996  0.474509  0.529309  0.58498  0.633055  0.6872  0.728889  0.775126  0.81808  0.853475  0.888853  
0.207354  0.0853356  0.0583567  0.0357698  0.0190172  0.00754209  0.000709561  4.58584e-06  0.00492055  0.0158376  0.0302216  0.0507122  0.0760768  0.105569  0.14007  0.178152  0.220869  0.264825  0.314048  0.363188  0.416227  0.465275  0.51569  0.569994  0.619977  0.671552  0.719389  0.764844  0.808215  0.845416  
0.200176  0.128315  0.0934966  0.0660083  0.0415818  0.0242823  0.00994946  0.00228694  8.27122e-07  0.00198098  0.0109955  0.0250429  0.0451733  0.0684428  0.0987309  0.129369  0.166948  0.20709  0.250991  0.299048  0.347978  0.397617  0.449362  0.502785  0.55397  0.605712  0.655989  0.704923  0.751351  0.794399  
0.193111  0.174466  0.136379  0.102672  0.0723079  0.0482375  0.02773  0.0128873  0.00428488  9.80743e-05  0.00170843  0.00851071  0.0195808  0.0382853  0.0614208  0.0885893  0.121984  0.156575  0.195997  0.237786  0.285271  0.332516  0.386852  0.434255  0.475267  0.539891  0.591507  0.642919  0.693314  0.738955  
0.185989  0.227407  0.184747  0.147365  0.113669  0.0824337  0.0544727  0.033656  0.0170041  0.0058277  0.000583266  0.000693399  0.00503205  0.0151246  0.0316134  0.0545664  0.0806062  0.110464  0.145955  0.183793  0.214249  0.272646  0.320633  0.368213  0.421085  0.47241  0.527007  0.577443  0.634065  0.678013  
0.179184  0.28501  0.23936  0.195688  0.15478  0.119286  0.0876292  0.0615499  0.0378147  0.0205608  0.00856512  0.00150951  1.44764e-05  0.00371099  0.0135828  0.029186  0.048443  0.075597  0.103511  0.137675  0.17547  0.217035  0.260689  0.30851  0.3573  0.409202  0.461645  0.512913  0.566319  0.617581  
0.172109  0.346139  0.294539  0.251218  0.208687  0.165862  0.128362  0.0963275  0.0676887  0.0435838  0.0247131  0.0117131  0.00242428  4.14648e-09  0.00267038  0.0106453  0.0239598  0.0425505  0.0665857  0.0953202  0.126753  0.165026  0.206385  0.24809  0.29675  0.344751  0.394868  0.447619  0.497072  0.552246  
0.164816  0.413555  0.362444  0.31316  0.262808  0.220099  0.178042  0.139812  0.106007  0.0753257  0.0514723  0.029963  0.0150245  0.00438016  0.000162223  0.00107381  0.00716855  0.0189323  0.0351978  0.0597432  0.0853738  0.116716  0.152631  0.192081  0.235063  0.281272  0.330382  0.380694  0.430251  0.482069  
0.157793  0.479657  0.42697  0.376798  0.330146  0.277828  0.233411  0.188792  0.150333  0.115593  0.0839725  0.0556275  0.0360395  0.0190985  0.00695637  0.000953784  0.000368193  0.00564907  0.0150154  0.03109  0.0522731  0.0779335  0.105624  0.14289  0.18103  0.223819  0.268642  0.316312  0.367769  0.416002  
0.150951  0.54351  0.491293  0.438577  0.387443  0.336987  0.288334  0.242504  0.19833  0.158753  0.122325  0.0901139  0.06266  0.0399053  0.02181  0.00907077  0.00194042  1.1958e-05  0.00308913  0.0125725  0.0286017  0.0468562  0.0709505  0.100763  0.134365  0.171629  0.213215  0.257704  0.301862  0.356316  
0.144064  0.61136  0.557032  0.504788  0.451988  0.400384  0.353675  0.30295  0.254008  0.20823  0.169278  0.131194  0.0970897  0.0689008  0.0447635  0.0260743  0.0119973  0.00344407  5.1788e-08  0.00162655  0.00977465  0.0230089  0.0404142  0.0656792  0.0916212  0.127386  0.16357  0.202532  0.247526  0.291735  
0.136864  0.672317  0.62262  0.57051  0.519247  0.466989  0.414656  0.363823  0.314781  0.267122  0.221957  0.179778  0.141294  0.106601  0.0769319  0.0515869  0.0310277  0.015276  0.0050908  6.99606e-07  0.000652242  0.00703634  0.0186727  0.0362279  0.0578757  0.084492  0.11577  0.151465  0.190606  0.233691  
0.129959  0.731906  0.684956  0.634461  0.583299  0.532074  0.479483  0.426483  0.376604  0.324773  0.277024  0.233411  0.189741  0.150636  0.115055  0.0831032  0.0575124  0.0352523  0.0181921  0.00699946  0.000842567  0.000174082  0.00565972  0.0160701  0.0312254  0.048852  0.0763981  0.10771  0.142649  0.180574  
0.122478  0.792473  0.747305  0.703695  0.652437  0.602361  0.549618  0.49803  0.447242  0.39557  0.346164  0.296524  0.221585  0.202225  0.164721  0.127155  0.0953025  0.0660379  0.0417213  0.0211962  0.0110375  0.00218568  0.000328056  0.00277597  0.0106985  0.0240113  0.0348398  0.0666193  0.0976583  0.130169  
0.115837  0.840489  0.799472  0.757424  0.711077  0.662724  0.610618  0.559951  0.509083  0.454756  0.403814  0.355686  0.301716  0.25625  0.212842  0.170575  0.134066  0.0989589  0.0707842  0.047025  0.0264487  0.0128282  0.0034898  3.5267e-05  0.00194865  0.00829723  0.0223008  0.0405081  0.0630975  0.091513  
0.108303  0.888595  0.853828  0.814822  0.771769  0.726307  0.680175  0.629493  0.578648  0.52562  0.473186  0.424158  0.371541  0.322842  0.275815  0.227689  0.187398  0.146408  0.10849  0.0816156  0.0546887  0.0333861  0.0273621  0.00607369  0.000612193  0.000714146  0.00618551  0.0158768  0.0507476  0.0541337  
0.101586  0.925778  0.895577  0.860174  0.822903  0.781774  0.737099  0.690127  0.639317  0.588528  0.537242  0.487759  0.432055  0.381209  0.33127  0.283522  0.237133  0.197109  0.154425  0.117425  0.0868649  0.058921  0.0377587  0.0193765  0.00781047  0.00105383  1.26673e-05  0.00347285  0.0141853  0.0293053  
0.0941581  0.957473  0.935755  0.906307  0.87338  0.836091  0.797032  0.75247  0.704322  0.657055  0.606559  0.554888  0.503838  0.450276  0.398856  0.34795  0.299223  0.2521  0.207183  0.166929  0.130103  0.0975315  0.0684886  0.0443102  0.0252787  0.0116494  0.00258036  2.15535e-06  0.00222118  0.0100189  
0.0870748  0.980533  0.964932  0.94131  0.914161  0.882692  0.846959  0.807547  0.763541  0.71899  0.671268  0.621272  0.569102  0.517036  0.465446  0.413119  0.36084  0.312363  0.267836  0.220123  0.178426  0.140035  0.105913  0.0756127  0.0507635  0.0300147  0.0145162  0.00448517  1.74558e-07  0.000558442  
0.0796935  0.995078  0.985181  0.969903  0.948864  0.922992  0.893554  0.858946  0.820035  0.779136  0.734629  0.68672  0.637668  0.586125  0.534182  0.481658  0.430056  0.378722  0.327975  0.280645  0.23516  0.192194  0.152284  0.116464  0.0852732  0.0581392  0.0362629  0.0191282  0.00533269  0.00114359  
0.0720751  1  0.998278  0.989714  0.97649  0.957548  0.934105  0.905328  0.873102  0.83604  0.79399  0.751184  0.703711  0.655814  0.60547  0.554094  0.500848  0.449263  0.39693  0.346918  0.296417  0.251399  0.207172  0.166258  0.129374  0.0963737  0.0677918  0.0444869  0.0251067  0.0107937  
0.0650175  0.995512  0.999934  0.999447  0.992232  0.980054  0.963356  0.940517  0.914317  0.881736  0.8466  0.806488  0.763075  0.717091  0.673222  0.619548  0.568172  0.515444  0.462744  0.411416  0.360614  0.311571  0.263281  0.219638  0.177743  0.139071  0.104949  0.0755831  0.0497119  0.0302806  
0.0569527  0.980066  0.990766  0.998922  0.999941  0.99636  0.987522  0.971524  0.952  0.927278  0.896085  0.861453  0.822333  0.783357  0.738763  0.691036  0.641409  0.590782  0.539692  0.487869  0.434366  0.383737  0.331981  0.285167  0.240191  0.195945  0.155812  0.119392  0.0874248  0.0609936  
0.0491423  0.952721  0.973423  0.987227  0.997401  0.999946  0.997829  0.991303  0.978373  0.959556  0.93801  0.909886  0.876703  0.843196  0.801347  0.757183  0.710996  0.662142  0.61503  0.560667  0.493086  0.455658  0.403997  0.35375  0.314416  0.257719  0.213093  0.170273  0.133897  0.099203  
0.0417013  0.919279  0.94474  0.968819  0.984656  0.993979  0.999664  0.999619  0.994261  0.984018  0.967594  0.946864  0.923389  0.889393  0.855247  0.813557  0.763938  0.726414  0.679423  0.626161  0.577421  0.527153  0.47361  0.420306  0.372525  0.319233  0.269623  0.226661  0.183547  0.148474  
0.0338833  0.874416  0.90655  0.935015  0.956906  0.97699  0.990748  0.998191  0.999976  0.99644  0.990144  0.974195  0.954071  0.930793  0.90148  0.867655  0.831399  0.79015  0.745855  0.698213  0.649077  0.598815  0.547008  0.495224  0.442429  0.391044  0.340525  0.292416  0.246126  0.201258  
