5.88002e-14  8.50525e-16  0.5  0.5  0.5  0.5  0.5  0.5  0.5  0.5  0.5  0.5  0.5  0.5  0.5  0.5  0.5  0.5  0.5  0.5  0.5  0.5  0.5  0.5  0.5  0.5  0.5  0.5  0.5  0.5  
0.0353314  9.39996e-17  0.5  0.5  0.5  0.5  0.5  0.5  0.5  0.5  0.5  0.5  0.5  0.5  0.5  0.5  0.5  0.5  0.5  0.5  0.5  0.5  0.5  0.5  0.5  0.5  0.5  0.5  0.5  0.5  
0.0262004  9.40763e-17  0.5  0.5  0.5  0.5  0.5  0.5  0.5  0.5  0.5  0.5  0.5  0.5  0.5  0.5  0.5  0.5  0.5  0.5  0.5  0.5  0.5  0.5  0.5  0.5  0.5  0.5  0.5  0.5  
0.099213  1.20432e-16  0.5  0.5  0.5  0.5  0.5  0.5  0.5  0.5  0.5  0.5  0.5  0.5  0.5  0.5  0.5  0.5  0.5  0.5  0.5  0.5  0.5  0.5  0.5  0.5  0.5  0.5  0.5  0.5  
0.0193156  0.137074  0.528928  0.535205  0.541242  0.546603  0.551701  0.556132  0.559863  0.563055  0.565469  0.567244  0.568297  0.568413  0.568124  0.566749  0.564674  0.562144  0.558823  0.554776  0.550165  0.544995  0.539387  0.533252  0.526781  0.520113  0.513112  0.506041  0.498999  0.491758  
0.11338  1.00112e-16  0.5  0.5  0.5  0.5  0.5  0.5  0.5  0.5  0.5  0.5  0.5  0.5  0.5  0.5  0.5  0.5  0.5  0.5  0.5  0.5  0.5  0.5  0.5  0.5  0.5  0.5  0.5  0.5  
0.075497  0.127301  0.545154  0.549566  0.553469  0.556778  0.559465  0.561511  0.562906  0.563522  0.563585  0.562834  0.561411  0.559274  0.556603  0.553243  0.549328  0.5449  0.539897  0.534525  0.528624  0.522628  0.515788  0.509733  0.503139  0.496476  0.489791  0.483372  0.477001  0.470939  
0.194149  9.4075e-17  0.5  0.5  0.5  0.5  0.5  0.5  0.5  0.5  0.5  0.5  0.5  0.5  0.5  0.5  0.5  0.5  0.5  0.5  0.5  0.5  0.5  0.5  0.5  0.5  0.5  0.5  0.5  0.5  
0.000755905  0.225447  0.535237  0.546319  0.556828  0.566866  0.575837  0.584081  0.591482  0.597899  0.6031  0.607367  0.610398  0.612077  0.612774  0.612035  0.6102  0.607049  0.602765  0.597333  0.590898  0.583474  0.57516  0.565778  0.555968  0.545328  0.534128  0.522976  0.511271  0.499369  
0.148114  0.11794  0.555834  0.557474  0.55855  0.558974  0.558685  0.557833  0.556274  0.55415  0.551414  0.548116  0.544301  0.539979  0.535195  0.530107  0.524678  0.518885  0.512866  0.506921  0.500712  0.494556  0.488435  0.482415  0.476664  0.471203  0.465909  0.461114  0.456636  0.452752  
0.0871259  0.195949  0.574393  0.580684  0.585864  0.590388  0.593842  0.596299  0.597603  0.597969  0.597185  0.595286  0.59246  0.588566  0.583697  0.5779  0.571324  0.563811  0.55568  0.546887  0.537689  0.528106  0.518077  0.508006  0.497655  0.487399  0.477294  0.467626  0.45803  0.449014  
0.243994  9.93949e-17  0.5  0.5  0.5  0.5  0.5  0.5  0.5  0.5  0.5  0.5  0.5  0.5  0.5  0.5  0.5  0.5  0.5  0.5  0.5  0.5  0.5  0.5  0.5  0.5  0.5  0.5  0.5  0.5  
2.09842e-15  0.258862  0.540037  0.552623  0.564737  0.576029  0.586631  0.596224  0.604718  0.612108  0.618252  0.623012  0.626594  0.62871  0.629619  0.628718  0.626703  0.623097  0.61832  0.612187  0.604606  0.59622  0.586604  0.576101  0.564731  0.552677  0.540016  0.52686  0.513565  0.499932  
0.235432  1.19562e-16  0.5  0.5  0.5  0.5  0.5  0.5  0.5  0.5  0.5  0.5  0.5  0.5  0.5  0.5  0.5  0.5  0.5  0.5  0.5  0.5  0.5  0.5  0.5  0.5  0.5  0.5  0.5  0.5  
0.154557  0.206468  0.59905  0.601576  0.602928  0.603192  0.602335  0.600386  0.597227  0.593068  0.58789  0.581802  0.574687  0.566915  0.558275  0.548946  0.539287  0.52902  0.518588  0.507848  0.497024  0.48633  0.475701  0.46533  0.45533  0.445873  0.436922  0.42876  0.421333  0.414782  
0.34057  9.79818e-16  0.5  0.5  0.5  0.5  0.5  0.5  0.5  0.5  0.5  0.5  0.5  0.5  0.5  0.5  0.5  0.5  0.5  0.5  0.5  0.5  0.5  0.5  0.5  0.5  0.5  0.5  0.5  0.5  
3.68471e-05  0.365048  0.556556  0.574271  0.591347  0.60727  0.622145  0.635733  0.647709  0.65809  0.666745  0.67359  0.678549  0.681556  0.682493  0.681498  0.678533  0.673608  0.666697  0.658044  0.647633  0.635586  0.622052  0.606947  0.591277  0.574207  0.556149  0.537872  0.518972  0.500018  
0.216545  0.202235  0.600555  0.598891  0.596246  0.592418  0.587628  0.581796  0.575182  0.567698  0.559348  0.55052  0.541046  0.531291  0.521147  0.510658  0.500091  0.489558  0.479017  0.468888  0.458954  0.449486  0.440593  0.432409  0.424975  0.418289  0.412533  0.407668  0.403894  0.401649  
0.115301  0.310073  0.633547  0.641089  0.646977  0.651352  0.654014  0.655001  0.654406  0.651915  0.647861  0.642176  0.634907  0.626142  0.616041  0.604691  0.592201  0.578638  0.564301  0.549254  0.53353  0.51761  0.50135  0.485158  0.469047  0.453359  0.438164  0.423525  0.409927  0.397221  
0.345759  1.21856e-16  0.5  0.5  0.5  0.5  0.5  0.5  0.5  0.5  0.5  0.5  0.5  0.5  0.5  0.5  0.5  0.5  0.5  0.5  0.5  0.5  0.5  0.5  0.5  0.5  0.5  0.5  0.5  0.5  
0.0662006  0.381246  0.627156  0.641155  0.653869  0.664723  0.673986  0.681116  0.686358  0.689491  0.690556  0.689591  0.686557  0.681439  0.674356  0.66537  0.65456  0.642035  0.628044  0.612483  0.59581  0.577983  0.559429  0.54028  0.520438  0.500599  0.48079  0.460924  0.441585  0.422962  
0.322617  9.84446e-17  0.5  0.5  0.5  0.5  0.5  0.5  0.5  0.5  0.5  0.5  0.5  0.5  0.5  0.5  0.5  0.5  0.5  0.5  0.5  0.5  0.5  0.5  0.5  0.5  0.5  0.5  0.5  0.5  
0.195916  0.30738  0.653645  0.653206  0.651153  0.647363  0.641968  0.635007  0.626577  0.616837  0.605714  0.593499  0.58028  0.56612  0.551205  0.535797  0.520082  0.503973  0.487752  0.471827  0.45638  0.441074  0.426619  0.412922  0.400139  0.388533  0.378074  0.368952  0.36138  0.355117  
0.442963  3.31301e-18  0.5  0.5  0.5  0.5  0.5  0.5  0.5  0.5  0.5  0.5  0.5  0.5  0.5  0.5  0.5  0.5  0.5  0.5  0.5  0.5  0.5  0.5  0.5  0.5  0.5  0.5  0.5  0.5  
0.0431531  0.455949  0.625908  0.645201  0.662663  0.6785  0.692348  0.70407  0.713573  0.720702  0.725438  0.727791  0.727553  0.724904  0.719628  0.711966  0.702082  0.690016  0.675746  0.65973  0.641807  0.622312  0.601725  0.579703  0.5568  0.533554  0.509795  0.486126  0.462236  0.438954  
0.341108  1.12595e-16  0.5  0.5  0.5  0.5  0.5  0.5  0.5  0.5  0.5  0.5  0.5  0.5  0.5  0.5  0.5  0.5  0.5  0.5  0.5  0.5  0.5  0.5  0.5  0.5  0.5  0.5  0.5  0.5  
0.182739  0.381377  0.689564  0.690719  0.689573  0.686743  0.681559  0.674361  0.66548  0.654661  0.642172  0.628138  0.612613  0.596003  0.578276  0.559635  0.540305  0.520702  0.500682  0.480667  0.461056  0.441744  0.423057  0.405286  0.388476  0.372877  0.358749  0.346133  0.33523  0.326101  
0.470947  9.79818e-16  0.5  0.5  0.5  0.5  0.5  0.5  0.5  0.5  0.5  0.5  0.5  0.5  0.5  0.5  0.5  0.5  0.5  0.5  0.5  0.5  0.5  0.5  0.5  0.5  0.5  0.5  0.5  0.5  
0.0985152  0.458695  0.684803  0.69765  0.707409  0.717708  0.722883  0.726612  0.729421  0.72808  0.724016  0.719627  0.710363  0.700285  0.684879  0.673137  0.655551  0.637784  0.617757  0.595062  0.574016  0.550488  0.525317  0.504061  0.479206  0.454806  0.43184  0.408135  0.38736  0.366719  
0.444305  1.14335e-16  0.5  0.5  0.5  0.5  0.5  0.5  0.5  0.5  0.5  0.5  0.5  0.5  0.5  0.5  0.5  0.5  0.5  0.5  0.5  0.5  0.5  0.5  0.5  0.5  0.5  0.5  0.5  0.5  
0.283511  0.363841  0.65746  0.646857  0.63829  0.621598  0.606812  0.590834  0.573733  0.556014  0.537852  0.519073  0.499721  0.480826  0.461954  0.443628  0.425853  0.408816  0.392914  0.378186  0.364991  0.352759  0.342399  0.333897  0.326899  0.322027  0.318987  0.318134  0.319074  0.322259  
0.562099  9.35295e-16  0.5  0.5  0.5  0.5  0.5  0.5  0.5  0.5  0.5  0.5  0.5  0.5  0.5  0.5  0.5  0.5  0.5  0.5  0.5  0.5  0.5  0.5  0.5  0.5  0.5  0.5  0.5  0.5  
0.000926328  0.578297  0.590995  0.619207  0.646185  0.671293  0.694763  0.715915  0.734936  0.751287  0.764944  0.775519  0.783194  0.787763  0.789147  0.787379  0.782536  0.774444  0.763541  0.749468  0.732919  0.713763  0.692143  0.66863  0.643123  0.615994  0.587767  0.558485  0.52865  0.498392  
0.33565  0.368666  0.621336  0.60616  0.589842  0.572518  0.554415  0.535877  0.516669  0.497288  0.478074  0.459095  0.440641  0.422529  0.405723  0.389506  0.37467  0.361227  0.349306  0.339053  0.330607  0.323909  0.319109  0.316392  0.315685  0.316988  0.320302  0.325549  0.332719  0.341768  
0.161089  0.508653  0.74731  0.751907  0.754091  0.754716  0.749836  0.744998  0.735555  0.725144  0.710975  0.690514  0.676466  0.65623  0.635086  0.613546  0.587289  0.559081  0.535758  0.509173  0.482197  0.455695  0.429983  0.405354  0.374114  0.358355  0.337257  0.316718  0.299258  0.28513  
0.532904  4.94766e-17  0.5  0.5  0.5  0.5  0.5  0.5  0.5  0.5  0.5  0.5  0.5  0.5  0.5  0.5  0.5  0.5  0.5  0.5  0.5  0.5  0.5  0.5  0.5  0.5  0.5  0.5  0.5  0.5  
0.0684928  0.579992  0.695907  0.718353  0.736273  0.752655  0.764884  0.776896  0.783205  0.788485  0.789659  0.787413  0.782412  0.775475  0.761525  0.749147  0.73225  0.713175  0.691566  0.667884  0.684764  0.613352  0.586253  0.591365  0.526998  0.496781  0.465077  0.436543  0.408078  0.397717  
0.498332  7.77136e-16  0.5  0.5  0.5  0.5  0.5  0.5  0.5  0.5  0.5  0.5  0.5  0.5  0.5  0.5  0.5  0.5  0.5  0.5  0.5  0.5  0.5  0.5  0.5  0.5  0.5  0.5  0.5  0.5  
0.175211  0.493632  0.766492  0.750771  0.748077  0.745451  0.742637  0.733637  0.74846  0.70786  0.695094  0.674584  0.662527  0.643479  0.618569  0.59733  0.570731  0.545045  0.519307  0.496251  0.453443  0.438004  0.413688  0.386304  0.360797  0.349829  0.329049  0.313265  0.296784  0.288787  
0.621953  8.00948e-16  0.5  0.5  0.5  0.5  0.5  0.5  0.5  0.5  0.5  0.5  0.5  0.5  0.5  0.5  0.5  0.5  0.5  0.5  0.5  0.5  0.5  0.5  0.5  0.5  0.5  0.5  0.5  0.5  
0.0454421  0.641931  0.681225  0.707869  0.732221  0.753534  0.773081  0.789213  0.802323  0.812211  0.81791  0.821614  0.821132  0.815429  0.80783  0.796577  0.782356  0.764442  0.744793  0.721651  0.696211  0.668331  0.638975  0.608238  0.575738  0.542552  0.51018  0.475726  0.442512  0.409222  
0.509152  7.77136e-16  0.5  0.5  0.5  0.5  0.5  0.5  0.5  0.5  0.5  0.5  0.5  0.5  0.5  0.5  0.5  0.5  0.5  0.5  0.5  0.5  0.5  0.5  0.5  0.5  0.5  0.5  0.5  0.5  
0.176126  0.567575  0.772198  0.781685  0.783518  0.784022  0.771119  0.763841  0.75959  0.729144  0.71601  0.687335  0.682285  0.65329  0.627985  0.596406  0.570788  0.549336  0.519422  0.483296  0.455368  0.434763  0.398289  0.372338  0.342493  0.32862  0.292524  0.281255  0.267079  0.249793  
0.640306  7.97182e-16  0.5  0.5  0.5  0.5  0.5  0.5  0.5  0.5  0.5  0.5  0.5  0.5  0.5  0.5  0.5  0.5  0.5  0.5  0.5  0.5  0.5  0.5  0.5  0.5  0.5  0.5  0.5  0.5  
0.0512889  0.638959  0.691435  0.71641  0.738921  0.758774  0.77923  0.792189  0.80668  0.813107  0.817895  0.820104  0.817371  0.812504  0.802476  0.79114  0.774665  0.75704  0.735491  0.711994  0.684532  0.657134  0.628026  0.595654  0.562963  0.532061  0.497229  0.464063  0.430584  0.397137  
0.612097  3.29612e-17  0.5  0.5  0.5  0.5  0.5  0.5  0.5  0.5  0.5  0.5  0.5  0.5  0.5  0.5  0.5  0.5  0.5  0.5  0.5  0.5  0.5  0.5  0.5  0.5  0.5  0.5  0.5  0.5  
0.176163  0.545493  0.772198  0.775354  0.77153  0.784525  0.766501  0.753567  0.734928  0.729203  0.715949  0.687335  0.668755  0.64889  0.634644  0.596406  0.570788  0.542794  0.519394  0.484161  0.45531  0.428705  0.401902  0.377956  0.352831  0.328611  0.308301  0.290769  0.269753  0.266561  
0.714476  6.60094e-17  0.5  0.5  0.5  0.5  0.5  0.5  0.5  0.5  0.5  0.5  0.5  0.5  0.5  0.5  0.5  0.5  0.5  0.5  0.5  0.5  0.5  0.5  0.5  0.5  0.5  0.5  0.5  0.5  
0.00709881  0.722829  0.627009  0.661604  0.694468  0.725094  0.753561  0.779102  0.801471  0.820781  0.836392  0.84837  0.856556  0.860752  0.861152  0.857213  0.849788  0.838419  0.823312  0.804586  0.782618  0.757509  0.729629  0.699111  0.666575  0.632102  0.596121  0.559333  0.521708  0.483885  
0.576834  5.0556e-17  0.5  0.5  0.5  0.5  0.5  0.5  0.5  0.5  0.5  0.5  0.5  0.5  0.5  0.5  0.5  0.5  0.5  0.5  0.5  0.5  0.5  0.5  0.5  0.5  0.5  0.5  0.5  0.5  
0.0479485  0.661088  0.691429  0.718126  0.742703  0.764325  0.78488  0.800279  0.813092  0.822229  0.828169  0.838854  0.82872  0.823479  0.815382  0.803343  0.789108  0.770007  0.748606  0.724535  0.70243  0.66866  0.639134  0.606992  0.571674  0.538588  0.503753  0.468764  0.436193  0.400868  
0.703657  9.69068e-17  0.5  0.5  0.5  0.5  0.5  0.5  0.5  0.5  0.5  0.5  0.5  0.5  0.5  0.5  0.5  0.5  0.5  0.5  0.5  0.5  0.5  0.5  0.5  0.5  0.5  0.5  0.5  0.5  
0.0410056  0.721858  0.695185  0.724822  0.754359  0.784182  0.801493  0.820671  0.837089  0.847611  0.85625  0.860147  0.86068  0.856664  0.858316  0.837498  0.822471  0.781867  0.781808  0.756439  0.734453  0.697907  0.665818  0.631394  0.59504  0.55876  0.521467  0.481817  0.445129  0.408356  
0.676923  7.45433e-16  0.5  0.5  0.5  0.5  0.5  0.5  0.5  0.5  0.5  0.5  0.5  0.5  0.5  0.5  0.5  0.5  0.5  0.5  0.5  0.5  0.5  0.5  0.5  0.5  0.5  0.5  0.5  0.5  
0.051289  0.644802  0.691429  0.71731  0.741236  0.760222  0.78132  0.794274  0.806527  0.81602  0.820585  0.82237  0.820673  0.814964  0.801287  0.79121  0.777863  0.759956  0.738235  0.713727  0.686996  0.658751  0.62855  0.599342  0.565729  0.532062  0.496209  0.463998  0.430578  0.397149  
0.769969  3.23089e-17  0.5  0.5  0.5  0.5  0.5  0.5  0.5  0.5  0.5  0.5  0.5  0.5  0.5  0.5  0.5  0.5  0.5  0.5  0.5  0.5  0.5  0.5  0.5  0.5  0.5  0.5  0.5  0.5  
0.0387855  0.77015  0.705337  0.736028  0.76556  0.795254  0.818758  0.838755  0.855893  0.86956  0.878945  0.884459  0.883856  0.881457  0.873397  0.862125  0.846349  0.826274  0.80284  0.778165  0.748253  0.715135  0.680697  0.643352  0.607237  0.5663  0.527228  0.485911  0.446471  0.408087  
0.688463  7.4488e-16  0.5  0.5  0.5  0.5  0.5  0.5  0.5  0.5  0.5  0.5  0.5  0.5  0.5  0.5  0.5  0.5  0.5  0.5  0.5  0.5  0.5  0.5  0.5  0.5  0.5  0.5  0.5  0.5  
0.0421345  0.710619  0.694517  0.724405  0.751889  0.778338  0.79843  0.817278  0.832871  0.843245  0.850991  0.853211  0.854736  0.850106  0.844598  0.831465  0.816188  0.797152  0.775493  0.750138  0.723034  0.693116  0.660389  0.627344  0.590838  0.55473  0.516501  0.480273  0.444203  0.408565  
0.784936  3.36333e-17  0.5  0.5  0.5  0.5  0.5  0.5  0.5  0.5  0.5  0.5  0.5  0.5  0.5  0.5  0.5  0.5  0.5  0.5  0.5  0.5  0.5  0.5  0.5  0.5  0.5  0.5  0.5  0.5  
0.0387855  0.768775  0.705337  0.736028  0.76556  0.795254  0.818758  0.838755  0.855893  0.86956  0.878366  0.884459  0.883856  0.881457  0.873397  0.862125  0.846349  0.826274  0.80284  0.778165  0.748253  0.715135  0.680688  0.643352  0.607237  0.5663  0.527228  0.485911  0.446471  0.408087  
0.767824  3.23089e-17  0.5  0.5  0.5  0.5  0.5  0.5  0.5  0.5  0.5  0.5  0.5  0.5  0.5  0.5  0.5  0.5  0.5  0.5  0.5  0.5  0.5  0.5  0.5  0.5  0.5  0.5  0.5  0.5  
0.0410555  0.692909  0.685833  0.717098  0.743581  0.764596  0.789925  0.808231  0.822955  0.833932  0.842056  0.842687  0.845811  0.842175  0.834292  0.823754  0.80942  0.791312  0.770612  0.745837  0.718299  0.690071  0.659344  0.626273  0.591446  0.55519  0.520348  0.483316  0.44728  0.412683  
0.835677  6.60094e-17  0.5  0.5  0.5  0.5  0.5  0.5  0.5  0.5  0.5  0.5  0.5  0.5  0.5  0.5  0.5  0.5  0.5  0.5  0.5  0.5  0.5  0.5  0.5  0.5  0.5  0.5  0.5  0.5  
4.5413e-06  0.842883  0.630244  0.671321  0.710644  0.750637  0.782052  0.813329  0.841064  0.864721  0.885049  0.900388  0.912247  0.919204  0.921114  0.919195  0.912184  0.900965  0.885035  0.865107  0.840439  0.813123  0.781912  0.747934  0.710555  0.671027  0.629923  0.587638  0.54414  0.500395  
0.718576  7.77685e-18  0.5  0.5  0.5  0.5  0.5  0.5  0.5  0.5  0.5  0.5  0.5  0.5  0.5  0.5  0.5  0.5  0.5  0.5  0.5  0.5  0.5  0.5  0.5  0.5  0.5  0.5  0.5  0.5  
0.0492318  0.807988  0.735196  0.767989  0.798745  0.825035  0.848604  0.868182  0.883049  0.894347  0.901027  0.903297  0.902207  0.895027  0.884316  0.869843  0.850874  0.828266  0.800516  0.772067  0.738119  0.703909  0.665858  0.626949  0.58493  0.544086  0.504042  0.458905  0.417453  0.377532  
0.818815  1.94799e-17  0.5  0.5  0.5  0.5  0.5  0.5  0.5  0.5  0.5  0.5  0.5  0.5  0.5  0.5  0.5  0.5  0.5  0.5  0.5  0.5  0.5  0.5  0.5  0.5  0.5  0.5  0.5  0.5  
0.045169  0.846907  0.743647  0.774631  0.80645  0.831922  0.861363  0.882382  0.89859  0.91263  0.919577  0.923867  0.922744  0.916612  0.906096  0.892786  0.873425  0.850597  0.824019  0.793332  0.75846  0.723457  0.685036  0.643628  0.600947  0.557442  0.513143  0.468776  0.424414  0.380844  
0.801598  1.69755e-17  0.5  0.5  0.5  0.5  0.5  0.5  0.5  0.5  0.5  0.5  0.5  0.5  0.5  0.5  0.5  0.5  0.5  0.5  0.5  0.5  0.5  0.5  0.5  0.5  0.5  0.5  0.5  0.5  
0.0492318  0.804973  0.735196  0.767989  0.797887  0.824774  0.848592  0.866916  0.883118  0.894347  0.900266  0.903297  0.900433  0.895032  0.883272  0.868462  0.849519  0.828266  0.800517  0.772067  0.738119  0.702773  0.665858  0.625763  0.58493  0.544086  0.504048  0.4612  0.418673  0.377532  
0.867264  6.69831e-17  0.5  0.5  0.5  0.5  0.5  0.5  0.5  0.5  0.5  0.5  0.5  0.5  0.5  0.5  0.5  0.5  0.5  0.5  0.5  0.5  0.5  0.5  0.5  0.5  0.5  0.5  0.5  0.5  
0.0453268  0.879264  0.745667  0.7839  0.818024  0.845994  0.874279  0.896156  0.913941  0.927035  0.93538  0.938828  0.938527  0.932681  0.921432  0.904989  0.886801  0.863623  0.8351  0.80391  0.766472  0.730942  0.690397  0.649732  0.603025  0.558853  0.512117  0.467232  0.421835  0.374832  
0.815151  1.95204e-17  0.5  0.5  0.5  0.5  0.5  0.5  0.5  0.5  0.5  0.5  0.5  0.5  0.5  0.5  0.5  0.5  0.5  0.5  0.5  0.5  0.5  0.5  0.5  0.5  0.5  0.5  0.5  0.5  
0.045169  0.850626  0.739201  0.774631  0.807318  0.835344  0.861363  0.88306  0.898543  0.91263  0.921409  0.92484  0.924054  0.918727  0.90612  0.892786  0.875057  0.851688  0.824019  0.793985  0.760611  0.723844  0.685036  0.643628  0.600948  0.557435  0.513133  0.468633  0.424414  0.380586  
0.881335  6.69765e-17  0.5  0.5  0.5  0.5  0.5  0.5  0.5  0.5  0.5  0.5  0.5  0.5  0.5  0.5  0.5  0.5  0.5  0.5  0.5  0.5  0.5  0.5  0.5  0.5  0.5  0.5  0.5  0.5  
0.0666205  0.885216  0.796638  0.829266  0.85719  0.881641  0.902579  0.921537  0.962339  0.939769  0.943063  0.923007  0.93614  0.921318  0.9084  0.886759  0.859434  0.839137  0.793397  0.760615  0.725607  0.683784  0.638788  0.602694  0.550136  0.50046  0.452838  0.409419  0.363455  0.335611  
0.873855  3.78703e-17  0.5  0.5  0.5  0.5  0.5  0.5  0.5  0.5  0.5  0.5  0.5  0.5  0.5  0.5  0.5  0.5  0.5  0.5  0.5  0.5  0.5  0.5  0.5  0.5  0.5  0.5  0.5  0.5  
0.045169  0.850974  0.739201  0.774631  0.80739  0.835347  0.861363  0.88306  0.898553  0.912612  0.921737  0.924858  0.924207  0.918727  0.909063  0.892787  0.875057  0.851692  0.824019  0.793982  0.760686  0.723844  0.685036  0.643628  0.600948  0.557435  0.512767  0.468633  0.424414  0.388042  
0.916246  6.80033e-17  0.5  0.5  0.5  0.5  0.5  0.5  0.5  0.5  0.5  0.5  0.5  0.5  0.5  0.5  0.5  0.5  0.5  0.5  0.5  0.5  0.5  0.5  0.5  0.5  0.5  0.5  0.5  0.5  
0.0223637  0.922204  0.702497  0.74477  0.784193  0.820756  0.853364  0.882404  0.907476  0.927653  0.943412  0.954178  0.960019  0.960816  0.95653  0.947565  0.93336  0.91452  0.891071  0.863117  0.831589  0.796251  0.758327  0.716254  0.672166  0.626612  0.580085  0.531533  0.483324  0.435564  
0.870593  7.23942e-16  0.5  0.5  0.5  0.5  0.5  0.5  0.5  0.5  0.5  0.5  0.5  0.5  0.5  0.5  0.5  0.5  0.5  0.5  0.5  0.5  0.5  0.5  0.5  0.5  0.5  0.5  0.5  0.5  
0.0643729  0.907388  0.812249  0.831395  0.862801  0.902646  0.912409  0.92895  0.944743  0.948093  0.9537  0.981959  0.950377  0.933925  0.924579  0.899173  0.872817  0.847438  0.810231  0.773674  0.739644  0.690846  0.646394  0.592519  0.555602  0.5075  0.453419  0.41228  0.365999  0.31497  
0.92162  6.69988e-17  0.5  0.5  0.5  0.5  0.5  0.5  0.5  0.5  0.5  0.5  0.5  0.5  0.5  0.5  0.5  0.5  0.5  0.5  0.5  0.5  0.5  0.5  0.5  0.5  0.5  0.5  0.5  0.5  
0.0625113  0.930937  0.822326  0.836771  0.86845  0.821664  0.919455  0.937956  0.962476  0.961544  0.965159  0.960961  0.957421  0.946774  0.932675  0.909441  0.884784  0.854531  0.822855  0.783176  0.74147  0.700165  0.655511  0.610159  0.561762  0.513425  0.463481  0.412892  0.366175  0.429639  
0.919281  6.82607e-17  0.5  0.5  0.5  0.5  0.5  0.5  0.5  0.5  0.5  0.5  0.5  0.5  0.5  0.5  0.5  0.5  0.5  0.5  0.5  0.5  0.5  0.5  0.5  0.5  0.5  0.5  0.5  0.5  
0.0643729  0.915543  0.817115  0.834927  0.864803  0.900374  0.912393  0.933314  0.944477  0.954302  0.957579  0.947117  0.950374  0.937468  0.92458  0.899177  0.872817  0.852494  0.810231  0.774371  0.739646  0.692173  0.649033  0.606289  0.555602  0.5075  0.453423  0.412443  0.365032  0.320407  
0.949879  6.6976e-17  0.5  0.5  0.5  0.5  0.5  0.5  0.5  0.5  0.5  0.5  0.5  0.5  0.5  0.5  0.5  0.5  0.5  0.5  0.5  0.5  0.5  0.5  0.5  0.5  0.5  0.5  0.5  0.5  
0.0665619  0.953607  0.818517  0.858825  0.885563  0.916427  0.939743  0.953269  0.962963  0.980341  0.976969  0.980449  0.964111  0.953679  0.939547  0.909469  0.886962  0.862351  0.818164  0.779419  0.738207  0.694148  0.649052  0.601454  0.550083  0.49985  0.462362  0.398581  0.352704  0.311112  
0.936715  9.70578e-17  0.5  0.5  0.5  0.5  0.5  0.5  0.5  0.5  0.5  0.5  0.5  0.5  0.5  0.5  0.5  0.5  0.5  0.5  0.5  0.5  0.5  0.5  0.5  0.5  0.5  0.5  0.5  0.5  
0.0665636  0.947061  0.816385  0.851914  0.883698  0.912088  0.934549  0.948894  0.962784  0.97095  0.972729  0.974892  0.963313  0.950649  0.936319  0.910494  0.883035  0.857613  0.818279  0.779456  0.736856  0.694898  0.647102  0.606146  0.550087  0.50163  0.45772  0.400702  0.353658  0.307127  
0.963941  6.45506e-17  0.5  0.5  0.5  0.5  0.5  0.5  0.5  0.5  0.5  0.5  0.5  0.5  0.5  0.5  0.5  0.5  0.5  0.5  0.5  0.5  0.5  0.5  0.5  0.5  0.5  0.5  0.5  0.5  
0.0665882  0.965123  0.818512  0.858827  0.891125  0.916447  0.939883  0.957605  0.972149  0.979912  0.982717  0.980485  0.973411  0.959209  0.939906  0.91733  0.89008  0.857605  0.825624  0.784114  0.738207  0.694149  0.649051  0.601454  0.550129  0.49985  0.452811  0.394976  0.352702  0.311339  
0.967651  6.45551e-17  0.5  0.5  0.5  0.5  0.5  0.5  0.5  0.5  0.5  0.5  0.5  0.5  0.5  0.5  0.5  0.5  0.5  0.5  0.5  0.5  0.5  0.5  0.5  0.5  0.5  0.5  0.5  0.5  
0.0665882  0.96211  0.818378  0.858707  0.88862  0.916447  0.939883  0.957605  0.970468  0.977669  0.981014  0.980485  0.973411  0.959209  0.939906  0.91733  0.89008  0.857605  0.825624  0.784114  0.737549  0.694149  0.649051  0.601453  0.550128  0.49985  0.452811  0.403475  0.352701  0.298851  
0.983069  1.19645e-16  0.5  0.5  0.5  0.5  0.5  0.5  0.5  0.5  0.5  0.5  0.5  0.5  0.5  0.5  0.5  0.5  0.5  0.5  0.5  0.5  0.5  0.5  0.5  0.5  0.5  0.5  0.5  0.5  
0.0123067  0.98661  0.687981  0.734991  0.779051  0.819742  0.857257  0.89107  0.920633  0.944716  0.965022  0.979265  0.988843  0.9931  0.991884  0.985343  0.973341  0.956156  0.933614  0.906902  0.875267  0.838767  0.800745  0.758544  0.713027  0.665236  0.615612  0.565148  0.513715  0.461985  
0.981341  3.78703e-17  0.5  0.5  0.5  0.5  0.5  0.5  0.5  0.5  0.5  0.5  0.5  0.5  0.5  0.5  0.5  0.5  0.5  0.5  0.5  0.5  0.5  0.5  0.5  0.5  0.5  0.5  0.5  0.5  
0.067774  0.992629  0.836167  0.879389  0.902329  0.915492  0.95019  0.972923  0.97096  0.991448  0.995727  0.981381  0.973435  0.970396  0.985241  0.928635  0.89818  0.857658  0.822918  0.7903  0.745301  0.707171  0.64907  0.601457  0.543694  0.49712  0.442453  0.404048  0.344831  0.29213  
0.995853  1.19645e-16  0.5  0.5  0.5  0.5  0.5  0.5  0.5  0.5  0.5  0.5  0.5  0.5  0.5  0.5  0.5  0.5  0.5  0.5  0.5  0.5  0.5  0.5  0.5  0.5  0.5  0.5  0.5  0.5  
