1.22624  3.9677  5.99996  7.99996  3.50217  4.20261  4.90386  5.60441  6.30083  7.00093  7.70428  8.39749  9.10318  9.79816  10.5039  11.2042  11.9041  12.6043  13.3026  14.0028  14.6989  15.4022  16.0996  16.8008  
1.19178  3.97974  5.69471  6.27299  3.50217  4.20261  4.90386  5.60441  6.30083  7.00093  7.70428  8.39749  9.10318  9.79816  10.5039  11.2042  11.9041  12.6043  13.3026  14.0028  14.6989  15.4022  16.0996  16.8008  
1.22299  3.92789  4.39766  7.12241  3.50217  4.20261  4.90386  5.60441  6.30083  7.00093  7.70428  8.39749  9.10318  9.79816  10.5039  11.2042  11.9041  12.6043  13.3026  14.0028  14.6989  15.4022  16.0996  16.8008  
1.21458  3.89509  5.69344  6.33  3.50217  4.20261  4.90386  5.60441  6.30083  7.00093  7.70428  8.39749  9.10318  9.79816  10.5039  11.2042  11.9041  12.6043  13.3026  14.0028  14.6989  15.4022  16.0996  16.8008  
1.22704  3.92789  4.33613  6.41403  3.50217  4.20261  4.90386  5.60441  6.30083  7.00093  7.70428  8.39749  9.10318  9.79816  10.5039  11.2042  11.9041  12.6043  13.3026  14.0028  14.6989  15.4022  16.0996  16.8008  
1.16848  3.98541  5.72621  5.51699  3.50217  4.20261  4.90386  5.60441  6.30083  7.00093  7.70428  8.39749  9.10318  9.79816  10.5039  11.2042  11.9041  12.6043  13.3026  14.0028  14.6989  15.4022  16.0996  16.8008  
1.21723  3.90981  4.52496  6.27538  3.50217  4.20261  4.90386  5.60441  6.30083  7.00093  7.70428  8.39749  9.10318  9.79816  10.5039  11.2042  11.9041  12.6043  13.3026  14.0028  14.6989  15.4022  16.0996  16.8008  
1.14882  3.98541  5.69083  6.47052  3.50217  4.20261  4.90386  5.60441  6.30083  7.00093  7.70428  8.39749  9.10318  9.79816  10.5039  11.2042  11.9041  12.6043  13.3026  14.0028  14.6989  15.4022  16.0996  16.8008  
1.21669  3.95497  4.33326  5.57078  3.50217  4.20261  4.90386  5.60441  6.30083  7.00093  7.70428  8.39749  9.10318  9.79816  10.5039  11.2042  11.9041  12.6043  13.3026  14.0028  14.6989  15.4022  16.0996  16.8008  
1.17434  3.96375  4.51124  6.40767  3.50217  4.20261  4.90386  5.60441  6.30083  7.00093  7.70428  8.39749  9.10318  9.79816  10.5039  11.2042  11.9041  12.6043  13.3026  14.0028  14.6989  15.4022  16.0996  16.8008  
1.21715  3.90738  4.54812  5.53954  3.50217  4.20261  4.90386  5.60441  6.30083  7.00093  7.70428  8.39749  9.10318  9.79816  10.5039  11.2042  11.9041  12.6043  13.3026  14.0028  14.6989  15.4022  16.0996  16.8008  
1.16493  3.9419  4.49647  7.33204  3.50217  4.20261  4.90386  5.60441  6.30083  7.00093  7.70428  8.39749  9.10318  9.79816  10.5039  11.2042  11.9041  12.6043  13.3026  14.0028  14.6989  15.4022  16.0996  16.8008  
1.22208  3.91356  4.37344  5.25074  3.50217  4.20261  4.90386  5.60441  6.30083  7.00093  7.70428  8.39749  9.10318  9.79816  10.5039  11.2042  11.9041  12.6043  13.3026  14.0028  14.6989  15.4022  16.0996  16.8008  
1.14952  3.98348  4.53597  6.46337  3.50217  4.20261  4.90386  5.60441  6.30083  7.00093  7.70428  8.39749  9.10318  9.79816  10.5039  11.2042  11.9041  12.6043  13.3026  14.0028  14.6989  15.4022  16.0996  16.8008  
1.16679  3.98176  4.46002  5.56335  3.50217  4.20261  4.90386  5.60441  6.30083  7.00093  7.70428  8.39749  9.10318  9.79816  10.5039  11.2042  11.9041  12.6043  13.3026  14.0028  14.6989  15.4022  16.0996  16.8008  
1.12406  3.98168  5.7397  6.51553  3.50217  4.20261  4.90386  5.60441  6.30083  7.00093  7.70428  8.39749  9.10318  9.79816  10.5039  11.2042  11.9041  12.6043  13.3026  14.0028  14.6989  15.4022  16.0996  16.8008  
1.20105  3.99121  3.18234  6.08943  3.50217  4.20261  4.90386  5.60441  6.30083  7.00093  7.70428  8.39749  9.10318  9.79816  10.5039  11.2042  11.9041  12.6043  13.3026  14.0028  14.6989  15.4022  16.0996  16.8008  
1.16679  3.96098  4.48623  5.56599  3.50217  4.20261  4.90386  5.60441  6.30083  7.00093  7.70428  8.39749  9.10318  9.79816  10.5039  11.2042  11.9041  12.6043  13.3026  14.0028  14.6989  15.4022  16.0996  16.8008  
1.18762  3.95756  4.49248  4.71647  3.50217  4.20261  4.90386  5.60441  6.30083  7.00093  7.70428  8.39749  9.10318  9.79816  10.5039  11.2042  11.9041  12.6043  13.3026  14.0028  14.6989  15.4022  16.0996  16.8008  
1.16978  3.9076  4.49901  6.57111  3.50217  4.20261  4.90386  5.60441  6.30083  7.00093  7.70428  8.39749  9.10318  9.79816  10.5039  11.2042  11.9041  12.6043  13.3026  14.0028  14.6989  15.4022  16.0996  16.8008  
1.18487  3.985  3.17036  5.99912  3.50217  4.20261  4.90386  5.60441  6.30083  7.00093  7.70428  8.39749  9.10318  9.79816  10.5039  11.2042  11.9041  12.6043  13.3026  14.0028  14.6989  15.4022  16.0996  16.8008  
1.1577  3.94872  4.22907  6.11192  3.50217  4.20261  4.90386  5.60441  6.30083  7.00093  7.70428  8.39749  9.10318  9.79816  10.5039  11.2042  11.9041  12.6043  13.3026  14.0028  14.6989  15.4022  16.0996  16.8008  
1.18703  3.9309  3.18498  6.47797  3.50217  4.20261  4.90386  5.60441  6.30083  7.00093  7.70428  8.39749  9.10318  9.79816  10.5039  11.2042  11.9041  12.6043  13.3026  14.0028  14.6989  15.4022  16.0996  16.8008  
1.15009  3.90346  4.45579  7.4703  3.50217  4.20261  4.90386  5.60441  6.30083  7.00093  7.70428  8.39749  9.10318  9.79816  10.5039  11.2042  11.9041  12.6043  13.3026  14.0028  14.6989  15.4022  16.0996  16.8008  
1.18905  3.98923  3.15904  5.53686  3.50217  4.20261  4.90386  5.60441  6.30083  7.00093  7.70428  8.39749  9.10318  9.79816  10.5039  11.2042  11.9041  12.6043  13.3026  14.0028  14.6989  15.4022  16.0996  16.8008  
1.16003  3.94575  4.23982  5.53226  3.50217  4.20261  4.90386  5.60441  6.30083  7.00093  7.70428  8.39749  9.10318  9.79816  10.5039  11.2042  11.9041  12.6043  13.3026  14.0028  14.6989  15.4022  16.0996  16.8008  
1.18518  3.93974  3.17061  5.99859  3.50217  4.20261  4.90386  5.60441  6.30083  7.00093  7.70428  8.39749  9.10318  9.79816  10.5039  11.2042  11.9041  12.6043  13.3026  14.0028  14.6989  15.4022  16.0996  16.8008  
1.14933  3.90759  4.49922  6.57111  3.50217  4.20261  4.90386  5.60441  6.30083  7.00093  7.70428  8.39749  9.10318  9.79816  10.5039  11.2042  11.9041  12.6043  13.3026  14.0028  14.6989  15.4022  16.0996  16.8008  
1.18773  3.95759  3.15905  5.51965  3.50217  4.20261  4.90386  5.60441  6.30083  7.00093  7.70428  8.39749  9.10318  9.79816  10.5039  11.2042  11.9041  12.6043  13.3026  14.0028  14.6989  15.4022  16.0996  16.8008  
1.16415  3.90229  4.51094  5.5367  3.50217  4.20261  4.90386  5.60441  6.30083  7.00093  7.70428  8.39749  9.10318  9.79816  10.5039  11.2042  11.9041  12.6043  13.3026  14.0028  14.6989  15.4022  16.0996  16.8008  
1.19374  3.89238  3.19426  6.0815  3.50217  4.20261  4.90386  5.60441  6.30083  7.00093  7.70428  8.39749  9.10318  9.79816  10.5039  11.2042  11.9041  12.6043  13.3026  14.0028  14.6989  15.4022  16.0996  16.8008  
0.507143  3.81256  4.50213  7.79939  3.50217  4.20261  4.90386  5.60441  6.30083  7.00093  7.70428  8.39749  9.10318  9.79816  10.5039  11.2042  11.9041  12.6043  13.3026  14.0028  14.6989  15.4022  16.0996  16.8008  
1.21173  3.97348  3.15883  4.74911  3.50217  4.20261  4.90386  5.60441  6.30083  7.00093  7.70428  8.39749  9.10318  9.79816  10.5039  11.2042  11.9041  12.6043  13.3026  14.0028  14.6989  15.4022  16.0996  16.8008  
1.18632  3.8924  3.15986  6.0964  3.50217  4.20261  4.90386  5.60441  6.30083  7.00093  7.70428  8.39749  9.10318  9.79816  10.5039  11.2042  11.9041  12.6043  13.3026  14.0028  14.6989  15.4022  16.0996  16.8008  
1.18874  3.93883  3.19969  5.1496  3.50217  4.20261  4.90386  5.60441  6.30083  7.00093  7.70428  8.39749  9.10318  9.79816  10.5039  11.2042  11.9041  12.6043  13.3026  14.0028  14.6989  15.4022  16.0996  16.8008  
1.14918  3.90386  4.46947  5.53516  3.50217  4.20261  4.90386  5.60441  6.30083  7.00093  7.70428  8.39749  9.10318  9.79816  10.5039  11.2042  11.9041  12.6043  13.3026  14.0028  14.6989  15.4022  16.0996  16.8008  
1.17579  3.994  1.79842  6.55224  3.50217  4.20261  4.90386  5.60441  6.30083  7.00093  7.70428  8.39749  9.10318  9.79816  10.5039  11.2042  11.9041  12.6043  13.3026  14.0028  14.6989  15.4022  16.0996  16.8008  
1.13434  3.96034  4.488  4.62586  3.50217  4.20261  4.90386  5.60441  6.30083  7.00093  7.70428  8.39749  9.10318  9.79816  10.5039  11.2042  11.9041  12.6043  13.3026  14.0028  14.6989  15.4022  16.0996  16.8008  
1.16661  3.95045  3.20082  5.24475  3.50217  4.20261  4.90386  5.60441  6.30083  7.00093  7.70428  8.39749  9.10318  9.79816  10.5039  11.2042  11.9041  12.6043  13.3026  14.0028  14.6989  15.4022  16.0996  16.8008  
0.507143  3.81256  4.58874  5.56966  3.50217  4.20261  4.90386  5.60441  6.30083  7.00093  7.70428  8.39749  9.10318  9.79816  10.5039  11.2042  11.9041  12.6043  13.3026  14.0028  14.6989  15.4022  16.0996  16.8008  
1.18905  3.98523  3.17538  4.28513  3.50217  4.20261  4.90386  5.60441  6.30083  7.00093  7.70428  8.39749  9.10318  9.79816  10.5039  11.2042  11.9041  12.6043  13.3026  14.0028  14.6989  15.4022  16.0996  16.8008  
1.1656  3.90432  4.34413  4.24908  3.50217  4.20261  4.90386  5.60441  6.30083  7.00093  7.70428  8.39749  9.10318  9.79816  10.5039  11.2042  11.9041  12.6043  13.3026  14.0028  14.6989  15.4022  16.0996  16.8008  
1.18957  3.91351  2.90441  5.16261  3.50217  4.20261  4.90386  5.60441  6.30083  7.00093  7.70428  8.39749  9.10318  9.79816  10.5039  11.2042  11.9041  12.6043  13.3026  14.0028  14.6989  15.4022  16.0996  16.8008  
1.10896  3.93877  4.48834  5.57127  3.50217  4.20261  4.90386  5.60441  6.30083  7.00093  7.70428  8.39749  9.10318  9.79816  10.5039  11.2042  11.9041  12.6043  13.3026  14.0028  14.6989  15.4022  16.0996  16.8008  
1.16616  3.98957  1.66869  6.31597  3.50217  4.20261  4.90386  5.60441  6.30083  7.00093  7.70428  8.39749  9.10318  9.79816  10.5039  11.2042  11.9041  12.6043  13.3026  14.0028  14.6989  15.4022  16.0996  16.8008  
1.15297  3.88655  4.58109  4.34997  3.50217  4.20261  4.90386  5.60441  6.30083  7.00093  7.70428  8.39749  9.10318  9.79816  10.5039  11.2042  11.9041  12.6043  13.3026  14.0028  14.6989  15.4022  16.0996  16.8008  
1.17363  3.90972  2.76644  5.49231  3.50217  4.20261  4.90386  5.60441  6.30083  7.00093  7.70428  8.39749  9.10318  9.79816  10.5039  11.2042  11.9041  12.6043  13.3026  14.0028  14.6989  15.4022  16.0996  16.8008  
0.494082  3.79152  4.67883  6.98465  3.50217  4.20261  4.90386  5.60441  6.30083  7.00093  7.70428  8.39749  9.10318  9.79816  10.5039  11.2042  11.9041  12.6043  13.3026  14.0028  14.6989  15.4022  16.0996  16.8008  
1.19025  3.99286  1.77547  5.51616  3.50217  4.20261  4.90386  5.60441  6.30083  7.00093  7.70428  8.39749  9.10318  9.79816  10.5039  11.2042  11.9041  12.6043  13.3026  14.0028  14.6989  15.4022  16.0996  16.8008  
1.15296  3.92156  1.77555  6.99025  3.50217  4.20261  4.90386  5.60441  6.30083  7.00093  7.70428  8.39749  9.10318  9.79816  10.5039  11.2042  11.9041  12.6043  13.3026  14.0028  14.6989  15.4022  16.0996  16.8008  
1.16423  3.96245  2.91283  4.49443  3.50217  4.20261  4.90386  5.60441  6.30083  7.00093  7.70428  8.39749  9.10318  9.79816  10.5039  11.2042  11.9041  12.6043  13.3026  14.0028  14.6989  15.4022  16.0996  16.8008  
0.507143  3.81256  4.58843  5.15941  3.50217  4.20261  4.90386  5.60441  6.30083  7.00093  7.70428  8.39749  9.10318  9.79816  10.5039  11.2042  11.9041  12.6043  13.3026  14.0028  14.6989  15.4022  16.0996  16.8008  
1.16566  3.99286  1.75634  5.5504  3.50217  4.20261  4.90386  5.60441  6.30083  7.00093  7.70428  8.39749  9.10318  9.79816  10.5039  11.2042  11.9041  12.6043  13.3026  14.0028  14.6989  15.4022  16.0996  16.8008  
1.11908  3.94288  2.007  7.05608  3.50217  4.20261  4.90386  5.60441  6.30083  7.00093  7.70428  8.39749  9.10318  9.79816  10.5039  11.2042  11.9041  12.6043  13.3026  14.0028  14.6989  15.4022  16.0996  16.8008  
1.15438  3.94353  2.85282  4.69538  3.50217  4.20261  4.90386  5.60441  6.30083  7.00093  7.70428  8.39749  9.10318  9.79816  10.5039  11.2042  11.9041  12.6043  13.3026  14.0028  14.6989  15.4022  16.0996  16.8008  
0.459171  3.8121  4.6373  5.9833  3.50217  4.20261  4.90386  5.60441  6.30083  7.00093  7.70428  8.39749  9.10318  9.79816  10.5039  11.2042  11.9041  12.6043  13.3026  14.0028  14.6989  15.4022  16.0996  16.8008  
1.17362  3.99528  1.79027  5.0618  3.50217  4.20261  4.90386  5.60441  6.30083  7.00093  7.70428  8.39749  9.10318  9.79816  10.5039  11.2042  11.9041  12.6043  13.3026  14.0028  14.6989  15.4022  16.0996  16.8008  
1.13358  3.92423  2.71495  5.47271  3.50217  4.20261  4.90386  5.60441  6.30083  7.00093  7.70428  8.39749  9.10318  9.79816  10.5039  11.2042  11.9041  12.6043  13.3026  14.0028  14.6989  15.4022  16.0996  16.8008  
1.1354  3.99283  1.8833  5.47656  3.50217  4.20261  4.90386  5.60441  6.30083  7.00093  7.70428  8.39749  9.10318  9.79816  10.5039  11.2042  11.9041  12.6043  13.3026  14.0028  14.6989  15.4022  16.0996  16.8008  
0.505149  3.78608  4.19052  5.36489  3.50217  4.20261  4.90386  5.60441  6.30083  7.00093  7.70428  8.39749  9.10318  9.79816  10.5039  11.2042  11.9041  12.6043  13.3026  14.0028  14.6989  15.4022  16.0996  16.8008  
1.17361  3.95044  1.79378  5.07113  3.50217  4.20261  4.90386  5.60441  6.30083  7.00093  7.70428  8.39749  9.10318  9.79816  10.5039  11.2042  11.9041  12.6043  13.3026  14.0028  14.6989  15.4022  16.0996  16.8008  
0.507143  3.81256  4.58843  5.15941  3.50217  4.20261  4.90386  5.60441  6.30083  7.00093  7.70428  8.39749  9.10318  9.79816  10.5039  11.2042  11.9041  12.6043  13.3026  14.0028  14.6989  15.4022  16.0996  16.8008  
1.13593  3.9482  1.87041  5.63867  3.50217  4.20261  4.90386  5.60441  6.30083  7.00093  7.70428  8.39749  9.10318  9.79816  10.5039  11.2042  11.9041  12.6043  13.3026  14.0028  14.6989  15.4022  16.0996  16.8008  
0.427474  3.68916  5.22392  6.82975  3.50217  4.20261  4.90386  5.60441  6.30083  7.00093  7.70428  8.39749  9.10318  9.79816  10.5039  11.2042  11.9041  12.6043  13.3026  14.0028  14.6989  15.4022  16.0996  16.8008  
1.20573  3.98724  1.90942  4.07287  3.50217  4.20261  4.90386  5.60441  6.30083  7.00093  7.70428  8.39749  9.10318  9.79816  10.5039  11.2042  11.9041  12.6043  13.3026  14.0028  14.6989  15.4022  16.0996  16.8008  
1.13557  3.93516  1.88322  5.4757  3.50217  4.20261  4.90386  5.60441  6.30083  7.00093  7.70428  8.39749  9.10318  9.79816  10.5039  11.2042  11.9041  12.6043  13.3026  14.0028  14.6989  15.4022  16.0996  16.8008  
1.1674  3.94885  1.79448  4.65674  3.50217  4.20261  4.90386  5.60441  6.30083  7.00093  7.70428  8.39749  9.10318  9.79816  10.5039  11.2042  11.9041  12.6043  13.3026  14.0028  14.6989  15.4022  16.0996  16.8008  
0.507143  3.81256  3.94174  4.54723  3.50217  4.20261  4.90386  5.60441  6.30083  7.00093  7.70428  8.39749  9.10318  9.79816  10.5039  11.2042  11.9041  12.6043  13.3026  14.0028  14.6989  15.4022  16.0996  16.8008  
1.16751  3.9901  1.87651  4.06337  3.50217  4.20261  4.90386  5.60441  6.30083  7.00093  7.70428  8.39749  9.10318  9.79816  10.5039  11.2042  11.9041  12.6043  13.3026  14.0028  14.6989  15.4022  16.0996  16.8008  
0.507143  3.81256  4.56529  4.23509  3.50217  4.20261  4.90386  5.60441  6.30083  7.00093  7.70428  8.39749  9.10318  9.79816  10.5039  11.2042  11.9041  12.6043  13.3026  14.0028  14.6989  15.4022  16.0996  16.8008  
1.14657  3.94449  1.78563  4.70311  3.50217  4.20261  4.90386  5.60441  6.30083  7.00093  7.70428  8.39749  9.10318  9.79816  10.5039  11.2042  11.9041  12.6043  13.3026  14.0028  14.6989  15.4022  16.0996  16.8008  
0.506553  3.61647  3.98278  5.09269  3.50217  4.20261  4.90386  5.60441  6.30083  7.00093  7.70428  8.39749  9.10318  9.79816  10.5039  11.2042  11.9041  12.6043  13.3026  14.0028  14.6989  15.4022  16.0996  16.8008  
1.18012  3.98996  2.70055  2.48  3.50217  4.20261  4.90386  5.60441  6.30083  7.00093  7.70428  8.39749  9.10318  9.79816  10.5039  11.2042  11.9041  12.6043  13.3026  14.0028  14.6989  15.4022  16.0996  16.8008  
1.15759  3.84793  2.51284  4.20239  3.50217  4.20261  4.90386  5.60441  6.30083  7.00093  7.70428  8.39749  9.10318  9.79816  10.5039  11.2042  11.9041  12.6043  13.3026  14.0028  14.6989  15.4022  16.0996  16.8008  
1.12794  3.99601  1.91331  3.96394  3.50217  4.20261  4.90386  5.60441  6.30083  7.00093  7.70428  8.39749  9.10318  9.79816  10.5039  11.2042  11.9041  12.6043  13.3026  14.0028  14.6989  15.4022  16.0996  16.8008  
0.427431  3.8121  2.77004  5.49089  3.50217  4.20261  4.90386  5.60441  6.30083  7.00093  7.70428  8.39749  9.10318  9.79816  10.5039  11.2042  11.9041  12.6043  13.3026  14.0028  14.6989  15.4022  16.0996  16.8008  
1.16768  3.95826  2.72838  2.34817  3.50217  4.20261  4.90386  5.60441  6.30083  7.00093  7.70428  8.39749  9.10318  9.79816  10.5039  11.2042  11.9041  12.6043  13.3026  14.0028  14.6989  15.4022  16.0996  16.8008  
0.507143  3.81256  1.96883  5.42706  3.50217  4.20261  4.90386  5.60441  6.30083  7.00093  7.70428  8.39749  9.10318  9.79816  10.5039  11.2042  11.9041  12.6043  13.3026  14.0028  14.6989  15.4022  16.0996  16.8008  
1.12893  3.94097  1.91295  3.96037  3.50217  4.20261  4.90386  5.60441  6.30083  7.00093  7.70428  8.39749  9.10318  9.79816  10.5039  11.2042  11.9041  12.6043  13.3026  14.0028  14.6989  15.4022  16.0996  16.8008  
0.506921  2.2261  4.47557  5.3099  3.50217  4.20261  4.90386  5.60441  6.30083  7.00093  7.70428  8.39749  9.10318  9.79816  10.5039  11.2042  11.9041  12.6043  13.3026  14.0028  14.6989  15.4022  16.0996  16.8008  
1.18597  3.99297  1.90225  2.70584  3.50217  4.20261  4.90386  5.60441  6.30083  7.00093  7.70428  8.39749  9.10318  9.79816  10.5039  11.2042  11.9041  12.6043  13.3026  14.0028  14.6989  15.4022  16.0996  16.8008  
0.507143  3.81256  2.11433  5.34244  3.50217  4.20261  4.90386  5.60441  6.30083  7.00093  7.70428  8.39749  9.10318  9.79816  10.5039  11.2042  11.9041  12.6043  13.3026  14.0028  14.6989  15.4022  16.0996  16.8008  
1.12899  3.99157  2.05362  2.83168  3.50217  4.20261  4.90386  5.60441  6.30083  7.00093  7.70428  8.39749  9.10318  9.79816  10.5039  11.2042  11.9041  12.6043  13.3026  14.0028  14.6989  15.4022  16.0996  16.8008  
0.506889  3.61238  1.98426  5.25549  3.50217  4.20261  4.90386  5.60441  6.30083  7.00093  7.70428  8.39749  9.10318  9.79816  10.5039  11.2042  11.9041  12.6043  13.3026  14.0028  14.6989  15.4022  16.0996  16.8008  
1.16747  3.96161  2.0239  2.3322  3.50217  4.20261  4.90386  5.60441  6.30083  7.00093  7.70428  8.39749  9.10318  9.79816  10.5039  11.2042  11.9041  12.6043  13.3026  14.0028  14.6989  15.4022  16.0996  16.8008  
0.474042  3.81211  2.46922  3.36035  3.50217  4.20261  4.90386  5.60441  6.30083  7.00093  7.70428  8.39749  9.10318  9.79816  10.5039  11.2042  11.9041  12.6043  13.3026  14.0028  14.6989  15.4022  16.0996  16.8008  
1.13251  3.92489  1.90822  2.85478  3.50217  4.20261  4.90386  5.60441  6.30083  7.00093  7.70428  8.39749  9.10318  9.79816  10.5039  11.2042  11.9041  12.6043  13.3026  14.0028  14.6989  15.4022  16.0996  16.8008  
0.506921  2.2261  3.99156  5.33544  3.50217  4.20261  4.90386  5.60441  6.30083  7.00093  7.70428  8.39749  9.10318  9.79816  10.5039  11.2042  11.9041  12.6043  13.3026  14.0028  14.6989  15.4022  16.0996  16.8008  
1.16705  3.98729  0.233683  4.05902  3.50217  4.20261  4.90386  5.60441  6.30083  7.00093  7.70428  8.39749  9.10318  9.79816  10.5039  11.2042  11.9041  12.6043  13.3026  14.0028  14.6989  15.4022  16.0996  16.8008  
0.507143  3.81256  0.477394  5.03903  3.50217  4.20261  4.90386  5.60441  6.30083  7.00093  7.70428  8.39749  9.10318  9.79816  10.5039  11.2042  11.9041  12.6043  13.3026  14.0028  14.6989  15.4022  16.0996  16.8008  
1.13333  3.93839  0.0477468  4.51523  3.50217  4.20261  4.90386  5.60441  6.30083  7.00093  7.70428  8.39749  9.10318  9.79816  10.5039  11.2042  11.9041  12.6043  13.3026  14.0028  14.6989  15.4022  16.0996  16.8008  
0.506921  2.2261  4.32338  3.20793  3.50217  4.20261  4.90386  5.60441  6.30083  7.00093  7.70428  8.39749  9.10318  9.79816  10.5039  11.2042  11.9041  12.6043  13.3026  14.0028  14.6989  15.4022  16.0996  16.8008  
1.13091  3.9934  0.131926  3.75591  3.50217  4.20261  4.90386  5.60441  6.30083  7.00093  7.70428  8.39749  9.10318  9.79816  10.5039  11.2042  11.9041  12.6043  13.3026  14.0028  14.6989  15.4022  16.0996  16.8008  
0.506923  3.56813  0.428539  4.89759  3.50217  4.20261  4.90386  5.60441  6.30083  7.00093  7.70428  8.39749  9.10318  9.79816  10.5039  11.2042  11.9041  12.6043  13.3026  14.0028  14.6989  15.4022  16.0996  16.8008  
0.507143  3.81256  0.212879  4.37211  3.50217  4.20261  4.90386  5.60441  6.30083  7.00093  7.70428  8.39749  9.10318  9.79816  10.5039  11.2042  11.9041  12.6043  13.3026  14.0028  14.6989  15.4022  16.0996  16.8008  
0.260382  2.18421  2.95333  5.83175  3.50217  4.20261  4.90386  5.60441  6.30083  7.00093  7.70428  8.39749  9.10318  9.79816  10.5039  11.2042  11.9041  12.6043  13.3026  14.0028  14.6989  15.4022  16.0996  16.8008  
1.18857  3.99195  0.190465  2.48048  3.50217  4.20261  4.90386  5.60441  6.30083  7.00093  7.70428  8.39749  9.10318  9.79816  10.5039  11.2042  11.9041  12.6043  13.3026  14.0028  14.6989  15.4022  16.0996  16.8008  
0.484189  3.81311  0.0224057  3.26728  3.50217  4.20261  4.90386  5.60441  6.30083  7.00093  7.70428  8.39749  9.10318  9.79816  10.5039  11.2042  11.9041  12.6043  13.3026  14.0028  14.6989  15.4022  16.0996  16.8008  
1.11114  3.98881  0.0644824  2.26648  3.50217  4.20261  4.90386  5.60441  6.30083  7.00093  7.70428  8.39749  9.10318  9.79816  10.5039  11.2042  11.9041  12.6043  13.3026  14.0028  14.6989  15.4022  16.0996  16.8008  
0.506921  2.2261  0.103982  3.30489  3.50217  4.20261  4.90386  5.60441  6.30083  7.00093  7.70428  8.39749  9.10318  9.79816  10.5039  11.2042  11.9041  12.6043  13.3026  14.0028  14.6989  15.4022  16.0996  16.8008  
