2.22198e-05  0.5  0.5  0.5  0.5  0.5  0.5  0.5  0.5  0.5  0.5  
2.22189e-05  0.5  0.5  0.5  0.5  0.5  0.5  0.5  0.5  0.5  0.5  
2.22198e-05  0.5  0.5  0.5  0.5  0.5  0.5  0.5  0.5  0.5  0.5  
2.22198e-05  0.5  0.5  0.5  0.5  0.5  0.5  0.5  0.5  0.5  0.5  
2.22198e-05  0.5  0.5  0.5  0.5  0.5  0.5  0.5  0.5  0.5  0.5  
2.22189e-05  0.5  0.5  0.5  0.5  0.5  0.5  0.5  0.5  0.5  0.5  
2.22198e-05  0.5  0.5  0.5  0.5  0.5  0.5  0.5  0.5  0.5  0.5  
2.22189e-05  0.5  0.5  0.5  0.5  0.5  0.5  0.5  0.5  0.5  0.5  
2.22189e-05  0.5  0.5  0.5  0.5  0.5  0.5  0.5  0.5  0.5  0.5  
2.22189e-05  0.5  0.5  0.5  0.5  0.5  0.5  0.5  0.5  0.5  0.5  
2.22189e-05  0.5  0.5  0.5  0.5  0.5  0.5  0.5  0.5  0.5  0.5  
2.22189e-05  0.5  0.5  0.5  0.5  0.5  0.5  0.5  0.5  0.5  0.5  
2.22198e-05  0.5  0.5  0.5  0.5  0.5  0.5  0.5  0.5  0.5  0.5  
2.22198e-05  0.5  0.5  0.5  0.5  0.5  0.5  0.5  0.5  0.5  0.5  
2.22198e-05  0.5  0.5  0.5  0.5  0.5  0.5  0.5  0.5  0.5  0.5  
2.22189e-05  0.5  0.5  0.5  0.5  0.5  0.5  0.5  0.5  0.5  0.5  
2.22198e-05  0.5  0.5  0.5  0.5  0.5  0.5  0.5  0.5  0.5  0.5  
2.22198e-05  0.5  0.5  0.5  0.5  0.5  0.5  0.5  0.5  0.5  0.5  
2.16226e-05  0.5  0.5  0.5  0.5  0.5  0.5  0.5  0.5  0.5  0.5  
2.22198e-05  0.5  0.5  0.5  0.5  0.5  0.5  0.5  0.5  0.5  0.5  
2.16226e-05  0.5  0.5  0.5  0.5  0.5  0.5  0.5  0.5  0.5  0.5  
2.22198e-05  0.5  0.5  0.5  0.5  0.5  0.5  0.5  0.5  0.5  0.5  
2.22198e-05  0.5  0.5  0.5  0.5  0.5  0.5  0.5  0.5  0.5  0.5  
2.22198e-05  0.5  0.5  0.5  0.5  0.5  0.5  0.5  0.5  0.5  0.5  
2.22198e-05  0.5  0.5  0.5  0.5  0.5  0.5  0.5  0.5  0.5  0.5  
1.65072e-05  0.5  0.5  0.5  0.5  0.5  0.5  0.5  0.5  0.5  0.5  
2.22198e-05  0.5  0.5  0.5  0.5  0.5  0.5  0.5  0.5  0.5  0.5  
2.22198e-05  0.5  0.5  0.5  0.5  0.5  0.5  0.5  0.5  0.5  0.5  
1.65072e-05  0.5  0.5  0.5  0.5  0.5  0.5  0.5  0.5  0.5  0.5  
2.22198e-05  0.5  0.5  0.5  0.5  0.5  0.5  0.5  0.5  0.5  0.5  
2.22198e-05  0.5  0.5  0.5  0.5  0.5  0.5  0.5  0.5  0.5  0.5  
2.22198e-05  0.5  0.5  0.5  0.5  0.5  0.5  0.5  0.5  0.5  0.5  
2.22198e-05  0.5  0.5  0.5  0.5  0.5  0.5  0.5  0.5  0.5  0.5  
2.22189e-05  0.5  0.5  0.5  0.5  0.5  0.5  0.5  0.5  0.5  0.5  
1.65072e-05  0.5  0.5  0.5  0.5  0.5  0.5  0.5  0.5  0.5  0.5  
2.22198e-05  0.5  0.5  0.5  0.5  0.5  0.5  0.5  0.5  0.5  0.5  
2.22198e-05  0.5  0.5  0.5  0.5  0.5  0.5  0.5  0.5  0.5  0.5  
2.22189e-05  0.5  0.5  0.5  0.5  0.5  0.5  0.5  0.5  0.5  0.5  
1.65072e-05  0.5  0.5  0.5  0.5  0.5  0.5  0.5  0.5  0.5  0.5  
2.22198e-05  0.5  0.5  0.5  0.5  0.5  0.5  0.5  0.5  0.5  0.5  
2.22198e-05  0.5  0.5  0.5  0.5  0.5  0.5  0.5  0.5  0.5  0.5  
2.22198e-05  0.5  0.5  0.5  0.5  0.5  0.5  0.5  0.5  0.5  0.5  
2.22198e-05  0.5  0.5  0.5  0.5  0.5  0.5  0.5  0.5  0.5  0.5  
2.22189e-05  0.5  0.5  0.5  0.5  0.5  0.5  0.5  0.5  0.5  0.5  
1.65072e-05  0.5  0.5  0.5  0.5  0.5  0.5  0.5  0.5  0.5  0.5  
2.22198e-05  0.5  0.5  0.5  0.5  0.5  0.5  0.5  0.5  0.5  0.5  
2.22198e-05  0.5  0.5  0.5  0.5  0.5  0.5  0.5  0.5  0.5  0.5  
2.22198e-05  0.5  0.5  0.5  0.5  0.5  0.5  0.5  0.5  0.5  0.5  
1.65072e-05  0.5  0.5  0.5  0.5  0.5  0.5  0.5  0.5  0.5  0.5  
2.22198e-05  0.5  0.5  0.5  0.5  0.5  0.5  0.5  0.5  0.5  0.5  
2.22198e-05  0.5  0.5  0.5  0.5  0.5  0.5  0.5  0.5  0.5  0.5  
2.22198e-05  0.5  0.5  0.5  0.5  0.5  0.5  0.5  0.5  0.5  0.5  
2.22198e-05  0.5  0.5  0.5  0.5  0.5  0.5  0.5  0.5  0.5  0.5  
2.22198e-05  0.5  0.5  0.5  0.5  0.5  0.5  0.5  0.5  0.5  0.5  
2.22198e-05  0.5  0.5  0.5  0.5  0.5  0.5  0.5  0.5  0.5  0.5  
2.22198e-05  0.5  0.5  0.5  0.5  0.5  0.5  0.5  0.5  0.5  0.5  
2.22198e-05  0.5  0.5  0.5  0.5  0.5  0.5  0.5  0.5  0.5  0.5  
2.22198e-05  0.5  0.5  0.5  0.5  0.5  0.5  0.5  0.5  0.5  0.5  
2.22198e-05  0.5  0.5  0.5  0.5  0.5  0.5  0.5  0.5  0.5  0.5  
2.22198e-05  0.5  0.5  0.5  0.5  0.5  0.5  0.5  0.5  0.5  0.5  
2.22198e-05  0.5  0.5  0.5  0.5  0.5  0.5  0.5  0.5  0.5  0.5  
2.22198e-05  0.5  0.5  0.5  0.5  0.5  0.5  0.5  0.5  0.5  0.5  
2.22198e-05  0.5  0.5  0.5  0.5  0.5  0.5  0.5  0.5  0.5  0.5  
2.22198e-05  0.5  0.5  0.5  0.5  0.5  0.5  0.5  0.5  0.5  0.5  
2.22198e-05  0.5  0.5  0.5  0.5  0.5  0.5  0.5  0.5  0.5  0.5  
2.22198e-05  0.5  0.5  0.5  0.5  0.5  0.5  0.5  0.5  0.5  0.5  
2.22198e-05  0.5  0.5  0.5  0.5  0.5  0.5  0.5  0.5  0.5  0.5  
2.22198e-05  0.5  0.5  0.5  0.5  0.5  0.5  0.5  0.5  0.5  0.5  
2.22198e-05  0.5  0.5  0.5  0.5  0.5  0.5  0.5  0.5  0.5  0.5  
2.22198e-05  0.5  0.5  0.5  0.5  0.5  0.5  0.5  0.5  0.5  0.5  
2.22198e-05  0.5  0.5  0.5  0.5  0.5  0.5  0.5  0.5  0.5  0.5  
2.22198e-05  0.5  0.5  0.5  0.5  0.5  0.5  0.5  0.5  0.5  0.5  
2.22198e-05  0.5  0.5  0.5  0.5  0.5  0.5  0.5  0.5  0.5  0.5  
2.22198e-05  0.5  0.5  0.5  0.5  0.5  0.5  0.5  0.5  0.5  0.5  
2.22198e-05  0.5  0.5  0.5  0.5  0.5  0.5  0.5  0.5  0.5  0.5  
2.22198e-05  0.5  0.5  0.5  0.5  0.5  0.5  0.5  0.5  0.5  0.5  
2.22198e-05  0.5  0.5  0.5  0.5  0.5  0.5  0.5  0.5  0.5  0.5  
2.22198e-05  0.5  0.5  0.5  0.5  0.5  0.5  0.5  0.5  0.5  0.5  
2.22198e-05  0.5  0.5  0.5  0.5  0.5  0.5  0.5  0.5  0.5  0.5  
2.22198e-05  0.5  0.5  0.5  0.5  0.5  0.5  0.5  0.5  0.5  0.5  
2.22198e-05  0.5  0.5  0.5  0.5  0.5  0.5  0.5  0.5  0.5  0.5  
2.22198e-05  0.5  0.5  0.5  0.5  0.5  0.5  0.5  0.5  0.5  0.5  
2.22198e-05  0.5  0.5  0.5  0.5  0.5  0.5  0.5  0.5  0.5  0.5  
2.22198e-05  0.5  0.5  0.5  0.5  0.5  0.5  0.5  0.5  0.5  0.5  
2.22198e-05  0.5  0.5  0.5  0.5  0.5  0.5  0.5  0.5  0.5  0.5  
2.22198e-05  0.5  0.5  0.5  0.5  0.5  0.5  0.5  0.5  0.5  0.5  
2.22198e-05  0.5  0.5  0.5  0.5  0.5  0.5  0.5  0.5  0.5  0.5  
1.53923e-05  0.5  0.5  0.5  0.5  0.5  0.5  0.5  0.5  0.5  0.5  
1.53923e-05  0.5  0.5  0.5  0.5  0.5  0.5  0.5  0.5  0.5  0.5  
1.53923e-05  0.5  0.5  0.5  0.5  0.5  0.5  0.5  0.5  0.5  0.5  
2.22198e-05  0.5  0.5  0.5  0.5  0.5  0.5  0.5  0.5  0.5  0.5  
2.22198e-05  0.5  0.5  0.5  0.5  0.5  0.5  0.5  0.5  0.5  0.5  
2.22198e-05  0.5  0.5  0.5  0.5  0.5  0.5  0.5  0.5  0.5  0.5  
2.22198e-05  0.5  0.5  0.5  0.5  0.5  0.5  0.5  0.5  0.5  0.5  
1.53923e-05  0.5  0.5  0.5  0.5  0.5  0.5  0.5  0.5  0.5  0.5  
1.53923e-05  0.5  0.5  0.5  0.5  0.5  0.5  0.5  0.5  0.5  0.5  
1.53923e-05  0.5  0.5  0.5  0.5  0.5  0.5  0.5  0.5  0.5  0.5  
2.22198e-05  0.5  0.5  0.5  0.5  0.5  0.5  0.5  0.5  0.5  0.5  
2.22198e-05  0.5  0.5  0.5  0.5  0.5  0.5  0.5  0.5  0.5  0.5  
2.22198e-05  0.5  0.5  0.5  0.5  0.5  0.5  0.5  0.5  0.5  0.5  
