2  4  6  8  0.00548296  0.289466  0.0284009  0.0205952  8.23649  6.97687  7.43356  7.87058  8.28933  8.69086  9.07632  9.44653  9.80236  10.1443  10.4732  10.7895  11.0938  11.3865  11.6681  11.9389  
2  4  6  8  0.00548296  0.289466  0.0284009  0.0205952  8.23649  6.97687  7.43356  7.87058  8.28933  8.69086  9.07632  9.44653  9.80236  10.1443  10.4732  10.7895  11.0938  11.3865  11.6681  11.9389  
2  4  6  8  0.00548296  0.289466  0.0284009  0.0205952  8.23649  6.97687  7.43356  7.87058  8.28933  8.69086  9.07632  9.44653  9.80236  10.1443  10.4732  10.7895  11.0938  11.3865  11.6681  11.9389  
2  4  6  8  0.00548296  0.289466  0.0284009  0.0205952  8.23649  6.97687  7.43356  7.87058  8.28933  8.69086  9.07632  9.44653  9.80236  10.1443  10.4732  10.7895  11.0938  11.3865  11.6681  11.9389  
2  4  5.68251  5.5347  4.20081e-14  4.78056e-12  0  6.2252  8.23691  6.97687  7.43356  7.87058  8.28933  8.69089  9.07632  9.44653  9.80236  10.1443  10.4732  10.7895  11.0938  11.3866  11.6681  11.9389  
1.97024  3.89199  5.98579  7.92865  0.412241  0.305252  0.0726149  0.148948  8.23648  6.97687  7.43356  7.87058  8.28933  8.69086  9.07632  9.44653  9.80236  10.1443  10.4732  10.7895  11.0938  11.3865  11.6681  11.9389  
1.99211  3.95684  5.98439  7.40065  0.109492  0.320954  0.0765144  1.23328  8.2365  6.97687  7.43356  7.87058  8.28933  8.69086  9.07632  9.44653  9.80236  10.1443  10.4732  10.7895  11.0938  11.3865  11.6681  11.9389  
2  4  6  8  0.00548296  0.289466  0.0284009  0.0205952  8.23649  6.97687  7.43356  7.87058  8.28933  8.69086  9.07632  9.44653  9.80236  10.1443  10.4732  10.7895  11.0938  11.3865  11.6681  11.9389  
2  4  5.94232  4.22856  0.00654664  0.156573  0.0284009  7.89268  8.23613  6.97687  7.43356  7.87058  8.28933  8.69086  9.07632  9.44653  9.80236  10.1443  10.4732  10.7895  11.0938  11.3865  11.668  11.9389  
1.86865  3.98249  5.61805  7.97447  1.26306  0.289477  0.00134446  0.229856  8.23649  6.97687  7.43356  7.87058  8.28933  8.69086  9.07632  9.44653  9.80236  10.1443  10.4732  10.7895  11.0938  11.3865  11.6681  11.9389  
1.94999  4  5.99947  6.74627  0.136644  0.212428  1.42479  1.22652  8.2365  6.97687  7.43356  7.87058  8.28933  8.69086  9.07632  9.44653  9.80236  10.1443  10.4732  10.7895  11.0938  11.3865  11.6681  11.9389  
1.99754  3.4256  5.99465  8  0.0058288  0.0394194  1.51275  0.988581  8.23648  6.97687  7.43356  7.87058  8.28933  8.69086  9.07632  9.44653  9.80236  10.1443  10.4732  10.7895  11.0938  11.3865  11.6681  11.9389  
1.99813  3.99068  5.59449  6.67557  1.13589  0.322295  1.34553  0.445322  8.23643  6.97687  7.43356  7.87058  8.28933  8.69086  9.07632  9.44653  9.80236  10.1443  10.4732  10.7895  11.0938  11.3865  11.668  11.9389  
1.99569  3.45855  5.66095  7.98182  0.108562  0.449695  1.42832  1.18285  8.23649  6.97687  7.43356  7.87058  8.28933  8.69086  9.07632  9.44653  9.80236  10.1443  10.4732  10.7895  11.0938  11.3865  11.6681  11.9389  
1.87881  3.92765  5.96543  6.69207  1.31866  0.341029  1.45531  0.186912  8.2364  6.97687  7.43356  7.87058  8.28933  8.69086  9.07632  9.44653  9.80236  10.1443  10.4732  10.7895  11.0938  11.3865  11.668  11.9389  
1.9956  2.16191  6  7.99995  3.15707e-12  1.71631e-12  8.72779e-15  7.83565  8.23707  6.97687  7.43356  7.87058  8.28933  8.69086  9.07632  9.44653  9.80236  10.1443  10.4732  10.7895  11.0938  11.3866  11.6681  11.9389  
2  4  5.45137  0.921742  3.51384e-15  1.27547e-07  6.57316  5.58965  6.04095  6.46768  6.87428  7.25847  7.62313  7.97216  8.3081  8.61821  8.91887  9.20506  9.4814  9.73725  9.98505  10.2163  10.4424  10.6529  
1.79536  3.89102  5.98157  6.71225  1.21728  0.289625  1.59476  0.989023  8.2364  6.97687  7.43356  7.87058  8.28933  8.69086  9.07632  9.44653  9.80236  10.1443  10.4732  10.7895  11.0938  11.3865  11.668  11.9389  
1.99694  3.79252  5.91309  5.7163  2.33486e-08  7.56667e-07  4.71269e-08  6.10129  8.23649  6.97687  7.43356  7.87058  8.28933  8.69086  9.07632  9.44653  9.80236  10.1443  10.4732  10.7895  11.0938  11.3865  11.6681  11.9389  
1.88239  3.29337  5.68185  7.99919  1.21152  0.0282367  1.79362  1.03924  8.2365  6.97687  7.43356  7.87058  8.28933  8.69086  9.07632  9.44653  9.80236  10.1443  10.4732  10.7895  11.0938  11.3865  11.6681  11.9389  
1.99961  3.92401  5.35469  5.66202  5.17827e-06  6.60426e-06  9.1964e-06  7.15161  8.23631  6.97687  7.43356  7.87058  8.28933  8.69086  9.07632  9.44653  9.80236  10.1443  10.4732  10.7895  11.0938  11.3865  11.668  11.9389  
1.9052  3.33692  5.69157  7.29763  8.42245e-09  9.54646e-05  1.04755e-08  6.08555  8.23649  6.97687  7.43356  7.87058  8.28933  8.69086  9.07632  9.44653  9.80236  10.1443  10.4732  10.7895  11.0938  11.3865  11.6681  11.9389  
1.80531  3.89302  5.91463  5.71858  5.02729e-06  6.6042e-06  9.19639e-06  7.22367  8.23637  6.97687  7.43356  7.87058  8.28933  8.69086  9.07632  9.44653  9.80236  10.1443  10.4732  10.7895  11.0938  11.3865  11.668  11.9389  
1.69356  3.18418  6  8  3.68559e-10  9.53749e-07  4.60401e-08  6.1625  8.23641  6.97687  7.43356  7.87058  8.28933  8.69086  9.07632  9.44653  9.80236  10.1443  10.4732  10.7895  11.0938  11.3865  11.668  11.9389  
1.98987  3.9962  5.53641  4.5057  0.127282  0.297365  0.149126  7.53173  6.29821  6.75414  7.18848  7.60291  7.9987  8.37696  8.7389  9.0861  9.41725  9.73482  10.0392  10.3309  10.6104  10.8774  11.1337  11.3792  
1.85311  3.36909  5.53429  6.8259  8.24821e-09  3.89475e-15  1.30172e-12  7.73687  8.23712  6.97687  7.43356  7.87058  8.28933  8.69086  9.07632  9.44653  9.80236  10.1443  10.4732  10.7895  11.0938  11.3866  11.6681  11.9389  
1.79253  3.9222  5.37315  5.61861  0.220798  0.291254  0.19097  7.89312  8.23613  6.97687  7.43356  7.87058  8.28933  8.69086  9.07632  9.44653  9.80236  10.1443  10.4732  10.7895  11.0938  11.3865  11.668  11.9389  
1.68121  3.15268  5.66395  7.96506  1.06457e-10  1.02875e-13  8.65761e-15  7.35339  8.23653  6.97687  7.43356  7.87058  8.28933  8.69086  9.07632  9.44653  9.80236  10.1443  10.4732  10.7895  11.0938  11.3865  11.6681  11.9389  
1.96466  3.78321  5.51286  4.50204  0.127282  0.76991  0.58115  7.53173  6.29821  6.75414  7.18848  7.60291  7.99883  8.37696  8.7389  9.0861  9.41725  9.73482  10.0392  10.3309  10.6104  10.8774  11.1337  11.3792  
1.6953  3.25788  4.99023  7.96149  0.187143  0.297878  0.0298559  7.89288  8.23651  6.97687  7.43356  7.87058  8.28933  8.69086  9.07632  9.44653  9.80236  10.1443  10.4732  10.7895  11.0938  11.3865  11.6681  11.9389  
1.57267  3.99943  5.37493  5.81259  1.05428  0.238815  0.0106712  7.89288  8.23648  6.97687  7.43356  7.87058  8.28933  8.69086  9.07632  9.44653  9.80236  10.1443  10.4732  10.7895  11.0938  11.3865  11.6681  11.9389  
0.245903  3.85976  5.99997  7.99995  1.9082e-16  2.16613e-15  6.02626  6.93857  6.22156  6.66897  7.09466  7.50066  7.88691  8.25671  8.60907  8.94647  9.26871  9.57725  9.87216  10.1539  10.4238  10.6814  10.9272  11.1637  
1.99873  3.99257  0.867616  2.90074  1.89147e-19  4.49844  4.69352  5.11266  5.50029  5.86215  6.20815  6.53051  6.82376  7.11819  7.37986  7.62609  7.85023  8.07391  8.27266  8.46894  8.6417  8.82015  8.96523  9.08893  
1.56305  3.805  5.36547  5.77404  1.09403  0.759365  0.184881  7.89311  8.23641  6.97687  7.43356  7.87058  8.28933  8.69086  9.07632  9.44653  9.80236  10.1443  10.4732  10.7895  11.0938  11.3865  11.6681  11.9389  
1.85931  3.80248  5.07329  4.42055  1.45333  0.78679  0.543237  7.53173  6.29821  6.75414  7.18848  7.60291  7.99871  8.37696  8.7389  9.0861  9.41725  9.73482  10.0395  10.3309  10.6104  10.8774  11.1337  11.3792  
1.99351  2.2203  4.98391  7.91662  0.461132  0.796812  0.471443  6.93353  6.22138  6.66858  7.09431  7.49992  7.88677  8.2563  8.60899  8.94647  9.26871  9.57684  9.87197  10.1538  10.4234  10.6809  10.9273  11.1636  
1.98925  3.82158  5.36574  2.95303  2.30845  0.76743  0.277954  7.53173  6.29821  6.75414  7.18848  7.60291  7.99882  8.37696  8.7389  9.0861  9.41725  9.73482  10.0392  10.3309  10.6104  10.8774  11.1337  11.3792  
1.99725  2.4307  5.02694  6.71269  1.04855  1.30116  0.30444  6.93339  6.22138  6.66858  7.09431  7.49992  7.88677  8.2563  8.60899  8.94647  9.26871  9.57684  9.87197  10.1538  10.4234  10.6809  10.9272  11.1637  
1.98969  3.1232  5.38838  4.21059  2.58887  0.367091  0.402217  6.93339  6.22139  6.66858  7.09431  7.49992  7.88677  8.2563  8.60899  8.94647  9.26871  9.57684  9.87197  10.1538  10.4234  10.6809  10.9272  11.1637  
1.86177  1.89898  5.91731  7.57186  0.461038  1.20163  0.471443  6.93344  6.22138  6.66858  7.09431  7.49992  7.88677  8.2563  8.60899  8.94647  9.26871  9.57684  9.87197  10.1538  10.4234  10.6809  10.9273  11.1636  
2  3.92415  5.86326  1.22453  1.80585e-15  8.369e-16  5.38049  5.59178  6.04422  6.47262  6.87568  7.26269  7.62927  7.97513  8.30865  8.62482  8.92511  9.2105  9.4833  9.7407  9.99088  10.2261  10.4495  10.6663  
1.98969  2.43492  5.01825  5.76478  2.58887  0.924831  0.304294  6.93339  6.22139  6.66858  7.09431  7.49992  7.88677  8.2563  8.60899  8.94647  9.26871  9.57684  9.87197  10.1538  10.4234  10.6809  10.9272  11.1637  
1.99727  3.1891  5.54585  2.92612  0.000588955  0.00077067  6.1873  7.53173  6.29821  6.75414  7.18848  7.60291  7.99871  8.37696  8.7389  9.0861  9.41725  9.73482  10.0392  10.3309  10.6104  10.8774  11.1337  11.3792  
1.86848  1.76211  5.09945  7.84799  0.453996  0.79578  2.81197  6.93343  6.22139  6.66858  7.09431  7.49992  7.88678  8.2563  8.60899  8.94647  9.26871  9.57684  9.87197  10.1538  10.4234  10.6809  10.9273  11.1637  
2  3.52357  5.93883  1.22438  0.00212827  8.369e-16  6.58301  5.59178  6.04224  6.46959  6.87481  7.2603  7.62679  7.97477  8.3058  8.62223  8.92266  9.20873  9.4833  9.7407  9.99088  10.2261  10.4495  10.6585  
1.98964  1.79401  5.09945  6.36737  0.00219461  1.80996e-05  6.00413  6.93338  6.22138  6.66858  7.09431  7.49992  7.88678  8.2563  8.60899  8.94647  9.26871  9.57684  9.87197  10.1538  10.4234  10.6809  10.9272  11.1636  
1.52327  3.59374  5.61745  3.1796  0.0259581  0.0822455  5.16354  5.38595  5.81257  6.21338  6.59358  6.94993  7.28876  7.60976  7.91267  8.19992  8.47298  8.72852  8.97353  9.2022  9.41929  9.624  9.81654  9.99769  
1.86971  1.0769  5.96869  8  0.454223  0.796032  2.90676  6.93343  6.22138  6.66858  7.09431  7.49992  7.88678  8.2563  8.60899  8.94647  9.26871  9.57684  9.87197  10.1538  10.4234  10.6809  10.9273  11.1637  
2  4  5.35266  0.339865  0.175457  0.585487  4.97649  5.35846  5.78295  6.17939  6.55477  6.9096  7.24467  7.56322  7.86038  8.14369  8.41229  8.66728  8.90564  9.13215  9.34398  9.54856  9.73418  9.91925  
1.97424  2.20541  5.87234  3.23233  0.624244  0.234588  5.16429  5.38595  5.81257  6.21338  6.59358  6.95067  7.28876  7.60976  7.91267  8.19992  8.47298  8.7289  8.97353  9.2022  9.41929  9.624  9.81654  9.99769  
1.56843  3.98044  2.5895  5.2803  0  2.77556e-17  4.67798  5.09526  5.48245  5.84589  6.18588  6.50517  6.80431  7.08255  7.34749  7.59291  7.82224  8.03717  8.23879  8.42497  8.59803  8.7616  8.91342  9.04974  
0.714886  3.59357  5.11494  6.81129  0.399258  0.00413699  4.9007  5.3485  5.76989  6.16601  6.54015  6.89306  7.22658  7.54247  7.83992  8.1221  8.38826  8.63974  8.87731  9.10252  9.31416  9.51283  9.70035  9.87676  
1.99137  3.56159  5.3722  0.330247  2.01756e-16  6.245e-16  4.39748  4.9725  5.34536  5.69271  6.01658  6.31875  6.60061  6.86357  7.10854  7.33666  7.54885  7.74574  7.92816  8.09693  8.25245  8.39525  8.52612  8.64543  
1.76607  1.85905  5.10043  5.04816  0.233053  1.11788  4.80853  5.24286  5.65088  6.03266  6.39193  6.73237  7.05171  7.35282  7.6346  7.90114  8.15281  8.38932  8.61586  8.82479  9.02041  9.20088  9.37159  9.53453  
1.54521  3.40983  5.74136  1.37865  2.13601  0.424261  5.16707  5.38595  5.81257  6.21338  6.59358  6.9507  7.28959  7.60976  7.91267  8.19992  8.47298  8.72852  8.97353  9.2022  9.41929  9.624  9.81654  9.99769  
0.220422  3.79772  5.81074  7.49131  0.162233  0.231319  4.90097  5.3485  5.76989  6.16601  6.54015  6.89306  7.22658  7.54247  7.83992  8.1221  8.38826  8.64021  8.87731  9.10252  9.31416  9.51283  9.70035  9.87676  
1.94944  3.83481  2.59342  2.92518  0.114993  0.809499  4.57163  4.9725  5.34536  5.6927  6.01658  6.31874  6.60061  6.86352  7.10853  7.33666  7.54885  7.74574  7.92816  8.09687  8.25245  8.39525  8.5261  8.64543  
1.74137  1.96061  2.60292  6.99526  0.998315  0.439349  4.56324  4.96289  5.3345  5.68062  6.00316  6.30399  6.58446  6.84617  7.08974  7.3165  7.52713  7.72249  7.90386  8.07123  8.22494  8.36648  8.4959  8.61361  
1.55616  3.57164  1.84918  5.26926  1.70838  0.0190008  4.57163  4.97249  5.34536  5.6927  6.01658  6.31874  6.60061  6.86352  7.10853  7.33666  7.54885  7.74574  7.92816  8.09687  8.25245  8.39525  8.52611  8.64543  
0.166972  3.7593  5.26683  6.84824  0.424602  0.0714909  4.56324  4.96289  5.3345  5.68062  6.00316  6.30399  6.58446  6.84617  7.08974  7.3165  7.52713  7.72297  7.90386  8.07123  8.22494  8.36651  8.4959  8.61361  
1.76638  3.68919  2.61699  2.92757  2.01756e-16  2.43204  4.57163  4.9725  5.34536  5.6927  6.01658  6.31874  6.60061  6.86352  7.10854  7.33666  7.54885  7.74574  7.92816  8.09687  8.25245  8.39525  8.5261  8.64543  
1.94189  0.638523  5.23187  4.5625  0  5.12576  4.90097  5.3485  5.76989  6.16601  6.54015  6.89306  7.22658  7.54247  7.83992  8.1221  8.38826  8.63974  8.87731  9.10252  9.31416  9.51283  9.70035  9.87676  
1.76238  2.38592  2.3042  5.10996  0  4.2158  4.6444  5.05525  5.43767  5.79803  6.13315  6.44728  6.74015  7.01458  7.27108  7.51187  7.73585  7.94563  8.1383  8.32434  8.4898  8.64466  8.78955  8.92092  
0.773674  0.57264  5.85913  7.94718  0  4.19967  4.64151  5.0532  5.43592  5.79411  6.1295  6.44149  6.73537  7.00937  7.266  7.50483  7.72935  7.93965  8.13274  8.31204  8.4804  8.6358  8.77916  8.91126  
1.99062  3.98872  0.062606  0.0819432  4.52134  4.13964  4.57163  4.9725  5.34536  5.69271  6.01658  6.31875  6.60061  6.86352  7.10854  7.33666  7.54885  7.74574  7.92816  8.09687  8.25245  8.39525  8.52611  8.64543  
1.96821  1.71973  1.83974  5.37068  1.00047  4.18642  4.62608  5.03472  5.41605  5.77227  6.10386  6.41446  6.7043  6.97671  7.23061  7.46773  7.68906  7.89509  8.08687  8.26451  8.42988  8.58251  8.72394  8.85105  
1.55264  3.92408  1.98355  2.9252  0.117156  4.13963  4.57163  4.9725  5.34536  5.6927  6.01658  6.31874  6.60061  6.86352  7.10854  7.33666  7.54885  7.74574  7.92816  8.09687  8.25245  8.39525  8.52611  8.64543  
0.262299  3.42158  3.90323  5.72869  1.08029  4.13245  4.56325  4.96289  5.3345  5.68062  6.00317  6.304  6.58446  6.84617  7.08974  7.3165  7.52713  7.72292  7.90386  8.07123  8.22494  8.36651  8.49591  8.61361  
1.78843  3.98744  2.52518  1.15912  0.0846881  4.13963  4.57163  4.9725  5.34536  5.6927  6.01658  6.31874  6.60061  6.86352  7.10853  7.33666  7.54885  7.74574  7.92816  8.09687  8.25245  8.39525  8.5261  8.64543  
1.98648  0.650089  5.82965  0.713893  2.44563  4.13244  4.56324  4.96289  5.3345  5.68062  6.00316  6.30399  6.58446  6.84617  7.08974  7.3165  7.52713  7.72253  7.90386  8.07123  8.22494  8.36648  8.4959  8.61361  
1.54891  3.19231  1.81867  3.21856  1.87339  4.13964  4.57163  4.9725  5.34536  5.69271  6.01658  6.31875  6.60061  6.86353  7.10854  7.33666  7.54885  7.74574  7.92816  8.09687  8.25245  8.39525  8.52611  8.64543  
0.828468  1.26156  5.98343  5.0429  1.03969  4.13244  4.56324  4.96289  5.3345  5.68062  6.00316  6.30399  6.58446  6.84617  7.08974  7.3165  7.52713  7.72292  7.90386  8.07123  8.22494  8.36651  8.4959  8.61361  
1.9926  3.80986  2.5128  0.248477  0.666762  4.13964  4.57163  4.9725  5.34536  5.69271  6.01658  6.31875  6.60061  6.86353  7.10854  7.33666  7.54885  7.74574  7.92816  8.09687  8.25245  8.39525  8.52611  8.64543  
1.99477  0.903166  0.369489  6.28722  4.2158  4.18642  4.62608  5.03472  5.41605  5.77227  6.10386  6.41446  6.7043  6.97671  7.23061  7.46773  7.68906  7.89557  8.08687  8.26451  8.42988  8.58251  8.72394  8.85105  
1.7837  3.03665  2.50069  1.08327  2.62096  4.13963  4.57163  4.9725  5.34536  5.6927  6.01658  6.31874  6.60061  6.86352  7.10853  7.33666  7.54885  7.74574  7.92816  8.09687  8.25245  8.39525  8.5261  8.64543  
0.773217  1.31742  3.68367  5.50383  4.81906  4.19967  4.64151  5.0532  5.43592  5.79411  6.1295  6.44149  6.73537  7.00937  7.266  7.50483  7.72935  7.93965  8.13274  8.31204  8.4804  8.6358  8.77916  8.91021  
1.70086  3.85492  2.43218  0.186659  2.22446  4.13963  4.57163  4.9725  5.34536  5.6927  6.01658  6.31874  6.60061  6.86352  7.10854  7.33666  7.54885  7.74574  7.92816  8.09687  8.25245  8.39525  8.5261  8.64543  
0.116913  3.45916  3.70972  2.61376  5.92741  4.13454  4.56324  4.96289  5.3345  5.68062  6.00316  6.30399  6.58446  6.84617  7.08974  7.3165  7.52713  7.72253  7.90386  8.07123  8.22494  8.36648  8.49591  8.61361  
1.98819  1.73268  2.42359  1.3274  4.63993  4.13262  4.56324  4.96289  5.3345  5.68062  6.00316  6.30399  6.58446  6.84617  7.08974  7.3165  7.52713  7.72249  7.90386  8.07123  8.22494  8.36648  8.49576  8.61361  
0.685662  0.47765  5.98343  7.94807  0.082008  4.13244  4.56324  4.96289  5.3345  5.68062  6.00316  6.30399  6.58446  6.84617  7.08974  7.3165  7.52713  7.72293  7.90386  8.07123  8.22494  8.3665  8.4959  8.61361  
1.99397  3.91573  0.929872  1.05572  2.02434  4.13963  4.57163  4.97249  5.34536  5.6927  6.01658  6.31873  6.60061  6.86351  7.10852  7.33666  7.54885  7.74574  7.92816  8.09687  8.25245  8.39525  8.5261  8.64543  
1.97575  0.927379  2.48172  1.27654  4.85695  3.80464  4.17651  4.51876  4.83166  5.11763  5.37923  5.61785  5.83539  6.03357  6.21236  6.37391  6.51935  6.64852  6.764  6.86445  6.95147  7.02694  7.08932  7.1414  
1.56811  3.55812  0.645252  1.85631  4.52134  4.13964  4.57163  4.9725  5.34536  5.69271  6.01658  6.31875  6.60061  6.86353  7.10854  7.33666  7.54885  7.74574  7.92816  8.09687  8.25245  8.39525  8.52611  8.64543  
0.563881  1.38149  3.44713  2.98546  6.54012  3.70749  4.06744  4.39189  4.6878  4.95564  5.20202  5.42112  5.62393  5.79918  5.96137  6.10428  6.23083  6.34027  6.43856  6.5181  6.58777  6.64304  6.69023  6.72019  
1.76466  3.81118  0.301855  1.02186  4.52135  4.13964  4.57163  4.9725  5.34536  5.69271  6.01658  6.31875  6.60061  6.86353  7.10854  7.33666  7.54885  7.74574  7.92816  8.09687  8.25245  8.39525  8.52611  8.64543  
0.018732  3.512  2.51402  1.27972  8.12173  3.80581  4.17651  4.51876  4.83166  5.11763  5.37923  5.61785  5.83539  6.03357  6.21236  6.37391  6.51935  6.64852  6.764  6.86445  6.95147  7.02694  7.08933  7.1414  
1.97077  1.88351  0.455246  2.05427  4.89658  3.80499  4.17651  4.51876  4.83166  5.11763  5.37923  5.61785  5.83539  6.03357  6.21236  6.37391  6.51935  6.64852  6.764  6.86445  6.95147  7.02694  7.08932  7.1414  
0.0341359  1.17699  4.33861  7.82572  4.48568  4.13245  4.56325  4.96289  5.3345  5.68062  6.00316  6.304  6.58446  6.84617  7.08974  7.3165  7.52713  7.72292  7.90386  8.07123  8.22494  8.36651  8.49591  8.61361  
1.88039  3.85424  0.643525  0.0172647  4.52132  4.13963  4.57163  4.9725  5.34536  5.6927  6.01658  6.31874  6.60061  6.86352  7.10853  7.33666  7.54885  7.74574  7.92816  8.09687  8.25245  8.39525  8.5261  8.64543  
0.0449478  3.97475  0.318505  2.37348  9.12659  3.80479  4.17651  4.51876  4.83166  5.11763  5.37923  5.61785  5.83539  6.03357  6.21236  6.37391  6.51935  6.64852  6.764  6.86445  6.95147  7.02694  7.08933  7.1414  
1.58721  3.08374  0.193656  1.41562  5.05101  3.80254  4.17651  4.51876  4.83166  5.11763  5.37923  5.61785  5.83539  6.03357  6.21236  6.37391  6.51935  6.64852  6.764  6.86445  6.95147  7.02694  7.08934  7.1414  
0.0601045  1.32232  2.69694  1.93285  9.31349  4.02366  3.6347  3.89252  4.11473  4.31456  4.48613  4.63276  4.75977  4.8653  4.95378  5.02303  5.07841  5.11056  5.13577  5.14929  5.14247  5.12897  5.10568  5.07884  
1.55278  3.92526  0.0492975  1.02321  5.71452  4.13964  4.57163  4.9725  5.34536  5.6927  6.01658  6.31873  6.60061  6.86351  7.10852  7.33666  7.54885  7.74574  7.92816  8.09687  8.25245  8.39525  8.5261  8.64543  
0.664025  1.29024  0.382537  1.68885  8.8178  6.92398  3.76968  4.05092  4.29787  4.52223  4.71715  4.89255  5.03712  5.17299  5.27917  5.37191  5.44941  5.50711  5.55354  5.58696  5.607  5.61718  5.61172  5.59105  
1.99176  1.25051  0.745415  0.0672597  8.37301  3.80649  4.17651  4.51876  4.83166  5.11763  5.37923  5.61785  5.83539  6.03357  6.21236  6.37391  6.51935  6.64852  6.764  6.86445  6.95147  7.02694  7.08933  7.1414  
0.161606  0.113589  5.90805  7.35005  4.48568  4.13245  4.56325  4.96289  5.3345  5.68062  6.00317  6.304  6.58446  6.84617  7.08974  7.3165  7.52713  7.72292  7.90386  8.07123  8.22494  8.36651  8.49591  8.61361  
1.98141  3.95238  0.0906867  0.154031  4.52132  4.13963  4.57163  4.9725  5.34536  5.6927  6.01658  6.31874  6.60061  6.86352  7.10853  7.33666  7.54885  7.74574  7.92816  8.09687  8.25245  8.39525  8.5261  8.64543  
0.597118  3.58317  0.282072  0.0549647  9.75596  3.6998  4.05535  4.37935  4.67273  4.94562  5.18036  5.40239  5.60227  5.77613  5.93345  6.07591  6.20734  6.30406  6.41285  6.48782  6.55559  6.60919  6.65279  6.70054  
1.46949  3.81664  0.0720648  0.148313  5.59319  3.80254  4.17651  4.51876  4.83166  5.11763  5.37923  5.61785  5.83539  6.03358  6.21236  6.37391  6.51935  6.64852  6.764  6.86445  6.95147  7.02694  7.08934  7.1414  
0.0410594  0.0472297  5.98755  7.85897  4.48568  4.13245  4.56325  4.96289  5.3345  5.68062  6.00317  6.304  6.58446  6.84617  7.08974  7.3165  7.52713  7.72292  7.90386  8.07123  8.22494  8.36651  8.49591  8.61361  
