7.70078e-14  2.37761e-14  0.5  0.5  0.5  0.5  0.5  0.5  0.5  0.5  0.5  0.5  
0.0352771  0.0353314  0.5  0.5  0.5  0.5  0.5  0.5  0.5  0.5  0.5  0.5  
0.026003  0.0782494  0.5  0.5  0.5  0.5  0.5  0.5  0.5  0.5  0.5  0.5  
0.0990793  0.0333108  0.5  0.5  0.5  0.5  0.5  0.5  0.5  0.5  0.5  0.5  
0.0194288  0.137101  0.5  0.5  0.5  0.5  0.5  0.5  0.5  0.5  0.5  0.5  
0.112738  0.0684911  0.5  0.5  0.5  0.5  0.5  0.5  0.5  0.5  0.5  0.5  
0.075547  0.127353  0.5  0.5  0.5  0.5  0.5  0.5  0.5  0.5  0.5  0.5  
0.193965  0.0286094  0.5  0.5  0.5  0.5  0.5  0.5  0.5  0.5  0.5  0.5  
0.0147159  0.225462  0.5  0.5  0.5  0.5  0.5  0.5  0.5  0.5  0.5  0.5  
0.148111  0.117996  0.5  0.5  0.5  0.5  0.5  0.5  0.5  0.5  0.5  0.5  
0.0871331  0.19598  0.5  0.5  0.5  0.5  0.5  0.5  0.5  0.5  0.5  0.5  
0.243044  0.0590653  0.5  0.5  0.5  0.5  0.5  0.5  0.5  0.5  0.5  0.5  
0.0579459  0.258871  0.5  0.5  0.5  0.5  0.5  0.5  0.5  0.5  0.5  0.5  
0.232171  0.111035  0.5  0.5  0.5  0.5  0.5  0.5  0.5  0.5  0.5  0.5  
0.154713  0.206531  0.5  0.5  0.5  0.5  0.5  0.5  0.5  0.5  0.5  0.5  
0.340353  0.0251271  0.5  0.5  0.5  0.5  0.5  0.5  0.5  0.5  0.5  0.5  
0.0111402  0.365063  0.5  0.5  0.5  0.5  0.5  0.5  0.5  0.5  0.5  0.5  
0.216633  0.202269  0.5  0.5  0.5  0.5  0.5  0.5  0.5  0.5  0.5  0.5  
0.115319  0.310089  0.5  0.5  0.5  0.5  0.5  0.5  0.5  0.5  0.5  0.5  
0.341805  0.106599  0.5  0.5  0.5  0.5  0.5  0.5  0.5  0.5  0.5  0.5  
0.0662258  0.381308  0.5  0.5  0.5  0.5  0.5  0.5  0.5  0.5  0.5  0.5  
0.311772  0.180147  0.5  0.5  0.5  0.5  0.5  0.5  0.5  0.5  0.5  0.5  
0.195898  0.307528  0.5  0.5  0.5  0.5  0.5  0.5  0.5  0.5  0.5  0.5  
0.441801  0.0548185  0.5  0.5  0.5  0.5  0.5  0.5  0.5  0.5  0.5  0.5  
0.0431701  0.455943  0.5  0.5  0.5  0.5  0.5  0.5  0.5  0.5  0.5  0.5  
0.320164  0.245659  0.5  0.5  0.5  0.5  0.5  0.5  0.5  0.5  0.5  0.5  
0.182835  0.381378  0.5  0.5  0.5  0.5  0.5  0.5  0.5  0.5  0.5  0.5  
0.466487  0.106586  0.5  0.5  0.5  0.5  0.5  0.5  0.5  0.5  0.5  0.5  
0.116296  0.458696  0.5  0.5  0.5  0.5  0.5  0.5  0.5  0.5  0.5  0.5  
0.428351  0.201882  0.5  0.5  0.5  0.5  0.5  0.5  0.5  0.5  0.5  0.5  
0.283555  0.363952  0.5  0.5  0.5  0.5  0.5  0.5  0.5  0.5  0.5  0.5  
0.561859  0.0249645  0.5  0.5  0.5  0.5  0.5  0.5  0.5  0.5  0.5  0.5  
0.00796707  0.578305  0.5  0.5  0.5  0.5  0.5  0.5  0.5  0.5  0.5  0.5  
0.335822  0.368662  0.5  0.5  0.5  0.5  0.5  0.5  0.5  0.5  0.5  0.5  
0.161435  0.508516  0.5  0.5  0.5  0.5  0.5  0.5  0.5  0.5  0.5  0.5  
0.515592  0.208372  0.5  0.5  0.5  0.5  0.5  0.5  0.5  0.5  0.5  0.5  
0.0818564  0.579969  0.5  0.5  0.5  0.5  0.5  0.5  0.5  0.5  0.5  0.5  
0.455332  0.324036  0.5  0.5  0.5  0.5  0.5  0.5  0.5  0.5  0.5  0.5  
0.268415  0.493363  0.5  0.5  0.5  0.5  0.5  0.5  0.5  0.5  0.5  0.5  
0.61714  0.114472  0.5  0.5  0.5  0.5  0.5  0.5  0.5  0.5  0.5  0.5  
0.0455613  0.641924  0.5  0.5  0.5  0.5  0.5  0.5  0.5  0.5  0.5  0.5  
0.438358  0.41008  0.5  0.5  0.5  0.5  0.5  0.5  0.5  0.5  0.5  0.5  
0.231088  0.567263  0.5  0.5  0.5  0.5  0.5  0.5  0.5  0.5  0.5  0.5  
0.625499  0.201399  0.5  0.5  0.5  0.5  0.5  0.5  0.5  0.5  0.5  0.5  
0.134818  0.638951  0.5  0.5  0.5  0.5  0.5  0.5  0.5  0.5  0.5  0.5  
0.564409  0.346359  0.5  0.5  0.5  0.5  0.5  0.5  0.5  0.5  0.5  0.5  
0.356018  0.54509  0.5  0.5  0.5  0.5  0.5  0.5  0.5  0.5  0.5  0.5  
0.713193  0.0645486  0.5  0.5  0.5  0.5  0.5  0.5  0.5  0.5  0.5  0.5  
0.0283692  0.722811  0.5  0.5  0.5  0.5  0.5  0.5  0.5  0.5  0.5  0.5  
0.458281  0.517724  0.5  0.5  0.5  0.5  0.5  0.5  0.5  0.5  0.5  0.5  
0.22212  0.661083  0.5  0.5  0.5  0.5  0.5  0.5  0.5  0.5  0.5  0.5  
0.673432  0.298912  0.5  0.5  0.5  0.5  0.5  0.5  0.5  0.5  0.5  0.5  
0.118335  0.721851  0.5  0.5  0.5  0.5  0.5  0.5  0.5  0.5  0.5  0.5  
0.594409  0.458767  0.5  0.5  0.5  0.5  0.5  0.5  0.5  0.5  0.5  0.5  
0.352885  0.644781  0.5  0.5  0.5  0.5  0.5  0.5  0.5  0.5  0.5  0.5  
0.764758  0.140416  0.5  0.5  0.5  0.5  0.5  0.5  0.5  0.5  0.5  0.5  
0.0728212  0.770145  0.5  0.5  0.5  0.5  0.5  0.5  0.5  0.5  0.5  0.5  
0.557696  0.558671  0.5  0.5  0.5  0.5  0.5  0.5  0.5  0.5  0.5  0.5  
0.297208  0.710625  0.5  0.5  0.5  0.5  0.5  0.5  0.5  0.5  0.5  0.5  
0.764634  0.27752  0.5  0.5  0.5  0.5  0.5  0.5  0.5  0.5  0.5  0.5  
0.177428  0.768772  0.5  0.5  0.5  0.5  0.5  0.5  0.5  0.5  0.5  0.5  
0.691774  0.48281  0.5  0.5  0.5  0.5  0.5  0.5  0.5  0.5  0.5  0.5  
0.441859  0.692908  0.5  0.5  0.5  0.5  0.5  0.5  0.5  0.5  0.5  0.5  
0.835404  0.0374932  0.5  0.5  0.5  0.5  0.5  0.5  0.5  0.5  0.5  0.5  
0.00486048  0.842863  0.5  0.5  0.5  0.5  0.5  0.5  0.5  0.5  0.5  0.5  
0.475933  0.710807  0.5  0.5  0.5  0.5  0.5  0.5  0.5  0.5  0.5  0.5  
0.203888  0.807974  0.5  0.5  0.5  0.5  0.5  0.5  0.5  0.5  0.5  0.5  
0.739734  0.528156  0.5  0.5  0.5  0.5  0.5  0.5  0.5  0.5  0.5  0.5  
0.0940048  0.846891  0.5  0.5  0.5  0.5  0.5  0.5  0.5  0.5  0.5  0.5  
0.626987  0.677351  0.5  0.5  0.5  0.5  0.5  0.5  0.5  0.5  0.5  0.5  
0.33999  0.804978  0.5  0.5  0.5  0.5  0.5  0.5  0.5  0.5  0.5  0.5  
0.844191  0.356638  0.5  0.5  0.5  0.5  0.5  0.5  0.5  0.5  0.5  0.5  
0.0471971  0.879231  0.5  0.5  0.5  0.5  0.5  0.5  0.5  0.5  0.5  0.5  
0.566391  0.759655  0.5  0.5  0.5  0.5  0.5  0.5  0.5  0.5  0.5  0.5  
0.273604  0.850624  0.5  0.5  0.5  0.5  0.5  0.5  0.5  0.5  0.5  0.5  
0.820877  0.54751  0.5  0.5  0.5  0.5  0.5  0.5  0.5  0.5  0.5  0.5  
0.149207  0.884911  0.5  0.5  0.5  0.5  0.5  0.5  0.5  0.5  0.5  0.5  
0.714062  0.726489  0.5  0.5  0.5  0.5  0.5  0.5  0.5  0.5  0.5  0.5  
0.422077  0.85097  0.5  0.5  0.5  0.5  0.5  0.5  0.5  0.5  0.5  0.5  
0.908701  0.262237  0.5  0.5  0.5  0.5  0.5  0.5  0.5  0.5  0.5  0.5  
0.0256718  0.922193  0.5  0.5  0.5  0.5  0.5  0.5  0.5  0.5  0.5  0.5  
0.540739  0.849438  0.5  0.5  0.5  0.5  0.5  0.5  0.5  0.5  0.5  0.5  
0.243491  0.907251  0.5  0.5  0.5  0.5  0.5  0.5  0.5  0.5  0.5  0.5  
0.817626  0.724022  0.5  0.5  0.5  0.5  0.5  0.5  0.5  0.5  0.5  0.5  
0.122668  0.930903  0.5  0.5  0.5  0.5  0.5  0.5  0.5  0.5  0.5  0.5  
0.693887  0.842927  0.5  0.5  0.5  0.5  0.5  0.5  0.5  0.5  0.5  0.5  
0.388997  0.915558  0.5  0.5  0.5  0.5  0.5  0.5  0.5  0.5  0.5  0.5  
0.922262  0.555618  0.5  0.5  0.5  0.5  0.5  0.5  0.5  0.5  0.5  0.5  
0.0714705  0.953315  0.5  0.5  0.5  0.5  0.5  0.5  0.5  0.5  0.5  0.5  
0.624287  0.904885  0.5  0.5  0.5  0.5  0.5  0.5  0.5  0.5  0.5  0.5  
0.315355  0.947016  0.5  0.5  0.5  0.5  0.5  0.5  0.5  0.5  0.5  0.5  
0.884604  0.800079  0.5  0.5  0.5  0.5  0.5  0.5  0.5  0.5  0.5  0.5  
0.181151  0.96504  0.5  0.5  0.5  0.5  0.5  0.5  0.5  0.5  0.5  0.5  
0.768959  0.91483  0.5  0.5  0.5  0.5  0.5  0.5  0.5  0.5  0.5  0.5  
0.46961  0.961835  0.5  0.5  0.5  0.5  0.5  0.5  0.5  0.5  0.5  0.5  
0.977222  0.46665  0.5  0.5  0.5  0.5  0.5  0.5  0.5  0.5  0.5  0.5  
0.0152724  0.986559  0.5  0.5  0.5  0.5  0.5  0.5  0.5  0.5  0.5  0.5  
0.529656  0.979558  0.5  0.5  0.5  0.5  0.5  0.5  0.5  0.5  0.5  0.5  
0.22913  0.991105  0.5  0.5  0.5  0.5  0.5  0.5  0.5  0.5  0.5  0.5  
0.81855  0.986255  0.5  0.5  0.5  0.5  0.5  0.5  0.5  0.5  0.5  0.5  
