0  4.16334e-17  0.5  0.5  0.5  0.5  0.5  0.5  0.5  0.5  0.5  0.5  
0.0352771  0.0353314  0.5  0.5  0.5  0.5  0.5  0.5  0.5  0.5  0.5  0.5  
0.026003  0.0782492  0.5  0.5  0.5  0.5  0.5  0.5  0.5  0.5  0.5  0.5  
0.0990794  0.0333109  0.5  0.5  0.5  0.5  0.5  0.5  0.5  0.5  0.5  0.5  
0.0194288  0.137101  0.5  0.5  0.5  0.5  0.5  0.5  0.5  0.5  0.5  0.5  
0.112738  0.068491  0.5  0.5  0.5  0.5  0.5  0.5  0.5  0.5  0.5  0.5  
0.0755469  0.127353  0.5  0.5  0.5  0.5  0.5  0.5  0.5  0.5  0.5  0.5  
0.193964  0.0286093  0.5  0.5  0.5  0.5  0.5  0.5  0.5  0.5  0.5  0.5  
0.014716  0.225462  0.5  0.5  0.5  0.5  0.5  0.5  0.5  0.5  0.5  0.5  
0.148111  0.117996  0.5  0.5  0.5  0.5  0.5  0.5  0.5  0.5  0.5  0.5  
0.0871329  0.19598  0.5  0.5  0.5  0.5  0.5  0.5  0.5  0.5  0.5  0.5  
0.243043  0.0590653  0.5  0.5  0.5  0.5  0.5  0.5  0.5  0.5  0.5  0.5  
0.0579461  0.258871  0.5  0.5  0.5  0.5  0.5  0.5  0.5  0.5  0.5  0.5  
0.232171  0.111035  0.5  0.5  0.5  0.5  0.5  0.5  0.5  0.5  0.5  0.5  
0.154713  0.206531  0.5  0.5  0.5  0.5  0.5  0.5  0.5  0.5  0.5  0.5  
0.340353  0.025124  0.5  0.5  0.5  0.5  0.5  0.5  0.5  0.5  0.5  0.5  
0.0111402  0.365063  0.5  0.5  0.5  0.5  0.5  0.5  0.5  0.5  0.5  0.5  
0.216633  0.20227  0.5  0.5  0.5  0.5  0.5  0.5  0.5  0.5  0.5  0.5  
0.115319  0.310089  0.5  0.5  0.5  0.5  0.5  0.5  0.5  0.5  0.5  0.5  
0.341805  0.1066  0.5  0.5  0.5  0.5  0.5  0.5  0.5  0.5  0.5  0.5  
0.0662257  0.381308  0.5  0.5  0.5  0.5  0.5  0.5  0.5  0.5  0.5  0.5  
0.311772  0.180147  0.5  0.5  0.5  0.5  0.5  0.5  0.5  0.5  0.5  0.5  
0.195898  0.307527  0.5  0.5  0.5  0.5  0.5  0.5  0.5  0.5  0.5  0.5  
0.441799  0.0548638  0.5  0.5  0.5  0.5  0.5  0.5  0.5  0.5  0.5  0.5  
0.0431701  0.455943  0.5  0.5  0.5  0.5  0.5  0.5  0.5  0.5  0.5  0.5  
0.320164  0.24566  0.5  0.5  0.5  0.5  0.5  0.5  0.5  0.5  0.5  0.5  
0.182835  0.381378  0.5  0.5  0.5  0.5  0.5  0.5  0.5  0.5  0.5  0.5  
0.466486  0.106588  0.5  0.5  0.5  0.5  0.5  0.5  0.5  0.5  0.5  0.5  
0.116296  0.458696  0.5  0.5  0.5  0.5  0.5  0.5  0.5  0.5  0.5  0.5  
0.428356  0.201852  0.5  0.5  0.5  0.5  0.5  0.5  0.5  0.5  0.5  0.5  
0.283555  0.363952  0.5  0.5  0.5  0.5  0.5  0.5  0.5  0.5  0.5  0.5  
0.561861  0.0248454  0.5  0.5  0.5  0.5  0.5  0.5  0.5  0.5  0.5  0.5  
0.00796747  0.578305  0.5  0.5  0.5  0.5  0.5  0.5  0.5  0.5  0.5  0.5  
0.335822  0.368662  0.5  0.5  0.5  0.5  0.5  0.5  0.5  0.5  0.5  0.5  
0.161435  0.508516  0.5  0.5  0.5  0.5  0.5  0.5  0.5  0.5  0.5  0.5  
0.515597  0.208343  0.5  0.5  0.5  0.5  0.5  0.5  0.5  0.5  0.5  0.5  
0.0818564  0.579969  0.5  0.5  0.5  0.5  0.5  0.5  0.5  0.5  0.5  0.5  
0.455332  0.324037  0.5  0.5  0.5  0.5  0.5  0.5  0.5  0.5  0.5  0.5  
0.268415  0.493363  0.5  0.5  0.5  0.5  0.5  0.5  0.5  0.5  0.5  0.5  
0.617146  0.114401  0.5  0.5  0.5  0.5  0.5  0.5  0.5  0.5  0.5  0.5  
0.0455614  0.641924  0.5  0.5  0.5  0.5  0.5  0.5  0.5  0.5  0.5  0.5  
0.438358  0.410079  0.5  0.5  0.5  0.5  0.5  0.5  0.5  0.5  0.5  0.5  
0.231088  0.567262  0.5  0.5  0.5  0.5  0.5  0.5  0.5  0.5  0.5  0.5  
0.625497  0.201408  0.5  0.5  0.5  0.5  0.5  0.5  0.5  0.5  0.5  0.5  
0.134818  0.63895  0.5  0.5  0.5  0.5  0.5  0.5  0.5  0.5  0.5  0.5  
0.564405  0.346371  0.5  0.5  0.5  0.5  0.5  0.5  0.5  0.5  0.5  0.5  
0.356018  0.545089  0.5  0.5  0.5  0.5  0.5  0.5  0.5  0.5  0.5  0.5  
0.713184  0.0647693  0.5  0.5  0.5  0.5  0.5  0.5  0.5  0.5  0.5  0.5  
0.0283692  0.722811  0.5  0.5  0.5  0.5  0.5  0.5  0.5  0.5  0.5  0.5  
0.458282  0.517727  0.5  0.5  0.5  0.5  0.5  0.5  0.5  0.5  0.5  0.5  
0.22212  0.661083  0.5  0.5  0.5  0.5  0.5  0.5  0.5  0.5  0.5  0.5  
0.673449  0.298833  0.5  0.5  0.5  0.5  0.5  0.5  0.5  0.5  0.5  0.5  
0.118335  0.72185  0.5  0.5  0.5  0.5  0.5  0.5  0.5  0.5  0.5  0.5  
0.594396  0.458797  0.5  0.5  0.5  0.5  0.5  0.5  0.5  0.5  0.5  0.5  
0.352885  0.644782  0.5  0.5  0.5  0.5  0.5  0.5  0.5  0.5  0.5  0.5  
0.764757  0.14043  0.5  0.5  0.5  0.5  0.5  0.5  0.5  0.5  0.5  0.5  
0.0728213  0.770145  0.5  0.5  0.5  0.5  0.5  0.5  0.5  0.5  0.5  0.5  
0.557695  0.558668  0.5  0.5  0.5  0.5  0.5  0.5  0.5  0.5  0.5  0.5  
0.297207  0.71062  0.5  0.5  0.5  0.5  0.5  0.5  0.5  0.5  0.5  0.5  
0.764634  0.277519  0.5  0.5  0.5  0.5  0.5  0.5  0.5  0.5  0.5  0.5  
0.177428  0.768772  0.5  0.5  0.5  0.5  0.5  0.5  0.5  0.5  0.5  0.5  
0.691779  0.482798  0.5  0.5  0.5  0.5  0.5  0.5  0.5  0.5  0.5  0.5  
0.441861  0.692911  0.5  0.5  0.5  0.5  0.5  0.5  0.5  0.5  0.5  0.5  
0.835394  0.0382051  0.5  0.5  0.5  0.5  0.5  0.5  0.5  0.5  0.5  0.5  
0.0048607  0.842863  0.5  0.5  0.5  0.5  0.5  0.5  0.5  0.5  0.5  0.5  
0.475938  0.710826  0.5  0.5  0.5  0.5  0.5  0.5  0.5  0.5  0.5  0.5  
0.203888  0.807974  0.5  0.5  0.5  0.5  0.5  0.5  0.5  0.5  0.5  0.5  
0.739723  0.528122  0.5  0.5  0.5  0.5  0.5  0.5  0.5  0.5  0.5  0.5  
0.0940049  0.84689  0.5  0.5  0.5  0.5  0.5  0.5  0.5  0.5  0.5  0.5  
0.626997  0.677391  0.5  0.5  0.5  0.5  0.5  0.5  0.5  0.5  0.5  0.5  
0.339988  0.804965  0.5  0.5  0.5  0.5  0.5  0.5  0.5  0.5  0.5  0.5  
0.844181  0.356701  0.5  0.5  0.5  0.5  0.5  0.5  0.5  0.5  0.5  0.5  
0.0471972  0.879231  0.5  0.5  0.5  0.5  0.5  0.5  0.5  0.5  0.5  0.5  
0.566401  0.759711  0.5  0.5  0.5  0.5  0.5  0.5  0.5  0.5  0.5  0.5  
0.273604  0.850622  0.5  0.5  0.5  0.5  0.5  0.5  0.5  0.5  0.5  0.5  
0.820871  0.547486  0.5  0.5  0.5  0.5  0.5  0.5  0.5  0.5  0.5  0.5  
0.149207  0.884911  0.5  0.5  0.5  0.5  0.5  0.5  0.5  0.5  0.5  0.5  
0.714064  0.726499  0.5  0.5  0.5  0.5  0.5  0.5  0.5  0.5  0.5  0.5  
0.422077  0.850971  0.5  0.5  0.5  0.5  0.5  0.5  0.5  0.5  0.5  0.5  
0.908701  0.262224  0.5  0.5  0.5  0.5  0.5  0.5  0.5  0.5  0.5  0.5  
0.0256719  0.922193  0.5  0.5  0.5  0.5  0.5  0.5  0.5  0.5  0.5  0.5  
0.540739  0.849436  0.5  0.5  0.5  0.5  0.5  0.5  0.5  0.5  0.5  0.5  
0.243491  0.907251  0.5  0.5  0.5  0.5  0.5  0.5  0.5  0.5  0.5  0.5  
0.817624  0.724008  0.5  0.5  0.5  0.5  0.5  0.5  0.5  0.5  0.5  0.5  
0.122668  0.930902  0.5  0.5  0.5  0.5  0.5  0.5  0.5  0.5  0.5  0.5  
0.693894  0.842993  0.5  0.5  0.5  0.5  0.5  0.5  0.5  0.5  0.5  0.5  
0.388987  0.915398  0.5  0.5  0.5  0.5  0.5  0.5  0.5  0.5  0.5  0.5  
0.922269  0.555645  0.5  0.5  0.5  0.5  0.5  0.5  0.5  0.5  0.5  0.5  
0.0714705  0.953315  0.5  0.5  0.5  0.5  0.5  0.5  0.5  0.5  0.5  0.5  
0.624285  0.904853  0.5  0.5  0.5  0.5  0.5  0.5  0.5  0.5  0.5  0.5  
0.315355  0.947016  0.5  0.5  0.5  0.5  0.5  0.5  0.5  0.5  0.5  0.5  
0.884598  0.799967  0.5  0.5  0.5  0.5  0.5  0.5  0.5  0.5  0.5  0.5  
0.181149  0.964995  0.5  0.5  0.5  0.5  0.5  0.5  0.5  0.5  0.5  0.5  
0.768954  0.91471  0.5  0.5  0.5  0.5  0.5  0.5  0.5  0.5  0.5  0.5  
0.46961  0.96183  0.5  0.5  0.5  0.5  0.5  0.5  0.5  0.5  0.5  0.5  
0.977217  0.466786  0.5  0.5  0.5  0.5  0.5  0.5  0.5  0.5  0.5  0.5  
0.0152724  0.986559  0.5  0.5  0.5  0.5  0.5  0.5  0.5  0.5  0.5  0.5  
0.529656  0.979548  0.5  0.5  0.5  0.5  0.5  0.5  0.5  0.5  0.5  0.5  
0.229129  0.991105  0.5  0.5  0.5  0.5  0.5  0.5  0.5  0.5  0.5  0.5  
0.818549  0.985984  0.5  0.5  0.5  0.5  0.5  0.5  0.5  0.5  0.5  0.5  
